1.698572745393584569e+02
1.714785090757879402e+02
1.698444806416611073e+02
1.713837629694208999e+02
1.718325921659281050e+02
1.721299161039644900e+02
1.708542460359070674e+02
1.694107604747341895e+02
1.717233057770446294e+02
1.677886545104763059e+02
1.703590169478603116e+02
1.714970197445178428e+02
1.710101993046517066e+02
1.715269261974549977e+02
1.688114513002677484e+02
1.727259945015056246e+02
1.680958946013259094e+02
1.705325887144038006e+02
1.723472117668547696e+02
1.728370258197601572e+02
1.712056836216748081e+02
1.694697571861354959e+02
1.735648665869790932e+02
1.742222072541266300e+02
1.706329747165742390e+02
1.692111398382051561e+02
1.679769665289834109e+02
1.695199146229821849e+02
1.706575888058889063e+02
1.694193223239868757e+02
1.689865628036604903e+02
1.718826308462303700e+02
1.716972124530836368e+02
1.725175467851747442e+02
1.710238690727922801e+02
1.670384087697599398e+02
1.709336137853143498e+02
1.727303087921328029e+02
1.710542851901833501e+02
1.699259590810885356e+02
1.681540728346451488e+02
1.721039265872409771e+02
1.724650655490885924e+02
1.668557641251324242e+02
1.705691787295976951e+02
1.710868684539236710e+02
1.662084759077796434e+02
1.724978125210898270e+02
1.704898050532815148e+02
1.726300529257783580e+02
1.715223753554512029e+02
1.691761027119850382e+02
1.690656078896406314e+02
1.726765002528424588e+02
1.745153556491054019e+02
1.726322689710645477e+02
1.706917081054293988e+02
1.683889712192403749e+02
1.682259941582796330e+02
1.690629795298810620e+02
1.704673638283473167e+02
1.708644289765822464e+02
1.675917683726890175e+02
1.733101151304965981e+02
1.706571925299639361e+02
1.696839945130795968e+02
1.721209143259853533e+02
1.718624212954761390e+02
1.701245811224973181e+02
1.748888674356041406e+02
1.711918969190629127e+02
1.736640166731063175e+02
1.709017852859762456e+02
1.664739234041760483e+02
1.733931746076052320e+02
1.715808059085571244e+02
1.687309026939814771e+02
1.689309051001634714e+02
1.693464322296635487e+02
1.705933990909751117e+02
1.712061639967449764e+02
1.682402441348262130e+02
1.709214646883639546e+02
1.725953416608646762e+02
1.714498632785837628e+02
1.709550911518915370e+02
1.668585094405215159e+02
1.722528329900066524e+02
1.678731392531690290e+02
1.719906381672032296e+02
1.680846953017669989e+02
1.713119008262220291e+02
1.744593671267225261e+02
1.695356263037554641e+02
1.696039939328871924e+02
1.683286492902614953e+02
1.686973848878375293e+02
1.693227639237932749e+02
1.721158903469758457e+02
1.711021622148593906e+02
1.698332726384504952e+02
1.663168056319777008e+02
1.656718354183286124e+02
1.685241244238104059e+02
1.729177006683840432e+02
1.709508766352518023e+02
1.711365501319312443e+02
1.686256657628359505e+02
1.718598872699701872e+02
1.698957040036348474e+02
1.690666400070715554e+02
1.710189266242401231e+02
1.711888869970484848e+02
1.712824604470159500e+02
1.665227364664820016e+02
1.683218182760226966e+02
1.704226797979889341e+02
1.719208599546388143e+02
1.708845958946614303e+02
1.725739605800091852e+02
1.726185546788682359e+02
1.725967809774105035e+02
1.673297941942949194e+02
1.709259413982807700e+02
1.729022342514809623e+02
1.703879492437420993e+02
1.692953006078038243e+02
1.677954353388984714e+02
1.688885547669920868e+02
1.687321652148958435e+02
1.695195062496599121e+02
1.711452687551075371e+02
1.714533737000697045e+02
1.703168537794488770e+02
1.700812556898897583e+02
1.708472695450000174e+02
1.713296209874749252e+02
1.711239187982394583e+02
1.726140805776977345e+02
1.692151611153177839e+02
1.671734795224687673e+02
1.714880508153048311e+02
1.718568181735467419e+02
1.704929584826051325e+02
1.683413868133704909e+02
1.703136117700017564e+02
1.710400850692051335e+02
1.681891415528051823e+02
1.709091877191490596e+02
1.690713876849602855e+02
1.720966272630121523e+02
1.742687821486292989e+02
1.724406173940392080e+02
1.672852387247653496e+02
1.683228301070441830e+02
1.700946498351539731e+02
1.677217055958469700e+02
1.731677168306668477e+02
1.721924502565564126e+02
1.676864490803503145e+02
1.702095852552839119e+02
1.679261431548439418e+02
1.714153554725640731e+02
1.689703840806636777e+02
1.698335254234694105e+02
1.714605995642293124e+02
1.691694207357165567e+02
1.712920867337482207e+02
1.691622081284799890e+02
1.692339755001423782e+02
1.710871925889922807e+02
1.707381874624781233e+02
1.697755868706942408e+02
1.682867864945420990e+02
1.722119528085928550e+02
1.696385771073465207e+02
1.720239603639222992e+02
1.736244028019575296e+02
1.727290753710060187e+02
1.735398448791591477e+02
1.688972151828244534e+02
1.728355312540168711e+02
1.708634470167835673e+02
1.720051792281951180e+02
1.670556151211156077e+02
1.705711457323697005e+02
1.722629001739478269e+02
1.733105013216424197e+02
1.713387426290472888e+02
1.689059891626660033e+02
1.684934301309332056e+02
1.725719262074020151e+02
1.695035566356599190e+02
1.697712649230947761e+02
1.752456452060216350e+02
1.702177749651529837e+02
1.718433518775691198e+02
1.699754575602641182e+02
1.705404064948582175e+02
1.681138159741249183e+02
1.708164492463686770e+02
1.701386399869285810e+02
1.701989247005458878e+02
1.710730831324134442e+02
1.678254437355882374e+02
1.706349921699988954e+02
1.684457334044772097e+02
1.694629764790196020e+02
1.707130278917742601e+02
1.727505076994478657e+02
1.724281185802943241e+02
1.699151613331502517e+02
1.722502384723549937e+02
1.685317963058822102e+02
1.693035278330305573e+02
1.682810589468695071e+02
1.736836758259846363e+02
1.686976664023305830e+02
1.681454344733730011e+02
1.690726211879130290e+02
1.722303449134736866e+02
1.713984399504008707e+02
1.732580857603508946e+02
1.709431777022005292e+02
1.706385127394619303e+02
1.722701967087485002e+02
1.729749147283582715e+02
1.698396448081106769e+02
1.714489906070604093e+02
1.729230032095803153e+02
1.679093273895850871e+02
1.683865856612888194e+02
1.691467928611425862e+02
1.729315722461784617e+02
1.727708599584717604e+02
1.669296614582688676e+02
1.668323433617453020e+02
1.705474628382144431e+02
1.716909306918013840e+02
1.672391485897834968e+02
1.686398481230901325e+02
1.732134250148683350e+02
1.710679346227816211e+02
1.702370386744642303e+02
1.689912859645952210e+02
1.697058803983688335e+02
1.713295976363767750e+02
1.682623362846136672e+02
1.692539217484385290e+02
1.663917737793011895e+02
1.717940963309261235e+02
1.716147097028638768e+02
1.727625050803810041e+02
1.685464654615365987e+02
1.708436732327864434e+02
1.681076112392963466e+02
1.697911081998791474e+02
1.720065526021794255e+02
1.710262164798683955e+02
1.722611916818303825e+02
1.715661136896580388e+02
1.692148710513295669e+02
1.688820113136692953e+02
1.699577937263431409e+02
1.715173964892988465e+02
1.725048241536952958e+02
1.706454907378794985e+02
1.692156346058999077e+02
1.692894810692372118e+02
1.736299881301911228e+02
1.685934678177576984e+02
1.738447998972650339e+02
1.703489746996649501e+02
1.691699197042238154e+02
1.726207707588410187e+02
1.707082836474658336e+02
1.713685694192306812e+02
1.744457694767902183e+02
1.674443081820244288e+02
1.664507022653906176e+02
1.670906577066489263e+02
1.701148275544874480e+02
1.736644869111995035e+02
1.716956164527139492e+02
1.697154535798706263e+02
1.704316531826005701e+02
1.718760917068592278e+02
1.744296796708086390e+02
1.705039016718552318e+02
1.709058061176014576e+02
1.703902976113051864e+02
1.726611268851284819e+02
1.705391969561641758e+02
1.703759185019775373e+02
1.713255765432667772e+02
1.724320696036543268e+02
1.695263602383635941e+02
1.711668820326302694e+02
1.712300279790185868e+02
1.703913250554172976e+02
1.704715661981305459e+02
1.697914778378748224e+02
1.714601995677974173e+02
1.714443043642006330e+02
1.717152448173124242e+02
1.700594630823174214e+02
1.741163232638360228e+02
1.684481009089761585e+02
1.698742536488071835e+02
1.712184461359554746e+02
1.705850475439115144e+02
1.700895058741392631e+02
1.673273215581963598e+02
1.693780258568513375e+02
1.698103351398661971e+02
1.686275254717094469e+02
1.713913481459514685e+02
1.664390938444998937e+02
1.699688777350128532e+02
1.733210729643741388e+02
1.668812279622756307e+02
1.717970010263071003e+02
1.673985077402388697e+02
1.692925102955113346e+02
1.692041553801747682e+02
1.685081253263539338e+02
1.663950841674988226e+02
1.701520471832136252e+02
1.695674162640731879e+02
1.714833410108687701e+02
1.702038700977718406e+02
1.714704719333044523e+02
1.696354877202156217e+02
1.719696290259732052e+02
1.703059152955995614e+02
1.655368364224232209e+02
1.684535792481468661e+02
1.720871490231715768e+02
1.701847399878581371e+02
1.701516836795537131e+02
1.688669213865963741e+02
1.704301826368251511e+02
1.726183563127844991e+02
1.704989972019533866e+02
1.686562941490871879e+02
1.705941120600183183e+02
1.700374387435776100e+02
1.675039224227054433e+02
1.708715288385667748e+02
1.700728791252061001e+02
1.702777826397353635e+02
1.707439368239471662e+02
1.669029992240621141e+02
1.726935435067607330e+02
1.714159540470933791e+02
1.693017159450504039e+02
1.710703875275167150e+02
1.692886464984387942e+02
1.695364194428346991e+02
1.688014347124691312e+02
1.746027755867677911e+02
1.702717764393600817e+02
1.744252303275620761e+02
1.708193057173387501e+02
1.703984515341759334e+02
1.699680807789592620e+02
1.669722849773825715e+02
1.686916400216673253e+02
1.697850750791680525e+02
1.745919745087911110e+02
1.739658117004024689e+02
1.706450040441894771e+02
1.708529290284031674e+02
1.690217516302816421e+02
1.693017451194846501e+02
1.698722962239395997e+02
1.703638173814631784e+02
1.730627360058890929e+02
1.711639470357925461e+02
1.699222627754235759e+02
1.704113217027820610e+02
1.707320825439192049e+02
1.728345212872374077e+02
1.694394296458491738e+02
1.688322252439548379e+02
1.694083850506438012e+02
1.683833774985649825e+02
1.697892671744768620e+02
1.694298346641124908e+02
1.700702445509161862e+02
1.715090490322639027e+02
1.746455031346454234e+02
1.734078785481515297e+02
1.694771374178608028e+02
1.733280990042223095e+02
1.658195795570358086e+02
1.726463138309479461e+02
1.693624352205570744e+02
1.729112417329150730e+02
1.692447633890664918e+02
1.720856639351147521e+02
1.678459769746116592e+02
1.712537074226015648e+02
1.694669384866468818e+02
1.730944094102281667e+02
1.706994846191466593e+02
1.697499617862071659e+02
1.666644848622402435e+02
1.705594263463988796e+02
1.738866134610350969e+02
1.720491196871878685e+02
1.671706394183145221e+02
1.721042310822904824e+02
1.726304718519135406e+02
1.718821040869608510e+02
1.690856788879237342e+02
1.739627750701201592e+02
1.722193145078422560e+02
1.730801943613489584e+02
1.700300201703522873e+02
1.730146399061617331e+02
1.690547849873252915e+02
1.706236525401702693e+02
1.696761970774645079e+02
1.706931549323772970e+02
1.721506285559171090e+02
1.726543782842502708e+02
1.704928883680874208e+02
1.703373514742226007e+02
1.681396460778963160e+02
1.709381961952755091e+02
1.735604830326180377e+02
1.712037234078371455e+02
1.725834684475278493e+02
1.726591559234605882e+02
1.724533560389657509e+02
1.723059881872668484e+02
1.698788027957448890e+02
1.692763071469077261e+02
1.679463620892618110e+02
1.700732959600729544e+02
1.690363005987671841e+02
1.720273623105818785e+02
1.702615258406078169e+02
1.727856154286517949e+02
1.687223997321416391e+02
1.699341804811848533e+02
1.723053142276192204e+02
1.680297197747201494e+02
1.682571658247915423e+02
1.718206688522687386e+02
1.727841232908064057e+02
1.664115630871478970e+02
1.754913749588264693e+02
1.704255593222727612e+02
1.694349322608176749e+02
1.690700575479425254e+02
1.707329927623564743e+02
1.682867355498120219e+02
1.676557198970112381e+02
1.670712704831747430e+02
1.714625656602554500e+02
1.719309392130548133e+02
1.691488905632516264e+02
1.681807389476880701e+02
1.704621179117961560e+02
1.706343515343821196e+02
1.716779389453751037e+02
1.705550547910350758e+02
1.757169924017262304e+02
1.718582626256295498e+02
1.721087639205022128e+02
1.698231324123659931e+02
1.729219504530560982e+02
1.735590772489723292e+02
1.698602881488038747e+02
1.687170846801123787e+02
1.710065362083497007e+02
1.714412435192831765e+02
1.715185551518094371e+02
1.700917312107063992e+02
1.706239450868747838e+02
1.700601512519688185e+02
1.698042453444410285e+02
1.745668573758106277e+02
1.724810788582450414e+02
1.706883593225956872e+02
1.702143788438436900e+02
1.726454644898843753e+02
1.708736425937471495e+02
1.725654564600010588e+02
1.697862432491657216e+02
1.706600602911696853e+02
1.726186415374648959e+02
1.704618087590918378e+02
1.700044535391160139e+02
1.697020238643735865e+02
1.691857549380126784e+02
1.678766953979715311e+02
1.697090401645046427e+02
1.720421266352346095e+02
1.723026983687013569e+02
1.699132425740096153e+02
1.722739525603308266e+02
1.696532367640459142e+02
1.719361214477884232e+02
1.691633094727525304e+02
1.686884029549299555e+02
1.714051044008013207e+02
1.699492348894087570e+02
1.719511841479200029e+02
1.686503754948869584e+02
1.694381907205627158e+02
1.697395469957360774e+02
1.681497781316762143e+02
1.741321702141404444e+02
1.682937069999786672e+02
1.699484583998488176e+02
1.699555304335145252e+02
1.676172382970897559e+02
1.715722497242713018e+02
1.705687346382413807e+02
1.701688182892305861e+02
1.702387540571226907e+02
1.720013767059922429e+02
1.682947894982993375e+02
1.680825081259298486e+02
1.693988707784516521e+02
1.696360725443438469e+02
1.693602476856626993e+02
1.691217406917752442e+02
1.755424556301342989e+02
1.679180090872783921e+02
1.697334330790216939e+02
1.702577585271047269e+02
1.684947381264607600e+02
1.677348436820730626e+02
1.736478136593189845e+02
1.706889573121308104e+02
1.760117555462806820e+02
1.699522092504072077e+02
1.722163060428936490e+02
1.740686882359564436e+02
1.698487786288891641e+02
1.693477273129162199e+02
1.697013726143991335e+02
1.713425512756178364e+02
1.711731983653788802e+02
1.701857529884966027e+02
1.695121561229063332e+02
1.684694240041465036e+02
1.705553437013296048e+02
1.676157500175966675e+02
1.682310179609891065e+02
1.735183703030202764e+02
1.715418897614634659e+02
1.701904787292949095e+02
1.695436099891912249e+02
1.696126537186136147e+02
1.704481421958379315e+02
1.708480797812179901e+02
1.714745611335160334e+02
1.731271559732581409e+02
1.697526735305189618e+02
1.696909189489664698e+02
1.680039134648352785e+02
1.690608501687278533e+02
1.734817824534033832e+02
1.701472185562697064e+02
1.665170054580898409e+02
1.697982615189980322e+02
1.651937771814784242e+02
1.660027655287900359e+02
1.721525097861558606e+02
1.699935061706725890e+02
1.698707346822891395e+02
1.685494992971739237e+02
1.679551175141041597e+02
1.702156303223690941e+02
1.675186128371401253e+02
1.702914216525209383e+02
1.727948563902489809e+02
1.720385825945775764e+02
1.712959027720401650e+02
1.697775643348984715e+02
1.710750003038718319e+02
1.691470961658676231e+02
1.739118613149024100e+02
1.715603359539202302e+02
1.698720769811878029e+02
1.727887226353227845e+02
1.690608669160893953e+02
1.686086377157927814e+02
1.729715560684850573e+02
1.688715901258933911e+02
1.710264410260853651e+02
1.708508580433578743e+02
1.708654707615792177e+02
1.707678197672936733e+02
1.697826302548121475e+02
1.712793398857084810e+02
1.701691700657820547e+02
1.692738772226225308e+02
1.689540243831413306e+02
1.734111531030719959e+02
1.701052376832064965e+02
1.697391485938173901e+02
1.696507766839039277e+02
1.664664730386118379e+02
1.739128681542228776e+02
1.720375032346234150e+02
1.697270932317996142e+02
1.734033160091716752e+02
1.694471232015286830e+02
1.697211268632043186e+02
1.704520441659307721e+02
1.705378997894522115e+02
1.717736896371390287e+02
1.726527529265756016e+02
1.656785980559960763e+02
1.717021934225832922e+02
1.715177403180216231e+02
1.706218579324999496e+02
1.675246344066735560e+02
1.719030566627181997e+02
1.687172117674739695e+02
1.691812527133642163e+02
1.714256915957580532e+02
1.675498542565680964e+02
1.723109899324545609e+02
1.714489914202829937e+02
1.698330312621881433e+02
1.732961875730210579e+02
1.727681438767955342e+02
1.725703089307342566e+02
1.718070950790124130e+02
1.766158566317963903e+02
1.697027782684939439e+02
1.699206163889523680e+02
1.703039538349130737e+02
1.706811671076372932e+02
1.734060498792783847e+02
1.727201903788853485e+02
1.692093034052032863e+02
1.711417397809321415e+02
1.688688870355419454e+02
1.710810928913489022e+02
1.747091609909131478e+02
1.691932450435483588e+02
1.656469962226474877e+02
1.720834833201890604e+02
1.699412652439431497e+02
1.704240097061416179e+02
1.712717166610831043e+02
1.683398607355050558e+02
1.694182876062916421e+02
1.678031320326864773e+02
1.739252222613202434e+02
1.722507492125041892e+02
1.689414348692289423e+02
1.754034138092503952e+02
1.739563905736933975e+02
1.716163252444461591e+02
1.722860656285402285e+02
1.692585000998314797e+02
1.693608267383226860e+02
1.707946793102179583e+02
1.729490193337529149e+02
1.705421491449110931e+02
1.699059309516163410e+02
1.666454250415376350e+02
1.692396898366214089e+02
1.701512384034702450e+02
1.697057361732694858e+02
1.734186972248970733e+02
1.698525523327006113e+02
1.689935721804070567e+02
1.743653236035661394e+02
1.707312690557189399e+02
1.701863411416491374e+02
1.742750646512872095e+02
1.711337912832094048e+02
1.690779353321343308e+02
1.733764041375893044e+02
1.679493950460739313e+02
1.687069777315651606e+02
1.689890459259834188e+02
1.681654661065302321e+02
1.731954848330430252e+02
1.681810630480341331e+02
1.672178672268595108e+02
1.688718393621297480e+02
1.677095356106262329e+02
1.669524983794254354e+02
1.693847164052116909e+02
1.711738905143695888e+02
1.697548575870051764e+02
1.721796504887688570e+02
1.708793403430149169e+02
1.701580548291917694e+02
1.700474121994089103e+02
1.673451827268335705e+02
1.695845281252787231e+02
1.700014031524395932e+02
1.710846840020646198e+02
1.695422164539662049e+02
1.691132168539476766e+02
1.713572994565762144e+02
1.723686268586825463e+02
1.709080608029925941e+02
1.705391384572839968e+02
1.690186659176693809e+02
1.712344001838308714e+02
1.715817550882794080e+02
1.691907364202037058e+02
1.704025672664523654e+02
1.686744508166231924e+02
1.676640638847533467e+02
1.695039294934343559e+02
1.679028321654496381e+02
1.696245291478290085e+02
1.690745704416214608e+02
1.691483073611259158e+02
1.693038759320107829e+02
1.699135651496904416e+02
1.727458860258319930e+02
1.697999311242622582e+02
1.737960816331679155e+02
1.716809856141563273e+02
1.699759158419271330e+02
1.704482664858597332e+02
1.697554138231601542e+02
1.706205599281886407e+02
1.691908141298804935e+02
1.699235227828428378e+02
1.695824383995927462e+02
1.727264900045994693e+02
1.689165785048969326e+02
1.688319409752593572e+02
1.686648140531632976e+02
1.703700193572435069e+02
1.684809960888521800e+02
1.715250699993453054e+02
1.716292615169101907e+02
1.712661232839899981e+02
1.706861409359492825e+02
1.679261941468397765e+02
1.692035077414938939e+02
1.716630212990478981e+02
1.670321791369467519e+02
1.704932731253612133e+02
1.729294446756920252e+02
1.745258707932824791e+02
1.707894160879827155e+02
1.721369099387026722e+02
1.715436983693628576e+02
1.721531994011118343e+02
1.699462814385314573e+02
1.718930508990132182e+02
1.695890740324547608e+02
1.744642148937773811e+02
1.702601875992510259e+02
1.692822402493586651e+02
1.715052512704667720e+02
1.718345670147737110e+02
1.686180832057427494e+02
1.716353697446438673e+02
1.713087193604945924e+02
1.701337018730507680e+02
1.692865690146697659e+02
1.677940659317968652e+02
1.677020419306315944e+02
1.701790686383042157e+02
1.681772193601728134e+02
1.706680509034139277e+02
1.748733145079813767e+02
1.673181905270665766e+02
1.695244311520986003e+02
1.709590003527335398e+02
1.710210878112884529e+02
1.695148120228699042e+02
1.708303375444153005e+02
1.743982566413712902e+02
1.686230161507058938e+02
1.664921325111936312e+02
1.747218378061109831e+02
1.698890943244603591e+02
1.703322642751082583e+02
1.678843841579816001e+02
1.704969158249633381e+02
1.710564321367308196e+02
1.699420882928856145e+02
1.701061823490736060e+02
1.708605329469251615e+02
1.686790842064127389e+02
1.716607535264266744e+02
1.695490233506447453e+02
1.720796394481680807e+02
1.694791604492001795e+02
1.727699057659721689e+02
1.717072010214320983e+02
1.709283626664815188e+02
1.716619276286320996e+02
1.716179374641012032e+02
1.728183169911402786e+02
1.715937664690661677e+02
1.714065085461826072e+02
1.715790216303090858e+02
1.740213173326610274e+02
1.723943303913165153e+02
1.718539346870335862e+02
1.679553756724244806e+02
1.683234624600738414e+02
1.741900290324669811e+02
1.724472853114728537e+02
1.714061809255881599e+02
1.694400773391702728e+02
1.715295658171559694e+02
1.721828497220901397e+02
1.677156712672538958e+02
1.665982374212720458e+02
1.720729397349765009e+02
1.686192120131834429e+02
1.691673017013442575e+02
1.695116740256645187e+02
1.663802856801003713e+02
1.680869216372846608e+02
1.710541669252255872e+02
1.713711614172078441e+02
1.705564270195189636e+02
1.723122959612235832e+02
1.697461861414050190e+02
1.692112676063395895e+02
1.666723931972384776e+02
1.689030306758228051e+02
1.725501279277353319e+02
1.733754201558768671e+02
1.716944638697161736e+02
1.695127110400501067e+02
1.697706341627573750e+02
1.726081769054197821e+02
1.690254443276655536e+02
1.738379686483162345e+02
1.716734462932290342e+02
1.736490580045380625e+02
1.699274452612829691e+02
1.686756273833984494e+02
1.707219786333422462e+02
1.688642040097422523e+02
1.666335619605108604e+02
1.729078485680709321e+02
1.701038488577769670e+02
1.671295974408583049e+02
1.699903319014613317e+02
1.681774819768112366e+02
1.654742842076169040e+02
1.718348847467599967e+02
1.713478969749837972e+02
1.720968400376057446e+02
1.752416554014718315e+02
1.688628652917566910e+02
1.716349790480876720e+02
1.695196232722875038e+02
1.705233872387592271e+02
1.713853143052155588e+02
1.732215878437563958e+02
1.711822748280035000e+02
1.699953477549186402e+02
1.701933139070953303e+02
1.703774680785143687e+02
1.704031178612878534e+02
1.732449414610123881e+02
1.685307919099449521e+02
1.707092602064312814e+02
1.700655751624711343e+02
1.663865908317788467e+02
1.717317946452402850e+02
1.676030425117424727e+02
1.724907933764803545e+02
1.682902238567463939e+02
1.687000242893243467e+02
1.671927638503524065e+02
1.713486228685964932e+02
1.682422420958932605e+02
1.715227710114739352e+02
1.704102287835942775e+02
1.699680511685856175e+02
1.705968786329441116e+02
1.716046029168213352e+02
1.732893061734722266e+02
1.709212477191889263e+02
1.708354483163596456e+02
1.720458293026310628e+02
1.694246575912108881e+02
1.699958575059415011e+02
1.709039250161457915e+02
1.738934931812751756e+02
1.727864768901951606e+02
1.686556545409134458e+02
1.707634174581748425e+02
1.666236587815719190e+02
1.693349855396144221e+02
1.726031847400089987e+02
1.697384976504847032e+02
1.731754739768614968e+02
1.726824894428837638e+02
1.656552018999642826e+02
1.714099661762108155e+02
1.706843094384121571e+02
1.713326864661114541e+02
1.693562304039352284e+02
1.720189099613097028e+02
1.669282138753498543e+02
1.737808787804221708e+02
1.703064268604831284e+02
1.746219453140801647e+02
1.709339153168535006e+02
1.701987516039328625e+02
1.640215748687959660e+02
1.716659692902804863e+02
1.713096544087913173e+02
1.719812142105538442e+02
1.692318677156976605e+02
1.712654600251230477e+02
1.686420583597558789e+02
1.701975440948221774e+02
1.685803386758359750e+02
1.688667591616781749e+02
1.702760596751255662e+02
1.708855334336300018e+02
1.686032045319946917e+02
1.666764114541522019e+02
1.723037913230571974e+02
1.699465493938459986e+02
1.659694225033108523e+02
1.719939705038281375e+02
1.721735561356276776e+02
1.704804347347252360e+02
1.704370021863548459e+02
1.714727674297035662e+02
1.695829113012573544e+02
1.681434014428923831e+02
1.705418321058897959e+02
1.695492073532348627e+02
1.701241042957632601e+02
1.730142221162689111e+02
1.713000946386520980e+02
1.706685029567468632e+02
1.723850725972020541e+02
1.710079051537883288e+02
1.682474526102375023e+02
1.716597265618045185e+02
1.659369762745903927e+02
1.719010507330916369e+02
1.718307624863595606e+02
1.724753285595670889e+02
1.730142018691486214e+02
1.726783509283165472e+02
1.702945309079044307e+02
1.713153586942014215e+02
1.703251448666047736e+02
1.663615323997000814e+02
1.699303750468834835e+02
1.704835550955461088e+02
1.737190765482452832e+02
1.686947106769440268e+02
1.739885374918320338e+02
1.699387866014584745e+02
1.691006587287430705e+02
1.720455972837004879e+02
1.692030159671923002e+02
1.746320657310848787e+02
1.682026292616586431e+02
1.703288375299684390e+02
1.688878104991022155e+02
1.675822444796464481e+02
1.687483601593594074e+02
1.723227851767204299e+02
1.676340570593259258e+02
1.683976652428258092e+02
1.650767760636111916e+02
1.701336911569747201e+02
1.721153953250641848e+02
1.706996032485136254e+02
1.691179003945323416e+02
1.689450812026915116e+02
1.688815426055657838e+02
1.740055504462326610e+02
1.696599327621260329e+02
1.727856080084422672e+02
1.703883001034890583e+02
1.712516328637228185e+02
1.713090504741243763e+02
1.707415173592351039e+02
1.711061757895787423e+02
1.677788640309711639e+02
1.701273246672516279e+02
1.692384044373275458e+02
1.681007813379047775e+02
1.725778366405782833e+02
