9.535842127003333246e+01
1.149708482532953013e+02
1.149312369849582325e+02
1.023436229737992704e+02
1.032068590264751720e+02
1.189609174154721103e+02
1.085945853919976685e+02
1.052333787376369685e+02
1.097890612154724863e+02
9.083398906473325951e+01
1.064530999645830462e+02
9.660557697014247935e+01
1.116209079335110914e+02
1.138378660167061298e+02
1.100391884043680193e+02
1.095643889020169013e+02
8.812958397295339807e+01
1.135727052733060845e+02
9.335116515113716673e+01
9.446661773082183799e+01
1.021471582871726866e+02
1.117797295260676265e+02
1.081412543264877684e+02
1.015312076551623903e+02
1.055766565619125714e+02
1.076895285992967501e+02
1.173222182063507546e+02
1.103593023919205791e+02
1.147382994522209572e+02
1.075355086311858201e+02
9.943372744084430792e+01
9.956745511468587040e+01
1.088534934976939184e+02
1.080973355879544613e+02
1.009184974757356059e+02
1.032610743818708841e+02
1.225595910107603430e+02
1.060699009440093903e+02
1.050877021457954470e+02
1.151792393742168201e+02
1.324351967245961816e+02
9.711712407318854900e+01
1.032214398650182119e+02
1.183876979789976076e+02
1.072305294110777822e+02
1.126487310896463896e+02
1.075288601442817225e+02
1.190066762317312197e+02
1.109531813349799734e+02
1.137865043617708523e+02
1.171270677619828149e+02
1.222199248749052742e+02
1.245575222343787658e+02
1.197912968804515401e+02
1.167883230230477380e+02
9.911590772206925237e+01
1.099860930814786144e+02
1.012115181134842175e+02
1.093809710173282923e+02
1.150807310653410269e+02
1.133085669464598340e+02
9.329756116366982610e+01
1.090261891570917072e+02
1.162384850305894446e+02
1.124640227268343011e+02
1.122085901597653788e+02
8.795803592969635076e+01
1.157732476777520958e+02
9.989834882119235715e+01
1.065729340401966994e+02
1.122414778213915412e+02
1.066535840676638429e+02
1.242909572723809219e+02
1.145050878668417909e+02
1.093431100980111808e+02
1.154152208183304822e+02
1.062328118802863059e+02
1.151687829370741554e+02
1.156247486538740219e+02
9.463342480323862560e+01
1.190067245153158240e+02
1.126351692474124491e+02
1.119925504542600123e+02
1.168303878170754189e+02
1.153953508556018477e+02
1.106115657642294821e+02
9.749523456753023254e+01
1.117320644588073719e+02
1.010497603009693535e+02
1.030552546963214127e+02
9.985570948787183454e+01
1.111484510896308393e+02
1.020687648408803199e+02
1.072549944031609641e+02
9.461242735945367599e+01
1.018785500742358465e+02
1.027164054792302892e+02
1.042937000854050353e+02
9.147528466728435603e+01
1.034937023374301788e+02
1.022964313979378943e+02
1.165674320821417211e+02
1.129745281625884559e+02
1.147717484744790539e+02
9.891922812881497862e+01
1.173689878116458658e+02
1.112273365044048319e+02
1.038900669006811199e+02
1.083838708550289027e+02
1.044639633927364031e+02
9.459473047948716840e+01
1.139125333549538368e+02
1.209039084474437686e+02
8.471687759901314507e+01
1.104519516468776459e+02
1.119680196827589924e+02
1.055583551836866860e+02
1.125681209947669572e+02
1.020539336691854118e+02
1.039619797207678715e+02
1.257289920987687424e+02
9.791558017985545348e+01
9.653481473738310115e+01
9.775966753165930356e+01
1.134012487316101527e+02
1.038239742952210918e+02
1.096624237699474804e+02
9.690214263964816155e+01
1.070938439109707190e+02
1.147461884427083021e+02
1.183153451856431957e+02
1.107655488178310890e+02
9.815519920779196639e+01
1.066585431218525599e+02
1.085320963634686393e+02
1.036913796774197891e+02
1.312788189399197449e+02
1.171676281772531212e+02
1.038143849055261398e+02
1.010976028237854223e+02
1.093805759967613938e+02
9.926285877278850478e+01
1.062405296292850636e+02
1.247313241226626843e+02
1.063955058200675836e+02
1.095848670941043395e+02
1.054902402480063586e+02
1.048504376074333209e+02
1.066235053811255113e+02
1.017967078066316589e+02
1.120334984933219857e+02
1.058659359634549446e+02
1.155875351900183148e+02
9.555383990676133976e+01
1.147033182720773539e+02
1.202418083700032696e+02
1.149876051057902231e+02
1.017988781597255752e+02
9.204501991768852065e+01
9.407499084958166691e+01
1.290161499937516965e+02
1.124438705447422109e+02
1.033026062526461715e+02
1.011253136955688205e+02
1.158985089840116416e+02
9.504459907816728048e+01
1.148940396714040588e+02
1.023775193932032721e+02
1.233505601392289890e+02
1.094129692789518913e+02
1.058223563870036799e+02
1.141939386753123671e+02
9.882072673476046987e+01
1.121734238319447314e+02
1.128265201933609063e+02
1.018993325742723357e+02
1.170575093284356996e+02
1.032893312192336879e+02
1.259503793280736375e+02
9.929379586853356443e+01
1.046709535236240924e+02
9.623131052104729122e+01
1.102886554183747023e+02
9.333684069322379173e+01
1.035817943348243375e+02
9.965057522507905219e+01
1.076034555875501155e+02
1.051239511080234195e+02
1.189209649668457587e+02
1.027344168862865388e+02
1.181844376590820076e+02
1.076631165402981338e+02
1.197967733913547903e+02
1.035015336073867616e+02
1.029301233586836730e+02
1.069442082347986940e+02
1.000371213202409280e+02
1.043804182182115454e+02
1.107830658981104506e+02
1.057138908477495391e+02
1.191535846604941753e+02
1.047709078737592847e+02
9.578576474280768593e+01
1.111147759632277712e+02
1.073785599915494515e+02
1.236056591968568483e+02
1.097432076484475800e+02
1.136783018080175367e+02
1.038462703761855721e+02
1.111307957427016362e+02
1.109885586736710792e+02
1.129222120438212329e+02
1.141263144997288634e+02
1.210197558346305016e+02
1.094175899919847836e+02
1.187578691068652716e+02
1.034210436307025418e+02
1.068531330792870619e+02
1.017894891390071450e+02
1.032227440942735655e+02
1.207730162286366351e+02
1.174324612194696158e+02
1.023278107748480465e+02
1.154643324433984048e+02
1.195979011728470454e+02
9.929333186561223101e+01
1.096520126525320649e+02
1.201408746826919156e+02
1.033945882062042187e+02
1.124827744055631342e+02
1.118271105647625205e+02
1.093483283293575852e+02
9.584538989406986786e+01
1.045055929175822911e+02
1.194109165736267926e+02
1.042554105262636313e+02
1.228776128123293176e+02
1.039060098941336179e+02
1.092183080032504563e+02
1.027316728952080211e+02
1.019772294999439310e+02
1.150699214962717605e+02
1.033723739956896850e+02
1.214975275274545652e+02
1.138207548088493581e+02
1.079558456925862089e+02
1.217958505411887415e+02
1.076872946794279926e+02
1.086388124661511085e+02
9.912212192149213763e+01
9.945260977635965105e+01
1.074393560546646711e+02
1.190392371619814895e+02
1.115813338799479624e+02
1.113792134784728205e+02
1.085371324537190674e+02
1.121855045456566273e+02
1.178518450638522097e+02
1.078380263615297565e+02
1.214907983145025696e+02
1.022311510611318681e+02
9.916759209168695577e+01
1.122863245766414195e+02
9.972282755834511647e+01
1.169018523998213794e+02
1.200584668852895476e+02
1.111171194003964615e+02
1.059801736470928972e+02
1.225324676780246165e+02
1.000871216199981006e+02
1.151532310867815170e+02
9.841198300304419888e+01
1.105142718261794386e+02
1.005984133702295082e+02
1.076147441050774063e+02
9.471474561438198236e+01
9.574122306868690657e+01
9.990017985434477055e+01
1.020650787288284249e+02
1.099252903744919507e+02
1.056019760354713242e+02
8.927743838602053472e+01
1.007522990405886816e+02
1.066478838304744556e+02
1.130338357601443562e+02
1.131744973926312809e+02
1.017159371848131570e+02
1.045754798742505898e+02
1.112869760373465624e+02
1.040029530349552260e+02
1.063777198375156274e+02
1.032384514673349258e+02
1.013065279249243673e+02
9.332471316943792772e+01
9.795267160201862566e+01
1.108617562314519205e+02
9.227542712669011848e+01
1.114978451345545807e+02
1.141242284426464408e+02
1.149723041490198057e+02
1.043956344681632658e+02
1.222750405524152484e+02
1.019178096209453912e+02
1.259769990286109049e+02
1.020790119482017957e+02
1.134467767453729863e+02
1.069568796077534074e+02
1.221814109766728222e+02
1.151924182240920231e+02
9.860000800917232766e+01
1.204669059564994598e+02
1.054571273244651479e+02
1.273591164507715661e+02
9.300294524724849055e+01
1.147867918080175400e+02
1.038440312714381264e+02
1.008960060318152330e+02
1.244219017250430426e+02
1.128296893438909620e+02
9.882896362966536685e+01
1.054550123343458381e+02
1.099386070298669011e+02
1.031394006269506463e+02
1.078236195839268561e+02
1.069930063350784479e+02
1.158819435712353254e+02
1.112687535936295120e+02
1.039860500992948715e+02
1.047464482744626650e+02
1.124072923190307165e+02
1.122603249546808399e+02
1.237632590090478857e+02
1.166677134931765920e+02
1.167511318895311945e+02
1.137749871961602679e+02
1.128367982166467272e+02
1.053966698594964271e+02
1.061522707406808905e+02
1.180793983901279915e+02
1.071320717146844999e+02
1.048032415180431371e+02
1.189313391657162242e+02
1.134086835640966910e+02
1.098764461316672225e+02
9.241430271572234290e+01
1.190707966035101180e+02
1.203745904276970862e+02
1.039289189103964475e+02
9.961369613185230776e+01
1.040194947295363477e+02
1.185243852986814659e+02
1.109085656141371032e+02
1.118662824141453029e+02
1.068258731495066343e+02
1.013241201755000418e+02
1.035545334084976190e+02
1.139699564836947161e+02
1.116934374512832306e+02
1.079295063598945177e+02
1.062927979282455482e+02
1.073333366090756158e+02
1.200844589676432577e+02
1.045592103377259434e+02
9.245514376654494981e+01
1.149689827388541232e+02
1.174745760484520787e+02
8.590658005737543590e+01
1.050135120169538112e+02
1.037750844428004058e+02
1.060520404089995026e+02
1.182280053671931199e+02
1.187933607074194242e+02
9.818169437679965483e+01
1.072347660119244352e+02
1.096198813608989013e+02
1.076829911025678967e+02
9.747012086513140616e+01
9.482856930544164697e+01
1.219129962819588116e+02
1.075221991381551021e+02
9.784483480425556934e+01
1.020579118534661518e+02
1.155921417578954049e+02
1.075185612200587570e+02
1.127946714785623215e+02
1.047127619767885989e+02
1.082409827105373523e+02
1.062638157538561359e+02
9.918258748421152404e+01
1.033012470847187814e+02
1.109278016801765006e+02
9.254878792693226330e+01
1.006953974006705153e+02
1.141556621114706758e+02
1.045432060888044958e+02
1.058236030871408673e+02
1.014717096860812120e+02
9.714522845439326204e+01
1.061669034305018329e+02
1.025487102961787542e+02
1.114468506752689478e+02
1.306206180941320270e+02
1.064181426526113654e+02
1.177313417450329496e+02
1.302537516454584079e+02
1.175794326175065265e+02
1.082031381468250260e+02
1.130016626766030896e+02
1.032465486599109141e+02
1.140187613811225731e+02
1.105583504466451643e+02
1.163557215515875924e+02
9.180508074193531343e+01
9.724647851957647049e+01
9.905556511243386808e+01
1.106770933304633644e+02
1.200927747976422779e+02
9.426406659008308964e+01
1.142337105037991023e+02
1.089886693045920225e+02
1.291910436763909331e+02
1.059803108184772640e+02
1.140659029366921118e+02
1.162619200858540864e+02
1.036849066691473809e+02
1.132230695103188367e+02
1.034200218342921573e+02
9.661750882763617199e+01
9.889881384384015917e+01
1.141500686408809457e+02
9.127261422620547648e+01
9.018177613973591633e+01
1.040022563859323554e+02
1.239200213466397855e+02
1.059856646558067297e+02
9.347901262120348065e+01
1.078903704363402767e+02
1.153114816861045000e+02
9.160128360793831348e+01
1.244001101444537483e+02
1.192670404079269417e+02
1.196049139083907420e+02
1.090839803213247450e+02
1.003899099972375666e+02
1.015910112856585386e+02
1.239866383593619759e+02
1.030202445494161765e+02
1.028336031654674798e+02
9.923239421157423124e+01
8.386173700082846949e+01
1.037968204955508611e+02
1.083160149366374867e+02
1.160719733913036009e+02
1.102948456908027453e+02
1.104813861785570026e+02
9.411196174846190843e+01
9.711733893938030349e+01
1.100317656355584148e+02
1.206491758928933393e+02
1.139309018680075525e+02
9.303551820114779503e+01
1.174353369606511990e+02
1.151542158913413090e+02
1.056617830872962571e+02
1.100765168280235429e+02
1.104639378450480081e+02
1.043443656180310057e+02
1.054260466310026629e+02
1.091842335184413599e+02
9.049549394405427449e+01
1.088512277842144869e+02
1.160190833077596295e+02
9.256543319246279111e+01
1.175519420109480819e+02
1.109136949330844715e+02
1.135973065540547680e+02
1.106960183145591827e+02
1.128319029967836826e+02
9.259797945689683729e+01
1.086116894061957936e+02
1.054510502967118839e+02
9.413871940327030075e+01
1.081002934205992716e+02
1.036627626661232711e+02
1.021923666949305840e+02
1.181607694425451456e+02
1.004666775359442425e+02
1.098099369763355213e+02
1.157205817266439425e+02
9.839669292109942944e+01
1.100985121966289171e+02
1.024376243691163495e+02
1.043036722558599365e+02
9.912863632305730732e+01
1.091530267926327724e+02
1.131770525287721938e+02
9.731402718665850671e+01
9.881458309861086775e+01
1.017428355355431080e+02
1.120940830543567301e+02
1.036329991593795796e+02
1.031493201098754611e+02
1.087525989695650708e+02
1.061474800931205777e+02
1.093552578794242720e+02
1.113944761539693786e+02
9.509596473240068804e+01
1.025526118012830068e+02
9.711498858120441469e+01
1.049102644075215949e+02
1.075172493608171322e+02
1.141892153612547958e+02
1.027758332624736255e+02
1.008742209935042808e+02
1.189069331966105096e+02
1.080233971411568348e+02
1.014092111605914823e+02
1.114595076419961686e+02
1.208435646435201676e+02
8.929214953903027663e+01
1.017916204867704835e+02
1.033468641199318228e+02
1.100660289965284448e+02
1.031485259837449036e+02
1.005932604662604604e+02
9.847591270698579535e+01
9.780767874475301937e+01
1.007030057957192639e+02
1.177286437652327749e+02
1.001914741363445387e+02
1.085982231439652566e+02
1.036409259551987248e+02
1.050267240225601739e+02
1.205641656719674728e+02
9.421975310971959061e+01
1.053488080251735113e+02
1.211099368723571530e+02
1.064866230887953265e+02
1.062448660761341159e+02
1.025928802561871720e+02
1.034469987996162246e+02
1.125007364767319018e+02
1.031971652750066966e+02
1.005764503380768247e+02
1.139029629120745994e+02
1.054892929605253613e+02
1.275809704759225838e+02
1.030642045073485349e+02
1.175173988044114992e+02
1.066039372219412940e+02
1.014504637729945102e+02
1.109049340026930963e+02
1.168388236350105700e+02
1.151734381917026440e+02
1.241492352364014238e+02
7.944707014049278371e+01
9.309683807404444167e+01
9.915529078421407405e+01
1.020453065174491485e+02
1.100133409564289337e+02
1.062282320622819896e+02
1.102724371400286998e+02
1.096547501612081987e+02
9.611426289829557845e+01
1.039694920364208741e+02
9.378434224121599527e+01
9.750982443736711502e+01
1.065230028464510781e+02
1.065070793398876248e+02
9.479032819191188253e+01
1.182676866910452702e+02
9.441012648752982273e+01
9.465660228517170083e+01
1.065591916483055144e+02
1.074327195327870328e+02
1.202512656537659979e+02
9.897426954068578198e+01
1.187148378202018506e+02
1.102879421517704088e+02
1.023406531773872672e+02
1.078170154666763665e+02
1.147236908937033490e+02
9.910100314260998289e+01
1.056866862540926917e+02
1.103864664480989717e+02
9.950723614112108351e+01
1.153708866885129254e+02
1.040057435577755740e+02
1.146663518990515911e+02
1.009196908797751036e+02
1.249161891481232658e+02
1.010699333976098302e+02
1.018065106706937684e+02
1.154298330351528250e+02
1.063712993581694519e+02
9.961069065078378060e+01
1.056899747759000121e+02
1.016891379985048616e+02
1.035978209749725210e+02
1.084008564485946948e+02
1.111879152260761288e+02
9.890932179609680475e+01
1.083284110085731413e+02
1.031303947359785838e+02
1.021352557243502872e+02
9.218161706546891310e+01
1.088069486298963966e+02
9.442739228195037526e+01
1.072405321694386942e+02
1.135653783697826071e+02
1.047380959497676685e+02
1.041421475080363166e+02
1.131528201083464182e+02
1.113650261433251956e+02
1.166972476949819395e+02
9.570118904417861927e+01
1.233586146489926847e+02
1.146040447591357747e+02
1.151527257904354258e+02
9.793057184147825467e+01
1.004459013611363218e+02
1.125667606891815637e+02
1.026541107790242222e+02
1.065139419306944575e+02
1.093801995942407359e+02
1.011012146177023965e+02
1.178337877220086938e+02
1.085781695738936037e+02
1.116953075722475575e+02
1.068485260189856518e+02
1.045279378730838005e+02
9.379678118163231204e+01
1.045659234105870041e+02
1.163960604087748720e+02
1.070511078125404651e+02
1.089094730594311784e+02
8.416298559380916799e+01
1.093120084338944196e+02
1.203692754965820626e+02
1.029759833742892425e+02
1.182420251205620332e+02
1.069545402412749553e+02
9.658308463654253728e+01
1.063196960491072787e+02
9.947969974533940274e+01
1.165701580024283572e+02
1.032013190079155720e+02
1.093384921976888791e+02
9.047689934488326458e+01
1.014091304049086659e+02
1.150906533378151835e+02
1.143434640751650733e+02
1.006427823075545120e+02
1.059571596198253900e+02
1.001172058189720246e+02
1.034874592143120822e+02
1.095509552267696876e+02
1.016269339690267373e+02
1.108466958971004317e+02
1.004444882347771539e+02
1.026347244016965448e+02
1.185014610156719925e+02
1.006721518358154270e+02
1.206295360590015378e+02
1.118423535629762995e+02
1.128825265984894770e+02
1.122503013232824003e+02
1.121142888855755331e+02
1.018246406016337460e+02
1.024854520459473122e+02
1.156716816237412928e+02
1.182212723428231556e+02
1.100908431296781060e+02
1.089069225623751151e+02
9.778582377228227074e+01
1.053757171149740941e+02
9.791689855918964724e+01
1.205227843240716936e+02
1.002518746856559630e+02
1.078162113301152942e+02
1.068535295648405423e+02
1.132072679033435065e+02
1.116529460112018057e+02
1.108513727103344735e+02
1.092509463669904335e+02
1.142227728882153741e+02
1.090495497254071040e+02
1.007945997921432308e+02
1.091841754236186688e+02
1.070128339322969566e+02
1.023444893643284672e+02
1.249604330893589292e+02
1.040890717452075620e+02
1.018599623092563746e+02
9.495096430452025515e+01
1.086386877622230145e+02
1.041776285768063985e+02
1.042778467052397673e+02
9.989011400500395155e+01
1.067628112477262761e+02
9.063706737869463836e+01
1.041165949200116501e+02
1.248733329475585947e+02
1.072403325881170701e+02
1.257408352982344724e+02
1.152027903373938074e+02
1.072242728894881338e+02
9.694953367142284151e+01
1.016692192547346139e+02
9.179014715427260285e+01
1.189536052308989014e+02
1.024347818375319292e+02
1.123059864151849041e+02
1.171171714862930173e+02
1.092738410713045738e+02
1.006282392043314502e+02
1.071664313456737858e+02
1.165191319086658694e+02
1.106781968564127112e+02
1.078626052264995536e+02
1.248036097138726035e+02
1.005778733088698971e+02
1.104900739737245345e+02
1.212694632489775302e+02
9.603378301937139838e+01
1.197312597970870200e+02
1.179314152001877716e+02
1.002485024489631513e+02
1.004273476771600002e+02
1.099237161575856589e+02
1.104530247871494737e+02
1.123597679358460226e+02
1.059530531014045067e+02
9.631183772774544138e+01
1.069446734751489601e+02
9.972198591276416835e+01
9.755717235574871893e+01
9.871117798061689541e+01
1.006330228953970618e+02
1.125150010937104383e+02
1.244350038396316904e+02
9.240826627488020506e+01
1.052493009267872992e+02
1.148928060554947450e+02
1.163561769288004228e+02
1.000490654329815783e+02
1.029185126229125018e+02
9.969256798675142761e+01
1.098379937261836687e+02
1.225051165378236391e+02
1.080980460449103759e+02
1.223584780075337761e+02
1.031563112319026345e+02
1.127497683139779383e+02
1.167472906650847762e+02
1.070602722489981034e+02
1.052279610308318496e+02
9.165096094745308619e+01
1.053135975123849448e+02
1.055384462913158643e+02
1.178435906630875394e+02
1.168566544856684430e+02
1.122092966476065357e+02
1.036563765173160050e+02
9.596323917043463325e+01
9.821277022628814279e+01
9.115918344903961668e+01
1.233971222169873130e+02
1.088919217411456941e+02
1.064044246015865554e+02
1.104585179368025933e+02
1.233371616097203685e+02
1.052523664022815808e+02
9.658167022265668322e+01
1.026608034043736524e+02
1.083074720357638228e+02
1.033873971814499271e+02
1.049176824450542114e+02
1.084276742088793100e+02
1.063735958373072776e+02
1.147592203502397865e+02
9.421127418374905460e+01
1.054906929993741755e+02
1.144894547998813010e+02
1.076830194705443660e+02
1.182205442629115453e+02
1.199052094695351656e+02
1.089238198805745839e+02
1.180913606092880315e+02
1.066245705457728121e+02
1.295266776410446141e+02
9.575447828046024767e+01
1.118187958105491617e+02
1.136143790423344626e+02
1.093505353728210707e+02
1.041905602583984063e+02
1.035954384974078266e+02
1.077109060841096237e+02
1.120599065019182916e+02
1.097758453197603359e+02
1.116985911490711914e+02
9.795087982206891297e+01
1.156972485198920850e+02
1.011908613578482061e+02
1.101690547237020326e+02
1.056066856810962946e+02
1.052894435033746703e+02
1.245732910306519443e+02
9.596374370417555610e+01
1.025803519560162158e+02
1.192874229017132564e+02
1.069843720758155996e+02
9.812387868421203052e+01
1.048151776960620651e+02
9.124120286392914636e+01
1.137492627478467284e+02
1.085931741509753721e+02
1.145522938502417531e+02
9.664516592032407516e+01
1.067183977005129947e+02
1.164918089129407974e+02
1.008946707137267111e+02
1.251587120989669870e+02
1.066123841433218331e+02
1.284343066279356833e+02
1.319465559249706530e+02
9.954461351791120194e+01
1.166251507505256768e+02
1.010184625966791714e+02
9.911357061627468568e+01
1.119670549350229862e+02
1.176365714580674648e+02
1.024185536035066235e+02
9.726837651314633604e+01
1.168136563622470021e+02
9.818693832291491219e+01
1.097832141528305954e+02
1.080526971632517927e+02
1.046234689475187309e+02
1.162541479579796828e+02
1.051643640153626791e+02
1.022038570410171445e+02
1.122445741017572800e+02
1.029230371667957513e+02
1.042528751041933930e+02
1.053317560155089723e+02
1.137296219590537021e+02
1.082665786783497879e+02
1.124694223944518825e+02
1.117022687292246559e+02
1.203800835603699966e+02
1.043305286364766147e+02
1.086541609956229451e+02
1.282601710112460296e+02
9.621968174303478349e+01
1.052686070543992116e+02
1.075541663454712022e+02
1.100403594088720212e+02
1.133528520067527836e+02
1.013050652103596150e+02
9.165128586434140345e+01
1.075485063124119591e+02
1.053080729588474327e+02
1.093536151078324821e+02
9.505903774311772736e+01
1.056891284497654624e+02
1.068202975267179653e+02
1.088344092448864018e+02
1.166135790955175509e+02
1.051237385480882978e+02
9.125245695437348559e+01
1.104221516350862942e+02
9.803389731855985190e+01
9.992298706394898034e+01
1.095255631492260875e+02
8.790477690989840198e+01
1.133353635204237833e+02
1.164556084443542829e+02
1.119241784990254160e+02
1.005850789268276344e+02
1.129269574667163738e+02
1.064148587460662014e+02
1.036430183006112173e+02
8.950823627764496848e+01
9.710096239853250211e+01
1.028354131431952823e+02
1.004688933779931688e+02
1.063779281170880040e+02
1.079352427853656451e+02
1.060106264642351874e+02
9.525025527594914365e+01
1.063327349298138671e+02
7.908423599926740621e+01
1.013416730205142784e+02
1.270992418775413455e+02
1.125244021409798449e+02
9.923686811160834509e+01
1.086214314882696215e+02
1.149519279069282618e+02
9.342313609925955120e+01
1.185653710087703701e+02
9.143095282684171821e+01
1.114807216564812791e+02
9.741372398221972162e+01
1.009427652472635089e+02
1.064455572133496446e+02
1.052693223799270186e+02
9.895483302908296253e+01
1.056332354443910191e+02
1.111852704734829587e+02
9.226856820489948063e+01
9.792031798876695348e+01
9.401332267237013696e+01
1.055359006174107179e+02
1.237985939067610843e+02
1.108921906946787317e+02
1.165634254529828837e+02
1.012717793564894038e+02
1.112457136884667932e+02
1.054814244532626049e+02
1.123380423188651349e+02
1.217541199764180533e+02
1.120226434236457749e+02
1.009711606364838303e+02
1.140812736005224650e+02
1.143048102281197203e+02
1.106452071026165953e+02
1.153666169654861307e+02
1.133851840203388548e+02
1.195080528570071152e+02
1.069493242717451125e+02
1.061403639785397957e+02
1.133417813464340469e+02
1.025523948975725972e+02
1.020156809966661910e+02
1.098558862309620707e+02
1.238378623808368530e+02
1.176118189954395064e+02
1.056454375460364048e+02
9.397580347100269194e+01
1.122667510004755087e+02
1.113714745090820770e+02
1.088675189532039553e+02
1.163358714582219449e+02
9.060721845551049114e+01
1.142098136246522699e+02
1.365845067361435952e+02
9.712574022874629520e+01
1.209518760980959939e+02
1.031348643164523935e+02
9.980721786886947200e+01
1.138360479705253425e+02
1.040660593063423534e+02
9.758655512151453593e+01
1.101519565567330829e+02
1.253396254460194541e+02
1.048065801147966170e+02
1.084943464121840151e+02
8.877036409236013981e+01
1.085811321353490086e+02
1.042203907273954542e+02
1.123384687194123615e+02
1.088535707352808970e+02
9.773463379208929780e+01
1.017381560079784890e+02
1.089703718529818559e+02
1.147237826371602978e+02
9.901304242740849304e+01
9.226127702948608089e+01
1.238653059983437288e+02
1.206984834363169483e+02
1.117840629259633687e+02
1.126348244568769985e+02
1.015709792992958427e+02
1.157970739652290604e+02
1.009208896861892839e+02
1.013925165064446645e+02
1.053510759571343840e+02
1.060558182195606065e+02
1.069799774876821061e+02
1.113823038814018389e+02
1.224032900639760157e+02
9.317036606117714825e+01
1.029140334255027085e+02
1.093998361658320277e+02
1.003152656748305844e+02
1.013270744049840033e+02
1.125631839352018915e+02
1.089258273700454538e+02
1.032344407966402002e+02
1.083823161194341367e+02
1.012059374097213578e+02
9.664891806149759645e+01
9.908053382056637304e+01
1.094282387844477142e+02
1.140136978884821275e+02
1.031204627125792115e+02
1.192998760273573993e+02
1.012631083006331210e+02
1.149086899027003170e+02
