8.242570776207600147e+01
8.778840039286620822e+01
8.396530368792619470e+01
8.249999663158236274e+01
8.265567847730041251e+01
8.390227793657452082e+01
8.515694091213713079e+01
8.444783429924227391e+01
8.349295670743953224e+01
8.395700307692425213e+01
8.536826495830335659e+01
8.279429389524717919e+01
8.697730991527228639e+01
8.544709887283549676e+01
8.544718065570306464e+01
8.228320823638678405e+01
8.587161123858884082e+01
7.928883023604078062e+01
8.583153031407891831e+01
8.049118411853142163e+01
8.529337358434985106e+01
8.786429788452713296e+01
8.609277739282553910e+01
8.212146115605047214e+01
8.670849747079714120e+01
8.359969986738136072e+01
8.534370806648122709e+01
8.258474333087478669e+01
8.253447249839474864e+01
8.222907809753255037e+01
8.905399098938011093e+01
8.453869544174820305e+01
8.295468108120091699e+01
8.665994193344124596e+01
8.853761560406297804e+01
8.464152774106658228e+01
8.184503589511581367e+01
8.506562863133846975e+01
8.255634937572196463e+01
8.334362283539438465e+01
8.563422500772782087e+01
8.440707912864000662e+01
8.313512183095387797e+01
8.331476500903661986e+01
8.276101067919687182e+01
8.329994750108963331e+01
8.629961044986431773e+01
8.327357562575713246e+01
8.038207970362391563e+01
8.585929673431671461e+01
8.361452737948060587e+01
8.700819144669567606e+01
8.698963880504096835e+01
8.233611647412821810e+01
8.064740914744199074e+01
8.650428637334746895e+01
8.408791796241725081e+01
8.389668531865157775e+01
8.361457000727239119e+01
8.233887387289694004e+01
8.394683399002555291e+01
8.348334918173817698e+01
8.484692645502741470e+01
8.685794434461571711e+01
8.502201142553552415e+01
8.597981229778110901e+01
8.189868805364096715e+01
8.242305921583076156e+01
7.882708863124685195e+01
8.347581538638603149e+01
8.444814469553453762e+01
8.483962775921268928e+01
8.384762601511496882e+01
8.385350960148593913e+01
8.533117695203237929e+01
8.378591297650426384e+01
8.545125285600558129e+01
8.530335263408143476e+01
8.359609993278704110e+01
8.477195119325834582e+01
8.342594469093312171e+01
8.454426947726105368e+01
8.229026270236869323e+01
8.306241456656198352e+01
8.580802662721769991e+01
8.693691660881449934e+01
7.908095650990546233e+01
8.365620562413893424e+01
8.469769900453322009e+01
8.522147440301584709e+01
8.344688295443145876e+01
8.368863427548568268e+01
8.636449906466918947e+01
8.423185170364939722e+01
8.224574485866656914e+01
8.494259474278648270e+01
8.435959916887928500e+01
8.364823988976989710e+01
7.916876102875326637e+01
8.489858499220356691e+01
8.735735176403200342e+01
8.072622496733146136e+01
8.751435865596150165e+01
8.620687204835805062e+01
8.657012524291396005e+01
8.454840386642099759e+01
8.340380340474395382e+01
8.329003971017041863e+01
8.523572825099176953e+01
8.108692777291335574e+01
8.335876495664523134e+01
8.228573496914297891e+01
8.125501467252408361e+01
8.682346824640737282e+01
8.730990702395975234e+01
8.129092188313390466e+01
8.257853205205032054e+01
8.279124049843261446e+01
8.572278594600830104e+01
8.194958606205823060e+01
8.415865415519593284e+01
8.103607126435878172e+01
8.208181861675248570e+01
8.032006885707393451e+01
8.561343932017929603e+01
8.016248893628034011e+01
8.310169905397688694e+01
8.754213091282181836e+01
8.308676314052330270e+01
8.349345891603604741e+01
8.428461863174068469e+01
8.451157730604907670e+01
8.335311924979687603e+01
8.038152722418475093e+01
8.459277498958805097e+01
8.425095634858674032e+01
8.584659710170917890e+01
8.280184788714666411e+01
8.283688151797494470e+01
8.537534895988554240e+01
8.510516902734886457e+01
8.615622884727677899e+01
8.394020196017532953e+01
8.594749988701470045e+01
8.230980296571063093e+01
8.603565005401793542e+01
8.339371408213298764e+01
8.714101675638404743e+01
8.080347534608432625e+01
8.322982971449891920e+01
8.390217220977342549e+01
8.076266467928888915e+01
8.931010276295980077e+01
8.713383387582445039e+01
8.500680017924963749e+01
8.268459778306423402e+01
8.794807338800055163e+01
8.666963434055116977e+01
8.484038271573682266e+01
8.083742806603594033e+01
8.840524631022661595e+01
8.517179211585474263e+01
8.522803641132085772e+01
8.812604350606304138e+01
8.523964627021092610e+01
8.788927322607366932e+01
8.775977777569055149e+01
8.377886926877496876e+01
8.519058543700315056e+01
8.191713163952455545e+01
8.624099817751712749e+01
8.106601239643303813e+01
8.363880809306559172e+01
8.423224680309269274e+01
8.353880482175527789e+01
8.588672826475301747e+01
8.669993500874984704e+01
8.412242527810759896e+01
8.472469316585694799e+01
8.712004593513590578e+01
8.367386288481364431e+01
8.195733975117232717e+01
8.046012614476536839e+01
8.381701825465323452e+01
8.499550806158698890e+01
8.277306468856767196e+01
8.229417884855512000e+01
8.573378300337897429e+01
8.316843820058640802e+01
8.596193601880936797e+01
8.443932496781030750e+01
8.600463766465632887e+01
8.196832265154756669e+01
8.395480732702897342e+01
8.717294750705327999e+01
8.646496606783347261e+01
8.491635161726644299e+01
8.587881331714672228e+01
8.368791833904721500e+01
8.635876209630029621e+01
8.546974427217431014e+01
8.245702132158163522e+01
8.260428236760212428e+01
8.576738205967490103e+01
8.548111187975175085e+01
8.419468585332057842e+01
8.381712262260354862e+01
8.307333862680744119e+01
8.444381582632779271e+01
8.666366867785711747e+01
8.263619760811486969e+01
8.447204703061903786e+01
8.869972849038639140e+01
8.554688533451383137e+01
8.134324714173448001e+01
8.413019276097082866e+01
8.623370683212405652e+01
7.944815241230210745e+01
8.594218802747981556e+01
8.200925749789351471e+01
8.506948866886935434e+01
8.565635056600063990e+01
8.461345939186347209e+01
8.438231843600321724e+01
8.314236192128625191e+01
8.192182581332377822e+01
8.508593147574320881e+01
8.701616573279466138e+01
8.520890113267797972e+01
8.430306850381379036e+01
8.217511895600667060e+01
8.211985873132636016e+01
8.489634035083521724e+01
8.797766811736147474e+01
8.188400595524915104e+01
8.805656207688473103e+01
8.595647248239794180e+01
8.631997080030336633e+01
8.409389732480762802e+01
8.168845173861451769e+01
8.699281857430089815e+01
8.313048318070656251e+01
8.254529013939398396e+01
8.275438547697285685e+01
8.513735277795537115e+01
8.322875991882783353e+01
8.381621264202051691e+01
8.149629558125141671e+01
8.489164842926442134e+01
8.665921528433220544e+01
8.482116549538956463e+01
8.141368199995774546e+01
8.727319419648205212e+01
8.059550867858646939e+01
8.519784576751787597e+01
8.635791435246196102e+01
8.607073926464609315e+01
8.756910352030266154e+01
8.534099879055430904e+01
8.469648427981144323e+01
8.331725020835881423e+01
8.558501808319913096e+01
8.813644988600741215e+01
8.284694358156909288e+01
8.189197344874200724e+01
8.541796171275277061e+01
8.344241111170863689e+01
8.189813340743084780e+01
8.364732146545988201e+01
8.733207371506915706e+01
8.414593495173889437e+01
8.219608023661990615e+01
8.289737564276587989e+01
8.325089981478831191e+01
8.189834339986562384e+01
8.213715825946792393e+01
8.515022966177497210e+01
8.386983831657954624e+01
8.582648521477518955e+01
7.942119605491312484e+01
8.468198992180613516e+01
8.597928081377114040e+01
8.323434096244912439e+01
8.548777709953986914e+01
8.607943632689989499e+01
8.553230853694577718e+01
8.312532174567606091e+01
8.343278272774331583e+01
8.363452589430855255e+01
8.547249133556763923e+01
8.287657388960755611e+01
8.626661001857382871e+01
8.173820370283735315e+01
8.664441210122423342e+01
8.294790619713808155e+01
8.108783435948738827e+01
8.613440115552556620e+01
8.639584838044342519e+01
8.714477732833078960e+01
8.565533904500269102e+01
8.231657779720990220e+01
8.368736829583700398e+01
8.601411598627575472e+01
8.564807454393273645e+01
8.732308487415181730e+01
8.634639582676103942e+01
8.356255580642957170e+01
8.333672741876506507e+01
8.702845468238301407e+01
8.374260181081790222e+01
8.361792963755367225e+01
8.342771363872948598e+01
8.738230500029376913e+01
8.446434808821376805e+01
8.269555037401455877e+01
8.178455660658556781e+01
8.018158944829727375e+01
8.830558063639232103e+01
8.347442148322369349e+01
8.598250422441401497e+01
8.626346573049964661e+01
8.559083755958440065e+01
8.307736234431118305e+01
8.474284635992374604e+01
8.156453087278110559e+01
8.664857169835224227e+01
8.633144703906316408e+01
8.648616283182927589e+01
8.134910412501946553e+01
8.737219750666051254e+01
8.765793440350093135e+01
8.705036430967317074e+01
8.552183157176142458e+01
8.519705559884123147e+01
8.515159683674144731e+01
8.540267710184529903e+01
8.625327637425806415e+01
8.173136606808569127e+01
8.523454487815884306e+01
8.210047622416406909e+01
8.318633577281484293e+01
8.345674116779032659e+01
9.028757995141111792e+01
8.163150068356401334e+01
8.632851407144393363e+01
8.200619668784695193e+01
8.169523420130462910e+01
8.486971764002754526e+01
8.471592012727170129e+01
8.708857582825061172e+01
8.770016257676142857e+01
8.074949180036053065e+01
8.315953712916109453e+01
8.008905975440416114e+01
8.425985325035638596e+01
8.396012901321699928e+01
7.984538784039004611e+01
8.198122122557541047e+01
8.587189148154058671e+01
8.364877192142505180e+01
8.299998133647549992e+01
8.318850381359885660e+01
8.571450164184682308e+01
8.291072127943206738e+01
8.228260412750738340e+01
8.845457800900760503e+01
8.312889609710357774e+01
8.119491840757325463e+01
8.659818647781105483e+01
8.476647864175096458e+01
8.115194660684021244e+01
8.396265633131774564e+01
8.341412161280891269e+01
8.507986676042293084e+01
8.600247578132820081e+01
8.793843525439207554e+01
8.387537786858959521e+01
8.680600403303070323e+01
8.633935022420986627e+01
8.442609879010227303e+01
8.643263029155279753e+01
8.346291643773831481e+01
8.790446909861240954e+01
8.143996460163378970e+01
8.408515585428160932e+01
8.268897612197098113e+01
8.631047100667072414e+01
8.509740435644506817e+01
8.428119652142619600e+01
7.945365472476083823e+01
8.644637446955850635e+01
8.392927101985090133e+01
8.354830183398222232e+01
8.072234842730199489e+01
8.339360461867040897e+01
8.190555777161404194e+01
8.334883773612587277e+01
8.585230753152291072e+01
8.208511184651646886e+01
7.924826876185346691e+01
8.437788179299872127e+01
8.019945660980624780e+01
8.040498525020618104e+01
8.217596884644932231e+01
8.299633028509387600e+01
8.330958857554377062e+01
8.883595168154641897e+01
8.292108765464855935e+01
8.508472524981878848e+01
8.669343672645376842e+01
8.236767629791830814e+01
8.228666894445385083e+01
8.472691537643099480e+01
8.073053867208790280e+01
8.443337817107928345e+01
8.336784741204644433e+01
8.268781002626833754e+01
8.291705001038705802e+01
8.070795076703834070e+01
8.392251736056792311e+01
8.787087689899598786e+01
8.566229209644070863e+01
8.776415385487932497e+01
8.350203926307170832e+01
8.425387086083250665e+01
8.392637764948999290e+01
8.282003728911838891e+01
8.549609853579838159e+01
8.698282229108976082e+01
8.494243348553474959e+01
8.410263364545038201e+01
8.563986898396875347e+01
8.537708922413835921e+01
8.533284956481189454e+01
8.145691298885692788e+01
8.153123226941224289e+01
8.665952187054394074e+01
8.326106378432555744e+01
9.053306489567336257e+01
8.472712885626613399e+01
8.511398217677643174e+01
8.177603071943657653e+01
8.229342339115143545e+01
8.237822993817567863e+01
8.553016106443035937e+01
8.322070169218099522e+01
8.355750221311950554e+01
8.246149400063347912e+01
8.678972372533739588e+01
8.264747343490988385e+01
8.607834641281912980e+01
8.216931436505970510e+01
8.640083940938336582e+01
7.903743088248518234e+01
8.271877891951278627e+01
8.404088961760061238e+01
8.446069541276874304e+01
8.572824632583035509e+01
8.312329676268714707e+01
8.382366004274187787e+01
8.427590407940228090e+01
8.773961604829995053e+01
8.485418336435419917e+01
8.762943150682643534e+01
8.515765713487022026e+01
8.551493330241716251e+01
8.531693423406100862e+01
8.064342041781912940e+01
8.263192533639032433e+01
8.591437961304524151e+01
8.522612997614527330e+01
8.300204793459907648e+01
8.487733718309279141e+01
8.133670357618491664e+01
8.549966782596249004e+01
8.762335781800537404e+01
8.545844562255399524e+01
8.356150680369565009e+01
8.333531794423237216e+01
8.639570718563548724e+01
8.278648997316729208e+01
8.624714061962613698e+01
8.547971479495129188e+01
8.540461591527491692e+01
8.513665128644646529e+01
8.284806160575129752e+01
8.054117638820517300e+01
8.835552424427525864e+01
8.532802741810046143e+01
8.836040784609586751e+01
8.152700533367647040e+01
8.668701897712593052e+01
8.401647940142018456e+01
8.701910603240298769e+01
8.731257864918109135e+01
8.504951684182890403e+01
8.454738340166994703e+01
8.570453924042668348e+01
8.597087839949188037e+01
8.297164774768182838e+01
8.669116805138466475e+01
8.153181918466825095e+01
8.774260092177102877e+01
8.518257373672592792e+01
8.296947718129918314e+01
8.564242304150489815e+01
8.760074781128029997e+01
8.369208431719313523e+01
7.895014422051569625e+01
8.655799210252392584e+01
8.424049825121994672e+01
8.024798247464408973e+01
8.104701805305808193e+01
8.369458721396047451e+01
8.267619185873796539e+01
8.218468588674831210e+01
8.748507309309893287e+01
8.226594884602079105e+01
8.631971358315180964e+01
8.476961093722725593e+01
8.388035320461767697e+01
8.467859990696371142e+01
8.324366629475358081e+01
8.829105396704503050e+01
8.404423965283029929e+01
8.444696054069667923e+01
8.474232941492985560e+01
8.726097158046242441e+01
8.439562394684986657e+01
8.665514293570159055e+01
8.626780939018836136e+01
8.261391332894388029e+01
8.343100026355968168e+01
8.306709532851850497e+01
8.017252211565083542e+01
8.799412781567086483e+01
8.730615812408152010e+01
8.319794608682762771e+01
8.446770647095651441e+01
7.866331522951847433e+01
8.341911758988366898e+01
8.488734075180970251e+01
8.176805200507354243e+01
8.566648311579858444e+01
8.001065535862420575e+01
8.636431856255701689e+01
8.632031024507033123e+01
8.534376406040695429e+01
8.577389265290604214e+01
8.191584523092781467e+01
8.503609813235838999e+01
8.624291871479674398e+01
8.131288246471218883e+01
8.107771374788003982e+01
8.225978318224578345e+01
8.480022798539442874e+01
8.569908074445042701e+01
8.820692692113337330e+01
8.326693000401742495e+01
8.405392594128628048e+01
8.977305103705171518e+01
8.627382766990263008e+01
8.331701851941312498e+01
8.827226616728812303e+01
8.367883531169364630e+01
8.299525086539900087e+01
8.513843412260229115e+01
8.209437775889182376e+01
8.568551528610484525e+01
8.585730369422830677e+01
8.528831276173707465e+01
8.599621012573382473e+01
8.240145857506135485e+01
8.803370578652510403e+01
8.409332190293298481e+01
8.549267226358884386e+01
8.457086258438994264e+01
8.677001010668294612e+01
8.342344150318307072e+01
8.168464271941734012e+01
8.262962576356437694e+01
8.387369281674892818e+01
8.015072502457215364e+01
9.026864354790461675e+01
8.605231132314678177e+01
8.442708221004780000e+01
8.237231413978757644e+01
8.438773341836444786e+01
8.980788379503438534e+01
8.708653741744056731e+01
8.303074746901411629e+01
8.301623402692371201e+01
8.574327539505580376e+01
8.203975214756310663e+01
8.418028396944086467e+01
7.976698972467046644e+01
8.661759243700518596e+01
8.254931727397897134e+01
8.461244667295316901e+01
8.368549312611533253e+01
8.491267888693398902e+01
8.059248152090412987e+01
8.038432568544112655e+01
8.541392598034124717e+01
7.958268974725213241e+01
8.525616286536993016e+01
8.727707184701385756e+01
8.418310911765797755e+01
8.925565957008396367e+01
8.261840635374194619e+01
8.478708126260592337e+01
8.279495903281396352e+01
8.663385364712746650e+01
8.114896596234264337e+01
8.398052490334104903e+01
8.313315161195018277e+01
7.926037140204574882e+01
9.021843115787949330e+01
8.824837330878970931e+01
8.627948047726573577e+01
8.470553222673640903e+01
8.369818047848342246e+01
8.700731501831258186e+01
8.484055564940615568e+01
8.619388347228019143e+01
8.833083950317127631e+01
8.588043998152383551e+01
8.533218668530102491e+01
8.409028738796612856e+01
8.412561370508582570e+01
8.524032374356879416e+01
8.221646901674061780e+01
8.391593317179217593e+01
8.552498099072440141e+01
8.541144328816072573e+01
8.581519421259916669e+01
8.193245453159894964e+01
8.260540378757441715e+01
7.965766499137674828e+01
8.509907583656801933e+01
8.996923405308963595e+01
8.414324737740983551e+01
8.520504891718343288e+01
8.100909836713505285e+01
8.420078665180015776e+01
8.899529499022946766e+01
8.248054480207628103e+01
8.531879570659576473e+01
8.503901006330548284e+01
8.339744045422466456e+01
8.655317216978934880e+01
8.438825122770292353e+01
8.383111861842313317e+01
8.720450934115568487e+01
8.091794893998206817e+01
8.112792224973483712e+01
8.511193024252432338e+01
8.213302628758408730e+01
8.563414316955001482e+01
8.482879367944609328e+01
8.227224194238618793e+01
8.181869168480598375e+01
8.147133929550597031e+01
8.374297174645836606e+01
8.239410334339464725e+01
9.071067545135954902e+01
8.235702892133903674e+01
8.097085706600788058e+01
8.735096936538180046e+01
8.423942895732345448e+01
8.472235403490304861e+01
8.449157584817798750e+01
8.764201481172769093e+01
8.094638266092360368e+01
7.947204530286545321e+01
8.286230801653590561e+01
8.254656167969616831e+01
8.341028641357577555e+01
8.429902402546412077e+01
9.058053242166087671e+01
8.322065154579190960e+01
8.385292827446380670e+01
8.029094469491549546e+01
8.291216360477797309e+01
8.171840184672620921e+01
8.699270654001315961e+01
8.704661583009274750e+01
8.577239232757769116e+01
8.473268926784628263e+01
8.298213221297450559e+01
8.394145191161119612e+01
8.204223877196305637e+01
8.455763815968329311e+01
8.873525125176055894e+01
8.472780299776162849e+01
8.383890973207839181e+01
8.401243191121149323e+01
8.222694128907048139e+01
8.119321440615490815e+01
8.401068506825691884e+01
8.620718113274656957e+01
8.620295548672967811e+01
8.579958670129957454e+01
8.767429163719131679e+01
8.672200024077021396e+01
8.358912488898710080e+01
8.243763291796342685e+01
8.442208177992210949e+01
8.461236359514630578e+01
8.534565432588357226e+01
8.298574487628098950e+01
8.213419831544725014e+01
8.355660007893028762e+01
8.324497024656101019e+01
8.718980052700868555e+01
7.978175812906363262e+01
8.224133178947455747e+01
8.480058631948382697e+01
8.462360127828713985e+01
8.207048123076977220e+01
8.894670990995516036e+01
8.419558095547245102e+01
8.805939975754240834e+01
8.285299275749565595e+01
8.818513245208730211e+01
8.584070474619471725e+01
8.629014863650397160e+01
7.956476622495374329e+01
8.091347850161326960e+01
8.500132019076575318e+01
8.154921081972480579e+01
8.294424799523547165e+01
8.157843426292834010e+01
8.418676101676850010e+01
8.770356600964956328e+01
8.391384911031572358e+01
8.455344498994466562e+01
8.583934258246121374e+01
8.421461246737801787e+01
8.412343843234899055e+01
8.324413214384250637e+01
8.247270499124303456e+01
8.651093757608867918e+01
8.171224384795466733e+01
8.662987095568371387e+01
7.965904721657794596e+01
8.132185179867161651e+01
8.249479191288362756e+01
8.496251215420605263e+01
8.288193362884280191e+01
8.572646864268892841e+01
8.457847485038234936e+01
8.333093584135551168e+01
8.361397041749977177e+01
8.689075193372869421e+01
8.144382143825853859e+01
8.528487816832317492e+01
8.510366702449364595e+01
8.339315966565148130e+01
8.161487028069768712e+01
8.404410275501049910e+01
8.145357962291892306e+01
8.435650893819428120e+01
8.169596390122700313e+01
8.332830832634499529e+01
8.379704418533553678e+01
8.249845391907723524e+01
8.753591372075430854e+01
8.315910868400732170e+01
8.213784424242906823e+01
8.062136769127430114e+01
8.255643694000677613e+01
8.608078668661806887e+01
8.743224424718765420e+01
8.371314731985820856e+01
8.519368373067487710e+01
8.259944823392153523e+01
8.324569170235322702e+01
8.519380577495351758e+01
8.667859087229011550e+01
8.153122063728558544e+01
8.205752019428504695e+01
8.510825890533956795e+01
8.575584009508294514e+01
8.374769097346744218e+01
8.647744910297871002e+01
8.356747437064413475e+01
8.062315347651279751e+01
8.531647585409764645e+01
8.502079111880091489e+01
8.361948670128980154e+01
8.592624754390300268e+01
8.622536663056658313e+01
8.408344315285802395e+01
8.371409526378161559e+01
8.950316946649283523e+01
8.217139845567622558e+01
8.433016155314113860e+01
7.751540660852786857e+01
8.697252362233169265e+01
8.689079366301139373e+01
8.123083734322734983e+01
8.292866309162629079e+01
8.227942042048327664e+01
8.348000872784595572e+01
8.607110050788978128e+01
8.333686748917752141e+01
8.523623350818149902e+01
8.454373930772653978e+01
8.043146182974562919e+01
8.480624212001293927e+01
8.316195873097859703e+01
8.504303944634753520e+01
8.472891113129851703e+01
8.420820793643312641e+01
8.116325949065907253e+01
8.230003719037625842e+01
8.636905739258314441e+01
8.333337673801713663e+01
8.081024090999471809e+01
8.921117276542874208e+01
8.673997439694988998e+01
8.467068175964377019e+01
8.337388010821426576e+01
7.962493285071684568e+01
8.233132980977015336e+01
8.537593826799641761e+01
8.442639175300971033e+01
8.681880503390857484e+01
8.244352926519560754e+01
8.370479537508542478e+01
8.291542301824026140e+01
8.304510390062824854e+01
8.453395385794108563e+01
8.693431295729475039e+01
8.603133794921296840e+01
8.742086722660603471e+01
8.394435127323797019e+01
8.553771224048877286e+01
8.670251223348347480e+01
8.198516032880085902e+01
8.596632739635469989e+01
8.528267897296535693e+01
8.508702814934514436e+01
8.545989762489236341e+01
8.553736824283780038e+01
8.641896992116048182e+01
8.130098131403440220e+01
8.815124083348062811e+01
8.292883934915026600e+01
8.533890210031312051e+01
8.799457406336607335e+01
8.207280143768343805e+01
8.350153422207270637e+01
7.857223291429509970e+01
8.809167348183764545e+01
8.555334234825249951e+01
8.734472008161242229e+01
8.500365193972935174e+01
8.263944154851125745e+01
8.342759933347275592e+01
8.608664642332939820e+01
8.480677435589974777e+01
8.723948781982458911e+01
8.109191406829890525e+01
8.298462495807901007e+01
8.376780746309806602e+01
8.247047692590663814e+01
8.658121593680951378e+01
8.369337304615484641e+01
8.627897113858630007e+01
8.557855671833928568e+01
8.165353346387624356e+01
8.501974620556080708e+01
8.216845347256209209e+01
8.502966773985041016e+01
8.552957701803923385e+01
8.496765519402207190e+01
8.523415169072880815e+01
8.088754282248967797e+01
8.805303571542773966e+01
8.820009529579655805e+01
8.637571479837107802e+01
8.341872404461265944e+01
8.998069017579440754e+01
8.473200382267623354e+01
8.374430955382210584e+01
8.465170101516457635e+01
8.717218762458415426e+01
8.224795749809145207e+01
8.733657898845146406e+01
8.237133331964840011e+01
8.494339928384975735e+01
8.061880598558360589e+01
8.703728552473769753e+01
8.257069457013388103e+01
8.066297126196607792e+01
7.928333287806128737e+01
8.040660512769996160e+01
8.175769746366955815e+01
8.568078664400167099e+01
8.709445315199430127e+01
8.089641817996040629e+01
8.332745118860255218e+01
8.126458513199068534e+01
8.247805793969079957e+01
8.341205842458063557e+01
8.259018761293138766e+01
8.472163988427760728e+01
8.501473868115714083e+01
8.506878211517361876e+01
8.314311087819953627e+01
8.172637319292306302e+01
8.526348955685188002e+01
8.104263216548994819e+01
8.471581446547475025e+01
8.182437538766082241e+01
8.559026638027779654e+01
8.253149310268675265e+01
8.472123934927503797e+01
8.328188989438640988e+01
8.354733324147417761e+01
8.877273110121669220e+01
8.557337818713561717e+01
8.457311760159753078e+01
8.866621276310181088e+01
8.205979034152730378e+01
8.560355645455194917e+01
8.718414336309632517e+01
8.474225712026719748e+01
8.093836774537501810e+01
8.890604230797409002e+01
8.361703111799330657e+01
8.288629594702399572e+01
8.359475479725371372e+01
8.687034328383583670e+01
8.400799620487865127e+01
8.640938077813181906e+01
8.571075835717853408e+01
8.192999082656677956e+01
8.509092912929317265e+01
8.301075222143020937e+01
8.188233154778706080e+01
8.560610258631902525e+01
8.761704173306625876e+01
8.456670170453639912e+01
8.388474180567283156e+01
8.275740490860616205e+01
8.515490393184657592e+01
8.934254254266232920e+01
8.269509836883977982e+01
8.550396604124422595e+01
8.168292364795001959e+01
8.415791923967297805e+01
8.693233376498160681e+01
8.780620329341988395e+01
8.711470485256228358e+01
8.312503545927050652e+01
8.635194636328482432e+01
8.395435460629130375e+01
8.295450576701462353e+01
7.942882449546878831e+01
8.265722863319248859e+01
8.639244957485583143e+01
8.305426810736254595e+01
8.338972446267845839e+01
8.054880162595222259e+01
8.218571660894789943e+01
8.392069169955641428e+01
8.849591508324007805e+01
8.335731388711825218e+01
8.448717781140615557e+01
8.722418116568138657e+01
8.211908522669463650e+01
8.622524725026755732e+01
8.618309821249027891e+01
8.732935643689000926e+01
8.300013317306787997e+01
8.089318190050535406e+01
8.312564397040787867e+01
8.776029106224149245e+01
8.245449638613418131e+01
8.632646662429255002e+01
8.345442489139756503e+01
8.789609036636001349e+01
7.953260542725217874e+01
8.679343978663051473e+01
8.742175170431141851e+01
8.618374317555333164e+01
8.188468709005009316e+01
8.346254200529614309e+01
8.489401289615238966e+01
8.536035749646235615e+01
8.468148785971993675e+01
8.375581784928465368e+01
8.646207884628249474e+01
7.980244355833251291e+01
8.327405447195998534e+01
8.639457689837989562e+01
8.626751137859960750e+01
