9.085994426075470187e+01
8.888570634575673068e+01
8.802629439609077622e+01
9.145913468342101282e+01
8.851898617005383585e+01
8.997581114726430940e+01
8.748826663595363584e+01
8.951675426098384492e+01
8.730050172181246637e+01
9.021278341070417639e+01
8.846909386719813995e+01
9.085803690498001117e+01
8.650810673880981483e+01
9.036059788765653877e+01
8.935886947953308379e+01
9.189922715069036485e+01
8.990207613963792710e+01
8.970696380015662896e+01
8.691840627274662268e+01
9.289770730945072330e+01
9.019567050307900047e+01
8.719513214660442202e+01
9.010543925555946032e+01
9.131222633850721593e+01
9.064307289295247472e+01
8.885566641498306240e+01
8.879534474030407409e+01
9.006216233005136473e+01
9.027095382175146199e+01
8.799953538823828580e+01
8.995609720789288133e+01
8.822876230552095933e+01
8.792277584864919504e+01
9.066142476890033208e+01
8.924621157527809601e+01
8.543523405600295462e+01
8.549380948438411565e+01
8.686586961852296440e+01
9.105711709290123679e+01
8.796863130756554483e+01
8.824829364514454255e+01
8.890984228386085420e+01
9.002364213165380136e+01
8.908245919260734524e+01
8.880646204740475014e+01
8.556336742183496824e+01
8.689999125851028339e+01
8.864968782221609445e+01
8.648379829967697674e+01
8.957632836773451857e+01
8.532344950346893597e+01
9.105860830303468845e+01
9.118637561177148143e+01
8.822266376514770059e+01
8.832795895394828278e+01
8.902057155107229391e+01
8.878732939475935382e+01
8.644067112319319790e+01
8.990544138168868926e+01
8.933244959599740298e+01
8.850087857667777769e+01
8.702092486690672501e+01
8.870899771784635846e+01
8.883845612990221241e+01
8.974164243646531247e+01
9.038058012078360548e+01
8.896429512095451742e+01
8.914433663449828771e+01
8.965316094752309084e+01
8.823329973445027008e+01
9.088833634910920978e+01
9.046730070122222855e+01
8.996653329801941368e+01
9.186052910988397002e+01
8.810184628944037399e+01
9.161424197539851377e+01
9.061314126427656390e+01
8.632669028630650132e+01
9.125182210631837165e+01
8.758879060270290040e+01
8.934263333040760813e+01
9.072193785156200363e+01
8.630758630812508159e+01
8.773414869687977102e+01
8.832412044733051459e+01
9.052969900657394930e+01
8.997088608785681174e+01
8.974655559821815132e+01
9.100167829628456673e+01
8.915779241340979411e+01
8.875513053761206095e+01
8.402295292879382771e+01
8.815462401025942540e+01
9.342255095828669198e+01
8.972750015868632545e+01
8.984006457821114111e+01
8.897617214099510363e+01
8.932265244451602371e+01
8.524726798369975711e+01
9.058668364579880006e+01
9.019470450214953416e+01
8.781320164361902414e+01
8.704288188840091323e+01
9.152146970717275565e+01
9.062308990439491652e+01
8.661251965752137494e+01
9.179818858758788735e+01
8.490820434935818639e+01
8.813400892860904889e+01
8.847212633634555345e+01
8.625175831794433634e+01
9.209036344811957520e+01
8.793609547091422485e+01
8.953231698835476493e+01
8.935332308547245361e+01
8.979927098170281852e+01
9.288149841158438846e+01
8.727538137005436170e+01
9.132798096776021168e+01
8.668661436700899969e+01
8.603519882968555521e+01
9.271023647032566828e+01
8.725068862845846240e+01
8.799380214914401677e+01
8.808185622687997807e+01
8.424984183854667208e+01
9.085315036784406573e+01
8.816903531642668668e+01
9.175946422727490415e+01
9.021150160332960866e+01
8.851028057306326957e+01
8.880544963411097115e+01
8.862149286936769954e+01
8.772885944059423480e+01
8.948791416195768988e+01
8.900487700551101966e+01
8.746519901582419720e+01
8.827654727667068357e+01
9.131593536700209768e+01
8.567330746996694302e+01
9.045700360434224763e+01
8.676160150930279258e+01
8.767829351390903980e+01
8.933929594926539153e+01
9.002991213209330112e+01
8.797034249864093169e+01
9.020343754731594288e+01
9.037400477885336159e+01
8.885135650575649890e+01
8.752037806572052148e+01
9.116209435870153754e+01
8.729926237033839698e+01
8.977128180412384495e+01
8.714488668761987356e+01
8.507353876555701788e+01
8.634569009693485953e+01
8.746437041486929331e+01
8.948476749658307483e+01
9.260130922460083980e+01
9.163993144265585045e+01
8.957209284083010914e+01
8.955194941496918659e+01
9.187582394218476622e+01
8.861779095823305852e+01
8.515792873662002194e+01
9.027248913805532027e+01
8.868065921531425033e+01
8.650468481054740266e+01
8.522084881149073965e+01
9.150760596403483760e+01
8.908510378253173201e+01
8.958322628067530502e+01
9.181510897167984808e+01
8.730246573839924906e+01
8.866387116182308148e+01
8.690949646506260251e+01
8.993327415339898323e+01
8.965667612345990278e+01
8.955677596484703429e+01
9.103590314765199309e+01
8.822920596095742951e+01
8.755822349561687190e+01
8.915276389680531111e+01
9.188722339603353362e+01
8.908844887023545311e+01
8.954561259607953616e+01
9.264722587081072902e+01
8.977095782577282534e+01
8.706355548565646529e+01
8.782256938887584852e+01
8.623967736748643631e+01
8.533851565290638064e+01
9.118732213639056283e+01
9.053992640379641443e+01
8.986853134189311731e+01
8.932484298112866838e+01
8.936795873509852584e+01
8.843318468272623534e+01
8.893085588166134414e+01
8.884774653661395405e+01
9.017059471114882285e+01
9.012097810705229506e+01
9.166609343401106003e+01
9.195697805897347621e+01
8.820457770347152859e+01
9.213338438138872277e+01
8.672389608546630768e+01
8.903327763775473613e+01
9.286638156929679155e+01
8.752082275355581942e+01
9.037820241703653323e+01
8.761964928622533932e+01
8.709762139996531971e+01
9.194395152682621131e+01
8.951705598989711632e+01
9.119622783421877443e+01
8.715991028418680742e+01
8.469567019584516743e+01
8.845942445034016544e+01
8.833751616091007008e+01
9.244786141219134379e+01
8.861519878894426938e+01
9.144978069565958378e+01
8.860275096198867573e+01
8.924863437976641478e+01
9.024658962412971164e+01
8.823061906705194701e+01
8.759248950316992932e+01
9.129679274768433572e+01
9.246821186844405815e+01
8.541772130710728561e+01
8.705915164812381590e+01
9.175099109064335323e+01
9.103088822419819337e+01
9.099503582503771781e+01
8.821182445774036296e+01
8.987207168744873798e+01
9.058228887489526926e+01
8.906783755931152768e+01
8.466191659041186313e+01
8.984185446845999934e+01
9.014880312184787670e+01
8.941697121189938002e+01
8.908188447117363751e+01
8.882552585363204400e+01
8.780473740188213583e+01
8.906109352025404746e+01
8.673149018507757546e+01
8.929010249049247250e+01
8.541333033098122485e+01
8.793578417037103634e+01
8.788167298046251119e+01
8.832242595752602199e+01
8.507355176466003854e+01
9.109066862612165494e+01
8.988911087531265309e+01
8.769726475862744053e+01
8.713724454114863249e+01
8.987969259039871872e+01
9.199708384397040106e+01
9.050332127899436330e+01
9.075012765821726646e+01
8.873409239780301050e+01
8.717213106724109650e+01
8.831601637340300215e+01
8.581756774623183048e+01
8.645278549381393418e+01
8.691131489253554321e+01
9.107631765964450210e+01
9.142326782829633203e+01
9.026599468995978270e+01
8.657587877378699659e+01
8.914759449608915531e+01
8.726861207299299394e+01
9.184560169778021077e+01
8.997315873953083099e+01
8.904306946304785697e+01
8.611937764168871468e+01
8.617641343588111624e+01
9.274838134011315560e+01
8.839359093563319902e+01
8.849077285645708457e+01
9.084566845150773418e+01
8.827560797288629146e+01
8.515894102337513516e+01
9.261498490813264084e+01
9.058043838717271967e+01
8.722442111331815795e+01
8.873640321391589225e+01
8.293201860216730381e+01
8.671788541603019951e+01
9.274331267150719782e+01
9.420141243497451455e+01
8.625771852467613598e+01
8.671233300273901534e+01
8.943528952386949982e+01
8.587504836843548617e+01
9.151775768621243401e+01
8.830351755650124801e+01
8.885653106860253558e+01
9.532259956168965687e+01
8.927697108614924559e+01
9.319002009954553500e+01
8.798575850621864447e+01
8.828289787529399746e+01
8.687068417404897502e+01
9.037176627216814495e+01
8.794083199643074522e+01
8.988174577406607568e+01
8.671074842836742391e+01
8.781687051919745102e+01
8.902089723103773622e+01
8.891044934615737816e+01
8.966315464660276291e+01
9.111836107181109412e+01
9.019723860104394930e+01
8.899066903437407916e+01
9.123680209768512839e+01
8.773868933076757060e+01
8.984757160830471889e+01
8.652029835346219500e+01
9.135206567700149094e+01
8.847344717451770180e+01
8.814972480116739462e+01
8.807488845572876812e+01
8.819739596018531813e+01
8.996406316676352333e+01
8.972225145242741462e+01
9.033558825286253580e+01
8.903965079522616577e+01
8.512796222433193805e+01
8.985827965175612064e+01
8.681730574665687072e+01
9.164075167793630783e+01
8.949376279895200526e+01
8.820334545013568572e+01
8.920888650848522161e+01
8.780000562492284644e+01
8.856204034149865834e+01
8.879504094957128757e+01
9.042774521165729595e+01
8.682729914364760759e+01
8.623995252322420413e+01
8.741220923657704134e+01
8.966945800722496074e+01
9.241421995117066501e+01
9.028042153070542497e+01
8.806611386103641337e+01
8.895350620948350695e+01
8.860095515958299472e+01
8.991267741599094165e+01
8.864248222004148658e+01
8.758988412800930234e+01
8.870349185836593620e+01
8.822342180459844485e+01
9.153547419054375212e+01
8.748048519069783424e+01
8.579928381895908274e+01
8.881072974121676111e+01
8.636643453228735723e+01
8.664704318550860762e+01
8.787950421781830812e+01
8.833420258285849513e+01
8.854425010156269593e+01
8.718587130860277057e+01
9.005641177756641014e+01
8.814426613071036343e+01
8.726713661788633658e+01
9.110247779419889014e+01
8.736090251733364198e+01
8.899868273982278311e+01
8.801506527432603377e+01
8.866290022811321592e+01
9.135728362892939458e+01
9.108351521641898785e+01
8.643735816336051414e+01
9.064154883077519287e+01
8.720309257731689456e+01
9.045155594855312131e+01
9.283064449931892170e+01
8.830194046743423542e+01
9.051616806780359070e+01
8.884860481557599599e+01
8.940916007344331717e+01
8.900337519558966903e+01
9.048458509787518267e+01
8.792129647139876170e+01
9.122915879865026056e+01
9.036055745118943605e+01
9.001782893297804833e+01
8.887791333432591045e+01
8.967619251213295684e+01
8.795333976046849500e+01
9.168678196193658891e+01
8.669950808907348971e+01
8.548799924089226465e+01
8.772799140904463400e+01
8.920172471014141991e+01
9.385183227313432042e+01
9.265764701311854878e+01
8.782277926521912548e+01
8.978253122952284571e+01
8.972487068146043043e+01
8.945339887762901299e+01
8.574780221220935061e+01
8.816180935881398284e+01
8.869145000655123567e+01
8.863506415700740604e+01
8.619221098239330558e+01
8.667268606269790610e+01
9.410898574543108452e+01
9.135633319938199293e+01
9.087210608231126230e+01
8.660120908012299878e+01
8.815018819960690166e+01
8.793233522312029038e+01
9.041969507611258905e+01
8.641977064079880222e+01
8.494543499204131365e+01
8.943914159049511170e+01
8.848992322661268872e+01
9.070038538765382441e+01
9.076109487758104422e+01
8.725590400384982104e+01
8.851806884261930009e+01
8.823832302601255151e+01
9.318198929672308850e+01
8.550140998850817198e+01
8.659227565966432394e+01
9.036986951777033994e+01
8.654366136823307443e+01
8.652200896131648733e+01
8.942645203017205802e+01
8.691874482010049974e+01
8.750436778776540336e+01
9.002333340838627862e+01
8.794510189530770106e+01
8.785118340317616514e+01
8.771076510101777046e+01
8.981807153678182942e+01
9.138134893326483166e+01
9.126372123701321470e+01
8.992736856269198142e+01
8.650869903979852893e+01
8.830038479161352427e+01
8.892142183375997888e+01
9.070607592816739384e+01
9.158653153215504972e+01
9.031367221570245363e+01
8.947466283044835222e+01
9.106264239356821122e+01
8.821127156440140027e+01
8.986865415559542214e+01
9.027237203376766672e+01
9.043042200762687344e+01
8.405517906735650513e+01
8.805240763592526321e+01
8.647123541766794119e+01
8.650534677729088173e+01
8.932760854618987878e+01
9.037339660463176472e+01
8.796331966212632381e+01
8.589403739504992075e+01
9.298142126657057815e+01
8.943256739763907603e+01
8.781664442816084204e+01
8.908891952999964303e+01
8.830596144052250906e+01
8.946054929649187670e+01
9.055010188628682499e+01
8.917844104525129012e+01
8.884563805475063702e+01
8.735093189442960693e+01
8.857588927094288067e+01
9.040061576231620677e+01
9.007701597840737406e+01
9.000086809721760517e+01
9.060499812267698871e+01
8.869491258666219835e+01
8.865931014592912618e+01
8.856974106865014562e+01
8.629968451435199484e+01
9.007297807338593998e+01
8.666203260556206089e+01
8.984957756237486137e+01
8.774900432534609251e+01
8.777044399215240844e+01
8.893185843920461764e+01
8.644355518393525983e+01
9.164127753596724801e+01
8.949536983341752716e+01
9.042845455502259711e+01
8.996574216043319439e+01
9.137579902653079955e+01
8.819265218284874663e+01
8.827895725117865311e+01
9.001478649149326827e+01
8.865749185890247475e+01
8.801672591465596440e+01
9.068927704189817973e+01
8.885648897352592712e+01
8.707820133789851980e+01
8.827202945633415254e+01
9.074914032788548468e+01
8.814524570545570725e+01
8.545215683068721546e+01
8.585358358001170132e+01
8.903652737107493920e+01
8.907141986774041698e+01
8.642151033697157914e+01
8.991214904872856550e+01
9.014833040634223948e+01
9.003955365524305421e+01
8.557167173051379905e+01
8.994518244216548908e+01
8.736138385332282041e+01
8.959426109291416651e+01
8.768371253570890644e+01
9.085626155129217807e+01
8.762445362736936261e+01
9.098453439810525367e+01
8.826273338275346703e+01
8.994501289397607025e+01
8.959818546643690240e+01
9.103375469566931599e+01
8.957139014995985349e+01
8.886146148229531150e+01
9.019403646040696287e+01
8.721808401861329685e+01
8.952171753710554469e+01
8.980571344126681765e+01
9.021486797070453179e+01
8.950676633077989663e+01
8.887786013151011844e+01
9.079114823502463594e+01
8.825699916070679762e+01
8.718061298956665439e+01
8.843639086370487234e+01
8.964790079277767632e+01
8.638706843222792031e+01
8.916265610495457850e+01
8.651655018593328350e+01
8.999603970953452858e+01
8.828671650845583940e+01
9.144496605559685065e+01
9.174934259523965352e+01
8.896093069099802619e+01
8.785122002721412571e+01
8.929062465464525644e+01
9.355233471337150775e+01
8.510714063463244372e+01
8.934422231531962666e+01
8.708064011460612619e+01
8.955797802122199869e+01
8.878035171601715092e+01
8.850675070241709363e+01
8.937814041764436013e+01
8.928397146386721772e+01
8.765888992267464630e+01
8.514694546739914927e+01
9.076715681107560840e+01
8.725741776438934494e+01
8.590027429849197915e+01
8.779294709591526669e+01
9.016943915174807955e+01
9.121014138513807268e+01
8.861539953341521425e+01
8.744065498809345627e+01
9.075328795670937154e+01
8.675547433443652778e+01
9.039013063959377803e+01
8.743076110959970038e+01
8.986953027742436007e+01
8.897261864612441684e+01
8.846663873013203272e+01
9.258598347735680534e+01
8.968762287945958178e+01
8.823384958742767026e+01
8.973573425685604832e+01
9.371295372208459185e+01
8.809872206101134395e+01
8.851072180694517044e+01
9.204451415536262004e+01
8.913326011176174291e+01
8.936419868318971282e+01
8.662572671179778183e+01
9.027763162529828378e+01
9.140607994969455774e+01
8.885340864349824130e+01
9.378194116072327802e+01
8.940593156656831297e+01
8.722425215351441352e+01
8.813461498903456004e+01
8.967438091612447693e+01
9.081734773573664654e+01
8.781186013463872087e+01
8.944563165842376407e+01
8.746549066627103741e+01
8.986673349622260787e+01
8.781643630023289404e+01
9.120792945815126984e+01
8.922525493242005723e+01
8.842788302530237843e+01
9.145424980552169814e+01
9.278921317221605136e+01
9.021022612259280038e+01
8.746393421379339372e+01
9.169267796823291405e+01
8.919745439037953361e+01
8.722740157855483289e+01
9.006294970332177741e+01
9.198593427263143951e+01
8.760701092777435406e+01
9.211564048461265486e+01
8.823291464218321778e+01
8.754581318816948965e+01
8.922985689550760924e+01
8.581057446103208974e+01
9.002383459763629503e+01
8.879395609921991195e+01
8.716199210255746266e+01
9.067634327276381612e+01
8.592901280055151858e+01
9.105425721570172470e+01
9.159328037431491509e+01
8.605449266085538795e+01
9.092046298951592576e+01
8.759468862844109083e+01
8.986481802476971836e+01
9.021368480663760181e+01
8.918142220980973889e+01
8.823794425723440327e+01
9.037955065025833790e+01
8.516267029301502589e+01
8.800189702171009287e+01
8.921142513430284282e+01
8.762228005927741492e+01
8.945476219696233500e+01
8.941348062422714804e+01
8.869077334627898779e+01
8.758721948676360114e+01
8.789325604254432278e+01
9.039311017960754668e+01
9.017218950316930659e+01
8.807767490906338992e+01
9.045544341265745913e+01
8.873205553043797522e+01
8.929652673661105666e+01
8.865039099351962193e+01
8.898716150343970810e+01
8.731656908261349770e+01
9.092632574372056808e+01
8.992838444485288107e+01
9.156391806083252050e+01
9.000274780101653960e+01
8.778812013918964396e+01
8.767472660547427665e+01
9.019945503405307363e+01
8.941638202588539741e+01
9.140134623871693975e+01
8.688037284809028904e+01
8.711623934818885573e+01
8.625589686653347599e+01
9.109213782700147988e+01
8.943919746259169301e+01
9.261732141658794148e+01
8.730327105525681475e+01
8.810574052575927340e+01
8.983427835030973085e+01
9.226208327751302818e+01
8.873123160912984986e+01
9.093814736366107354e+01
8.914066814857260113e+01
8.971331303556688397e+01
8.688225329983247036e+01
8.968467965690861377e+01
8.447108776241528005e+01
8.545462646538366869e+01
8.768730676603118468e+01
9.141914191895585873e+01
8.844715874289681778e+01
8.690099477305311382e+01
8.984905521869075073e+01
9.123233539512476398e+01
9.120364820363539593e+01
8.775203015538068030e+01
9.095265506114640175e+01
8.911782297526774244e+01
9.097828863231769958e+01
8.921368238521061755e+01
8.642627954257187639e+01
8.958132639101172856e+01
8.675776148331432580e+01
8.661059420319621438e+01
9.060199156101413109e+01
8.966536696012100549e+01
9.246263067530718160e+01
8.790631002128361615e+01
9.089244154215417382e+01
8.716346765450622058e+01
8.692932964999067735e+01
8.784451223926789964e+01
8.940206883231375912e+01
9.121821449502658652e+01
8.787235002143444262e+01
8.817776539629615229e+01
8.729506712305550309e+01
8.664110284732380762e+01
8.753198333520511198e+01
8.944675987245670967e+01
9.010891557793910067e+01
8.947875640183443124e+01
8.635977538280775434e+01
8.779642390317054890e+01
8.900696661455344838e+01
8.831063834785460642e+01
9.025322752735361576e+01
8.824696324450128770e+01
9.053851941151771143e+01
9.102071694496359555e+01
8.841789688768531619e+01
8.919932055344452237e+01
9.272443030754529047e+01
9.122879909740581184e+01
8.829528770756296296e+01
8.698372796220782277e+01
8.874766887997252240e+01
9.136821764140670155e+01
8.848115292306925994e+01
8.881862612079352459e+01
9.066422944551656826e+01
8.973907842738708496e+01
9.118467939082479745e+01
8.941515665329204410e+01
9.188258227694834090e+01
8.728932900002986628e+01
8.896932790038987093e+01
8.840079341891890863e+01
8.833340820607308785e+01
8.764921678494236801e+01
9.137040582081493767e+01
8.597019622322338250e+01
8.922202977029307647e+01
8.913398995737786379e+01
8.904452234924480081e+01
9.093134520154197276e+01
8.838677091901467975e+01
8.740916989710157736e+01
8.965272432223238752e+01
8.992005534589377191e+01
9.009419613115682068e+01
8.765689188141421084e+01
8.903183686926664109e+01
8.687974391298034504e+01
8.795344092152487292e+01
8.933592569950759810e+01
9.029882949283091875e+01
8.929653719212289786e+01
8.598681644998200113e+01
8.971239593142217927e+01
8.733588196155584171e+01
8.683313763903801430e+01
8.748548349317131567e+01
8.780641316092480508e+01
8.786873354816248138e+01
9.077346270634951964e+01
8.934124395185770595e+01
8.944940571303703791e+01
8.888515266991828412e+01
8.819620614739933728e+01
8.835283395456315247e+01
9.166110794059466116e+01
8.835622498588929830e+01
8.731345105318608546e+01
8.765309592769358460e+01
9.136830160413713031e+01
8.563360440723478462e+01
8.921894736629533895e+01
9.167672295026224560e+01
8.576365532315458040e+01
8.805073153556379850e+01
8.919626279645331124e+01
8.701918926530989040e+01
8.895864656351858457e+01
9.151467502680660004e+01
8.683178048781516623e+01
8.826333069235464279e+01
9.210629490434075706e+01
9.208740138453143231e+01
8.555821372963305294e+01
8.974560733385531819e+01
8.704156179656038717e+01
8.597306368273200405e+01
8.688646039227234041e+01
8.531471692702935172e+01
8.997210090233718915e+01
9.064621654504368564e+01
8.401533747923292594e+01
9.091790648607610592e+01
8.948515151123976352e+01
8.815976276825988123e+01
8.972052882966939080e+01
9.178132032685249442e+01
8.734949092012777783e+01
8.494588206899359761e+01
9.022022961481091841e+01
8.758705834284666025e+01
8.770036612933436970e+01
8.927741171891227623e+01
8.747464931269003330e+01
8.991767703406640067e+01
9.124137993609159025e+01
8.564310883424491294e+01
9.043961327452360877e+01
9.173858144167184037e+01
9.011538141892110332e+01
8.847337465480698881e+01
8.394591872836406310e+01
8.690360780881273683e+01
8.875187142557051345e+01
8.803815427512242309e+01
8.982794309230611418e+01
9.304494157758833239e+01
9.199941047894920132e+01
8.767192463108321476e+01
8.810686961064298828e+01
9.194371655727461246e+01
8.914564863143135653e+01
8.889812927153593591e+01
8.675121217757643421e+01
8.876665208104992644e+01
8.621317956498724300e+01
8.824864515720967972e+01
8.398958263710365202e+01
8.731629390145492664e+01
9.019482899007132914e+01
8.637976245292080080e+01
8.692018811708013004e+01
8.730979412508295923e+01
8.903205560706037147e+01
8.786043680779908982e+01
9.159942819108621848e+01
8.503902401437014191e+01
8.985238490468159966e+01
8.721848837272249000e+01
9.269313703707513241e+01
8.815898136189778711e+01
8.893782772933202807e+01
8.875782843372509490e+01
8.752240104279229627e+01
8.619356725775453754e+01
8.710106382274426551e+01
9.168913459391549736e+01
9.203271091270867998e+01
8.726892468062037267e+01
8.650159456698776239e+01
8.990933673706163631e+01
9.251437387615436592e+01
9.242442571436490084e+01
9.157092198844763686e+01
8.991343227222711221e+01
8.928436629164428950e+01
8.730821223621431670e+01
9.125541085646119654e+01
8.661476799419835970e+01
8.921051464617698912e+01
9.367072732506574084e+01
8.901409733639505362e+01
8.668533705900084385e+01
8.876922952796908817e+01
9.173661012167364959e+01
8.555629366871333730e+01
8.443007928458000322e+01
8.904568528969521424e+01
9.016625792422340169e+01
9.087080740358845787e+01
9.014075162666729568e+01
8.961981756125854304e+01
8.811341879611386219e+01
9.205856342711633999e+01
8.744092001446560403e+01
8.896688605102366409e+01
8.497996387582520583e+01
9.134846778230556197e+01
8.900791486909663774e+01
8.952820728833512476e+01
8.646591275937953469e+01
9.373367577590002497e+01
9.053247237793270585e+01
8.743707752786224319e+01
9.115482695306563699e+01
8.900168557734488672e+01
8.895219434109208123e+01
8.583244152711047548e+01
8.974947258614430723e+01
8.914962343339655604e+01
8.776131583281947712e+01
9.158363263159246515e+01
8.873548483518223406e+01
9.081601225429623980e+01
8.952811127928195845e+01
8.956521275703380525e+01
8.738380122062287114e+01
8.818518962642315273e+01
9.069706079541397514e+01
8.772293572218177360e+01
9.115725791238816100e+01
8.807177175959728288e+01
9.098209758893794685e+01
8.893392667862406142e+01
8.886657253140988644e+01
8.810243556783281349e+01
8.628239295361794348e+01
9.057932951187028436e+01
8.829669083980472521e+01
9.003785290174685940e+01
8.694224517542956221e+01
9.191801511553588000e+01
8.875520504246115649e+01
9.172522515566217294e+01
8.818732031933797089e+01
8.881645151637113145e+01
8.673148363385584503e+01
9.186985244874136924e+01
8.961154268586938088e+01
8.922934042415626266e+01
8.618983543714227835e+01
8.970320889534707476e+01
8.582068731451104782e+01
8.504983056960909948e+01
8.563964275495172274e+01
9.062027908946154753e+01
9.026462666305457105e+01
8.874246552125889309e+01
8.788350892661256353e+01
8.721220747456804645e+01
9.063271502340786867e+01
8.791262227234608417e+01
8.944561734822460153e+01
9.060861687508449336e+01
8.855686640881967264e+01
9.058169897684651062e+01
9.047992078831502738e+01
8.773221049978121755e+01
9.317857260081873960e+01
8.941547899660230314e+01
9.212698241936961097e+01
8.977254934782014573e+01
9.096808245072547550e+01
9.069129301632024465e+01
9.170700721159794000e+01
8.863558971327879021e+01
8.552683226441442343e+01
9.031537133382478544e+01
9.028451790616175288e+01
8.856315677642218986e+01
8.807588482495748394e+01
9.222198928554162478e+01
8.975083047277844628e+01
8.834925777199831032e+01
8.754262584001709513e+01
9.144669480177765308e+01
8.717285754300003475e+01
9.262758840671725125e+01
9.153225941718913816e+01
8.971000194339320899e+01
8.807185559662228513e+01
8.931062773851630254e+01
8.590118958106496905e+01
8.795267912315854630e+01
9.194005662883245122e+01
8.642010578691738942e+01
8.716037509093567337e+01
9.312375121260562594e+01
8.724068523797899388e+01
8.961416241622563916e+01
9.151188536391438788e+01
8.558858068603616687e+01
8.888011798219008597e+01
8.793194139865462944e+01
8.832530879185932804e+01
8.996477458638324265e+01
8.961606318545949534e+01
8.967937944196570754e+01
9.493573687182156107e+01
8.586289199339680067e+01
9.168742819430524094e+01
9.112461396017680215e+01
8.805595185446968287e+01
9.095235651536945909e+01
8.720948453813220169e+01
8.517900207039333793e+01
8.931110130900080435e+01
8.868302092040407558e+01
8.698475551074071177e+01
8.936551967522544260e+01
8.734172454772854621e+01
8.647447909859485549e+01
8.423978020038779846e+01
8.862060982772297280e+01
