1.144860501502485164e+02
1.148250691150527842e+02
1.147641929869777755e+02
1.152069340866322023e+02
1.150152228089899324e+02
1.145465860459563885e+02
1.152102444378646595e+02
1.146186310419958829e+02
1.151219516407808925e+02
1.144922673926129306e+02
1.143849413511925235e+02
1.151286708811122281e+02
1.147777561882070501e+02
1.143421324983268192e+02
1.149811678994697246e+02
1.143386033920371005e+02
1.145177482130954445e+02
1.143205540516342751e+02
1.146818359990649157e+02
1.147131480689837701e+02
1.150885646008067056e+02
1.146625544141343198e+02
1.148555425030999828e+02
1.148301391195776517e+02
1.146800365531982067e+02
1.145667775477066641e+02
1.147788517999564135e+02
1.150750821454069523e+02
1.153458495774971624e+02
1.149570626326189142e+02
1.143424515805108257e+02
1.148452949473432625e+02
1.149821673945394735e+02
1.147994427660947565e+02
1.151984561820190436e+02
1.146414077437379291e+02
1.147424237337664863e+02
1.150165344013008308e+02
1.151703294496623897e+02
1.148842382600668230e+02
1.150394095400538959e+02
1.147154213465270658e+02
1.146969329741174022e+02
1.146848382793320553e+02
1.147472113852471267e+02
1.149840933540922236e+02
1.148876334797510310e+02
1.149399978165534577e+02
1.151674768832812106e+02
1.144770959490676177e+02
1.151083859927311295e+02
1.150588950784331814e+02
1.148040779596211536e+02
1.148892161536798255e+02
1.150906317781083317e+02
1.148731953105550332e+02
1.150560568708683888e+02
1.153483070251678271e+02
1.146912195271414703e+02
1.145182100197960864e+02
1.149117559320107773e+02
1.146624905158631265e+02
1.149153341357631177e+02
1.147798942548503760e+02
1.147462867622015210e+02
1.148912081269706107e+02
1.146014091818941267e+02
1.153391593154857304e+02
1.150340563992040899e+02
1.148871610055480090e+02
1.150260839148506165e+02
1.150814091692287917e+02
1.145976779232848060e+02
1.149976121132725524e+02
1.154844733659673892e+02
1.145792310794636393e+02
1.145757297509450865e+02
1.148939969082053238e+02
1.144757956004931714e+02
1.145350975129906317e+02
1.144162519445421964e+02
1.145989813616424584e+02
1.148590525265327784e+02
1.147160677911404463e+02
1.149876358516287951e+02
1.151598213022656978e+02
1.150629162276405992e+02
1.148059708520317770e+02
1.150715829645354518e+02
1.146656826987226054e+02
1.149133681692912319e+02
1.151336671560230371e+02
1.148659005689908525e+02
1.146077145821962660e+02
1.148332912139060511e+02
1.147741423085809487e+02
1.150706870969316498e+02
1.144171691630917422e+02
1.147908989842710383e+02
1.144905841704113243e+02
1.148693317277705717e+02
1.147234274460968777e+02
1.147242079203927574e+02
1.148865286333457476e+02
1.144661065608085124e+02
1.148312944062313079e+02
1.149787074864998857e+02
1.149143245826101634e+02
1.142461951523659280e+02
1.148658526545298884e+02
1.148329351179096847e+02
1.149584291930038660e+02
1.153573772564984239e+02
1.147462740910056311e+02
1.147269917692058527e+02
1.147657719354235866e+02
1.149866203661651554e+02
1.143789285940705582e+02
1.146799153844510215e+02
1.149507404166782010e+02
1.152202229630771910e+02
1.147548760545100492e+02
1.145334754633787071e+02
1.146323153064902840e+02
1.148469734693240838e+02
1.149783933191859546e+02
1.149179792991147053e+02
1.145611469118705941e+02
1.149523224371091743e+02
1.149810298586140078e+02
1.145556648489313432e+02
1.146548023834033501e+02
1.150481313676052935e+02
1.147734065613962997e+02
1.147360754267882470e+02
1.152857897323739280e+02
1.145548868688952950e+02
1.148114118052643278e+02
1.148633449075963142e+02
1.150123802529106314e+02
1.147746499517942596e+02
1.149529661731515802e+02
1.145462811413849806e+02
1.146274536401841857e+02
1.149406669645914150e+02
1.149458939121462322e+02
1.147993478266993463e+02
1.152380421382011519e+02
1.148974364538121762e+02
1.145723794669868596e+02
1.148393844198019593e+02
1.147498799975466142e+02
1.147541471316348805e+02
1.152369631126283167e+02
1.149523029367843350e+02
1.152854850584956239e+02
1.149877906767218150e+02
1.145986909586987395e+02
1.148441043989342205e+02
1.148940532440906424e+02
1.147892825778188666e+02
1.145533762260401858e+02
1.149750290450972869e+02
1.147717870338609458e+02
1.144161910946829437e+02
1.148291594994711033e+02
1.150016879877690030e+02
1.149806117607041784e+02
1.147588212817247779e+02
1.147912528903732436e+02
1.147634508289662278e+02
1.147613038193120616e+02
1.149063443463298029e+02
1.151533221955930202e+02
1.149200494182266539e+02
1.151089431375383612e+02
1.146243551700038950e+02
1.147738575020628957e+02
1.145790633649879737e+02
1.148019965104454059e+02
1.148821932251681375e+02
1.145976700369121630e+02
1.148555252980021208e+02
1.148183826421797562e+02
1.149093630764681251e+02
1.148331898985357640e+02
1.150534176555344601e+02
1.144027152127740976e+02
1.147020354337134904e+02
1.150625154683574891e+02
1.150821208500287014e+02
1.149918637591799069e+02
1.146840091096134984e+02
1.145423121953671028e+02
1.146041318236540576e+02
1.155430115467676870e+02
1.145568175850927730e+02
1.148125914934147147e+02
1.146188379396837718e+02
1.148327900702488904e+02
1.145806495121573789e+02
1.150503509634410761e+02
1.146376161018737179e+02
1.148748066052139905e+02
1.146207196932441974e+02
1.143592092605948238e+02
1.142547016000535223e+02
1.149971261881149900e+02
1.145225465253538317e+02
1.148175354279585036e+02
1.147399571599365657e+02
1.148916147224855848e+02
1.145925550063054317e+02
1.149401020850248898e+02
1.144801324371959055e+02
1.151475659999108530e+02
1.145190410313677631e+02
1.149499475207291965e+02
1.147087600538721262e+02
1.146269898678765600e+02
1.152497392314443516e+02
1.154218400638736171e+02
1.149642856466827396e+02
1.147360608359988277e+02
1.152134540806953567e+02
1.148191268404997913e+02
1.148211080818662140e+02
1.147724037086183699e+02
1.146705163249142032e+02
1.149939853055918491e+02
1.146654059471471356e+02
1.147514182553804858e+02
1.147184376847950631e+02
1.150603259866112609e+02
1.146164788328374868e+02
1.146794540293873297e+02
1.147027041965536682e+02
1.142163842713239035e+02
1.143380100926427474e+02
1.146947373120002709e+02
1.150508638140324678e+02
1.145071692262156802e+02
1.147230454622798987e+02
1.145374001710795540e+02
1.148889671922362652e+02
1.151662632590943360e+02
1.148382043190170521e+02
1.150024445055243945e+02
1.144665513435383559e+02
1.148545720756049207e+02
1.145001754312966398e+02
1.148621543677979844e+02
1.151190212661090584e+02
1.147492787143937107e+02
1.145416061186564605e+02
1.145916440544759638e+02
1.148717807449560269e+02
1.148218493184255635e+02
1.146864541746005415e+02
1.146730081411254076e+02
1.149159628523628385e+02
1.149624398482299341e+02
1.146569458438879252e+02
1.150549494325895949e+02
1.147435162526508918e+02
1.149337858368207890e+02
1.151356470286300038e+02
1.150801689100080551e+02
1.149056986948297805e+02
1.151606811406800404e+02
1.149429478462553078e+02
1.149392635891862682e+02
1.144385099084685180e+02
1.149165290244430082e+02
1.146898336019737883e+02
1.147862198310957069e+02
1.147426199351895235e+02
1.147902243849585773e+02
1.146959057166237983e+02
1.143243763021790329e+02
1.148008117833695678e+02
1.148048975177498221e+02
1.144636527610090297e+02
1.144026066620715056e+02
1.147678790931352779e+02
1.151299405679553018e+02
1.149855324409579680e+02
1.149398689969267338e+02
1.142032989690954992e+02
1.147790355782125857e+02
1.149845372084589030e+02
1.148952673624550584e+02
1.144263617490835259e+02
1.148053730329877880e+02
1.145388311850226586e+02
1.149906456999678568e+02
1.147327538367927104e+02
1.147455276581284096e+02
1.149894558415457340e+02
1.148236630800907250e+02
1.148477235229457563e+02
1.152079635727873210e+02
1.147136549160038470e+02
1.148845457416018689e+02
1.144334216880183419e+02
1.144110263150547127e+02
1.146055085572970569e+02
1.143561523253054872e+02
1.155028835186574128e+02
1.145424095060756002e+02
1.146505569356811804e+02
1.145336214674751432e+02
1.148281336085923385e+02
1.151146949392266379e+02
1.148577382097303143e+02
1.152894054051942447e+02
1.150471093640466904e+02
1.149026312195055652e+02
1.150374995513493985e+02
1.147925497065584892e+02
1.144959449951435602e+02
1.150604196652622733e+02
1.147232359954484338e+02
1.144166078250053431e+02
1.148212017146423278e+02
1.148760276501106716e+02
1.148428016282185098e+02
1.146732037189179891e+02
1.145714067503671743e+02
1.151229931212135256e+02
1.150329170887192305e+02
1.147094056512888187e+02
1.149297623296818784e+02
1.147854985464417439e+02
1.149152611998564453e+02
1.150360169003266861e+02
1.147019061090503556e+02
1.151874108159054089e+02
1.148481648071240926e+02
1.149369004525504465e+02
1.148426024280964981e+02
1.146035657327745412e+02
1.139964111679641974e+02
1.148097843272171446e+02
1.150601507039118303e+02
1.147988190081362632e+02
1.149975133940905607e+02
1.149605705314067166e+02
1.147011891510489505e+02
1.151372249626528514e+02
1.147453465603142888e+02
1.151534459690134327e+02
1.156625171680510960e+02
1.148315373958078993e+02
1.150544296864074028e+02
1.148956972996449934e+02
1.148855598560978706e+02
1.145376651616470127e+02
1.148905011514113710e+02
1.150587224107151201e+02
1.145984589378696086e+02
1.147534730652708532e+02
1.151731230329994560e+02
1.151757084792273531e+02
1.146789529184089389e+02
1.151980523791864073e+02
1.150106565961791887e+02
1.149458239543314448e+02
1.146411544577008641e+02
1.146296437354558009e+02
1.149407055788937271e+02
1.150249128079261993e+02
1.148194266062172488e+02
1.147892182604617375e+02
1.146248558507301141e+02
1.147663961558647117e+02
1.147318871791776047e+02
1.149883359930916811e+02
1.143147953346342689e+02
1.142028068527568792e+02
1.148646051865558491e+02
1.149390330421231710e+02
1.149820478224788047e+02
1.146599853419392616e+02
1.144515313261347842e+02
1.149133407601783858e+02
1.149316186162592288e+02
1.149038027212404103e+02
1.149230988083948688e+02
1.143356282480095416e+02
1.146025708512576813e+02
1.146536785831801666e+02
1.144391592208812654e+02
1.151349118076451958e+02
1.149304879716024743e+02
1.148668814312956101e+02
1.149907574429044814e+02
1.152520238354335476e+02
1.144843925964306095e+02
1.150742236369555940e+02
1.148550911326387904e+02
1.150547150393948357e+02
1.145997022639716789e+02
1.147531255787742595e+02
1.151439152994451405e+02
1.149145671032054850e+02
1.151713261862780371e+02
1.149214651828057612e+02
1.147346816181988913e+02
1.146387001666519296e+02
1.147263132894443487e+02
1.148396290777948963e+02
1.149239397028112251e+02
1.147250221549866467e+02
1.148089423405359213e+02
1.144394259533610381e+02
1.147998569369601256e+02
1.148673673739504437e+02
1.148394059572140407e+02
1.148418692367397966e+02
1.152077113243538093e+02
1.148059776138273094e+02
1.149693810837752039e+02
1.150265811249234389e+02
1.147989197983212080e+02
1.145039109165942648e+02
1.148408788422288325e+02
1.150085957042062574e+02
1.150710018691483612e+02
1.146965877128692881e+02
1.144578496830121708e+02
1.146018683542737335e+02
1.147090624030138031e+02
1.145994277039450395e+02
1.145479910907118182e+02
1.148881897226155644e+02
1.149101318079480336e+02
1.146982510937030639e+02
1.148956569704523361e+02
1.150033282911356878e+02
1.151659115680315608e+02
1.144305728805281035e+02
1.147797979020474486e+02
1.151283986507994399e+02
1.152625550462468453e+02
1.146756193607835286e+02
1.148625163691707485e+02
1.149033815379900432e+02
1.146987411206887941e+02
1.148485294856442067e+02
1.145796177994424028e+02
1.150328757818112706e+02
1.148006851430108526e+02
1.150042209569712099e+02
1.153656269285326488e+02
1.147396864246668287e+02
1.148539699469083359e+02
1.147206394386953292e+02
1.150215044654396763e+02
1.149132925141384902e+02
1.149532315171558707e+02
1.147407897024829424e+02
1.154199003276289943e+02
1.145877071205654971e+02
1.147698168892766830e+02
1.156803414236114094e+02
1.147277615860215576e+02
1.145860453280044169e+02
1.150940422874008107e+02
1.148117692248999759e+02
1.151542005564913751e+02
1.146693333069541438e+02
1.150247347135813669e+02
1.143867047418265059e+02
1.148867558549318062e+02
1.149213310577676879e+02
1.148054552818454965e+02
1.150622993591909449e+02
1.151581402832508871e+02
1.150233332864722229e+02
1.146370625255986084e+02
1.146854572257611267e+02
1.150783020539064694e+02
1.151909617159619614e+02
1.147953460831929249e+02
1.147555410360620556e+02
1.145121451993511670e+02
1.146656913841945169e+02
1.146221924022356262e+02
1.153120332981502969e+02
1.148072025830881842e+02
1.147969854826324223e+02
1.147223268643314213e+02
1.150277152143788157e+02
1.149692874182711080e+02
1.149132715936130325e+02
1.146183201671232013e+02
1.147944669054333673e+02
1.147642017186401944e+02
1.147994370276098692e+02
1.144355078137228503e+02
1.148046319713006369e+02
1.152009104464701039e+02
1.146480154781105369e+02
1.143360814870457034e+02
1.150164113156773311e+02
1.149275688202655203e+02
1.146837461783790957e+02
1.148290479297680378e+02
1.149852566247155465e+02
1.145622010876570585e+02
1.148774294242770964e+02
1.150040571764648831e+02
1.146745474430404812e+02
1.145861008860055250e+02
1.151656725821599281e+02
1.149210413448199546e+02
1.144988928823254639e+02
1.149179125425374650e+02
1.145484275285358962e+02
1.151934416708311062e+02
1.149540767447448957e+02
1.152715275226714908e+02
1.148692500534789360e+02
1.149352865489526039e+02
1.149108556264798295e+02
1.150675074257335950e+02
1.150075620349507517e+02
1.147678166784870513e+02
1.145508514878962529e+02
1.150771415920232954e+02
1.145339624098473479e+02
1.155200573752270969e+02
1.149076424152753191e+02
1.148107305274912875e+02
1.147298491976065407e+02
1.147100391139123445e+02
1.150375749611610843e+02
1.144763962341486376e+02
1.148064813896895942e+02
1.152323075828654453e+02
1.147821567221107983e+02
1.150032776887692165e+02
1.144464123138877056e+02
1.148192741266936849e+02
1.145327034673210278e+02
1.150413529521913603e+02
1.148074811905907211e+02
1.144449432193419653e+02
1.145284024278148394e+02
1.149290845461294452e+02
1.146720007616151236e+02
1.151620059014797874e+02
1.151817289098434003e+02
1.147892684180534388e+02
1.146970331199610769e+02
1.147388543714635460e+02
1.148317585748525715e+02
1.148507719940012635e+02
1.147402958844298979e+02
1.146989811520775930e+02
1.150983318186524400e+02
1.150243344452218679e+02
1.152090052481895839e+02
1.149594372714260402e+02
1.149274704993041070e+02
1.149321658220518003e+02
1.147821441182948803e+02
1.146648181234887716e+02
1.148190057738212744e+02
1.146639635855536454e+02
1.144453737914787297e+02
1.147059340814720656e+02
1.143154892443148185e+02
1.145185476034965859e+02
1.146439652010793822e+02
1.146762283281940569e+02
1.150529951811628990e+02
1.147683448552031251e+02
1.149237989710324968e+02
1.146086956145120723e+02
1.148094230021326183e+02
1.153116410587469147e+02
1.149716591433131043e+02
1.147255988221848781e+02
1.148655168829723863e+02
1.151171094291742776e+02
1.149299237977678985e+02
1.149206178519534802e+02
1.151520604576844420e+02
1.148703640687271985e+02
1.149282177345082090e+02
1.146360187959027286e+02
1.150293086071462767e+02
1.146727664798970068e+02
1.145506522006901662e+02
1.148706105676740492e+02
1.150679831279996534e+02
1.147154203983296554e+02
1.146028565979078877e+02
1.151645551707736672e+02
1.151453034704861267e+02
1.146520444393502487e+02
1.146302948077861998e+02
1.147077282777734979e+02
1.149633558642404125e+02
1.148306266272456639e+02
1.150777430685306228e+02
1.151492121090682161e+02
1.149629640211821027e+02
1.145208791678928861e+02
1.147634312892030266e+02
1.142438755154685168e+02
1.146717770432314865e+02
1.144880392646394256e+02
1.144935246541210176e+02
1.147292663459773649e+02
1.149186799604044751e+02
1.150679030650379957e+02
1.146791101360421408e+02
1.150949490592763311e+02
1.146886035902828240e+02
1.152552899566080526e+02
1.151301146892456302e+02
1.150771239727650794e+02
1.149001762974754115e+02
1.147016111784334385e+02
1.150174702507181905e+02
1.148775118681975016e+02
1.147024333510020284e+02
1.150013428284654395e+02
1.146170709675848940e+02
1.153033288855638716e+02
1.143161353450463906e+02
1.147516490115541359e+02
1.150625672944380256e+02
1.146281091735533977e+02
1.145575657073947724e+02
1.151478808889828116e+02
1.147129264537999234e+02
1.149258291315230309e+02
1.149074668481380286e+02
1.148952355764681528e+02
1.147001385357988141e+02
1.149252774977203018e+02
1.148056073764294638e+02
1.145282260579207758e+02
1.144977255288437732e+02
1.149239215078640797e+02
1.145054507417202956e+02
1.148201999487052944e+02
1.144706113670012684e+02
1.150714281886269106e+02
1.148801489599796213e+02
1.149841213655041656e+02
1.149538232362194918e+02
1.146331604946363285e+02
1.149549668439772603e+02
1.144899724517250377e+02
1.155841415504895338e+02
1.145663257795986993e+02
1.148212879403096025e+02
1.155582595377357933e+02
1.150322092492775283e+02
1.146975281694501660e+02
1.147962981233033730e+02
1.147664430655447063e+02
1.145988663175333357e+02
1.152666594852979358e+02
1.146920699979914815e+02
1.149366407654127755e+02
1.152007017654359373e+02
1.148419715620088510e+02
1.145170325606653847e+02
1.150514137050782892e+02
1.147953959099868797e+02
1.148300397604961915e+02
1.145492303256687876e+02
1.148846679215481004e+02
1.149284273347777798e+02
1.146323981559764036e+02
1.148316999814421564e+02
1.151096308958624803e+02
1.147842815945966919e+02
1.148577109611445195e+02
1.149718630834487811e+02
1.149050004715552689e+02
1.151943776879423069e+02
1.149741503774111351e+02
1.148209578768951076e+02
1.147321190022057920e+02
1.145156206054001018e+02
1.146406435922563674e+02
1.148023132011320087e+02
1.154169484478491512e+02
1.149918092868308861e+02
1.146247134025574894e+02
1.146563774015130406e+02
1.148842712608267504e+02
1.149481753747741521e+02
1.147750857214053610e+02
1.147665971886374194e+02
1.145610497156405785e+02
1.146471957877754875e+02
1.144122807993924482e+02
1.153090081507051678e+02
1.148325284387476302e+02
1.146407564876791270e+02
1.147026809158765559e+02
1.146580485816149348e+02
1.148328501319220720e+02
1.146178775970085439e+02
1.142970833143095604e+02
1.149412484776725165e+02
1.148786891204380254e+02
1.151051270296339055e+02
1.146467806120793540e+02
1.150906057423962068e+02
1.153044569124176633e+02
1.148687308239950511e+02
1.152255474377064957e+02
1.150092814895696733e+02
1.146936877770714887e+02
1.151906872234377630e+02
1.144644688098119900e+02
1.147891832786688298e+02
1.147932438846016794e+02
1.147913126576448377e+02
1.143495825063969278e+02
1.148239841346656220e+02
1.150058528388801165e+02
1.149190111561331804e+02
1.147381085732609876e+02
1.147059528883415709e+02
1.151197745688390768e+02
1.148808491862592831e+02
1.144753638611235687e+02
1.147338460695192452e+02
1.151863215123156152e+02
1.149545193537248480e+02
1.148438098745640445e+02
1.146228694220544497e+02
1.152456029681559926e+02
1.146404549378873554e+02
1.148202676122894985e+02
1.148618963881596073e+02
1.149470100427022459e+02
1.150127362404472535e+02
1.147672560299718185e+02
1.145351771794033766e+02
1.148535411126252797e+02
1.146837226133528844e+02
1.148180689130943080e+02
1.151642501783025097e+02
1.151619359212090501e+02
1.147007248090305467e+02
1.150197520441121242e+02
1.144093171539858957e+02
1.150152339056556485e+02
1.146871225653467690e+02
1.145799423092153120e+02
1.152566644021415811e+02
1.149747498769734193e+02
1.146663280909060063e+02
1.144654510918363712e+02
1.147890408891383487e+02
1.148475854817023958e+02
1.144864029013095887e+02
1.144157092567173493e+02
1.148308488477334492e+02
1.142620843724830024e+02
1.147584278553101598e+02
1.149314094936271147e+02
1.145647689394512838e+02
1.150330141640504706e+02
1.146877469931986155e+02
1.150434175472480973e+02
1.151747590153282630e+02
1.146307210221576582e+02
1.149831665883224332e+02
1.149088681966417340e+02
1.151036160018613259e+02
1.149585395047408696e+02
1.146064942458871485e+02
1.150423235100230954e+02
1.145954743377721030e+02
1.150312947937005674e+02
1.146916725698915656e+02
1.147147631619362187e+02
1.150236306579906511e+02
1.152050762940733648e+02
1.150199608127667972e+02
1.146339108633697634e+02
1.151669370432815498e+02
1.147982168664945419e+02
1.148565661679366627e+02
1.147044676005939579e+02
1.150474305434633777e+02
1.143583925490657265e+02
1.148742361589342096e+02
1.146678662469573879e+02
1.148049639964803532e+02
1.146396544436914411e+02
1.146058498962770358e+02
1.146921496770083024e+02
1.144934500003196263e+02
1.150038948610202425e+02
1.147327307815999689e+02
1.148477198850696226e+02
1.147278072712516064e+02
1.154219713834735046e+02
1.152970744828114107e+02
1.148880592726215895e+02
1.146048156833442846e+02
1.149446397954787500e+02
1.149466079104724656e+02
1.147386353740010350e+02
1.145490657444428848e+02
1.144539073072373725e+02
1.150653213412178388e+02
1.149806319028801056e+02
1.148927790156761404e+02
1.149439985950387779e+02
1.148845943438711146e+02
1.152058941671792809e+02
1.143981980223059196e+02
1.148930214689621607e+02
1.148757613679189973e+02
1.146948877044528103e+02
1.148694946422782550e+02
1.146599032168268337e+02
1.148240735974446523e+02
1.148557159327568939e+02
1.152270174583516820e+02
1.153283474598116527e+02
1.148949976157912545e+02
1.147872387457016856e+02
1.143892041683383241e+02
1.147561876341173956e+02
1.149440113801339720e+02
1.146734975158800722e+02
1.147727595892910415e+02
1.144502130930741117e+02
1.144531382894508056e+02
1.149294753618203799e+02
1.151606647870932960e+02
1.146735393265136622e+02
1.148725941405333799e+02
1.149726787744226471e+02
1.150670865096962103e+02
1.147995483881148289e+02
1.148160803401556080e+02
1.146732209826859474e+02
1.145883567283572262e+02
1.144517767521053884e+02
1.145976890645689821e+02
1.149642955656644432e+02
1.147713095705480697e+02
1.147412065503653906e+02
1.147051991547443777e+02
1.148407936443390298e+02
1.150751896005834851e+02
1.150643122198667214e+02
1.148838561261783155e+02
1.145960396895930131e+02
1.151603737691677622e+02
1.147567253319572984e+02
1.149484739438660768e+02
1.149778159481400763e+02
1.148095088355587308e+02
1.144054883646525838e+02
1.150365455991045422e+02
1.152480666038392485e+02
1.149314967845811850e+02
1.151726937739142755e+02
1.148291084548639986e+02
1.150031456187207510e+02
1.142720997876537439e+02
1.150418891814956197e+02
1.150114680464856463e+02
1.144757769494949287e+02
1.148138448844826485e+02
1.150114934960517843e+02
1.150366901686975183e+02
1.146823177923558745e+02
1.149210934980748107e+02
1.147517191809965027e+02
1.143978721403909020e+02
1.146425453444023361e+02
1.150623567558995290e+02
1.141739331565952682e+02
1.148012838934949258e+02
1.147821836093323498e+02
1.147471096608499295e+02
1.148470616280952044e+02
1.149662844980406788e+02
1.139782447418794931e+02
1.150019289783233774e+02
1.145696208940921963e+02
1.148226328342019826e+02
1.145133843091971073e+02
1.145645273197899030e+02
1.150341495592735299e+02
1.148646596498156924e+02
1.149720663283943338e+02
1.146189412524898756e+02
1.149501856760335983e+02
1.146970096697791206e+02
1.150144893534765771e+02
1.147203526135174485e+02
1.146205915477681287e+02
1.146554040434778017e+02
1.150408237317053306e+02
1.141175323667044097e+02
1.146898225248626630e+02
1.146244506222164148e+02
1.146836937547129196e+02
1.149546017296323726e+02
1.144494435042691407e+02
1.152607891321582372e+02
1.150185201041317669e+02
1.151796659456712035e+02
1.145712717762762765e+02
1.146378470713540736e+02
1.150111142863607512e+02
1.149992077882450303e+02
1.145981895439294647e+02
1.148922949493454269e+02
1.149651028422641019e+02
1.147995785472271990e+02
1.149540938409854078e+02
1.149671555613149820e+02
1.147684859006958220e+02
1.145340449830887906e+02
1.148546594906373741e+02
1.149373548712584636e+02
1.148016404059815727e+02
1.148295217490530717e+02
1.147781241761634874e+02
1.145359791759682651e+02
1.144636556217821948e+02
1.147530042183305738e+02
1.145204556313533573e+02
1.147021382516160344e+02
1.146619857331336334e+02
1.144871461487132933e+02
1.146812109937220612e+02
1.149202041125355152e+02
1.143851550048810424e+02
1.144974782256639116e+02
1.144105015440504616e+02
1.151162558318619773e+02
1.148031126673300548e+02
1.144726012164451561e+02
1.142824834199120971e+02
1.146049406944598132e+02
1.149022635790103237e+02
1.148355817448898790e+02
1.143455876505525453e+02
1.149880929826221347e+02
1.146362189123342148e+02
1.144919888005531305e+02
1.149293499617675849e+02
1.150274996386020234e+02
1.148217104355048832e+02
1.149864926477542895e+02
1.146527627983091264e+02
1.149011218596123314e+02
1.150202052811977609e+02
1.146320136398253311e+02
1.148189304090001031e+02
1.147484660141272172e+02
1.149425012119668565e+02
1.143354251248894684e+02
1.148251912486432786e+02
1.147932453563801545e+02
1.149066941851124710e+02
1.150772760276984314e+02
1.145601547649515766e+02
1.149263265447307703e+02
1.150615107972407998e+02
1.144687019795604073e+02
1.150844202510365335e+02
1.148076865765989396e+02
1.143572703155409869e+02
1.146472919951657019e+02
1.147087265729971932e+02
1.150573731783167943e+02
1.147606838799510598e+02
1.150434475959667253e+02
1.149300538358715755e+02
1.145937692747591541e+02
1.148323468090202937e+02
1.149042724890350797e+02
1.146128934497867249e+02
1.145322229021286091e+02
1.149214952655551514e+02
1.148859793086631953e+02
1.146249346788446104e+02
1.151556389996554088e+02
