2.321623241467674177e+02
2.332964115851887357e+02
2.301181464383035973e+02
2.334747737747172494e+02
2.334201208638538674e+02
2.339747328779826887e+02
2.301257185183134482e+02
2.314295437502752009e+02
2.315677260761013656e+02
2.345282632379444010e+02
2.312007011577377398e+02
2.317022278945708251e+02
2.340907852906940718e+02
2.341842581748138912e+02
2.336669600211128852e+02
2.311765059908879607e+02
2.303961436477182190e+02
2.316353735357913024e+02
2.309429054827198513e+02
2.333297768888470785e+02
2.345290355019121478e+02
2.300224662087757679e+02
2.349022506012579754e+02
2.348832749370584168e+02
2.332028764264942708e+02
2.340413130625151155e+02
2.350383431427306391e+02
2.352984365454125566e+02
2.315918545438842102e+02
2.330213261965480740e+02
2.341209780741728821e+02
2.339120346729186508e+02
2.347224157488074923e+02
2.314895618956121837e+02
2.291604806349573948e+02
2.303932962709930905e+02
2.307090699386998836e+02
2.343671034305656917e+02
2.326765778756854388e+02
2.345318622753008810e+02
2.346744937632159349e+02
2.310801322073014319e+02
2.323900143435132861e+02
2.306356416791169295e+02
2.345784604297641351e+02
2.315950549663668312e+02
2.310369190541321700e+02
2.315015835711663215e+02
2.301673727965128364e+02
2.354979922641912822e+02
2.306831708218330164e+02
2.340552416531068900e+02
2.343235932628579690e+02
2.310588111096327566e+02
2.302040388283398897e+02
2.303712880025746017e+02
2.316164901587411578e+02
2.319495387286960124e+02
2.336037465915338771e+02
2.324480241716672140e+02
2.339947363402658311e+02
2.264870207381448495e+02
2.308581720743074470e+02
2.292676061164041528e+02
2.323747665116271435e+02
2.341452022670895872e+02
2.308927877419516506e+02
2.329335366191543244e+02
2.341995928628229819e+02
2.364666534420732660e+02
2.350357918911122681e+02
2.320875596142077768e+02
2.307197366357447095e+02
2.303211420812372694e+02
2.338401758785939251e+02
2.321562986701159161e+02
2.282159423962615392e+02
2.322329354390944616e+02
2.304406827220655316e+02
2.327226382893784660e+02
2.324852806531847023e+02
2.319118521650911475e+02
2.311341847561071177e+02
2.360548756563374582e+02
2.344213062693465872e+02
2.294923455829197678e+02
2.342289257582717426e+02
2.283525974083946153e+02
2.299156659757650516e+02
2.299096790934648027e+02
2.316840647507503661e+02
2.316290040698491453e+02
2.359971820859977925e+02
2.284998630466665759e+02
2.332899488144009013e+02
2.330526098786628211e+02
2.310549485024940282e+02
2.280641231791605037e+02
2.335144281577806566e+02
2.314955360978275678e+02
2.309891768371199419e+02
2.332402300420366146e+02
2.319207753360641959e+02
2.314175275026484542e+02
2.298675725510618975e+02
2.350345584388949760e+02
2.305289699366077798e+02
2.300734690811973735e+02
2.371696084982452533e+02
2.326163255791692848e+02
2.357711476752127169e+02
2.313168036270300263e+02
2.317192258575296080e+02
2.328146683420697229e+02
2.273603879290425027e+02
2.308533262718943604e+02
2.330780232319686718e+02
2.332576680279978518e+02
2.331462244350868502e+02
2.330622686054927328e+02
2.297581430866966627e+02
2.316418453062989613e+02
2.319394929539494399e+02
2.350997902951262404e+02
2.302640213809964393e+02
2.319113988200616348e+02
2.315013678930897356e+02
2.368638814654877649e+02
2.312488904961575997e+02
2.322167262930160803e+02
2.337302206671217846e+02
2.346358924715994476e+02
2.300497008432526229e+02
2.357306757252197542e+02
2.326930311812971013e+02
2.314111039705939561e+02
2.317744775925135343e+02
2.319516091691564839e+02
2.284234376709035246e+02
2.331726714728181662e+02
2.325832152627172036e+02
2.328575132717022598e+02
2.337532266286195011e+02
2.343275689033645790e+02
2.311476130890798402e+02
2.345971734895575764e+02
2.336741221162692739e+02
2.296224352916722751e+02
2.330039138529777176e+02
2.359607621798458013e+02
2.337535710294359319e+02
2.363154358912638031e+02
2.349773065659385907e+02
2.303646094422897193e+02
2.284642561433678623e+02
2.339199904705340600e+02
2.337777022669733924e+02
2.275197314376129043e+02
2.338516466599689636e+02
2.284106319817052508e+02
2.322257728578177307e+02
2.297709950949573852e+02
2.329106020644310320e+02
2.329039858239196406e+02
2.335794252461863607e+02
2.338591152109142399e+02
2.321686252750011477e+02
2.317267258676752419e+02
2.335395728497745722e+02
2.328869628086538341e+02
2.318081293651388251e+02
2.341326271386125200e+02
2.331742037490911059e+02
2.338118684182824438e+02
2.315321453559558904e+02
2.335339395241591092e+02
2.312950822932608901e+02
2.338134543956118989e+02
2.325221524183066322e+02
2.296124625684020373e+02
2.319547129702225448e+02
2.320228925236456234e+02
2.334589694648211378e+02
2.328381276251730299e+02
2.301857722322581310e+02
2.293110687196338233e+02
2.312861033114204758e+02
2.301785550330249919e+02
2.327534413643454059e+02
2.350496267047757613e+02
2.301506520825427629e+02
2.337095925527848124e+02
2.329080502910383643e+02
2.315639948229429876e+02
2.294133435686197515e+02
2.326257977365239924e+02
2.316440181797929938e+02
2.322014754592802035e+02
2.352063901586344059e+02
2.292829720572248959e+02
2.335100244892579155e+02
2.316219786666343055e+02
2.312309167412717272e+02
2.314597720001604841e+02
2.305796958648675172e+02
2.315827975895315092e+02
2.319783841194509932e+02
2.359373267036856419e+02
2.320100835722975035e+02
2.337396449238734135e+02
2.318865749552607554e+02
2.339110493635734542e+02
2.314639260886675345e+02
2.305429792377844933e+02
2.287173640158565888e+02
2.319722578622441631e+02
2.307710853903625718e+02
2.334378601359430832e+02
2.329559498414943732e+02
2.356163148081185170e+02
2.363279606890717446e+02
2.326839156188918309e+02
2.277166491871244887e+02
2.315325557983386204e+02
2.335222644900666751e+02
2.261531993428670830e+02
2.332659452282289578e+02
2.305468261036564570e+02
2.315406209377152038e+02
2.339028571658644466e+02
2.321344205527029487e+02
2.352717463440961012e+02
2.280112056317668134e+02
2.322448170324346677e+02
2.302832684389194355e+02
2.323918440632845375e+02
2.298085956856216114e+02
2.328845429459689171e+02
2.314022370713155112e+02
2.318010150632595128e+02
2.301599423303903222e+02
2.330508124181826304e+02
2.337934127633332935e+02
2.342221444781308151e+02
2.372705798359076823e+02
2.313645085525536729e+02
2.379575342953957318e+02
2.315340585627167229e+02
2.297049737111711636e+02
2.285418829503020959e+02
2.373027290011033585e+02
2.318177862789963513e+02
2.315846323248979672e+02
2.338553513438320408e+02
2.318060274844991397e+02
2.344780913893268917e+02
2.321786204307819048e+02
2.335552248822484671e+02
2.312008226133270057e+02
2.337228629988517525e+02
2.329785572881492612e+02
2.332357579604056070e+02
2.328885485681560397e+02
2.310747512441686524e+02
2.346797916311961671e+02
2.292731032119033046e+02
2.291773533686035478e+02
2.327030730334298880e+02
2.302125635880821051e+02
2.306162938316368525e+02
2.332622320760678747e+02
2.322447278788918936e+02
2.317510857083466078e+02
2.347285422028616040e+02
2.324082215667728519e+02
2.301696761285558921e+02
2.306448147505153941e+02
2.316045074242472879e+02
2.314583559918092703e+02
2.341653137910023474e+02
2.307350428881310620e+02
2.285693051226799355e+02
2.300993241436628409e+02
2.319710747346567530e+02
2.333641668492533370e+02
2.363962053841173656e+02
2.329054555630275161e+02
2.352234840005907586e+02
2.308271893754636039e+02
2.308273111791482108e+02
2.326970177779217295e+02
2.339145844148033575e+02
2.327735234235186397e+02
2.343658174605944851e+02
2.309547161634772579e+02
2.353939484919745837e+02
2.297298320220736230e+02
2.335019348807474557e+02
2.324227480487437560e+02
2.292903954759835301e+02
2.314343809637242373e+02
2.317753858986999091e+02
2.320333180200969423e+02
2.349902744805389432e+02
2.348465723296686747e+02
2.323249632593450826e+02
2.360775430590666133e+02
2.337004203100520101e+02
2.301647555533415925e+02
2.363038803646416568e+02
2.330288475080052706e+02
2.293176855779526875e+02
2.333189138315744060e+02
2.342421207111091235e+02
2.297006766801049480e+02
2.317880323592793275e+02
2.350534101654644701e+02
2.310511901619467778e+02
2.297418257264167778e+02
2.338260105817862211e+02
2.341152867381305214e+02
2.312229902864736175e+02
2.293678203855182289e+02
2.328203332392346852e+02
2.354170097717571934e+02
2.318526181962739940e+02
2.325073281728377879e+02
2.332835075420959186e+02
2.326409034724327114e+02
2.340158785866346420e+02
2.279666164451948589e+02
2.309829616743486724e+02
2.324157168905258004e+02
2.257504862478840550e+02
2.335528069978289238e+02
2.342620630646933364e+02
2.333139666422553660e+02
2.304063226255760810e+02
2.311853158643149584e+02
2.334359525445267423e+02
2.309306681452225405e+02
2.307352204807419014e+02
2.322357782658238818e+02
2.310591740667364036e+02
2.320662848342399229e+02
2.304882251797172898e+02
2.290224066598626678e+02
2.356995972024709829e+02
2.301331288536800344e+02
2.334198929323409288e+02
2.315861312518804027e+02
2.327076894758066317e+02
2.329753680394674689e+02
2.334913037134530214e+02
2.316487603809134725e+02
2.327860929474439047e+02
2.360160847700446141e+02
2.333890832765769687e+02
2.329767557816780652e+02
2.355596010665211395e+02
2.328600043653304112e+02
2.312138066773673017e+02
2.366836828687133334e+02
2.311501904811595978e+02
2.310757790316644105e+02
2.356680795664112225e+02
2.299503912566831900e+02
2.324678045231401882e+02
2.354832649046014126e+02
2.317918572637543662e+02
2.352181002663708682e+02
2.316217013932198938e+02
2.346003536015673205e+02
2.313674540360846663e+02
2.348873276921293041e+02
2.323374471384072422e+02
2.325473539991160123e+02
2.355318331286484579e+02
2.307467594199364669e+02
2.337579832676451872e+02
2.301579418444368343e+02
2.309707960762847279e+02
2.276799157783810301e+02
2.316605820275578935e+02
2.295296779884550915e+02
2.315257714692365880e+02
2.341828624972036437e+02
2.354477302298073766e+02
2.323068552071881356e+02
2.312001669565582915e+02
2.328847317363542686e+02
2.366959527667331145e+02
2.328811149293791232e+02
2.312577923340140273e+02
2.320111877220921315e+02
2.329333633872986695e+02
2.287099766785998156e+02
2.313493307610615943e+02
2.332354150440294518e+02
2.296751056213327900e+02
2.331461882783004569e+02
2.345196216696479894e+02
2.325675523950068850e+02
2.317417472440760093e+02
2.322320011374517605e+02
2.357875480519565770e+02
2.281807801574728387e+02
2.313174029206216744e+02
2.302141305838401877e+02
2.288276015585479115e+02
2.328845819345195878e+02
2.279778422928845600e+02
2.304538897289353372e+02
2.352762318713747618e+02
2.356787228287936102e+02
2.299102470864827410e+02
2.331544154265316422e+02
2.313452546327479240e+02
2.357431969401485503e+02
2.324449025896204830e+02
2.337386400089999938e+02
2.273692567872503503e+02
2.352836140970239853e+02
2.308573286659581925e+02
2.307589954899888767e+02
2.338153692188218997e+02
2.326341494676036632e+02
2.336802064295072512e+02
2.301141227709127577e+02
2.329865408770691602e+02
2.359332228842474706e+02
2.346046645067093266e+02
2.287413962409019348e+02
2.324082416678128595e+02
2.345187393598254744e+02
2.327893467479038918e+02
2.324608991874933110e+02
2.293643056579319364e+02
2.323206592405094000e+02
2.375948237684305866e+02
2.318132922576531314e+02
2.324487189710580992e+02
2.384311794709645653e+02
2.320403811991353962e+02
2.335959361649330788e+02
2.320595224088395696e+02
2.320235915717788089e+02
2.315700244550905893e+02
2.300136254658069390e+02
2.359392502488382490e+02
2.332085859442644846e+02
2.320761166105119457e+02
2.333709112994738462e+02
2.323227952494306976e+02
2.360841518343993073e+02
2.338602366063089733e+02
2.331606200449209325e+02
2.304476829954006405e+02
2.336492875187715867e+02
2.326081893497113242e+02
2.327385574092159573e+02
2.311755301367618642e+02
2.285370161536609146e+02
2.320545765137934211e+02
2.309424308060978888e+02
2.337131304012354178e+02
2.351424066366367640e+02
2.327571970789683178e+02
2.347655052411461156e+02
2.361306158655840193e+02
2.355543782913298685e+02
2.305277255211758813e+02
2.301298358370305266e+02
2.329229269346185731e+02
2.275551396824814674e+02
2.324277775670676363e+02
2.293247004308454393e+02
2.336344666098156608e+02
2.334818914077280283e+02
2.290361331967997103e+02
2.290488504886328371e+02
2.311498955745876458e+02
2.282123669803670793e+02
2.310906293825914304e+02
2.327700197579372912e+02
2.334062802387219051e+02
2.336944266623372073e+02
2.363696997614176780e+02
2.299946491238133888e+02
2.323527936339840778e+02
2.318299593490342545e+02
2.323247157587674963e+02
2.327562353725361675e+02
2.390393980331468526e+02
2.319412550233352590e+02
2.314973357563160619e+02
2.316245704460851869e+02
2.295122236735108174e+02
2.323533463149410352e+02
2.341194105753286578e+02
2.339322176592972653e+02
2.288065377139954535e+02
2.353469907169597946e+02
2.373802567669808639e+02
2.336838563671452107e+02
2.288577780910843273e+02
2.352823651911952254e+02
2.337292249142399498e+02
2.312541589665052868e+02
2.333233208753226506e+02
2.314679001352654950e+02
2.337719473144202311e+02
2.345341539340056727e+02
2.332625474925779088e+02
2.316783053323219690e+02
2.349246794205542983e+02
2.298067174815777491e+02
2.292783702980665339e+02
2.327363563833811781e+02
2.349145649043941262e+02
2.326724925094480625e+02
2.352150370038509948e+02
2.336507072862309258e+02
2.333764991767423567e+02
2.349883185312242233e+02
2.281333755637914749e+02
2.328485109450309665e+02
2.329681323536799198e+02
2.324889626224181427e+02
2.305611833902136709e+02
2.296469973549943973e+02
2.327746876528765085e+02
2.293301841007211408e+02
2.315651913639543125e+02
2.318490011079607029e+02
2.263249261507110077e+02
2.313253452565502641e+02
2.323172451976491004e+02
2.344956578207862776e+02
2.351879112532934357e+02
2.323293194595157445e+02
2.330656525544578699e+02
2.305144625654474453e+02
2.298816609530375956e+02
2.352060081660011122e+02
2.322809528540234965e+02
2.295912335028558005e+02
2.352683598655489732e+02
2.345793661376796990e+02
2.340235464056395926e+02
2.321588765285025602e+02
2.320360501171722660e+02
2.321382519567096665e+02
2.322977199539938624e+02
2.350214580582379540e+02
2.313320561600461360e+02
2.384795803344250658e+02
2.309100760754735120e+02
2.346602068518596980e+02
2.324700966275979113e+02
2.353237176801582109e+02
2.338458524078720302e+02
2.329204987626611114e+02
2.326988070377384474e+02
2.307106651033988385e+02
2.347966393542323829e+02
2.323255613365741112e+02
2.324551821148236002e+02
2.348808907324232678e+02
2.287974167967506958e+02
2.315927808368979868e+02
2.304830440980032620e+02
2.304004870453458125e+02
2.319724796786082948e+02
2.320279638963515367e+02
2.335238775656785322e+02
2.343990336813453723e+02
2.282354364283718269e+02
2.306995366008578401e+02
2.329099487398318331e+02
2.288313816975262682e+02
2.331439411369822778e+02
2.307587923032275228e+02
2.347855686946982132e+02
2.320125821177284706e+02
2.268441385526143961e+02
2.312134242385790799e+02
2.331686410329000694e+02
2.342891822893177221e+02
2.308369719957607344e+02
2.323109857083961742e+02
2.276057346795371075e+02
2.300206317191303356e+02
2.310383095036157783e+02
2.314990513566104084e+02
2.330180568613654657e+02
2.308887250500335142e+02
2.316055866618432617e+02
2.339025730241178280e+02
2.368794365448647739e+02
2.351832478011200180e+02
2.321596813767662297e+02
2.319395824800845105e+02
2.324972215668408637e+02
2.347055917400402052e+02
2.355777688538260861e+02
2.345789997552333546e+02
2.327246417745487008e+02
2.299627763330375956e+02
2.328919322151276106e+02
2.315262166676363904e+02
2.310719296764777653e+02
2.326180552344245598e+02
2.303044696970935092e+02
2.291742037307618887e+02
2.283455496928577872e+02
2.291873661838549481e+02
2.321291438274813004e+02
2.327543897006257509e+02
2.343731598216961629e+02
2.336205075901467012e+02
2.319385457568502318e+02
2.328813296198817966e+02
2.322463608011025826e+02
2.320564471706939855e+02
2.289672675213489583e+02
2.317720155475459762e+02
2.320929296409356937e+02
2.297474701261456005e+02
2.294758155829279644e+02
2.316101734269955443e+02
2.311974267874367399e+02
2.359233441496220109e+02
2.333898841668143689e+02
2.336895411741279531e+02
2.335780874539728984e+02
2.317897919909322582e+02
2.298113289342263670e+02
2.296796193251523448e+02
2.328168987186738548e+02
2.317646912908679724e+02
2.304166041144785595e+02
2.304317507008580037e+02
2.336831320163989858e+02
2.327760325668554344e+02
2.336908229447880672e+02
2.329009511580219680e+02
2.297442056661087975e+02
2.321450822424502292e+02
2.340781428479326962e+02
2.330506354247000331e+02
2.285632352364623898e+02
2.352283917321707634e+02
2.355599843282643917e+02
2.332103260023791051e+02
2.305696584867374952e+02
2.295474137098284189e+02
2.329686826363860348e+02
2.338403388280279671e+02
2.310239615166656222e+02
2.308972193921824214e+02
2.333941154509753062e+02
2.319292901836107319e+02
2.344520107998607159e+02
2.327065956210622915e+02
2.291980435419349931e+02
2.329241433946045561e+02
2.302463448044329084e+02
2.348979191598603506e+02
2.291384792303229574e+02
2.333745945595627802e+02
2.339229167432057181e+02
2.311518244215981497e+02
2.315374000437005577e+02
2.327294254229562398e+02
2.353543354779962726e+02
2.346656410033001521e+02
2.332232347786889477e+02
2.322617458246645015e+02
2.327857067134123952e+02
2.299277456614222217e+02
2.332821309413681661e+02
2.335128031131629029e+02
2.369437399670069624e+02
2.325188183326890510e+02
2.330964618234709747e+02
2.361260357440962707e+02
2.346929518150174658e+02
2.302786621712879196e+02
2.336985325471979138e+02
2.309383951119209542e+02
2.272328042960997152e+02
2.306351999191730613e+02
2.330440387257627606e+02
2.318484304981344621e+02
2.303429191879830285e+02
2.332043563189365614e+02
2.341360748934600906e+02
2.314403987678559815e+02
2.311864824136301308e+02
2.317452355178745051e+02
2.312660899862194412e+02
2.319544522368268531e+02
2.347757939776450371e+02
2.339938728777193830e+02
2.309993478797535431e+02
2.295849500098819647e+02
2.357546403455822599e+02
2.344527555312958214e+02
2.312573166162205780e+02
2.319400964593199888e+02
2.350042738774895099e+02
2.303506997723082463e+02
2.308516245596254635e+02
2.312770777537064362e+02
2.320065888453685830e+02
2.325347905439754754e+02
2.288828353335382815e+02
2.310085601278906893e+02
2.293497335302256772e+02
2.312587518890196066e+02
2.310216696352816825e+02
2.329835235912751443e+02
2.356019596954466522e+02
2.342856943186797309e+02
2.326663954447966489e+02
2.299367031888455983e+02
2.332112064780707215e+02
2.320834219402653957e+02
2.345678207509445770e+02
2.357551941703230227e+02
2.320765718572109790e+02
2.304910437772651903e+02
2.306763491120392757e+02
2.344776560801016672e+02
2.327759265586809647e+02
2.349653246786044178e+02
2.292376357866687613e+02
2.320651136940902290e+02
2.363685052120155774e+02
2.323928633826623980e+02
2.306571392426554326e+02
2.328720407016985803e+02
2.317842168843018840e+02
2.304956887667023295e+02
2.262700346776895515e+02
2.336026046338904507e+02
2.336143704044424112e+02
2.313295436030177541e+02
2.328987124652554144e+02
2.322912970582761147e+02
2.276046211587657808e+02
2.334146077962030574e+02
2.298408222635567597e+02
2.323278236866617306e+02
2.341022103249286488e+02
2.349776525997316980e+02
2.333774448610700460e+02
2.335914406557456289e+02
2.294119381903474562e+02
2.356220676940180851e+02
2.301048305559104392e+02
2.348378540027557619e+02
2.294765611950508628e+02
2.336581803720953587e+02
2.269356002013392981e+02
2.312687096339778350e+02
2.279605394823316828e+02
2.318247409547960558e+02
2.335645070083131145e+02
2.339518438081912279e+02
2.344263182297250410e+02
2.292113349795538113e+02
2.301335308607310139e+02
2.318224220628029002e+02
2.301412250514470941e+02
2.293094981263950274e+02
2.301226741306721237e+02
2.302619001774629339e+02
2.356903936439810252e+02
2.322220264272347379e+02
2.305126292926029521e+02
2.318359347078732640e+02
2.331671190438309509e+02
2.318055793649526493e+02
2.291970653482653688e+02
2.330412986348572701e+02
2.319101949923140751e+02
2.336452335644930542e+02
2.303390171058389910e+02
2.272478030246740843e+02
2.310415358866397639e+02
2.308366778294601716e+02
2.345245595124048066e+02
2.322634128213250619e+02
2.336640509563229671e+02
2.322145439573185968e+02
2.327858393708289100e+02
2.298237050785094766e+02
2.336866851647088197e+02
2.338598781619378144e+02
2.291991786308011285e+02
2.278400070922062639e+02
2.356533972422324439e+02
2.300055000081403023e+02
2.336427890214395120e+02
2.292800953519775078e+02
2.332844681807967504e+02
2.348349160500804658e+02
2.338182260184206029e+02
2.311759461963194724e+02
2.326491358468227872e+02
2.322188722750667011e+02
2.352697249493666618e+02
2.333356089662975705e+02
2.338023316805703473e+02
2.310271436155543086e+02
2.342044850301682573e+02
2.343944411153896965e+02
2.363789332865200947e+02
2.337564784557364703e+02
2.352638215411294027e+02
2.346239322137050465e+02
2.318062516069752519e+02
2.346656722760642140e+02
2.338349652498715727e+02
2.331027632401498124e+02
2.319466180058361431e+02
2.355388252086910654e+02
2.313236111105571808e+02
2.286802067077476295e+02
2.309581641560695289e+02
2.330337052148226178e+02
2.338465836562576499e+02
2.320920301711882701e+02
2.323158329278781196e+02
2.345504152399665259e+02
2.334471294628262399e+02
2.328509235584389785e+02
2.307794203414975129e+02
2.292630351174269094e+02
2.302772261080160945e+02
2.352263677985822028e+02
2.345584663729916031e+02
2.320961392001881336e+02
2.301155952271308252e+02
2.337194298564331518e+02
2.354020231890949333e+02
2.320090465042072765e+02
2.340006967230261523e+02
2.353913919053287600e+02
2.325569841623793650e+02
2.285162790541197069e+02
2.313120343216949948e+02
2.314112453127241906e+02
2.312150527488393834e+02
2.328453639589299655e+02
2.299533653932953428e+02
2.360509864001375036e+02
2.341361614995891784e+02
2.342676729424715063e+02
2.329949512885428362e+02
2.308159705582970105e+02
2.320368529118593131e+02
2.318039686124648995e+02
2.319713285195636843e+02
2.308341493628213072e+02
2.309051272571197728e+02
2.326031366286983086e+02
2.301077648312577537e+02
2.336474206657245531e+02
2.334065771556291224e+02
2.297209951229759213e+02
2.313816593821405831e+02
2.322955698492665135e+02
2.326789887943330939e+02
2.338612572625440293e+02
2.372499720504305856e+02
2.322641270060535703e+02
2.318660071554005242e+02
2.318115443701039169e+02
2.343796545535170708e+02
2.297102933717895326e+02
2.306629378551404557e+02
2.316853139981139122e+02
2.349286880701111784e+02
2.306198006201748285e+02
2.388152350543931846e+02
2.331483024966247797e+02
2.338976984323018655e+02
2.354105785422551946e+02
2.354800137259430528e+02
2.362397862506612398e+02
2.351040034641653165e+02
2.316379880401858884e+02
2.297815778932298656e+02
2.298772595160557444e+02
2.338131455113177992e+02
2.311619861502722983e+02
2.306054389379919485e+02
2.289005638684549808e+02
2.332354759898746579e+02
2.358131897696644046e+02
2.333395373668870718e+02
2.283315910919827445e+02
2.320971778219492023e+02
2.355202731493662043e+02
2.324823664126691369e+02
2.316896744124139218e+02
2.342534750094751246e+02
2.353536474964897707e+02
2.347256244414423065e+02
2.310151378161869502e+02
2.280610517289349843e+02
2.315412430667887804e+02
2.315438904848609241e+02
2.364550569695788909e+02
2.321044539702029965e+02
2.298538213248739908e+02
2.328353016951128893e+02
2.320530334942974662e+02
2.325778989404664401e+02
2.314763785589036615e+02
2.341709408968798130e+02
2.298016944602858587e+02
2.333172384437510800e+02
2.341549250296770026e+02
2.343119254152638575e+02
2.324138834487107204e+02
2.341627098395674977e+02
2.323814505937989736e+02
2.325952195022090336e+02
2.329884707645482536e+02
2.331568778442844234e+02
2.314134573336532696e+02
2.327562523647733030e+02
2.332380081619203338e+02
2.361648694624402935e+02
2.330036938971696543e+02
2.344045210502758607e+02
2.328145835698978772e+02
2.312039897367246510e+02
2.291024446059045374e+02
2.339052811772669145e+02
2.307374366415106124e+02
2.311097403581743777e+02
2.318825498429556546e+02
2.339828480972082048e+02
2.298081888796281760e+02
2.329472885625976915e+02
2.305610009355846728e+02
2.336350726475108672e+02
2.308993206775845408e+02
2.339866212715938332e+02
2.329949945066559849e+02
2.310348774447690232e+02
2.367616485878666026e+02
2.300262072516007095e+02
2.294678378137130039e+02
2.313669675206785143e+02
2.299585345544822985e+02
2.348462422472015305e+02
2.330361973522030326e+02
2.324090363546461333e+02
2.336709057788825135e+02
2.338071347565164047e+02
2.343707335856273914e+02
2.331872473742003251e+02
2.322943330309032604e+02
2.353507009456399430e+02
2.321870058631170082e+02
2.329970751322177023e+02
2.329117137764449126e+02
2.367884834784084944e+02
2.324488717996021307e+02
2.309454609977507005e+02
2.320275023400575094e+02
2.313757874343355638e+02
2.349836133868685408e+02
2.334061706759249262e+02
2.334166521814796624e+02
2.327967225266172022e+02
2.311886280399315012e+02
2.358447581358161358e+02
2.316773887506685128e+02
2.301944731820399284e+02
2.305143550973626816e+02
2.342022343994242988e+02
2.327712322158502616e+02
2.347147690386712782e+02
2.319314287519715094e+02
2.314988224369094212e+02
2.303292785597647310e+02
2.310598544666668204e+02
2.299363399185644994e+02
2.324674420376997830e+02
2.336990181857908055e+02
2.332633072222519388e+02
2.314798924292990705e+02
2.319610965539618519e+02
