7.370436962524908608e+01
7.232995419369117940e+01
7.148824216163873757e+01
7.508917511466400185e+01
7.041471229310320723e+01
7.381098019271280464e+01
7.185203669337180088e+01
7.368860414859118180e+01
7.783745379925717600e+01
7.314423358009747744e+01
7.628989085389868308e+01
7.604320157167393290e+01
6.932205532360555367e+01
7.057050239364460253e+01
7.800634140295895236e+01
7.367315801582438439e+01
7.449926609053267157e+01
7.216462615595941088e+01
7.407060027291201720e+01
6.952879229027961117e+01
7.196013017435073778e+01
7.461037138252139300e+01
7.399068464263095279e+01
7.267502544958300348e+01
7.317641369458726786e+01
7.467053121110077996e+01
7.421032653574719973e+01
7.389415215893123445e+01
7.148935604182841530e+01
7.424388419164527875e+01
7.456242329090248688e+01
7.330867208763956455e+01
6.842078512174798277e+01
7.603848423123116618e+01
7.269619796988715166e+01
7.352660915758396243e+01
6.791061196160889324e+01
7.578484847205939445e+01
7.350701306879616936e+01
7.111108668427739588e+01
6.997478637836152870e+01
7.519238068358434646e+01
7.531815540357442273e+01
7.270192304781778603e+01
7.145948362928793074e+01
7.596791483403649181e+01
7.430200494555219848e+01
7.201232160619085221e+01
7.073105347135992815e+01
6.984723486874329978e+01
7.316029631953425394e+01
7.235767171581868240e+01
7.415213185668498852e+01
7.301087342356521503e+01
7.292952975313806974e+01
7.236012425602287124e+01
7.304551450467259599e+01
7.433144228122752395e+01
7.178844157171926099e+01
6.924203730147144142e+01
7.350721486085934941e+01
7.341925901048134051e+01
7.323628356454439370e+01
7.059377051342173104e+01
7.392212176550194158e+01
7.345540108963913895e+01
7.077348506247076898e+01
7.257108276717899287e+01
6.834133175904257484e+01
7.362253904747903732e+01
7.253211961073188263e+01
7.185374710643908713e+01
7.467530827270201144e+01
7.040682476959307223e+01
7.465497550671544502e+01
7.311500328557048078e+01
7.398360382113227729e+01
7.379747704810954190e+01
7.603130265036659807e+01
7.360189107327401814e+01
6.706532259782488836e+01
7.206462362107575359e+01
7.457229872982041741e+01
7.202410624295434616e+01
7.662261860066172403e+01
6.920836858071233166e+01
7.263813418042462899e+01
7.534728010392109354e+01
7.260347080781285456e+01
7.118439867989003744e+01
7.088516107584938197e+01
7.581670027210039109e+01
7.232111725075988318e+01
7.394877063944805684e+01
7.236006146175631670e+01
7.361680562899060476e+01
7.336176933692324553e+01
7.253089248381115794e+01
7.383792292842838378e+01
7.072878240949390261e+01
7.654999238814819762e+01
7.674382882962069630e+01
7.336240734422472087e+01
7.338103166996167204e+01
7.575583349532799105e+01
7.065347409805508505e+01
7.304492538237089150e+01
7.481004344809858253e+01
7.610673184980997519e+01
7.487514660342388595e+01
7.321914943364872386e+01
7.308531733512849371e+01
7.129441114901658239e+01
7.667917207431987947e+01
7.356673928183988664e+01
7.498115567009682536e+01
7.244340366883129434e+01
7.100934539831102654e+01
7.236111399761509233e+01
7.375689760312079102e+01
7.195284960435968458e+01
7.209691367365783776e+01
7.008340006391991039e+01
6.821519460597738771e+01
7.399512881736190195e+01
7.403029578735964833e+01
7.045392535549818547e+01
6.994118169784887584e+01
7.594122212933109495e+01
7.437004899728846397e+01
7.268367595939204762e+01
7.288734041336402925e+01
6.942221465629312149e+01
7.598875913616247146e+01
7.842189792845186957e+01
7.250137111773962317e+01
7.215072311878215316e+01
7.548786572540872442e+01
7.354980163335385157e+01
7.328088090996294568e+01
7.248274205559437178e+01
7.438076296940627685e+01
7.245426017043135403e+01
7.479245078911372957e+01
7.463046817763516572e+01
7.177313872987978982e+01
6.959459775411272631e+01
7.474485659704554052e+01
7.247470515402933700e+01
7.075374858702160452e+01
7.436877201659748948e+01
7.343446704921653634e+01
7.379630647781516473e+01
7.144262224062070743e+01
6.889920693978503152e+01
7.340220479019987465e+01
7.342641577812884179e+01
7.075605720802478515e+01
7.246361653452527207e+01
7.298789308652936825e+01
7.529291691582852764e+01
7.545301597103919278e+01
7.076218736997202541e+01
7.663732451215199148e+01
7.331581616019747116e+01
7.582553411977760049e+01
7.598322528509021367e+01
7.212568244748393909e+01
7.734718439781535437e+01
7.116882361251880695e+01
7.179238442471836379e+01
7.238311043790363897e+01
7.111309012034486443e+01
7.490606393680010910e+01
7.255358984039601467e+01
6.758056583457486965e+01
7.372346821488464741e+01
7.451256315561261090e+01
7.402646206887243352e+01
7.822559689205350253e+01
7.082522691441442930e+01
6.979613279141585735e+01
7.132867147768664040e+01
7.519091977320353237e+01
7.405720069423790619e+01
7.093622070800233814e+01
7.521349024121042248e+01
7.167325233979818222e+01
7.697846324642331695e+01
7.367361558413271894e+01
6.797852209997049044e+01
7.354177201631071625e+01
7.419496736557221084e+01
7.249583632062186211e+01
7.408782717957878106e+01
6.951886392662424896e+01
7.208170781948057027e+01
7.573499871791239002e+01
7.887561206597744956e+01
7.600708753537368523e+01
7.263780885023811607e+01
7.146469812126842669e+01
7.420707134637586933e+01
7.431828441764935178e+01
7.325324938209831771e+01
7.300480149908253225e+01
7.341119968842804155e+01
7.316891860957490223e+01
7.484725637051970182e+01
7.291899637637762055e+01
7.192994676196495618e+01
7.571776656486167667e+01
7.385123681697025688e+01
7.289271726859733747e+01
7.411464751242628779e+01
6.953749076170988985e+01
7.300331026620659713e+01
7.136851670553021165e+01
6.885503562161051150e+01
7.258797738367032082e+01
7.365140685133764009e+01
7.280992723581979931e+01
7.349464444888651826e+01
7.792204969381538149e+01
7.421287732867540399e+01
7.408154225992556974e+01
7.326967807750553163e+01
7.040036482426015141e+01
7.089105054704965880e+01
7.316851473972454301e+01
7.491450961900986272e+01
7.129671829982527242e+01
7.367925849277965256e+01
7.453216581556986853e+01
7.192120881035091884e+01
7.518808195922481730e+01
7.360841505404489737e+01
7.252400620556733202e+01
7.447721263011885640e+01
7.291720224084842528e+01
7.000054520376279754e+01
7.227849005222982726e+01
7.228742655642564330e+01
6.953341327351579082e+01
6.924028128537385385e+01
7.396319756793818101e+01
7.160877734963406738e+01
7.232614499252129292e+01
7.300937248358897591e+01
6.854663455453660958e+01
7.350514611513371221e+01
7.116548487561425418e+01
7.037296902925184838e+01
7.529691184224054723e+01
7.656149409862527477e+01
7.103453314445638966e+01
7.117068230176720078e+01
7.340183070223110917e+01
7.186327546758224116e+01
6.928077679717424076e+01
7.218775177181571223e+01
6.804383489332843737e+01
7.020261451411268183e+01
7.156482857444220258e+01
7.469166066064714471e+01
7.392416122020921421e+01
7.092489238435952359e+01
7.439800794227586778e+01
7.434406587278463974e+01
7.166496450574177857e+01
7.357801947611748972e+01
7.318036420843412770e+01
7.351585972410798320e+01
7.113260764514919288e+01
7.534953832585657096e+01
7.239726132238493506e+01
7.010405540037604055e+01
7.369415018628514247e+01
7.054215750035369581e+01
7.238491979260307119e+01
7.081052875154732362e+01
7.489627405761372358e+01
7.585623379557790713e+01
7.358855937242874745e+01
7.232551649009306516e+01
7.346385314589484494e+01
7.277956588548235572e+01
7.301755698046927989e+01
7.223583483673061778e+01
7.162788994434180267e+01
7.093444348781574149e+01
7.530769255649789784e+01
7.361574536153644033e+01
6.960004857052010152e+01
7.306816769069867235e+01
7.133484975796329763e+01
7.238508664258212377e+01
7.550560814371634422e+01
7.220205823479379603e+01
7.028139042450303009e+01
7.000832079737803326e+01
7.123594368738329763e+01
7.343796861057020919e+01
7.130932753130950630e+01
7.200176399896506041e+01
7.086369142959566148e+01
7.286758874005586506e+01
7.490403221147883528e+01
6.981388899513478918e+01
7.282756825167842862e+01
7.513574721930288547e+01
7.237446335087049931e+01
7.530353758384322305e+01
7.191489158424658967e+01
7.645840695193501801e+01
7.477010016160343753e+01
6.843733397169802402e+01
7.233858660347830494e+01
7.462164626977728688e+01
7.343249910988957652e+01
7.312517846029390967e+01
7.118832178572159819e+01
7.259631429041823480e+01
7.104969848162029677e+01
7.305287929982245032e+01
7.364779269577670107e+01
7.246028724655954534e+01
7.042105859572842519e+01
7.575857212302456389e+01
7.410916831681650763e+01
7.284833999546459893e+01
7.325383773236886498e+01
7.273606679338480774e+01
7.308176798625756021e+01
7.324469606144943157e+01
7.064240345729685089e+01
7.145733698646219523e+01
7.213268068486003415e+01
7.463668302892324391e+01
7.059379451997823196e+01
7.288259860427319836e+01
6.997486819718835704e+01
7.561822550237154417e+01
7.147573674131773203e+01
7.105948160048110651e+01
7.481750406374128204e+01
7.066561821035757873e+01
7.341395450743651452e+01
7.448515802481843195e+01
7.470775039521373628e+01
7.271954420897759519e+01
7.434354529415664103e+01
6.915259567412192609e+01
7.175042634275006037e+01
7.534596572043183471e+01
7.389618830142683237e+01
7.065728992619575877e+01
7.053966529575806987e+01
7.436720648337680473e+01
7.392493433370742650e+01
7.029555039305505204e+01
7.151787502392231488e+01
7.008161943011404560e+01
7.193987842642755481e+01
7.234398797808894699e+01
7.135503680151866490e+01
7.293364845714393141e+01
7.227482956624075427e+01
7.265325338260085175e+01
7.069592051156494961e+01
7.222930704191124107e+01
7.312583721355873934e+01
7.215898049608863118e+01
6.902427593783232851e+01
7.407918613593304258e+01
7.356718766499503204e+01
7.426776008577941468e+01
7.074933744767555766e+01
7.300263038114006520e+01
7.172632495830396238e+01
6.891259814202953748e+01
7.229519717171241666e+01
7.269245874972320109e+01
7.483485749357946304e+01
7.436350599313999510e+01
7.652508568618755191e+01
7.148010434673068403e+01
7.545405867359453111e+01
6.968294991041565822e+01
7.359473313424850005e+01
7.460345918315857716e+01
7.367497893968514688e+01
7.181887322729085099e+01
7.262712418522038149e+01
7.485832549769264688e+01
7.234370069951503979e+01
7.248337136837392336e+01
7.292208153807982285e+01
7.325277006364791532e+01
7.557781278886383802e+01
7.011334306307287534e+01
7.067340380839047498e+01
7.198570651794557307e+01
6.942558671471570619e+01
7.313756373569174229e+01
7.005125784652817345e+01
7.203786636142561406e+01
7.398618385387331386e+01
7.433962143987245952e+01
7.292339111286877085e+01
7.319491655649302686e+01
7.648297427630292589e+01
7.300833720518080838e+01
7.118436672313178804e+01
7.422351093094295038e+01
7.170026469068982067e+01
7.228910671176521419e+01
7.097400994798738338e+01
7.259500269083500257e+01
7.356609901879235736e+01
7.190922568305475693e+01
7.489005486905247722e+01
7.239691456523631530e+01
7.196829094365038770e+01
7.349569012621614661e+01
7.599447660137573735e+01
7.277018574524602457e+01
7.351036948577591090e+01
7.165794401043258688e+01
7.296040027446025533e+01
7.529449930361728605e+01
7.822258875005964285e+01
7.346998954132367032e+01
7.448167934603283413e+01
6.874487013047287576e+01
7.245151815979636467e+01
7.370654085466593131e+01
7.401728382272717965e+01
7.187805640327310641e+01
7.417252689390521425e+01
7.189075838724146195e+01
7.414487947063312845e+01
7.846775625730849413e+01
7.366077412563778637e+01
6.960469476400479039e+01
7.244758527894252609e+01
7.178179897849908286e+01
7.490719820466691203e+01
7.209589661993277332e+01
7.360782579353494270e+01
6.980075925671015113e+01
7.125730008316604369e+01
7.189047169268529558e+01
7.076107919287676395e+01
7.203962229440674037e+01
6.702833789319120683e+01
7.148139101032715814e+01
7.262901413518898153e+01
7.181489038054961327e+01
7.526956476060786372e+01
7.027062940250347367e+01
7.392855810682712558e+01
7.103871575458389032e+01
7.303545455248438145e+01
7.090038906255514917e+01
7.376083407946175896e+01
7.094313392736147250e+01
7.182349173312231017e+01
6.822114242903110437e+01
7.057302245439764476e+01
7.138710881643469008e+01
7.167102412554663715e+01
7.065393732435249774e+01
7.299692915856222442e+01
7.074121382998674790e+01
7.358769786892375464e+01
7.377690685417783811e+01
7.093485480178593150e+01
7.359390422590975334e+01
7.340107694118782433e+01
7.628187800503910410e+01
7.416217013214534859e+01
7.532822362357705970e+01
7.148418881060931085e+01
7.455634230463058998e+01
7.480811690574864770e+01
7.403626707426018072e+01
7.022577899954679026e+01
7.471087332716197693e+01
7.112389045121565800e+01
7.494108960380458484e+01
7.182141690108022658e+01
7.173225718863872657e+01
7.227204081119405998e+01
7.604198739931446482e+01
7.337824942370328074e+01
7.272828993340286274e+01
7.507028695341718105e+01
7.650075646072674829e+01
7.404097124532862040e+01
7.163144460514010348e+01
7.169008254761341448e+01
7.220265059992838985e+01
7.546715957171797129e+01
7.103919651685755809e+01
7.242634656038515573e+01
7.219498248545993135e+01
7.557259562131581276e+01
7.200108670273716882e+01
7.361671885004246008e+01
7.206592324838743480e+01
7.196902173331174879e+01
7.208298970796722926e+01
7.050509852297905411e+01
7.465196621626985518e+01
7.624078484962890911e+01
7.668747023314450928e+01
7.431362153100180024e+01
7.205124665066261969e+01
7.177933430755915367e+01
7.468841152310574216e+01
7.398044130489681436e+01
7.033943790379326799e+01
7.606517648498390827e+01
7.270785924916651766e+01
6.945505141729532284e+01
7.594565200121786575e+01
6.973970995493979785e+01
7.271447324408285340e+01
7.060623512942973434e+01
6.710223666412952070e+01
7.165781713921950313e+01
7.400707564703478170e+01
7.463958250129709882e+01
7.179303498919372828e+01
7.505903441226648454e+01
7.351587331547132464e+01
7.163382291745330122e+01
7.106674216582415227e+01
7.242482823707966588e+01
7.396234675837811778e+01
7.203570358042807698e+01
7.594250330142402561e+01
7.297187069477472221e+01
7.460474716769147108e+01
7.164853729404272542e+01
7.504354794145339724e+01
7.186062910228453404e+01
7.489910588938606395e+01
7.260939457375886263e+01
7.303941512211648046e+01
6.962728691410831061e+01
7.431099024742779591e+01
7.296432510990247522e+01
6.918997022573157096e+01
7.352453771648202974e+01
7.452495177052186648e+01
7.232752309399116086e+01
7.457694592140728673e+01
7.263509388225699581e+01
7.175946434633203808e+01
7.473453707247549005e+01
7.302273863194024273e+01
7.298139056726458307e+01
7.184159809249213424e+01
7.905316399624115320e+01
7.620823012534128793e+01
7.404412075073165056e+01
7.179000021450109159e+01
7.391691069229945299e+01
7.386902060623523880e+01
7.054827439821144708e+01
7.363161128431984537e+01
7.446244011583782196e+01
7.641115686157515086e+01
7.162932313635187143e+01
6.886359865532230629e+01
7.336990767716712014e+01
7.877893196046754554e+01
7.229166192104963784e+01
7.118674592539741752e+01
7.268800704770110599e+01
7.471809473226176124e+01
7.178963715738254336e+01
7.541336956404887815e+01
7.460716281253719728e+01
7.311201361746938687e+01
7.759436757031421905e+01
7.514071946024012050e+01
6.973751900731831199e+01
7.550993470660704077e+01
7.441370997742636462e+01
7.476797118587137447e+01
7.219300358981857357e+01
7.416804649418743622e+01
7.311739915223067499e+01
7.542279033551821499e+01
7.379061490946210711e+01
7.224306618792108736e+01
7.155447315830545563e+01
7.368733260909857563e+01
7.010850213114379414e+01
7.668711392876011246e+01
7.109368076384724588e+01
7.105070219615851101e+01
7.485668672792812117e+01
7.538940427007983658e+01
7.147690922319598883e+01
7.188704835508600866e+01
7.369513415229461373e+01
7.418241611481235509e+01
7.195281154263579992e+01
7.307898912243167899e+01
6.843816022861284409e+01
7.335735340487676126e+01
7.223655520393397467e+01
7.028962552670984110e+01
7.631304981608376181e+01
7.389086239432964476e+01
7.359845258425306724e+01
7.109950404483184627e+01
7.222626141116292331e+01
7.642619782943603468e+01
7.513234781572062104e+01
7.250610753778207140e+01
7.201005863438011545e+01
7.637489879393619674e+01
7.413694834831447622e+01
7.638109214981486161e+01
6.766036066485909828e+01
6.987619457987932492e+01
7.620498590715095588e+01
7.293453595799998368e+01
7.188661746334030056e+01
7.280151479825165950e+01
7.486064233020015024e+01
7.113522942183112718e+01
7.169396779040569356e+01
7.454133240624793189e+01
7.371993784517474069e+01
6.690552873772068665e+01
7.200612148169155091e+01
7.480195460430036292e+01
7.222723266794943697e+01
7.205413959596879181e+01
7.243623677682732875e+01
7.049069527178126293e+01
7.495586464972650731e+01
7.522672488530915302e+01
6.922392452497520310e+01
7.704474157472317586e+01
7.544135687943503399e+01
7.044331669794161144e+01
7.147403002802656147e+01
7.409722984410716151e+01
7.234624250107735577e+01
7.421387271815535769e+01
7.189209425833566058e+01
7.211290656673095611e+01
7.055923868352415695e+01
7.462252321670241884e+01
6.986736087311398080e+01
7.576185909917998629e+01
7.160361599323650239e+01
7.379177139748776426e+01
7.244455469034596717e+01
7.249668152696780510e+01
7.446375687518327879e+01
7.379209396727524961e+01
7.220701794524860873e+01
7.351774945339424505e+01
7.906099613557610439e+01
6.893960978954468999e+01
7.499556169889095258e+01
7.133230836454377766e+01
7.406663240835703732e+01
7.454858868719453824e+01
7.318964626747079194e+01
6.984434050353743828e+01
7.065353063085441931e+01
7.290627030906360062e+01
7.503399130772480419e+01
7.600081499775686211e+01
7.412062730826653478e+01
7.619694638240160600e+01
7.194559857358214572e+01
7.296786672215408487e+01
7.673942602050998119e+01
7.218955805964230876e+01
7.431446330469385941e+01
7.238768076786895733e+01
7.153493569815702813e+01
7.191242738675340718e+01
7.227120267180342239e+01
7.200744286546819239e+01
7.536068704326491741e+01
7.163824651382051911e+01
7.448689441776595288e+01
7.422721345037643914e+01
7.151867957433265133e+01
7.280951570723816246e+01
7.372121904507467605e+01
7.455551915026943277e+01
6.925249753491969784e+01
7.296879977864600164e+01
7.049455578538839973e+01
7.363070893924276561e+01
7.251771078180043162e+01
6.878868667722376529e+01
7.053877688018863523e+01
7.771098132425922245e+01
7.392616958356843782e+01
6.984982149491881387e+01
7.705545915740341911e+01
7.249529776336935072e+01
6.750731904431791008e+01
7.337404637899516047e+01
7.414527214413041634e+01
7.430796646997069388e+01
7.789072118489595198e+01
7.547277894136925624e+01
7.673029568764127362e+01
6.951682697049372450e+01
7.278625420878768182e+01
7.401978874078021420e+01
7.786480654608749319e+01
7.428069809572546944e+01
7.470308541013298509e+01
7.352671089639716229e+01
7.256786907540767118e+01
7.018253432945500947e+01
7.649746145712825296e+01
7.385430445598890969e+01
7.360272240169830127e+01
7.379176928933112833e+01
7.566236465493518892e+01
7.372268840513609689e+01
6.733573367166648893e+01
7.430861354094010096e+01
6.936014777312078650e+01
7.337029560049958832e+01
7.524163531852573783e+01
7.411771806661576534e+01
7.240287395991578023e+01
7.279268162371145934e+01
7.164882823660614974e+01
7.328272833785038642e+01
7.260810367569099810e+01
7.438970509869278658e+01
7.269467993778106063e+01
7.017117735681009094e+01
7.418279180157649932e+01
7.347334198673901540e+01
7.344529504330701286e+01
7.403917194897141485e+01
7.612016797788159295e+01
7.328803062686101555e+01
7.256041442626600713e+01
7.058467656866908158e+01
7.199013505562408000e+01
7.605770258657233285e+01
7.176206823056610062e+01
7.201585538467161030e+01
7.088162712083666861e+01
7.216002784840217998e+01
7.501608437072022184e+01
7.294892753665367024e+01
7.157724759914313495e+01
7.043105120418073284e+01
6.753692372349783568e+01
7.460595846275764131e+01
7.240100314477371057e+01
7.505636735461980891e+01
7.290791038360860910e+01
7.850735713972404994e+01
7.500599162973011858e+01
7.272316512549710410e+01
7.318063024822822626e+01
7.098962304113544519e+01
7.739030735642079151e+01
7.232402734405205535e+01
7.114898154485359782e+01
7.005040001888094992e+01
7.676611498220006524e+01
6.930702992556369679e+01
7.708474560086037286e+01
7.168241631334450403e+01
7.188357613123302770e+01
7.254706062276032696e+01
7.256753607838140852e+01
7.334676163970455320e+01
7.469251722112009872e+01
7.222710588386020447e+01
7.247449340695162334e+01
7.431125849657603055e+01
7.088692782510982227e+01
7.515709076120411680e+01
7.278446295098919450e+01
7.441198849809919125e+01
7.170601750777487382e+01
7.475937636507411810e+01
7.131977729698844826e+01
7.259738078589307975e+01
7.562733571995001114e+01
7.099986128657917561e+01
7.229882301635089448e+01
7.705121947036647612e+01
7.403896731716675106e+01
7.349906040042844779e+01
7.280450238643170735e+01
7.226494027499938966e+01
7.270493213122338716e+01
6.876277526608748758e+01
7.322349871320376735e+01
7.380082971451211904e+01
7.500766735356963011e+01
7.017673715268529122e+01
7.258249918940983036e+01
7.207115004670828284e+01
7.581331643200874737e+01
7.048281536643884237e+01
7.388756260840561652e+01
7.496075187782189175e+01
7.161714421976515155e+01
7.217857170764816033e+01
6.945323621144595450e+01
7.197074746940910472e+01
7.351557916435996276e+01
7.570907007722783533e+01
7.279858755309543028e+01
7.693730402401988044e+01
7.245008280703879677e+01
7.191558183844225027e+01
7.192644522956742037e+01
6.967898984318919986e+01
7.203392767933927132e+01
7.229998349086292819e+01
7.586469577473609149e+01
7.107554454548969147e+01
7.178936022860692390e+01
6.981568135967133060e+01
7.818345666525209481e+01
7.214668156385276632e+01
7.631748156573223696e+01
7.065747596979036871e+01
7.395385903336834588e+01
7.189589749655175410e+01
7.369973459490539369e+01
7.287316488549136295e+01
6.836671775442735566e+01
7.155975141217969338e+01
7.368055455454019409e+01
7.458045170076053410e+01
7.151035697351629494e+01
7.342090167694446734e+01
7.340048392429869750e+01
7.191619714123955021e+01
7.477728583329759715e+01
7.217664314104656853e+01
7.612858622717307355e+01
7.515209021220667296e+01
7.188159178251787296e+01
7.504483938238213625e+01
7.393870542536394908e+01
7.307932012859677684e+01
7.025941706270792508e+01
7.551905076869527988e+01
7.837831750452258461e+01
6.939916603947435192e+01
7.101123280309116126e+01
7.373114641119003920e+01
7.039574585238823090e+01
7.185222501035811149e+01
7.043658609627445344e+01
7.021500150249933370e+01
7.620589016765534041e+01
7.395909064969079338e+01
7.284090417751468749e+01
7.028024827063856605e+01
7.494160906852712856e+01
7.133749060746988846e+01
7.131914164825010971e+01
7.161144171250845147e+01
7.028003810861002876e+01
7.102512835318435691e+01
7.313664083177606301e+01
7.307493892890703080e+01
7.092445135445635174e+01
7.813849810885524505e+01
7.298884694310095256e+01
7.430317640512903665e+01
7.239744150424901648e+01
7.288594143818022530e+01
7.190903209529002993e+01
7.263626544195427925e+01
7.187650275620467255e+01
7.198608162395365184e+01
7.002312526785883051e+01
7.179604942935043255e+01
7.425995392207823897e+01
7.361726118719258238e+01
7.351047835069387304e+01
7.351527992079658702e+01
7.810554776065809790e+01
7.233509028763533877e+01
7.457630414828258836e+01
7.575768955375437486e+01
7.795864299129969766e+01
7.225149058724767315e+01
7.432946400588141955e+01
7.427933315794220448e+01
7.342841966677661958e+01
7.466228985007316510e+01
7.284466045409909896e+01
7.356860764780130069e+01
7.133899940014021013e+01
7.681764534413414935e+01
7.333122101713279051e+01
7.407438909655419934e+01
7.384026369100435261e+01
7.299354509627984555e+01
7.432194210453968708e+01
7.236837506408217280e+01
7.704996741225158985e+01
7.165802855724427900e+01
7.299275249714021641e+01
7.309542846482473522e+01
7.000178984298166540e+01
7.161034928469793215e+01
7.365106852060367260e+01
7.520367348864321855e+01
7.343289254402716892e+01
7.268933473630237074e+01
7.410516653510728702e+01
7.529187584498667718e+01
6.828143850500138967e+01
7.097338914331658088e+01
7.007081563878230668e+01
7.127339388213111704e+01
6.978140654188841552e+01
7.689614674737633493e+01
7.144526715166607289e+01
7.235307559380711950e+01
7.463047272473562543e+01
7.471121101684829569e+01
7.615915625171928127e+01
7.135129360823695777e+01
7.437784190181864119e+01
7.151684553148174928e+01
7.238856153432723772e+01
7.384431954301454937e+01
7.251879472435432206e+01
7.088433950801760375e+01
7.738221259397444385e+01
7.316755623685430976e+01
7.298710643649673102e+01
7.481423285501165310e+01
7.600196290213743566e+01
7.245028659015498818e+01
6.851130107722065077e+01
7.089887328505017194e+01
7.247851139905341711e+01
7.298920226145494894e+01
7.271776416408404486e+01
7.351787474015657153e+01
7.192688286576425583e+01
7.555906631795681960e+01
7.495942470671617741e+01
7.351276731518095175e+01
6.931898833073421429e+01
7.575649182417345173e+01
6.885316279511032178e+01
6.857443671789259554e+01
7.318076632567577633e+01
7.421465748966166132e+01
7.328452552724873215e+01
7.508399485169182697e+01
7.482064335545652511e+01
6.918675879687413044e+01
7.275710186495574305e+01
6.573741533145725668e+01
7.178788801638214068e+01
7.186220300996339461e+01
7.274940722579083285e+01
7.621595830091483492e+01
7.223303096195064654e+01
7.205047240501137651e+01
7.556897953434103954e+01
6.969551588502923778e+01
7.096000761506439858e+01
7.791389305624542772e+01
7.191702070253863610e+01
7.026763517290115146e+01
7.561335697143168488e+01
7.636186515623074911e+01
7.670024903164977559e+01
7.247010710279123202e+01
6.955652251608178460e+01
7.290576716564105197e+01
7.422898933364035656e+01
