1.834415693354015104e+02
1.822382593641487176e+02
1.789317164323160227e+02
1.837164936077840309e+02
1.856767122520987527e+02
1.789992198175384885e+02
1.835460784485014472e+02
1.822367027531799692e+02
1.837248433636072775e+02
1.784431664675366278e+02
1.821210025090915110e+02
1.799237799077152147e+02
1.784098271926690131e+02
1.854468422048215075e+02
1.798193140008546891e+02
1.855610399428769881e+02
1.808141707933829423e+02
1.798888312366918854e+02
1.788709032974232116e+02
1.763082460270455272e+02
1.853329304468118153e+02
1.840541484615280012e+02
1.820554253397361890e+02
1.815879486035991306e+02
1.832714492859202267e+02
1.763451862751916792e+02
1.766881208571150239e+02
1.819541424859523602e+02
1.820843356165293869e+02
1.808531259815983390e+02
1.797978656877617993e+02
1.831897611471971743e+02
1.778370010729299793e+02
1.872013190292103673e+02
1.815265719919571268e+02
1.823242128403362017e+02
1.861523455431420757e+02
1.834058599375682377e+02
1.800332749043484455e+02
1.790132922084149811e+02
1.821246404112672792e+02
1.776438590427205781e+02
1.792435298091365610e+02
1.813611314286122820e+02
1.860797228023405410e+02
1.855751636265740103e+02
1.755357757570708372e+02
1.749873594556052012e+02
1.798015671000666487e+02
1.823785163458439911e+02
1.847078912423971531e+02
1.862043680466892113e+02
1.767670349242473264e+02
1.762311437512107943e+02
1.792709289609079519e+02
1.814470256036287594e+02
1.765011394139262109e+02
1.805393542738818837e+02
1.766537578117425653e+02
1.788580434102255765e+02
1.839716607150454024e+02
1.808956142715702526e+02
1.812453933314317283e+02
1.815627659521145745e+02
1.863610688624704892e+02
1.782835783870571618e+02
1.846376394921277608e+02
1.792260712074300670e+02
1.825504400408046877e+02
1.805766341421452239e+02
1.778399946282710005e+02
1.832380772044626269e+02
1.849414992675108067e+02
1.837307042291511152e+02
1.765712132427065342e+02
1.818427144815463805e+02
1.818186046612384814e+02
1.768352457486116407e+02
1.820021538777857302e+02
1.778992994941564803e+02
1.780661911912670519e+02
1.796612417628778360e+02
1.767465177721742009e+02
1.806569668233465791e+02
1.865254588715552018e+02
1.788006004133257818e+02
1.824175221445137538e+02
1.808408188001394308e+02
1.793830548790452895e+02
1.797670464228127116e+02
1.818379003619269554e+02
1.806229479839488192e+02
1.777878968277908029e+02
1.791226917055997205e+02
1.848907038630484578e+02
1.797906036885790400e+02
1.853136973432828825e+02
1.752202553999318582e+02
1.793472226058125898e+02
1.873879242525204916e+02
1.878179111806951482e+02
1.802102090418379703e+02
1.792484029546211843e+02
1.814876150600562710e+02
1.819435733898894796e+02
1.807757571104614556e+02
1.866960718519508191e+02
1.793994852045069308e+02
1.791797604079759765e+02
1.836665453440514284e+02
1.783752562673130910e+02
1.822752715100385217e+02
1.767710471544455118e+02
1.784511754998630408e+02
1.811838468520143977e+02
1.833508403141369172e+02
1.775691706589786349e+02
1.855462865052321888e+02
1.829499884835527439e+02
1.825910557341853746e+02
1.821638097667384386e+02
1.810588151874806329e+02
1.800190164272864308e+02
1.837881136939698479e+02
1.821130052974268665e+02
1.770433548039389109e+02
1.829041299978194388e+02
1.768958767355517239e+02
1.846968897227838511e+02
1.783499072372144099e+02
1.878100502688315601e+02
1.811815167801866835e+02
1.833455284567488377e+02
1.826568324393924740e+02
1.810713601873151788e+02
1.836724748454123244e+02
1.851526543886116372e+02
1.853568060506931943e+02
1.787941402420304371e+02
1.847096889023341646e+02
1.784611224781427836e+02
1.761293122114618370e+02
1.782493173187369280e+02
1.839652796993278230e+02
1.806743615653820996e+02
1.802068600753844123e+02
1.817984595038022348e+02
1.773383813279205299e+02
1.860709944415910400e+02
1.795704153784006110e+02
1.774558213107160043e+02
1.819768439151430641e+02
1.817785659700117549e+02
1.782940942660666792e+02
1.854773978919862998e+02
1.789325696844329343e+02
1.843115949297254588e+02
1.773622082391352990e+02
1.822823723600505730e+02
1.851124069961783789e+02
1.812646604898023384e+02
1.790848917219624923e+02
1.828607841649635759e+02
1.828862099779226753e+02
1.781598814514874505e+02
1.827346417662361944e+02
1.893982603166009540e+02
1.768469157663047326e+02
1.781617898186495665e+02
1.827719856828385616e+02
1.849971544472510629e+02
1.808112490380396196e+02
1.837515560784689228e+02
1.821262429391187538e+02
1.837087807550698813e+02
1.823005538650177755e+02
1.861668787247719763e+02
1.880164167954982304e+02
1.841870926827427013e+02
1.811209102873677352e+02
1.827961554839841369e+02
1.799209077979797655e+02
1.796485657818998334e+02
1.862987372588413564e+02
1.820924191671927588e+02
1.792793912231577167e+02
1.714548988567687218e+02
1.794678680342039456e+02
1.792265872863400205e+02
1.768274573622922787e+02
1.850800269608037354e+02
1.811668178018363449e+02
1.775264737613272246e+02
1.805394714732245518e+02
1.775913151818539291e+02
1.800014406312692756e+02
1.803163374413671249e+02
1.797545421870300117e+02
1.788751105301170696e+02
1.829539170236010079e+02
1.739523360421572420e+02
1.803768986415488484e+02
1.833623718085672465e+02
1.788729893743318371e+02
1.858785514916905299e+02
1.857675696062193538e+02
1.732983269434940610e+02
1.837560030690627286e+02
1.807704341651314905e+02
1.824755325428671426e+02
1.778389995862650323e+02
1.892034947759311763e+02
1.786405116116631291e+02
1.828922378994761289e+02
1.773386867093450974e+02
1.820108266869701481e+02
1.819667722612539080e+02
1.825823377773304230e+02
1.817044008744635164e+02
1.836782755927975757e+02
1.808285736620188118e+02
1.794808297028625077e+02
1.830232452006908659e+02
1.842355247931415647e+02
1.856818239524527314e+02
1.845518523859501556e+02
1.812743654731795573e+02
1.833257117545264521e+02
1.786876432967468418e+02
1.810481069561220693e+02
1.755178452345537323e+02
1.810276834812190145e+02
1.855942182065184625e+02
1.798335676867314419e+02
1.808468593080296785e+02
1.837205191302530523e+02
1.831839722950595331e+02
1.815371408833620706e+02
1.859395307382133353e+02
1.781680725422090745e+02
1.836841311043928897e+02
1.838567541863491783e+02
1.774546015078085475e+02
1.802032200009864766e+02
1.830845178089099932e+02
1.834883866898919109e+02
1.809098943143897031e+02
1.836171019449391792e+02
1.817820551692193760e+02
1.823049530244778964e+02
1.824309711619013115e+02
1.798352379707632167e+02
1.797337691958761923e+02
1.841331712173491155e+02
1.790342281212273861e+02
1.798941888471921118e+02
1.806535720713584681e+02
1.859138783076681420e+02
1.809078451138881007e+02
1.817693084458844623e+02
1.816044064273166043e+02
1.838260135764487018e+02
1.783546636493148583e+02
1.796763689408137168e+02
1.792615316294394177e+02
1.764533584981663807e+02
1.825735238379251086e+02
1.788243390061297475e+02
1.825043705951908350e+02
1.827384282846438168e+02
1.808541159784499825e+02
1.794611877275580127e+02
1.789469851062034991e+02
1.800102659055320942e+02
1.812561772022947366e+02
1.795803149275463113e+02
1.803927836542248713e+02
1.798446836297707705e+02
1.738784386614399580e+02
1.833921051861017588e+02
1.844405331708284734e+02
1.805836132985924394e+02
1.851141383902166240e+02
1.775981681646604500e+02
1.843498685683856024e+02
1.857924132481033439e+02
1.787016518060286785e+02
1.828167921964942195e+02
1.763808521206412081e+02
1.803392683333244975e+02
1.830447266642344459e+02
1.852493922150160870e+02
1.757004872120652692e+02
1.818558365259422942e+02
1.827160505293132360e+02
1.834301047215869858e+02
1.871814730568333403e+02
1.774816026678229264e+02
1.788772046875815818e+02
1.855899834783833171e+02
1.853887541994398873e+02
1.793797128515757322e+02
1.812956778527084225e+02
1.817743972360783857e+02
1.816368778274863303e+02
1.807313602631713536e+02
1.897522076510309716e+02
1.839606395542135431e+02
1.798551181815628297e+02
1.917993659202500396e+02
1.805269658306212079e+02
1.861435782216632333e+02
1.818677269367275642e+02
1.834056698197524042e+02
1.834673151240828872e+02
1.823982550914089416e+02
1.798311331025462323e+02
1.882713227853856495e+02
1.798569494724549429e+02
1.830573352136983658e+02
1.833995429188781543e+02
1.820890399602869252e+02
1.797486938113692077e+02
1.824067840624420285e+02
1.807969566710067681e+02
1.830966086039069864e+02
1.830457752491217320e+02
1.828170156905112549e+02
1.762841045335048591e+02
1.831557790396062728e+02
1.797515106609608040e+02
1.828055626053236438e+02
1.822099469331357398e+02
1.806242810762685167e+02
1.831806415088459516e+02
1.842155640926140165e+02
1.797947600014073544e+02
1.828309503908763816e+02
1.794124282676838220e+02
1.806990960351376998e+02
1.794872680354538659e+02
1.822690580982906852e+02
1.789829941592298894e+02
1.799796001984825580e+02
1.791454648572452584e+02
1.818506752125951493e+02
1.834037210671089611e+02
1.833351020269848277e+02
1.819165876299402953e+02
1.784299064346150772e+02
1.812078815637676996e+02
1.797281339992713356e+02
1.850206428618177483e+02
1.851980046868867475e+02
1.833189449337822055e+02
1.787059347296778355e+02
1.756031451959979677e+02
1.803819073340308421e+02
1.819137755011215631e+02
1.871208846684912714e+02
1.898397749631533031e+02
1.817638772641881815e+02
1.858125576802164858e+02
1.811671726486583509e+02
1.819021432828196225e+02
1.895349433712909502e+02
1.872635788669007866e+02
1.848802428291639615e+02
1.786650785701421853e+02
1.808001919445275121e+02
1.856904852072141523e+02
1.815938622931408304e+02
1.816362006286386190e+02
1.836940035402288629e+02
1.834618272791574327e+02
1.836508695591965079e+02
1.807515589663074707e+02
1.810711567185356330e+02
1.855708204415038551e+02
1.815969128530378782e+02
1.819451059352974482e+02
1.809096983690346008e+02
1.788949405307619998e+02
1.820398924125337601e+02
1.796754435740217559e+02
1.824199544497952274e+02
1.838076103363056575e+02
1.792097265047846122e+02
1.850922000909403948e+02
1.809608935115296617e+02
1.841775182559871098e+02
1.778622663090305025e+02
1.820229837942104609e+02
1.826176060452655463e+02
1.796417517510594166e+02
1.779123048685995343e+02
1.833301457225267939e+02
1.845698709680037553e+02
1.840310408855069397e+02
1.792264530311079511e+02
1.804265316882444949e+02
1.855712100944401755e+02
1.843206033450283883e+02
1.832744688189780504e+02
1.809187300460646100e+02
1.880693095286642631e+02
1.819068021621200160e+02
1.782500636240484368e+02
1.773824997206330352e+02
1.832049154492636376e+02
1.788148601717263091e+02
1.785521673579995365e+02
1.826554523538785588e+02
1.795300750083729611e+02
1.842226685270337612e+02
1.841976278404556524e+02
1.857450787806298536e+02
1.829729138861931119e+02
1.831731114458479510e+02
1.771244905976424775e+02
1.786682082489713252e+02
1.844143471198339057e+02
1.785606896460076314e+02
1.835357314546571104e+02
1.837477262633518933e+02
1.830658763846336683e+02
1.847077732001114612e+02
1.855244693021035971e+02
1.888392493163281642e+02
1.805670085049613931e+02
1.816596688001722555e+02
1.846893749368318538e+02
1.823849217032443448e+02
1.787571883052015380e+02
1.767967075231339606e+02
1.834798521295709008e+02
1.846869302001721564e+02
1.834189652051421149e+02
1.786174262296999018e+02
1.859520604999243858e+02
1.799903453654775944e+02
1.824064048377575489e+02
1.843103153977935165e+02
1.815708393278758024e+02
1.850164480422950817e+02
1.803654318578142863e+02
1.843221535652306784e+02
1.820991175574801844e+02
1.880397440516673555e+02
1.886026104857442363e+02
1.822943880489535218e+02
1.781844993190576076e+02
1.763017152157483167e+02
1.843379773490649427e+02
1.799950861886804034e+02
1.799912866686127302e+02
1.753111271217037483e+02
1.874027797794673802e+02
1.791726342093819824e+02
1.754419757148406234e+02
1.815958417456102154e+02
1.825167906100597577e+02
1.840907267635645042e+02
1.917237943319854594e+02
1.830718268296572830e+02
1.737850205863324504e+02
1.832800305076984841e+02
1.827796547982178765e+02
1.858783303858734257e+02
1.779332694953838541e+02
1.821481729833081147e+02
1.787085100367192467e+02
1.831366305500333738e+02
1.767646325147983930e+02
1.793502577231746500e+02
1.840792495620257512e+02
1.882942831008093378e+02
1.835883932232781603e+02
1.819061173570101175e+02
1.806303810771585745e+02
1.864012972658630360e+02
1.786379698001047132e+02
1.861521850473240818e+02
1.748713482944230577e+02
1.791890674324994279e+02
1.852807440947165389e+02
1.845233209227170335e+02
1.820056739693616805e+02
1.862605034488682065e+02
1.802710052803971905e+02
1.853335187847574161e+02
1.771428048923046674e+02
1.822690945128192368e+02
1.809725183137644251e+02
1.835588178602250480e+02
1.808838099586407395e+02
1.831271700900279598e+02
1.846601720634756703e+02
1.738521468728509944e+02
1.813011035511550801e+02
1.834399753511614790e+02
1.859006326374310447e+02
1.779099923137624160e+02
1.813703593468502788e+02
1.859147836291086833e+02
1.814617741017044921e+02
1.800740836635067126e+02
1.852030781530882280e+02
1.812823320604325374e+02
1.807586956250094659e+02
1.855137007367140995e+02
1.804333223492297407e+02
1.830908839735473350e+02
1.794712643954123052e+02
1.771314561731395543e+02
1.780652826162830991e+02
1.805167066840203915e+02
1.853580233713295797e+02
1.838176269976514448e+02
1.791924188748952247e+02
1.852796542654590723e+02
1.792107798679711834e+02
1.782425200017716804e+02
1.802647010654287669e+02
1.787549433349481944e+02
1.807395165952892455e+02
1.857843282459650993e+02
1.792522716275508685e+02
1.797100469145225361e+02
1.825813546191565422e+02
1.834135036234815175e+02
1.819730673960648062e+02
1.769366023356264463e+02
1.810440471087028413e+02
1.787157999389213217e+02
1.781624965396050015e+02
1.820579305734966340e+02
1.834408567277634177e+02
1.791827498496539306e+02
1.794734192488871258e+02
1.820203685586053837e+02
1.820992931736303149e+02
1.817787759296462582e+02
1.803877538989233358e+02
1.882826121440467375e+02
1.875419255507767673e+02
1.818170795303125260e+02
1.833054649782484091e+02
1.768266624304950199e+02
1.811520101842939425e+02
1.829388793579738319e+02
1.816026835460362463e+02
1.830011672621487833e+02
1.857195203901290199e+02
1.853844487877572931e+02
1.815528125923243863e+02
1.775036536945869727e+02
1.803257341544388623e+02
1.811745248624586395e+02
1.817444962181770336e+02
1.805723309381836259e+02
1.756374481739895828e+02
1.805340431571167414e+02
1.777485015039931113e+02
1.824703912472007801e+02
1.837576232880795999e+02
1.810282133502849717e+02
1.800287809678687267e+02
1.836944494923832565e+02
1.847837617696870325e+02
1.827183789671671832e+02
1.802007667704908158e+02
1.802860864236272391e+02
1.843836484482822868e+02
1.841082795845559872e+02
1.805090857552853265e+02
1.842338283119199502e+02
1.837421092977697299e+02
1.836229918057088639e+02
1.857591134417918397e+02
1.800580175509065555e+02
1.858407613667424698e+02
1.798987908653020895e+02
1.828001260829472869e+02
1.838073123946466012e+02
1.794471469716571903e+02
1.777584808316744613e+02
1.812220572928988531e+02
1.865035051842062614e+02
1.813874780155431097e+02
1.801606654647454206e+02
1.829521219450470539e+02
1.802047696198011977e+02
1.784401820387356565e+02
1.808613786463121471e+02
1.827369249831052684e+02
1.847348663535557591e+02
1.810067464317280894e+02
1.801355543227662963e+02
1.862914882878660308e+02
1.773554165747169122e+02
1.848442824603586701e+02
1.845039952212449066e+02
1.815280391767150832e+02
1.776624948510006163e+02
1.764139101368409399e+02
1.811263599529255544e+02
1.787980554055833977e+02
1.905470910930687296e+02
1.820785516515720133e+02
1.820152811953352341e+02
1.795180971275792956e+02
1.812832892034369650e+02
1.856391222779191139e+02
1.836053498705715867e+02
1.842634524097330200e+02
1.852659666686545847e+02
1.817016617403582188e+02
1.815363724912340047e+02
1.805688553709745463e+02
1.813191906411650791e+02
1.771735068675968989e+02
1.856811268287979715e+02
1.825289442246433680e+02
1.805603720812741528e+02
1.773808703593801965e+02
1.819636841808394934e+02
1.784564593852165331e+02
1.767008612399584706e+02
1.773372965677014577e+02
1.861558640866605856e+02
1.817853558560646263e+02
1.818720909836275723e+02
1.786997857269897452e+02
1.825364033582784771e+02
1.815758597828473171e+02
1.787695556447442584e+02
1.819138769282170358e+02
1.804074353602960343e+02
1.781931637187993260e+02
1.831533063534897678e+02
1.812011016411769049e+02
1.830636773253073954e+02
1.813469073635052382e+02
1.872596577530185584e+02
1.823374782627905972e+02
1.805434535515789776e+02
1.823860979198721282e+02
1.826109999916538698e+02
1.780288856738868333e+02
1.826526970258912570e+02
1.787849444594671411e+02
1.853245612127690265e+02
1.817077544180874611e+02
1.807200736341706886e+02
1.802871141410086295e+02
1.780555577642349760e+02
1.825746516575011924e+02
1.761519739946684524e+02
1.816942662973693530e+02
1.775125296085822697e+02
1.826129317910524605e+02
1.852056849224914572e+02
1.811723368403662846e+02
1.816601024659592269e+02
1.857577114409599517e+02
1.804874441457989178e+02
1.822257544297219454e+02
1.769810922462896201e+02
1.848301592863612655e+02
1.800236261648557843e+02
1.804854818457923216e+02
1.856469006921129790e+02
1.803705309216359183e+02
1.745173820429277782e+02
1.782213366233316947e+02
1.856156505892813584e+02
1.769446080959311871e+02
1.808028268509400220e+02
1.845102804054040746e+02
1.858961882249072346e+02
1.825980114765146993e+02
1.847810282355703748e+02
1.859008882630367339e+02
1.790015190321510090e+02
1.780686163853763162e+02
1.801177990883488178e+02
1.814749885786046377e+02
1.782285872420250428e+02
1.810205047289244646e+02
1.808702154318604585e+02
1.764634714678130933e+02
1.795406129576573164e+02
1.820285493467084450e+02
1.801265044070067631e+02
1.811651024556140612e+02
1.845899936487044499e+02
1.793523238874598178e+02
1.821792859169399890e+02
1.799177958986938961e+02
1.772142649647840074e+02
1.800468509612922503e+02
1.796261255140467199e+02
1.857122580514716219e+02
1.816762990969656926e+02
1.807524170321290455e+02
1.795911196673888242e+02
1.768700408894252405e+02
1.827719563459974381e+02
1.805526807612523328e+02
1.861743868199582437e+02
1.863498846989152753e+02
1.760542963682015056e+02
1.806652569562894257e+02
1.854135435812580397e+02
1.770433089002330291e+02
1.875208599831078971e+02
1.837061329087945012e+02
1.801194902994992617e+02
1.791033727596943947e+02
1.832149531083664158e+02
1.823827198510273035e+02
1.863563302826063648e+02
1.836916122753670777e+02
1.820291404877492027e+02
1.838772529962833460e+02
1.837572450623417524e+02
1.815835686363716945e+02
1.787679576432288400e+02
1.760202336405374410e+02
1.818256801716695179e+02
1.805814202788461671e+02
1.807468558993952570e+02
1.856278994338135533e+02
1.805387643312093644e+02
1.785829661905560215e+02
1.824978733933107833e+02
1.848003075882433848e+02
1.805530957631344222e+02
1.798372252236553095e+02
1.798543050801297056e+02
1.804049719419274709e+02
1.818346683785337348e+02
1.872829096379011276e+02
1.859101523587361839e+02
1.819065365084950656e+02
1.825155319900137272e+02
1.822725102687648473e+02
1.838697648654964212e+02
1.799859403156923179e+02
1.881694883750083136e+02
1.823541606193986127e+02
1.805573557386212542e+02
1.852124033266935328e+02
1.823921327624984201e+02
1.845372584005885415e+02
1.842291486917658005e+02
1.796043223207669257e+02
1.789081555987421552e+02
1.843495914156719664e+02
1.836106550091236898e+02
1.840259553248170903e+02
1.821952383917803786e+02
1.799948594891328071e+02
1.806886519813665188e+02
1.808802231956445894e+02
1.826270561151590641e+02
1.833436209614877157e+02
1.823051868645205786e+02
1.812067978039309537e+02
1.823136015736048137e+02
1.820116950094709409e+02
1.863069617882447915e+02
1.769184435523292791e+02
1.784750038698473702e+02
1.830442433720167514e+02
1.818849553716602543e+02
1.850384226392860967e+02
1.783842955400969004e+02
1.809034505859420960e+02
1.834758928408646739e+02
1.835438300808204133e+02
1.862746618637714278e+02
1.773444428334263421e+02
1.862829725311584070e+02
1.844478761076021840e+02
1.858697691603453563e+02
1.867749002349215175e+02
1.801316331585541661e+02
1.825686991950708489e+02
1.857582889525105827e+02
1.794199054288537809e+02
1.810030185536834892e+02
1.772394323972675352e+02
1.781826127286988708e+02
1.846916499834169372e+02
1.833087077732680825e+02
1.868261800460236088e+02
1.816967564339143735e+02
1.802604673567558677e+02
1.779811794544244776e+02
1.760673687044250073e+02
1.846584610085924680e+02
1.800505472458712859e+02
1.814063304060366590e+02
1.791841605168388298e+02
1.832099998829003766e+02
1.762319010541380635e+02
1.816174840250896807e+02
1.806470684607352553e+02
1.794246827895919409e+02
1.777415313146123879e+02
1.814419421938402479e+02
1.817169323724688184e+02
1.847050853456927939e+02
1.846886405139102862e+02
1.808019178727953431e+02
1.826265620609350435e+02
1.761773228428113498e+02
1.741786110033623913e+02
1.835345577834968651e+02
1.841947102197870265e+02
1.809568520282721238e+02
1.810351897892522572e+02
1.870947932290730193e+02
1.857247588672864822e+02
1.794940604596532125e+02
1.803178530462813853e+02
1.836233950700797379e+02
1.790553723564894142e+02
1.833867148452174263e+02
1.757709876870587209e+02
1.861333398591882258e+02
1.778574163646222246e+02
1.799460013855319573e+02
1.831057299541615180e+02
1.886743157501721555e+02
1.757228004762422131e+02
1.791386839925873460e+02
1.790115506640075012e+02
1.816128915615591097e+02
1.816307706248942679e+02
1.806758721668868191e+02
1.784585902199890768e+02
1.857312252749865422e+02
1.927448095658483282e+02
1.782259351093966018e+02
1.766990018126913924e+02
1.819361529893950262e+02
1.802991422095945211e+02
1.808906266683653428e+02
1.804933289201291871e+02
1.794315275549489002e+02
1.837414590015212070e+02
1.772340580159786327e+02
1.837091249563534916e+02
1.786690633253711553e+02
1.794299313416959762e+02
1.785661589221190582e+02
1.823068266464681244e+02
1.766207611956860148e+02
1.780530243900516609e+02
1.842384802611414329e+02
1.784596890603115469e+02
1.822725459140841338e+02
1.846782462160144291e+02
1.827338019624937715e+02
1.825451805861355581e+02
1.808341447022228579e+02
1.833339511043693335e+02
1.778304486789269561e+02
1.775535726951684694e+02
1.848393354779382776e+02
1.803827627908755176e+02
1.773928347454993570e+02
1.784645860322507360e+02
1.833796595489133097e+02
1.829265246735593564e+02
1.818528712880579974e+02
1.813326782504329628e+02
1.782448131928037185e+02
1.762419242455096651e+02
1.890779309880034589e+02
1.820595682989790021e+02
1.846418789766086093e+02
1.789257301940628224e+02
1.814526732284759305e+02
1.876575714501217362e+02
1.872696568322126041e+02
1.835374830739094989e+02
1.790308082757512125e+02
1.798594949595393473e+02
1.848757438838504470e+02
1.802154642022489668e+02
1.779432901437265855e+02
1.745198135370351622e+02
1.797392845695543997e+02
1.896180783936227954e+02
1.807721390937863930e+02
1.789202278869828149e+02
1.824858231045868138e+02
1.824546835756940766e+02
1.863457776671810961e+02
1.814792951824878742e+02
1.873461125010891806e+02
1.866182374925881788e+02
1.835714190037219851e+02
1.792937304614777076e+02
1.790355966409039752e+02
1.803777500766208277e+02
1.786933160627947927e+02
1.818800724686877004e+02
1.794492053064118409e+02
1.832863681310709012e+02
1.820702517065219297e+02
1.811945633705084333e+02
1.846723300568599484e+02
1.789164460042995017e+02
1.821600648785688179e+02
1.828900671819937145e+02
1.822041067478497780e+02
1.772276817523052159e+02
1.837345355011455581e+02
1.814151658570028474e+02
1.838703679621354468e+02
1.857416283108967434e+02
1.823526928243284146e+02
1.819142231754706529e+02
1.769859627931667490e+02
1.803551906947133716e+02
1.813366646946275296e+02
1.860786721552027814e+02
1.784909355505511428e+02
1.758063945708866243e+02
1.769621347150182089e+02
1.817955178005820471e+02
1.820664630662488719e+02
1.790106546789924380e+02
1.825571834334309926e+02
1.864939419455866982e+02
1.825264375575224847e+02
1.842709485431094834e+02
1.814820874594134636e+02
1.815916944724631890e+02
1.837320819729389711e+02
1.736133585555025718e+02
1.808822511561387216e+02
1.737417353782562088e+02
1.816721521416043572e+02
1.795282434938252152e+02
1.831916540057471536e+02
1.827946026482419200e+02
1.832783195044255535e+02
1.812082389105641482e+02
1.834704059284629238e+02
1.860050279333567289e+02
1.770145651504906823e+02
1.818003248043953022e+02
1.869667612773446876e+02
1.850111363556556796e+02
1.808764186709269381e+02
1.817957020390532250e+02
1.814764136114009716e+02
1.875863828668781821e+02
1.833075703805457977e+02
1.763851564193903414e+02
1.874966643260337662e+02
1.893961243996249095e+02
1.826821522409262286e+02
1.830830668901368199e+02
1.779217582179782084e+02
1.869809720810243903e+02
1.843277770491116883e+02
1.867021458558829181e+02
1.803828814715887461e+02
1.822418380285694752e+02
1.849247574329587849e+02
1.841477869460187833e+02
1.839366768721635026e+02
1.780868762807766927e+02
1.794477039542188095e+02
1.802218593642791120e+02
1.810369688262803152e+02
1.838249055250882975e+02
1.813671514657227988e+02
1.820312456151898459e+02
1.842335293880217364e+02
1.826324491235518224e+02
1.810062186749641739e+02
1.796027168396618379e+02
1.836534725637601753e+02
1.756193292497869152e+02
1.818230362165425902e+02
1.788840875910851196e+02
1.764378439079640657e+02
1.873863745714235449e+02
1.797800366103823535e+02
1.854512199860320152e+02
1.815051946337875677e+02
1.871644751409408798e+02
