7.532629544159067336e+01
7.472293200430220850e+01
6.749830869175889347e+01
7.305545543174028467e+01
7.416067876457532293e+01
7.372401388115794418e+01
6.536227803320497287e+01
7.197984502826720643e+01
7.350046332404079408e+01
7.120031658423295085e+01
7.485849945705133734e+01
7.699987730866411084e+01
7.251265789368567027e+01
7.463859773104707074e+01
7.402969254963366552e+01
6.859267825415311393e+01
6.926454218177480016e+01
6.974309277459043699e+01
7.229312934963164139e+01
7.031555476095121548e+01
7.207875387243419141e+01
7.249970366079199380e+01
7.398648282020791100e+01
7.217008030833319765e+01
7.194372319970310059e+01
7.331946776314563863e+01
7.330126247880423307e+01
7.149540261867156232e+01
7.429448472153841010e+01
7.597242104664982776e+01
7.354545566606181239e+01
6.907085276944374641e+01
6.884703340250348447e+01
7.019089734375225476e+01
7.406738349641557306e+01
7.404389317068930154e+01
7.301647277103937483e+01
6.902553724679269465e+01
7.293934637075713567e+01
7.339793064284145885e+01
7.082249300780519263e+01
7.370279724887416251e+01
6.882509593433248085e+01
7.459701358047554720e+01
7.268074774252458781e+01
7.095496714012912776e+01
7.242547996774486307e+01
7.068245324271170205e+01
7.394118630493670707e+01
7.330720867252549056e+01
7.077878642792040864e+01
6.989773056701093878e+01
7.078860761293857706e+01
7.228061427698798980e+01
6.810840057226464239e+01
7.352630588185068916e+01
7.437587531081933889e+01
7.156035442243684486e+01
7.029371205047766580e+01
7.105344955539682417e+01
7.385095069112026067e+01
7.534052243655979453e+01
6.915746482770538250e+01
7.198586431372910965e+01
7.387573525714537936e+01
6.753939246098654792e+01
6.834333129570396181e+01
7.094052186640946900e+01
7.553581357472415903e+01
7.124589135396045947e+01
6.738455877734847377e+01
7.621403756619129410e+01
7.009945017332552197e+01
7.155087313765373835e+01
7.484818853382732584e+01
7.108887785071092935e+01
7.118246575360821282e+01
7.149007539857453253e+01
7.439651949570853162e+01
7.650020229713530284e+01
7.262016156344873252e+01
6.814398469237005429e+01
6.798287250120360170e+01
7.416638332717379001e+01
7.258201921353884245e+01
7.249646750235889670e+01
7.368767345286288162e+01
6.779613170411987255e+01
7.342442575014800354e+01
6.692732264635222350e+01
7.070136816407038793e+01
7.570846967902329538e+01
7.033845557114106839e+01
7.245039170291258301e+01
7.607668000244817108e+01
7.276129584836714059e+01
7.333650037451394610e+01
7.311793024678719632e+01
7.129787649621749779e+01
7.178203373645268925e+01
7.678943672772997786e+01
6.968068744188531127e+01
7.208678571456938755e+01
7.250757427798808408e+01
7.470393493905530136e+01
7.115474120859056484e+01
7.267275325441475786e+01
7.198535841987228423e+01
7.184307658043161382e+01
7.103656327920846536e+01
6.838789111218004280e+01
7.129076327192218798e+01
6.891366703440942842e+01
7.325417977533575709e+01
7.474064821995973773e+01
7.150576513671276757e+01
7.587493451790409438e+01
7.615833603617373626e+01
7.015759475986973825e+01
7.435855122932846939e+01
7.222259718296830044e+01
7.331715371435915074e+01
7.582262220755148974e+01
7.437609258549468905e+01
7.437371649097285342e+01
7.217376878306579613e+01
7.549625484929750030e+01
6.918063644295993697e+01
6.965741157834551700e+01
6.960717316871591720e+01
7.477615524249092971e+01
6.991714028195457331e+01
7.265302438404127372e+01
7.562096400870140656e+01
7.407124904260219012e+01
6.799778525422163966e+01
6.849019861941356169e+01
7.376400082729894336e+01
7.133121952079882533e+01
7.382816389226212550e+01
6.934535844137529637e+01
7.156381587323852500e+01
7.072395837191224643e+01
6.944807574959860119e+01
7.299189416769945637e+01
7.041520457288811485e+01
7.475288347703157399e+01
7.726788152770869544e+01
7.175234856506307324e+01
7.083141363422177506e+01
7.443971355605263795e+01
7.539723346532493053e+01
6.863747416937769685e+01
7.324807802721980465e+01
7.809994045691921372e+01
7.240347555503102228e+01
7.359579299319347001e+01
7.296516122443452446e+01
6.934735550857467956e+01
7.669171133326828738e+01
7.251341410832975498e+01
6.810597487461026844e+01
7.376070832993670479e+01
7.273074541933416981e+01
7.257482617312277284e+01
7.782479112536432808e+01
7.066652091386069401e+01
7.401410023536068650e+01
7.332787288106270296e+01
7.213603351151883203e+01
7.600858581816902415e+01
7.200860402761560408e+01
7.226156793096373576e+01
7.048864129632261211e+01
7.264333100357039541e+01
7.825106007594055768e+01
7.186055377379048537e+01
7.700616429396457363e+01
7.440601152769971804e+01
7.430924810707222150e+01
6.802639114521863917e+01
7.379851468104203605e+01
7.191004961000831486e+01
7.520575759474004940e+01
6.888164965040235188e+01
7.651521423561581514e+01
7.412949098778219081e+01
7.223494939880599475e+01
7.165833155346123817e+01
7.305363565252038427e+01
7.317778718045430253e+01
7.239124195485827329e+01
7.241256192133015190e+01
6.759810979620029059e+01
7.447522009615195770e+01
6.932492463922264392e+01
7.241073057117161227e+01
7.277783654497903854e+01
7.099924029769852041e+01
6.817305603789776569e+01
7.717970074940618019e+01
7.151726156751188057e+01
7.009290569229840173e+01
7.319264737764858353e+01
7.607319260213816392e+01
7.126597727890082012e+01
7.491997706388899303e+01
7.283374451758943735e+01
6.793978006459978758e+01
7.258755482095490663e+01
7.061593794312108230e+01
7.289317788032666101e+01
7.249736253306778622e+01
7.120466618192673991e+01
7.090136362532605574e+01
6.981859594668674163e+01
7.074826766866573280e+01
7.290260929931797307e+01
7.117696947331685919e+01
7.609200204252850597e+01
7.024767239730682888e+01
7.391881575634943147e+01
7.283075743019966808e+01
7.296458679996766250e+01
7.481320444889040289e+01
7.154562357139364792e+01
7.057373894596844366e+01
7.124804596997321937e+01
7.098571398824428513e+01
7.054907085336748196e+01
7.593811093451078875e+01
7.167023526119835708e+01
7.438137768219822021e+01
7.407678011578640564e+01
7.277523982034522021e+01
6.932577907874355105e+01
6.972221075564951320e+01
7.485635431421943053e+01
7.064720030311583798e+01
7.255611842560233526e+01
7.412364610912842977e+01
7.135361171847766570e+01
7.112547731232713488e+01
7.458783829293835765e+01
7.343811382693561995e+01
6.846887199652574907e+01
7.096010213778818354e+01
7.369644535394959917e+01
7.068133805733047836e+01
7.636056709186055969e+01
7.248165726442327639e+01
7.633040136855458968e+01
7.046722124801981124e+01
7.282209540861634878e+01
7.430826820769991059e+01
7.146107575889969610e+01
7.464916235742606432e+01
6.947885077049267011e+01
7.436244145312286946e+01
7.385127191084143305e+01
7.273122788571836850e+01
7.251888266707277353e+01
6.830284498303440444e+01
7.327791829644773713e+01
7.260503979421312692e+01
7.516826592720806843e+01
7.503211775047240906e+01
6.893554158714349001e+01
7.232899806950855748e+01
7.174153802627158427e+01
7.255346046870309351e+01
7.120918055261105906e+01
7.066551864767328084e+01
7.167509731477638013e+01
7.296555510935438349e+01
7.649717172531721587e+01
7.137732663520684184e+01
7.160973413014534117e+01
7.710826236796634703e+01
7.267008789002747449e+01
7.154132395096787889e+01
7.712458385629565782e+01
7.309015546737370528e+01
7.029495899618864030e+01
7.212137329819083220e+01
7.055280067766211971e+01
7.378548505665298762e+01
7.384647376230542193e+01
7.296431620736734658e+01
7.130155947941591421e+01
7.420418924254201443e+01
6.972780569540124418e+01
7.421032317901317299e+01
7.260430936708687000e+01
7.593781677357510773e+01
7.179013337618788171e+01
7.406211556855507183e+01
7.361601470361547683e+01
7.348923274396878469e+01
7.349902270380796665e+01
7.773261883642091163e+01
7.342107764227013433e+01
7.152098246034458384e+01
7.428911470747044632e+01
7.137823283432861388e+01
7.226978185001196664e+01
7.200940478360034547e+01
7.422506345401863825e+01
7.423808671482807142e+01
6.781483668471467752e+01
7.415201662287877582e+01
7.098653230690339910e+01
7.067038205917235416e+01
7.241730945374726502e+01
7.389696694989221726e+01
7.641715212640501420e+01
7.034194261549929195e+01
7.019400198906146215e+01
6.946410141321690901e+01
7.695873847132399703e+01
7.172122416294195091e+01
7.277793367569766758e+01
7.129553238281522454e+01
7.150709489277718944e+01
6.914969092032900733e+01
7.052410998484468507e+01
7.022193830861037611e+01
7.373515793623244008e+01
7.371896224112130369e+01
7.204954405283244512e+01
7.112888321791544399e+01
7.049395701064662489e+01
7.390123948758369465e+01
7.241981507876495527e+01
7.578139290107148440e+01
7.107042010528405740e+01
7.502345882364585350e+01
7.434772621565544171e+01
6.954745809514341204e+01
7.498600616003093933e+01
7.396280096199606646e+01
7.242236457471564393e+01
7.590431527644133780e+01
7.561438715016024048e+01
7.142273125480426188e+01
7.093119712387242259e+01
7.295484577760100819e+01
6.812829972995936600e+01
7.244967174570821555e+01
7.532146891101695019e+01
6.968176710688173614e+01
6.842296409750717601e+01
7.162034756854637862e+01
7.125591435253073769e+01
7.205777666294288508e+01
7.253014863931754519e+01
7.380885389739374602e+01
7.439374305142806065e+01
7.337183687363196327e+01
7.285409703874725551e+01
7.385592108184593485e+01
6.862183900323651642e+01
7.352301979826364686e+01
7.205918350816763507e+01
7.259607761498048717e+01
7.369074100204620947e+01
7.123815399464213272e+01
7.505814019144170857e+01
7.196892780010858814e+01
7.355130585694750778e+01
7.315683614065419249e+01
7.049926563571439431e+01
7.543377468803873853e+01
7.166626927428158922e+01
7.206140642491430981e+01
7.191714202644207887e+01
6.983168607918544524e+01
7.163943075176972286e+01
7.144435747887716559e+01
7.228302960458798054e+01
7.483783483447831486e+01
7.309448122479410870e+01
7.573504218952724898e+01
7.131494693861779410e+01
6.997458526356639652e+01
7.071590117850897173e+01
7.177815861238606487e+01
7.477541794660196217e+01
7.002145655423112203e+01
7.083100579174023892e+01
6.624153223794850476e+01
7.515328608460345094e+01
7.233987913035429074e+01
7.379557351879331861e+01
7.489460093627228332e+01
7.087555823348303363e+01
7.642824484434532906e+01
7.366001207222146263e+01
7.515629107467718484e+01
7.667168076699636003e+01
7.363297252137964222e+01
7.038676220967491304e+01
7.102009648284385435e+01
7.590860454670013269e+01
7.438458797695039948e+01
6.940352297233519607e+01
7.331348334244779608e+01
7.374587459294606617e+01
6.799615015233872839e+01
7.278712113729065436e+01
7.534437421251519140e+01
7.548868635200872745e+01
7.155311025389553947e+01
7.117346290095420613e+01
7.246767048198155692e+01
7.191864911518271697e+01
7.172300015615221014e+01
7.197749795210262391e+01
7.359760982013655450e+01
7.383701148413744875e+01
7.238663143897194630e+01
6.985270476351918489e+01
7.472535375481363928e+01
6.950486065539055858e+01
6.990630339492682310e+01
7.468550082334066076e+01
7.180484798618495290e+01
6.878009165463183194e+01
7.358735272638242009e+01
7.093760254617095029e+01
7.288713661365356700e+01
7.300603881444665433e+01
7.217951784090324452e+01
7.364701103134116522e+01
6.999335849749022032e+01
7.549921275059250547e+01
6.947078608826207358e+01
6.838517466851111237e+01
7.199704212155903349e+01
7.989717877186582484e+01
6.741569022696518232e+01
7.360908676401201944e+01
7.458713670170563148e+01
6.946028248954058881e+01
6.987862413299399122e+01
7.283304892495273464e+01
7.510441634604202932e+01
7.051822758368025745e+01
7.204439683697101771e+01
7.256159171101111838e+01
6.987915955174727856e+01
7.182870468343321591e+01
7.386848094529679543e+01
7.445345995425086016e+01
7.127456171480528724e+01
7.211794248516804373e+01
7.146096406217934316e+01
7.040658452041415671e+01
7.201235076072734387e+01
7.449013615586819981e+01
7.414470285772934233e+01
7.149912970371413223e+01
6.923206077922148438e+01
6.772533956191277582e+01
7.180404276630447669e+01
7.640405475536846325e+01
6.984739862156075674e+01
7.443522076318656389e+01
7.655758948632470151e+01
7.397161944267739386e+01
7.269168178432620664e+01
7.123568326305726828e+01
7.031728065877476297e+01
7.255357806411709021e+01
7.167750768362871838e+01
7.176408083136418270e+01
7.016651814243726903e+01
7.204203794335697353e+01
7.326629189261328179e+01
7.472716778077713684e+01
7.522490214955332988e+01
6.999948944902035919e+01
7.110928405759069904e+01
6.870430081381705634e+01
7.371051835329112123e+01
7.321366782749583990e+01
7.352812438564930630e+01
7.225668487925499051e+01
7.438631971108735286e+01
6.879465689799879158e+01
7.378428620452497455e+01
6.923086374155170120e+01
6.786246875819971081e+01
7.330579492711410694e+01
7.160953600903346228e+01
6.925766387293123216e+01
7.214334757934864228e+01
7.150039753460423242e+01
7.211010093090114026e+01
7.489537130186397462e+01
7.348779973503512508e+01
7.486006649186865047e+01
7.174278157494804020e+01
7.529358707290376174e+01
7.305741860023562140e+01
7.148539194652057915e+01
7.340516523100079382e+01
7.515514611091454356e+01
7.333846078427706061e+01
7.348866743208138530e+01
7.505965727566177748e+01
7.393045848808148435e+01
6.864915858992686992e+01
7.385869598035752404e+01
7.262917513883161291e+01
7.100003470208545764e+01
7.539546282105969510e+01
7.466695186742755652e+01
6.932713149560279930e+01
7.359197985831900723e+01
7.266376456461740929e+01
7.134825650566691024e+01
7.508834493711887603e+01
7.409414490010851750e+01
7.269806677354748103e+01
7.350479827019785262e+01
7.343591515256268565e+01
6.992170754052675363e+01
7.241657506891368712e+01
7.209146611279375350e+01
7.433276646515533059e+01
7.436728866659127846e+01
7.252636762744317878e+01
7.125778933227864798e+01
7.613386327837075385e+01
6.927972679484902585e+01
7.451949888820793433e+01
7.475482524632870707e+01
7.792653877048448408e+01
7.154227132780839327e+01
7.819260737287062568e+01
7.175904600690425639e+01
7.178652074727531840e+01
7.364702648432826493e+01
6.867177959951530397e+01
7.312833772958924783e+01
6.771873553342138052e+01
7.026357797885050616e+01
7.478889643661428011e+01
7.055457151952668937e+01
7.505486608398433646e+01
7.169108271372088836e+01
7.007374013680845337e+01
7.072964048502595347e+01
7.197515372153944213e+01
7.318344741026791667e+01
7.408321793153476165e+01
7.777785776481658786e+01
7.095454151001065668e+01
7.154122689692938764e+01
7.247429803970818796e+01
7.454395148095458978e+01
7.129359371672560997e+01
7.244695346444893858e+01
7.532708648642383764e+01
7.388826416888903736e+01
7.352861540309787358e+01
7.066031060295637189e+01
7.249291486311335575e+01
7.334136556419981900e+01
6.867126150923658656e+01
7.193266549026816392e+01
7.171608309536604509e+01
7.276788898497322577e+01
7.337401509655290965e+01
7.255173257327265901e+01
7.590000579270407854e+01
6.739839353244298081e+01
6.917177557174599656e+01
7.242714555062003967e+01
7.211228980243492970e+01
7.458791515253130910e+01
7.425106157141924257e+01
7.236028087799891750e+01
7.257514697941329018e+01
7.228041372559552258e+01
7.330218196115076523e+01
7.062306992556993634e+01
6.915325251619364622e+01
7.428196618246957428e+01
7.421126101981862178e+01
7.127692313388658363e+01
7.263070026245277688e+01
7.388648857351057586e+01
7.257844673387627665e+01
7.446971595176825076e+01
7.017744698871379683e+01
7.333034135685359445e+01
6.828223802966184053e+01
7.149972744386637657e+01
7.327595928309378337e+01
7.147424517431811353e+01
7.384474003238285889e+01
7.199298975996586591e+01
7.491586041952712094e+01
7.377617227898900865e+01
7.337038978170910752e+01
7.115369307843913305e+01
7.108561127921392142e+01
7.440108010946885031e+01
7.539639625778077914e+01
6.922984042396367954e+01
7.404536771111742155e+01
7.159382828659148856e+01
7.256157303687567151e+01
7.573309209382573215e+01
7.168511035593539305e+01
7.772884165499043263e+01
6.982439605932489712e+01
7.163476083006874262e+01
7.337799093756621005e+01
6.993438641476352302e+01
7.183288637215424899e+01
7.169193758441036834e+01
7.663021769967829755e+01
7.374472281243092198e+01
7.099293392894078636e+01
7.091313061362940573e+01
6.728488118881635671e+01
7.529058296738890022e+01
7.147218701770462701e+01
7.503148826041058328e+01
7.415103595971463335e+01
7.120852964611444236e+01
7.355826600429730888e+01
6.947221950031284621e+01
7.287742745497011754e+01
7.212844218396257645e+01
7.179052911961341010e+01
7.346249693186132390e+01
7.260536204706474450e+01
7.597270829346309995e+01
7.242861044548743621e+01
7.924857848351891221e+01
7.450876106584490799e+01
7.070669547847076331e+01
7.323989231732758753e+01
7.568582550678388543e+01
7.314492183255158864e+01
6.908024835861463941e+01
7.123561203689352794e+01
7.074467948727428279e+01
7.749755401318523695e+01
7.258574158438013058e+01
7.466200943439967830e+01
7.131956353063459630e+01
7.089880670766645210e+01
7.848131142578931474e+01
7.119250524761405075e+01
7.091053060722398982e+01
7.349481470226737656e+01
7.300535432495520638e+01
7.278182187143704596e+01
7.463572421972862969e+01
7.725679576442976781e+01
7.200171466828584244e+01
7.066671999962514406e+01
7.313356724628097538e+01
7.488615534423358611e+01
7.289982736528061480e+01
7.122411832578359281e+01
7.122829240814752438e+01
7.618103498900138959e+01
7.249773339131859018e+01
7.033984057652506294e+01
7.151280262289837708e+01
7.049250729836037976e+01
7.562586389288371436e+01
7.117423085331519417e+01
7.616550222500848122e+01
7.355991401347365866e+01
7.070676210387492233e+01
6.670133804866568994e+01
7.742890851771483085e+01
7.555078667751696742e+01
7.001511841733862695e+01
7.343169867544426666e+01
7.166706234991012536e+01
7.463492741067531711e+01
7.319219621988739277e+01
7.459271715491945542e+01
6.938696810008239879e+01
7.113038922039505962e+01
7.066571347247241874e+01
7.488770159611928534e+01
7.342306916940839301e+01
7.277666313610728821e+01
7.289392290110204442e+01
7.325204389007478767e+01
7.055973969700605153e+01
6.900110683435588044e+01
7.387533337481579565e+01
7.284453048278103893e+01
7.330446775745761556e+01
7.150860047895979221e+01
7.312726464112846259e+01
6.947006006913153442e+01
7.109527497624699777e+01
7.387045884456537692e+01
7.325931924320444466e+01
7.066623948384585674e+01
6.957416513735924468e+01
7.200691495036546996e+01
6.969501128229273945e+01
7.340533651913422375e+01
7.375275315428169165e+01
7.495541505230605139e+01
7.151909609886001817e+01
7.237461363563818395e+01
7.279248481124298564e+01
7.405800309116159497e+01
7.165106665058944202e+01
7.271937629944848425e+01
7.481348281525559685e+01
7.316884083413874862e+01
7.098732871445508863e+01
6.781680306222271781e+01
7.010186614426130802e+01
7.213065584801623231e+01
7.364223113108400298e+01
7.446514445974599994e+01
7.070935218763065677e+01
7.114214605564231420e+01
7.509921646883199742e+01
7.243535442970261329e+01
7.254143459228504298e+01
7.001154374813424397e+01
7.288186879189063916e+01
7.438742207467910816e+01
7.626491540193549667e+01
7.253269638304927014e+01
7.145511577510785628e+01
7.199182923328702088e+01
7.216624444107014824e+01
7.279793626336733325e+01
7.545997756606115558e+01
7.520536355425095110e+01
7.388342818097243025e+01
7.125805097162950119e+01
7.126808861599968736e+01
6.970282268487731869e+01
7.583184907332744729e+01
7.221622910160827757e+01
7.012579453998904455e+01
7.180750151182262186e+01
7.539849089906937252e+01
6.762484113718826961e+01
7.130851886956062913e+01
7.417433594077265013e+01
7.104316035459805789e+01
7.445437134814294211e+01
6.962624411661836632e+01
7.301629342085901442e+01
7.556622208978160415e+01
7.348864656160637310e+01
7.042858442614610226e+01
7.049211656123148373e+01
7.553930199019417557e+01
7.004674249465958269e+01
7.155702618612424715e+01
7.473477477804679836e+01
7.341895575407951924e+01
7.598037092028070560e+01
7.221333263117004719e+01
7.362646274718932204e+01
7.145091029722910037e+01
6.945329624610062069e+01
7.273919385385089242e+01
7.192000890929912771e+01
7.163456616804421628e+01
7.102903568870610229e+01
7.596151246714759964e+01
7.412585693585806723e+01
7.016073076652052976e+01
7.291574509272426496e+01
7.390784920822871129e+01
7.496684975224893321e+01
7.655677146713206582e+01
6.943483983016672312e+01
7.524573446934788024e+01
7.256443668998913665e+01
7.269045722873086390e+01
7.189430100049520433e+01
7.344428042672109314e+01
7.420913367071105426e+01
6.974234181486738748e+01
7.429960695653937819e+01
7.184509278393733211e+01
7.413734903666593823e+01
7.038121753744232478e+01
6.933040240287661504e+01
7.411009713416855504e+01
7.797295366824445750e+01
6.774934175990634344e+01
6.915201490045042476e+01
7.227356628171095565e+01
7.155917559235238912e+01
7.222378424288598353e+01
7.186296575923373098e+01
7.318725197616446110e+01
6.989374640921252535e+01
7.211844983693171685e+01
7.407814550466153491e+01
7.356364809651319092e+01
7.274556818205989828e+01
7.071091929648869723e+01
7.490238655151347302e+01
7.649508574313864528e+01
7.480609798179548875e+01
7.085377110258947653e+01
7.090958161848952557e+01
7.258484361141165664e+01
7.664234529340538415e+01
7.216748908887059599e+01
7.162911946793127527e+01
7.424067847782232832e+01
7.575406868807945671e+01
7.059111113636143386e+01
7.093375519471099722e+01
7.352781220544750340e+01
7.008532692100229156e+01
6.941903116541558916e+01
7.224007018292746807e+01
7.114930580912263736e+01
7.258099595793999015e+01
7.051164924035713000e+01
6.985882925822552636e+01
7.467329694355251490e+01
7.300600256957937972e+01
6.896438357714720269e+01
6.991148107003958501e+01
7.437792737151653455e+01
7.381139872155537773e+01
7.248434543064715285e+01
6.937970057356149312e+01
7.031492940910534628e+01
7.184415675305841376e+01
7.306555249517546713e+01
7.209970050271660114e+01
7.599369223565770426e+01
7.671307767174921821e+01
7.009371064029492970e+01
7.283683773177610021e+01
7.381139794807289434e+01
7.086889040187945454e+01
7.216567475998230918e+01
7.248038980065663850e+01
7.408316943451842462e+01
7.370977901148886247e+01
7.089461551471060829e+01
6.924665615968081056e+01
7.732325351763199706e+01
6.925240714013696675e+01
6.828616200706926520e+01
7.316962823889741685e+01
6.827424242687841627e+01
6.938737466100548090e+01
7.056774896409788767e+01
6.918835400293481541e+01
7.157092343814333901e+01
7.237911455478061384e+01
7.099402950360810394e+01
7.015708909381903879e+01
7.138966995232974000e+01
6.788686645939606024e+01
7.286875640526653797e+01
7.415513669532862195e+01
7.364775589893218921e+01
7.126671191083369195e+01
7.475954669312793044e+01
7.328487580682913460e+01
7.054704183736743062e+01
7.286866894621356039e+01
6.951609362428025918e+01
7.411867314784251448e+01
6.904079115376877951e+01
6.956670106244301621e+01
6.862414242885104443e+01
7.078974824690175183e+01
6.788562930869035483e+01
7.401907526964960482e+01
7.331927751032549168e+01
7.441825173147297789e+01
7.237470186959708940e+01
7.260883984173207750e+01
7.379965095528946506e+01
7.379211715700043328e+01
7.276803610663148447e+01
7.165593083548644415e+01
7.094123400143229219e+01
7.421053830695767317e+01
7.426652498290759752e+01
7.155190691403448966e+01
7.404706012105235402e+01
7.293262351577786262e+01
7.228120028964924870e+01
7.278526530266904615e+01
6.896961620174931795e+01
7.396404664974298271e+01
7.224696548060762780e+01
7.300239539861375704e+01
6.823759321397453448e+01
7.055252001543549056e+01
7.755954203871641539e+01
7.057694833226065612e+01
7.107514436556351711e+01
7.222643219409313531e+01
7.383827540115974841e+01
7.150015158765151568e+01
7.342037443658387019e+01
7.754386282701132416e+01
7.486030786370861279e+01
7.028777843545466908e+01
7.520147015258281442e+01
6.979645011816522526e+01
7.275772142573325141e+01
7.254002460409431308e+01
7.282274518489255399e+01
6.974132784825550857e+01
7.520277553881363986e+01
6.941678544724351241e+01
6.988053957494872748e+01
6.992434256869913156e+01
7.091745392420990868e+01
7.144785110130462158e+01
7.616058983780877156e+01
7.578841664800377487e+01
6.821763278043836465e+01
7.201710386683843979e+01
7.072727694177061153e+01
7.043157423357499169e+01
7.327991865295551577e+01
7.295529600330607423e+01
7.158391295228551598e+01
7.623775643080998066e+01
6.956953285389981545e+01
6.994485091418327727e+01
7.048216629521647292e+01
6.884435008476977202e+01
7.520453496920569592e+01
6.928525779868544987e+01
7.495109377276186535e+01
7.423458075796980893e+01
7.477314643705102526e+01
7.019345677218566948e+01
7.369436869235364895e+01
7.132711934447762303e+01
7.291134216996917417e+01
7.597080307152461387e+01
7.317466357579475300e+01
7.240491855139505617e+01
7.476608023703558104e+01
7.302889481478423761e+01
7.447358323398583480e+01
7.151801591875219799e+01
7.163181234989995971e+01
7.057076913101644777e+01
7.355503157355958876e+01
7.533836143028054266e+01
7.346809807219709398e+01
7.817625427151332929e+01
7.670337532082426435e+01
7.228645226200679019e+01
7.236754892071405720e+01
7.093757116297906862e+01
7.379003143190806213e+01
7.073994430413597456e+01
7.238462568388781904e+01
6.965557961261157516e+01
7.483558418253615230e+01
7.048621439276891465e+01
7.260507272018502078e+01
7.366287708347947216e+01
7.057376912373729283e+01
7.678652007015898562e+01
7.030111356445630122e+01
7.482218574612193152e+01
7.318227174048799100e+01
7.122155006620511131e+01
7.094659219859660482e+01
7.440472132201644229e+01
7.203119902206508129e+01
7.074047420699663746e+01
7.022906789536129679e+01
7.214759598207626823e+01
7.024077258262094858e+01
7.471017701956077417e+01
7.180098105704594502e+01
7.270542757544819779e+01
7.096976225524802828e+01
