1.351270864407036072e+02
1.348902639931220335e+02
1.305526622257255553e+02
1.326905141050783925e+02
1.355425229975344621e+02
1.322839903154308274e+02
1.298371875843066903e+02
1.326607640892049460e+02
1.244238177577589539e+02
1.352793086436603289e+02
1.358397372746324834e+02
1.362824381627585240e+02
1.389022727187251860e+02
1.318130377945953740e+02
1.332212907525461958e+02
1.315776863824889347e+02
1.314973072409231634e+02
1.274861267354083907e+02
1.263820416664966046e+02
1.329135824045743846e+02
1.256750072972140799e+02
1.314318693195995991e+02
1.341339037995139734e+02
1.268052302348009306e+02
1.296534671486541015e+02
1.270815223518900581e+02
1.254390527971296194e+02
1.326554203097013556e+02
1.315037718539294076e+02
1.298147881123494187e+02
1.352516927023974063e+02
1.318642641850822201e+02
1.295947002234324827e+02
1.277424063423229796e+02
1.278784763768566108e+02
1.303913635981196251e+02
1.278083619101947761e+02
1.332258301249148076e+02
1.256976788926641575e+02
1.354760081694804512e+02
1.314184297055041100e+02
1.321225838121598031e+02
1.258909066879476626e+02
1.328417877790380146e+02
1.259393734940112211e+02
1.343290272267511796e+02
1.340187038232677992e+02
1.301079834009958063e+02
1.312460889743934445e+02
1.339462889563147883e+02
1.332874957048525459e+02
1.332475430763619784e+02
1.328147560616910710e+02
1.311395293740908130e+02
1.292286094870782449e+02
1.372870206424661319e+02
1.306768099087956614e+02
1.310307092981606445e+02
1.295685337075349821e+02
1.308934110860164992e+02
1.343270601549710364e+02
1.328258484433629576e+02
1.363972713625016127e+02
1.341316894461521656e+02
1.258263164304587889e+02
1.270342312065947397e+02
1.340169238745966709e+02
1.307092791203094180e+02
1.347580392834035194e+02
1.304027060770726507e+02
1.304271772956491589e+02
1.291451081047554794e+02
1.362116464683032291e+02
1.327367287167998882e+02
1.308716222439047954e+02
1.305112718348756005e+02
1.366636364186269361e+02
1.279336284879642847e+02
1.318639708468043068e+02
1.295117741571132228e+02
1.319333205561815419e+02
1.371846532395311158e+02
1.368831424990193852e+02
1.294420411024028965e+02
1.348539096735498219e+02
1.304139965503751739e+02
1.281959284997363682e+02
1.311300969323825427e+02
1.316287194793106607e+02
1.353142615207752897e+02
1.310032542189782134e+02
1.312635958663380791e+02
1.308278058774862700e+02
1.312209667709132077e+02
1.288538973633464195e+02
1.329599193905001755e+02
1.334575149207460072e+02
1.287286582374296131e+02
1.342313133669131275e+02
1.285966128998958027e+02
1.291049197278318843e+02
1.350131341083272218e+02
1.329191641252256204e+02
1.319570708401349179e+02
1.317105491692176145e+02
1.325481695339124997e+02
1.284935303982897778e+02
1.306899119441422386e+02
1.279547593395153910e+02
1.354816533712899229e+02
1.322066813102910885e+02
1.387190217368681999e+02
1.360648741498510503e+02
1.339453010353716138e+02
1.303313583040774120e+02
1.348872540595805845e+02
1.253232825068087664e+02
1.351865699213084326e+02
1.332285113548577726e+02
1.315379133194526560e+02
1.312266663148275541e+02
1.293144607752768422e+02
1.269202331324514432e+02
1.272120793544305997e+02
1.323789216337981713e+02
1.333293442265159001e+02
1.328916574647491586e+02
1.306181555610420730e+02
1.291483808123791448e+02
1.246413012672139615e+02
1.275851635736720482e+02
1.295781863523805555e+02
1.280812742904581398e+02
1.271405672073061766e+02
1.260769823831287226e+02
1.299960711845557455e+02
1.277925626498709732e+02
1.308853582312884782e+02
1.359698553063432200e+02
1.333092377415473209e+02
1.334754920565921168e+02
1.300779819801300619e+02
1.209610840147352917e+02
1.308269905895407135e+02
1.280967076052885147e+02
1.375918267313461740e+02
1.324778024777638450e+02
1.306661127296225402e+02
1.318159996801912257e+02
1.281536701160298435e+02
1.324727990547238505e+02
1.280854688838024060e+02
1.208085835263013337e+02
1.369251587645265431e+02
1.319347975923636511e+02
1.311987094671108025e+02
1.340005943504398545e+02
1.314653167946249539e+02
1.249022256796815640e+02
1.313063607770561134e+02
1.330260857908427283e+02
1.300280198885191965e+02
1.300340366305672433e+02
1.304173494503065456e+02
1.334778390520185098e+02
1.323720665076093042e+02
1.327246560944507792e+02
1.305600813912161016e+02
1.318593025181728251e+02
1.330703731825803970e+02
1.331263581724157916e+02
1.308383732325125663e+02
1.343878956786977028e+02
1.311847354224231594e+02
1.274683666625405607e+02
1.341016418868068740e+02
1.309701609398887570e+02
1.260623297982688058e+02
1.390994427135357228e+02
1.341129226875302436e+02
1.318235536401109869e+02
1.382185740797072242e+02
1.290835757894252538e+02
1.297464484294253850e+02
1.339087748389277408e+02
1.353757206463156990e+02
1.364249405183041119e+02
1.338723614168947620e+02
1.303763925411009836e+02
1.311439608030875377e+02
1.248087444615016750e+02
1.287167566204616094e+02
1.298303785606723011e+02
1.311387652878206609e+02
1.294264310290166407e+02
1.331488867619229097e+02
1.305470255924606988e+02
1.312681137052390170e+02
1.284402928009415632e+02
1.329159533263346020e+02
1.348201363539223223e+02
1.342490471225212048e+02
1.300752472742371424e+02
1.365984897224644783e+02
1.357839700316823439e+02
1.350450343289379020e+02
1.296071886701826088e+02
1.352509703588255547e+02
1.273689004993888005e+02
1.325826455756344160e+02
1.295499213294150138e+02
1.278516561410015981e+02
1.374915083873396497e+02
1.371790260328617990e+02
1.256049125972102587e+02
1.291707640610202077e+02
1.371975800318361962e+02
1.285984741054455753e+02
1.375391953695575467e+02
1.324241922871787551e+02
1.326936510739184314e+02
1.228386229103718961e+02
1.299053506046811322e+02
1.321821530246725729e+02
1.321062740733904377e+02
1.381953651146389177e+02
1.340723421800852009e+02
1.329495639442821471e+02
1.372411956826099413e+02
1.303659431909076716e+02
1.315755507303319405e+02
1.342808716676918834e+02
1.310046770077794065e+02
1.290082632398836040e+02
1.328065006015274037e+02
1.335414788860734063e+02
1.302090452963612108e+02
1.323077147736182155e+02
1.267176800950411177e+02
1.367131640176465623e+02
1.362475379751001014e+02
1.380563789701170663e+02
1.283193523202304789e+02
1.343580635101918404e+02
1.291377740082647279e+02
1.332188638277743564e+02
1.400164671549092645e+02
1.313575160636672479e+02
1.283635089527832918e+02
1.311439966147410985e+02
1.337918281690962203e+02
1.335648121957494254e+02
1.361437066945126446e+02
1.289015802307725380e+02
1.282450131271484679e+02
1.319300748015351417e+02
1.275286192278319959e+02
1.290471292188900065e+02
1.316676216972101656e+02
1.292913770832384444e+02
1.227221974411125842e+02
1.346554865332244617e+02
1.284908184404142162e+02
1.295809652330169683e+02
1.291322672229112527e+02
1.301172525934030091e+02
1.315977807282615686e+02
1.284472071120219994e+02
1.340189399815088507e+02
1.371326849671621062e+02
1.356357875820559400e+02
1.319811268599640357e+02
1.376993239316630593e+02
1.318462847502977127e+02
1.311958446973783907e+02
1.323938149656493408e+02
1.297733377262467229e+02
1.285781119817290232e+02
1.363830677777026779e+02
1.290515055751274929e+02
1.251940934298037291e+02
1.290635773655559149e+02
1.334714435644840762e+02
1.264255169898662956e+02
1.299773264507975057e+02
1.301878990267699123e+02
1.303613611988136540e+02
1.290168515982267934e+02
1.252316840985793931e+02
1.255840394471708237e+02
1.330222753491320304e+02
1.357593485141277085e+02
1.315186712435075265e+02
1.336037546239957976e+02
1.357236667881016672e+02
1.316062254697831975e+02
1.306626694440560073e+02
1.340342894464171764e+02
1.348431806857784920e+02
1.298482390483425490e+02
1.316920602178394120e+02
1.239979059259310077e+02
1.337906773818899353e+02
1.277858561854834676e+02
1.233737248409306062e+02
1.252592733038498523e+02
1.342150931222504084e+02
1.285353180650664342e+02
1.319311934718490988e+02
1.294028516203313757e+02
1.301364186726964647e+02
1.279778985370030000e+02
1.305574159271293411e+02
1.284954495941479422e+02
1.312022623706707805e+02
1.286820186317607693e+02
1.330439560220970634e+02
1.375882686626768248e+02
1.364842981917684313e+02
1.336943232596657936e+02
1.364818595862286372e+02
1.318612469969712038e+02
1.345568633021738947e+02
1.344784149705967025e+02
1.319461786297314063e+02
1.301523897079481742e+02
1.307130427084000246e+02
1.336042297572660118e+02
1.315808565640453764e+02
1.328283250071850716e+02
1.324669297013844869e+02
1.267731863489086805e+02
1.289009203547209097e+02
1.328489655898973751e+02
1.357140550603634210e+02
1.284486216310882867e+02
1.298643069200795708e+02
1.346981896153061200e+02
1.342101460841040250e+02
1.279612106962828193e+02
1.321862825083184418e+02
1.372774657659466300e+02
1.291099285383729978e+02
1.321686069008952984e+02
1.295720204446251955e+02
1.288084367200114286e+02
1.289847291459675773e+02
1.310782213841305577e+02
1.300588018931287593e+02
1.374240577682436424e+02
1.294045038148090896e+02
1.306640784612563948e+02
1.301151306232908667e+02
1.316155469930602067e+02
1.275859419233817249e+02
1.347366935510207782e+02
1.361638239383810571e+02
1.266441411076820174e+02
1.262531563813551116e+02
1.342764284814045936e+02
1.354620305044853978e+02
1.373999439751413547e+02
1.295115542560260735e+02
1.311243479550523716e+02
1.314402078621546650e+02
1.318107559557036836e+02
1.349540078925689102e+02
1.269992533893884570e+02
1.352545847089270978e+02
1.286052895901071906e+02
1.276035196185086846e+02
1.334239536383962559e+02
1.339629852927255627e+02
1.278905364010273615e+02
1.257942513011657013e+02
1.294465279426864868e+02
1.309090105829916695e+02
1.279145165859580402e+02
1.339891350873184876e+02
1.296254786520669029e+02
1.317654529379279609e+02
1.303399070530151391e+02
1.353234619231903650e+02
1.326102006697336719e+02
1.321430662565695968e+02
1.362421623578736103e+02
1.377638674030914672e+02
1.249112568281933591e+02
1.227127495937203889e+02
1.275261322382167037e+02
1.288606040792070928e+02
1.350954551866022939e+02
1.326655962005691833e+02
1.347591618027092295e+02
1.326928766332016778e+02
1.328682811766571774e+02
1.315043420014335993e+02
1.310254552976005016e+02
1.272526374685773760e+02
1.308323483999133146e+02
1.311334667206683378e+02
1.281558025258946714e+02
1.340751004142535123e+02
1.332734171442241689e+02
1.371792416452849181e+02
1.360206423283075878e+02
1.323335162018357209e+02
1.348457231194136057e+02
1.340025202223914107e+02
1.316687276556830284e+02
1.329863055200027588e+02
1.302424535721937389e+02
1.344467602585702934e+02
1.354111863070559991e+02
1.317372180817720562e+02
1.338284418095679200e+02
1.333236269848918312e+02
1.298494068243040545e+02
1.331990733798579640e+02
1.294882167919656411e+02
1.308649026029085576e+02
1.320616791493807227e+02
1.295754378827298297e+02
1.341537633242057552e+02
1.294421999880077010e+02
1.316829972351882247e+02
1.290131272056448779e+02
1.293994419357237007e+02
1.321876326827310777e+02
1.347013125827289457e+02
1.339620005502629851e+02
1.294148918259134859e+02
1.349800525052336582e+02
1.289042208777512997e+02
1.313831369645064910e+02
1.354782761670643083e+02
1.288136322497657034e+02
1.342201698503910450e+02
1.315234697332468556e+02
1.255532911783147370e+02
1.386736526845865569e+02
1.362396093240045332e+02
1.319150881145194489e+02
1.324134525532205942e+02
1.335485087298459632e+02
1.353966878208906053e+02
1.297280579278175026e+02
1.346885495197315663e+02
1.258843186990453802e+02
1.261679202866692577e+02
1.296349421415533243e+02
1.292368513023548928e+02
1.307110623694074150e+02
1.331929611583725261e+02
1.321479048456903911e+02
1.328829197031508613e+02
1.304675363244702453e+02
1.337960491503557137e+02
1.318940872786754426e+02
1.286791585063463970e+02
1.306321174849272495e+02
1.327951710326377111e+02
1.330448030140178446e+02
1.335789805116194771e+02
1.355299205531157440e+02
1.393946526875393204e+02
1.250214714550412509e+02
1.313068790873458056e+02
1.316289348686430287e+02
1.285157897331019115e+02
1.353413293972185727e+02
1.311531245989870911e+02
1.305097811330786044e+02
1.356520517920103259e+02
1.311832530345688781e+02
1.338089696570365277e+02
1.330496263673678072e+02
1.344522677296637596e+02
1.259429242200718875e+02
1.383350921759111145e+02
1.290499650885153073e+02
1.343114711869354494e+02
1.309412918436177620e+02
1.351827758384214633e+02
1.344950143590776008e+02
1.303365812102068162e+02
1.278919665988372998e+02
1.351629163197301864e+02
1.310855360919220800e+02
1.379501908314538525e+02
1.272554297596764599e+02
1.315536191644173698e+02
1.350037440167891702e+02
1.343026235428311850e+02
1.357798271716745830e+02
1.301546869460437108e+02
1.325094956252771681e+02
1.330257779123107582e+02
1.362367434267768544e+02
1.306196201169953497e+02
1.311694744103749315e+02
1.332106911222471695e+02
1.340859007031189662e+02
1.312462610312765889e+02
1.246610761343081322e+02
1.360892682528832154e+02
1.377934459495274950e+02
1.274865389655042236e+02
1.310706362317714309e+02
1.259400738939218058e+02
1.379446413832415317e+02
1.370834081985902060e+02
1.380251800889362244e+02
1.332743002394614678e+02
1.296581827639925848e+02
1.342354687244024376e+02
1.312491372265070027e+02
1.299584918362331507e+02
1.395006305910989113e+02
1.331045864058047243e+02
1.354135572847438311e+02
1.284465055331978078e+02
1.328792093946584885e+02
1.291607437412754109e+02
1.268356951881809209e+02
1.348846258402620606e+02
1.305743770144117377e+02
1.325408602191412513e+02
1.284543327373642114e+02
1.321421571482871684e+02
1.274565567884882995e+02
1.321136476374928748e+02
1.357527073255394896e+02
1.262168409198322507e+02
1.374480422216979889e+02
1.313303070455914678e+02
1.301415149152669812e+02
1.313211617648376546e+02
1.328805221859650487e+02
1.306618516404293757e+02
1.356797047942822303e+02
1.312721161686036169e+02
1.360020944320549177e+02
1.355422931426810180e+02
1.374674361038783843e+02
1.303606787196417827e+02
1.341670886276199326e+02
1.273176545014630534e+02
1.221000131274105058e+02
1.279213319970125582e+02
1.314198505815966485e+02
1.298514963207082928e+02
1.322787477705535082e+02
1.320073456492137041e+02
1.322937827015172161e+02
1.340024984637668410e+02
1.357839070613159436e+02
1.328862956280541425e+02
1.301809951936824916e+02
1.258214566512155699e+02
1.363718256471634334e+02
1.408355534402469971e+02
1.304253054385859798e+02
1.311626122524650668e+02
1.363305964157081007e+02
1.373732483792141750e+02
1.272463278158176934e+02
1.406855405420176623e+02
1.330110310092066186e+02
1.391987214154061974e+02
1.289263463896435269e+02
1.333462454432006155e+02
1.341481526801015889e+02
1.338335574461923727e+02
1.336142554362486976e+02
1.309142315928237679e+02
1.293807639220087253e+02
1.256579289470322323e+02
1.348847508721074178e+02
1.349341185845525786e+02
1.312464318822015059e+02
1.325895775968236308e+02
1.365739629997229656e+02
1.306043738598812638e+02
1.226096787679208120e+02
1.267988428634708100e+02
1.317183260690970883e+02
1.276749557544865752e+02
1.349372877078105262e+02
1.331826667148943386e+02
1.365519513947528765e+02
1.297714573296649974e+02
1.365585071481046953e+02
1.292377245173646543e+02
1.302203728177208006e+02
1.289028901594251124e+02
1.339285348350163360e+02
1.303326647724234988e+02
1.342243808414796717e+02
1.349158998545993597e+02
1.337265013355907683e+02
1.367052611681655492e+02
1.333338788694887285e+02
1.310733072061363771e+02
1.309656057337568882e+02
1.329330152671155361e+02
1.377491203723731701e+02
1.291774473853269569e+02
1.236536181991464929e+02
1.335001636465717070e+02
1.316286340142439997e+02
1.304029531434709384e+02
1.359011875840658092e+02
1.371416289288119685e+02
1.322193531582132948e+02
1.286236374564101652e+02
1.328528443045176743e+02
1.264868971288750714e+02
1.336560948211696029e+02
1.249910802559990515e+02
1.285140017155426051e+02
1.336720862085868191e+02
1.331556323025778283e+02
1.270343337771583521e+02
1.330371802979954623e+02
1.273912202113530725e+02
1.309198330207417769e+02
1.335083857142321619e+02
1.369728192411114662e+02
1.319170509694887130e+02
1.280719633674471822e+02
1.340211028315376325e+02
1.372196335032579668e+02
1.329658312943546434e+02
1.338662773424141506e+02
1.308514344167682566e+02
1.313465905844640531e+02
1.330266088097719432e+02
1.348536081220672145e+02
1.355901500873189889e+02
1.300328826752516704e+02
1.311774946667696327e+02
1.305929450651067896e+02
1.278085755449906600e+02
1.331661629718716711e+02
1.337981522580596163e+02
1.303854391569628604e+02
1.310323453520850876e+02
1.333719542379213010e+02
1.311979564870482875e+02
1.266028722079754800e+02
1.299924873395051748e+02
1.300830953317341425e+02
1.251308898591628775e+02
1.336559581610877956e+02
1.319597349479085153e+02
1.297581682239602401e+02
1.286508928033448171e+02
1.315572139013669073e+02
1.303228625717570992e+02
1.299387116390191466e+02
1.287043847618282086e+02
1.343529402042024685e+02
1.309494136082747389e+02
1.353954433751661952e+02
1.311460525930051233e+02
1.363488842641075962e+02
1.269963341889681345e+02
1.331420235438435213e+02
1.333210266385491707e+02
1.379791677507091663e+02
1.255689364452388617e+02
1.264599544666916699e+02
1.360966691984509396e+02
1.298605298896735007e+02
1.361868747303269345e+02
1.271973555313284550e+02
1.247826017766618065e+02
1.289780090871682035e+02
1.375589420957912807e+02
1.321020524338300390e+02
1.337008461138526059e+02
1.375311638178455382e+02
1.313761775041365922e+02
1.333763992578275293e+02
1.276329810681181129e+02
1.296859226496268320e+02
1.334478553714468489e+02
1.386188163730102190e+02
1.341786728974428229e+02
1.331252553681971165e+02
1.284988280939159040e+02
1.327660660751720911e+02
1.315944564741173508e+02
1.354214454595997381e+02
1.367622076480546696e+02
1.350309396544044773e+02
1.420588890100580102e+02
1.354273412585526160e+02
1.334158689819520873e+02
1.238145420893900308e+02
1.303764311063168577e+02
1.321717225924460308e+02
1.305331660234192839e+02
1.324823187890795566e+02
1.322074670383453849e+02
1.301651495455898555e+02
1.269475769776135792e+02
1.304659981171559480e+02
1.349238076053982809e+02
1.289106486912171761e+02
1.301684347957332477e+02
1.364013962667452802e+02
1.288237612494103530e+02
1.368832745416609953e+02
1.288052923290304932e+02
1.310562823595955990e+02
1.314197189019604082e+02
1.298073660966869056e+02
1.349079587950001837e+02
1.247722715295803653e+02
1.349579572337304398e+02
1.252974684178403777e+02
1.282714068321461411e+02
1.319153198297644565e+02
1.357606305787835481e+02
1.276484075265975520e+02
1.305831581992195822e+02
1.323112414549373455e+02
1.333603180328163660e+02
1.296506288067862442e+02
1.332887718535691874e+02
1.296104426683206725e+02
1.298302512681409269e+02
1.318969974094076463e+02
1.342159736032392061e+02
1.303980280223706245e+02
1.322980184373230941e+02
1.311385590406380004e+02
1.300329534583788984e+02
1.284347952412250606e+02
1.349199659819767021e+02
1.316453832356169471e+02
1.366174011220466582e+02
1.346794406978348206e+02
1.364885718389470526e+02
1.278940656986467275e+02
1.375499673090696717e+02
1.358050084707516874e+02
1.318375963655960845e+02
1.330930731777521316e+02
1.286200029679346812e+02
1.359181458471189217e+02
1.294466952793011103e+02
1.317673325980987045e+02
1.309023624545523319e+02
1.390853286374620836e+02
1.247248670471608705e+02
1.314711810728505554e+02
1.401845156399003258e+02
1.283506605474851199e+02
1.348692904318616286e+02
1.309474800581697878e+02
1.352249917882577677e+02
1.344820563807415112e+02
1.348652102115277955e+02
1.344018449102879060e+02
1.293865815113585143e+02
1.328872055928751195e+02
1.339766200742351998e+02
1.349864651195133263e+02
1.373920288619670202e+02
1.316945701907823718e+02
1.360818226094310717e+02
1.294632522590520409e+02
1.336586771033935577e+02
1.220436600788282391e+02
1.303694210604070918e+02
1.307459443134511616e+02
1.275242759694215380e+02
1.347719634874149506e+02
1.314932790999905592e+02
1.356041967977674858e+02
1.342694911497987960e+02
1.288269910434711676e+02
1.349540596459052892e+02
1.288046817724635105e+02
1.282729588123526128e+02
1.298682955798274463e+02
1.317728194984083530e+02
1.318712432843695979e+02
1.332067550559514473e+02
1.291188934698292599e+02
1.343355999279084187e+02
1.350629920162981250e+02
1.295331220296081653e+02
1.319227028074593875e+02
1.268396794756184107e+02
1.269342104660270962e+02
1.325621434796847495e+02
1.321711015891052057e+02
1.317904291582871110e+02
1.287101311739431253e+02
1.289545113569282080e+02
1.336753999036542666e+02
1.318936844461918270e+02
1.349499905690843207e+02
1.345201982291859508e+02
1.337853889561969822e+02
1.297531715381797426e+02
1.334222859065304476e+02
1.353496035219122575e+02
1.341669891750580632e+02
1.306278307525581113e+02
1.313774061798901016e+02
1.335364659266082299e+02
1.300635291388551593e+02
1.356197979703764531e+02
1.324825722067205049e+02
1.327454844739528994e+02
1.345581274033762611e+02
1.350074283097446539e+02
1.279586980128488847e+02
1.290140402995615148e+02
1.267361736018845306e+02
1.393120639157888263e+02
1.338062247219439200e+02
1.336562264081998421e+02
1.308186609671068368e+02
1.344376252828088525e+02
1.314617290269582099e+02
1.323300881193131886e+02
1.318062537253405253e+02
1.310029722332402571e+02
1.350699227081176446e+02
1.308492573322726855e+02
1.250700299241983231e+02
1.286497610143840120e+02
1.288739000027296981e+02
1.342894402212062062e+02
1.305613721215685246e+02
1.267241801072522094e+02
1.317004661648768149e+02
1.327384880042387749e+02
1.293442212182110893e+02
1.345761213283003030e+02
1.296251818573215644e+02
1.332573078131631519e+02
1.276900194375276101e+02
1.302949363880148894e+02
1.385897486891298911e+02
1.366880179611744666e+02
1.303316956469091394e+02
1.316376993601953984e+02
1.278808502184080851e+02
1.246484384071263918e+02
1.334750646213712457e+02
1.361554390309001406e+02
1.335576185060031662e+02
1.320380910693541523e+02
1.325206843671620902e+02
1.315146667866500820e+02
1.344538452929438677e+02
1.284852957573055789e+02
1.282529183143353180e+02
1.296518465767126997e+02
1.320161878808764868e+02
1.299693180993920976e+02
1.345111963008281180e+02
1.343219855994717022e+02
1.377998443543383758e+02
1.346400783085069293e+02
1.362983081406937913e+02
1.275283605932976627e+02
1.297102784146104000e+02
1.322812873094235044e+02
1.314710047607550507e+02
1.338047648828004696e+02
1.300328888583917433e+02
1.334376801232427283e+02
1.322362722576495457e+02
1.302607175121636942e+02
1.305223174643492143e+02
1.291464784559862551e+02
1.337401838417277133e+02
1.316139548707068059e+02
1.326156163758521700e+02
1.355475326855409151e+02
1.297431987465359668e+02
1.322229208254576633e+02
1.378546543678936018e+02
1.296974509456664464e+02
1.345588965185467600e+02
1.354865769860068383e+02
1.339964492858124459e+02
1.345455107644884549e+02
1.260249342159746675e+02
1.318391746888603109e+02
1.299382838479264421e+02
1.386152284789334885e+02
1.357726496009062487e+02
1.322438887532783269e+02
1.317702067712926919e+02
1.304031932010124706e+02
1.309918377077756588e+02
1.353724739565942059e+02
1.283514097218793211e+02
1.336285851346259221e+02
1.398794391072418932e+02
1.323479748249851866e+02
1.326093233370735902e+02
1.321806163417233790e+02
1.265824152243951914e+02
1.269184078726656821e+02
1.294153926384023805e+02
1.334953040009811218e+02
1.332709966487542204e+02
1.267213331892577202e+02
1.340505612434759541e+02
1.313751520973434310e+02
1.317275188352964506e+02
1.320669023046274617e+02
1.352535878092372457e+02
1.326176557884124350e+02
1.326919715457021312e+02
1.307158415806753169e+02
1.314762350255331285e+02
1.316865468133587740e+02
1.347376167617420890e+02
1.325981674820179137e+02
1.343070833871738614e+02
1.318884067035146757e+02
1.370313519030213740e+02
1.309044428555874333e+02
1.397763604588767237e+02
1.298664364272232774e+02
1.278985876440466711e+02
1.296056707223802675e+02
1.322131381983237191e+02
1.347671885760244379e+02
1.344307452876358298e+02
1.357188226623766809e+02
1.279587495113200362e+02
1.315678287457275246e+02
1.375821906374412151e+02
1.251988237144575464e+02
1.314774267706442288e+02
1.307569761542805225e+02
1.337727779795130516e+02
1.343251412397461877e+02
1.326587350159930452e+02
1.274479688693201638e+02
1.367680526851077332e+02
1.244555416668427483e+02
1.339332046499335718e+02
1.371745268563776392e+02
1.300953607467582458e+02
1.308179996618434018e+02
1.329149308736306239e+02
1.353062133880862632e+02
1.364861699265377695e+02
1.305571293949032565e+02
1.323245113249223266e+02
1.310810927153218302e+02
1.343208611988921746e+02
1.358621927697024034e+02
1.360699694705486138e+02
1.324167177117949166e+02
1.370467998361865511e+02
1.282099795739835884e+02
1.343184162288744403e+02
1.285190346169096358e+02
1.222172320690137610e+02
1.273474236178616650e+02
1.337818092355100248e+02
1.297748058055663307e+02
1.284785270053922090e+02
1.338566924732973007e+02
1.346298585760551987e+02
1.291328632968070167e+02
1.338390237522334871e+02
1.331651107802262857e+02
1.319579024595921339e+02
1.390073424512438578e+02
1.279865071423426741e+02
1.348796487291586175e+02
1.307034739795222436e+02
1.249566655582807044e+02
1.356985279671783076e+02
1.372015460604837074e+02
1.266359572212582947e+02
1.351490015271957645e+02
1.305027848371409220e+02
1.394031258674926903e+02
1.306319152061619775e+02
1.306539087243103268e+02
1.327131896391436499e+02
1.349084859743291247e+02
1.359537618530889631e+02
1.376064298251707498e+02
