8.301546260608782291e+01
8.404879713979107692e+01
7.949152568880371916e+01
8.342595916561127467e+01
7.938616672554258002e+01
8.108714618309915068e+01
8.169964326438334012e+01
8.157588369852834376e+01
8.115042503709604205e+01
8.084542715069227370e+01
8.337432519625500049e+01
7.940477189908024513e+01
8.309432050791454571e+01
8.160593429926881015e+01
8.014372515089141302e+01
8.456720119575689409e+01
8.243343274149694366e+01
7.952272874039691430e+01
7.822574253806079980e+01
8.214434578737970583e+01
8.144562956225517780e+01
8.239972835715990129e+01
8.204450069490987119e+01
7.940837135674311753e+01
7.809576920782021148e+01
8.274500884770029074e+01
7.845921514989237266e+01
8.635574798891856574e+01
8.012448181308997164e+01
7.764912247669764156e+01
8.282986396139098417e+01
8.156379076986924304e+01
7.766898065725824551e+01
7.881412274415441743e+01
8.061376213320116335e+01
8.107636946581220627e+01
8.132276014033193690e+01
8.250355339352290684e+01
8.461264144629377881e+01
8.427310013228992602e+01
8.422649271448426589e+01
8.208916104452659113e+01
8.121064447988992185e+01
8.601966523541244669e+01
8.265299864297043086e+01
8.043269773784675181e+01
8.062890837913033693e+01
7.906118472973713551e+01
7.998741824153358948e+01
8.097653276747305995e+01
8.545493139296270613e+01
8.076004366945946344e+01
7.880905936069976292e+01
8.351412605668276967e+01
7.874437209815202721e+01
8.316452178957712249e+01
8.692896301098164713e+01
8.307590949837504013e+01
8.233407009872816218e+01
8.403096848068230429e+01
8.245314856258879388e+01
8.223122061067623179e+01
8.109278446739871526e+01
8.030110353540898416e+01
8.410537617230775709e+01
8.049771495681579836e+01
8.170130278710215066e+01
8.056180097362151571e+01
8.177049924248599666e+01
8.451495456295199915e+01
8.040083251680377430e+01
8.250850168082928349e+01
8.150569223767378446e+01
8.611573775471546810e+01
8.126548756414914010e+01
7.862913554339618827e+01
8.396683547455677399e+01
8.272017436178074945e+01
8.330112767523597483e+01
8.192223996184320356e+01
7.975088877954158306e+01
8.226962296652708062e+01
8.328689012960317939e+01
8.168308314332625741e+01
8.134344728902432564e+01
8.282294738662417899e+01
8.167718184280693094e+01
8.045597711802481911e+01
8.258262450506271080e+01
7.977536040869367184e+01
8.233209751722074543e+01
8.021901857417869053e+01
8.461352374497170103e+01
8.045951362659627648e+01
8.062703708053116713e+01
7.989335720231669313e+01
8.338787343018877607e+01
8.660867033388882419e+01
8.253556513882152501e+01
8.111168472248340322e+01
8.262600611882781720e+01
8.239452429023941704e+01
8.431923620152090848e+01
8.151725426572814115e+01
7.986232862819150569e+01
8.194507062102182715e+01
7.812220569356239253e+01
8.248790478206723265e+01
8.020175344879393720e+01
8.000921757430167247e+01
8.106375028694772311e+01
8.248811220697488977e+01
8.265073070451865078e+01
8.433011514807287767e+01
7.909921062120767488e+01
7.858572195563992580e+01
7.993912644770753673e+01
8.203400869620740821e+01
7.967528767368361287e+01
7.691301354969846216e+01
8.020407958312939911e+01
8.161555090044166150e+01
8.219074145362222339e+01
8.048545928357384582e+01
7.970064214594061980e+01
8.179297649985853980e+01
8.270336671285826924e+01
8.299823207065381325e+01
7.925798873925357668e+01
8.232417974386156345e+01
8.115946206345384439e+01
8.042359392903590276e+01
8.057348622033165952e+01
8.161000122104573506e+01
8.247705865031764461e+01
8.044848865205196375e+01
8.094283075182227094e+01
8.080375474155397342e+01
8.172158490927513697e+01
8.068384566046253781e+01
8.234268608474350515e+01
8.241233399289481554e+01
7.689262945711722352e+01
8.267987642612006027e+01
7.718577949922980963e+01
8.766774457757392724e+01
8.045224589920331937e+01
8.317913572103012143e+01
8.144246504055993796e+01
7.874882153740473711e+01
8.368793039619195895e+01
8.314782630681449405e+01
7.946243088816700606e+01
8.352144217104466861e+01
8.502257197303063663e+01
8.223402882658943724e+01
8.055736586796419374e+01
8.117830490663232013e+01
8.436072197731107281e+01
8.063554333078816683e+01
8.085713230567878895e+01
8.205691640512114304e+01
8.255022083164037383e+01
8.339519613810594478e+01
8.061744426905961802e+01
8.225404734569450227e+01
8.443488784880173625e+01
8.299609383121590156e+01
8.324152957829846855e+01
7.948126980785221463e+01
8.442049006419992452e+01
7.862270326052437497e+01
8.278269898413505246e+01
8.303086814432758445e+01
8.375556501038263946e+01
7.949119615563060393e+01
8.320779526278812455e+01
8.193811049719852235e+01
8.306799058837511041e+01
8.240085398075586909e+01
8.296355862956384897e+01
8.239057269503548753e+01
8.630119669543225314e+01
8.264868460156098706e+01
8.223619325023638282e+01
7.696316579880112840e+01
8.164231445510776553e+01
8.200470650712099996e+01
8.124328063590247950e+01
8.171691057315884166e+01
8.552918241075445849e+01
7.995185039628421464e+01
8.572826474630052473e+01
8.294293370862766324e+01
8.448072075150629701e+01
8.011218633162384606e+01
8.224971376637407161e+01
8.227286534353754632e+01
8.090134526464706255e+01
8.466327311814761458e+01
7.936297757886804050e+01
8.063878789068273534e+01
7.895109104830918056e+01
8.279111719938106262e+01
8.414505293724991475e+01
8.335553337720398304e+01
8.440848862945125575e+01
7.757663835894277327e+01
8.262576299519867007e+01
7.865546592106278467e+01
8.018758466447479805e+01
8.230778105113212462e+01
8.064311017889860977e+01
8.184055739447235567e+01
8.243206818800246083e+01
7.667377287060521951e+01
7.995789895645692980e+01
8.035346741261976433e+01
7.828859299234039781e+01
8.136612951189917453e+01
8.166936454809402335e+01
8.360995956003323215e+01
7.995158086324718738e+01
8.457675845188742869e+01
8.306143903209581936e+01
8.221734978446608011e+01
7.982192037286947084e+01
8.115686666959825857e+01
8.181360638528677498e+01
8.041891372497576640e+01
8.016731875976550725e+01
8.097579992138295779e+01
8.068519685743008552e+01
8.247156390653402980e+01
8.184565221354598918e+01
8.164746431766575085e+01
8.647372967706094471e+01
8.365800301697920816e+01
7.960423521823210535e+01
8.479374307743107408e+01
8.085074482884229496e+01
8.038142777136033601e+01
8.090873128229074496e+01
7.944202127722194007e+01
8.177713110800104346e+01
8.084695205074903868e+01
8.469147236612870699e+01
7.835654342556088636e+01
8.107368106657476403e+01
8.164590457130597656e+01
8.482311019972271993e+01
8.475743061276789092e+01
8.295109379538035910e+01
7.709721326734147340e+01
8.056861380511990944e+01
8.012452571195143491e+01
8.136443523421091584e+01
8.120167962411832718e+01
8.422506271666922828e+01
8.423202097681075884e+01
7.783017217537354782e+01
8.241053414578620107e+01
8.589546183007237801e+01
7.931317714398983298e+01
8.206666894964077130e+01
8.296271709961602880e+01
8.165624718108793445e+01
8.100209789435471919e+01
8.250098940209936416e+01
8.287534608904137201e+01
8.378418160580190488e+01
7.607856365731348092e+01
8.275259689017573805e+01
8.597258719087101042e+01
7.945008402801296654e+01
8.194790762042218546e+01
8.166717164226436410e+01
7.728591039771468729e+01
7.936069153845357960e+01
8.188637681083748987e+01
8.371504253617629843e+01
8.238894078616301897e+01
8.051999165537505121e+01
8.347129867406302139e+01
8.291062067177541905e+01
8.150772573365128437e+01
8.094843971340863220e+01
8.471455684224294203e+01
8.493198568957973293e+01
7.975089566189680568e+01
8.132811072873447245e+01
8.108301178430095035e+01
8.247130469461390589e+01
7.907968898753803444e+01
7.788268682621377081e+01
8.165023657900309217e+01
7.870491941402541158e+01
8.485051599908616993e+01
8.263639604164457353e+01
7.963669316005295684e+01
8.427609062266405715e+01
8.533625350762177675e+01
8.190163232516677283e+01
8.044221262925898941e+01
7.793245254881625783e+01
7.738192690512578054e+01
8.382236388470776944e+01
8.078290723395834050e+01
8.156550083963738018e+01
8.189323350951872271e+01
8.672041854237835423e+01
8.707474165405702138e+01
8.460496681549899733e+01
7.908952764599580121e+01
8.527286639089481923e+01
7.936164405344781869e+01
8.199440758898951742e+01
8.488334301513370406e+01
8.342265710835422965e+01
8.363335350999737727e+01
8.142281078930264471e+01
8.319140261974492034e+01
8.263537082249463595e+01
8.185209427138441640e+01
8.099162001495315621e+01
8.087096935901348616e+01
8.056399160217428346e+01
7.822141077271592735e+01
8.322308897462622213e+01
7.970758168072106287e+01
8.276165714248132588e+01
8.021300336053066360e+01
7.942872911475384967e+01
7.903737012218691405e+01
8.161935308294964386e+01
7.945202180722226615e+01
8.264020103599412437e+01
8.314694588609265224e+01
8.551193217573380423e+01
8.151934571204665758e+01
8.246503675090971797e+01
8.022151060345372287e+01
8.206038326615812650e+01
8.141995893428050124e+01
7.885838085370980366e+01
8.046652974883947707e+01
8.593419811479304826e+01
8.051557371316934564e+01
8.118908747524294256e+01
8.183573046841354426e+01
8.258086480151042963e+01
8.419132671308040017e+01
8.078302625807869219e+01
8.282178387381284779e+01
8.386344625842934875e+01
8.085225127015796431e+01
7.983715022366507696e+01
8.315584158856614749e+01
8.305700606866817282e+01
8.093379916392152040e+01
8.349409789175464880e+01
8.159774905996653160e+01
8.146565073641603760e+01
8.304801362141326138e+01
8.296400530820938002e+01
8.323898770466992403e+01
8.087296835333201273e+01
8.125678058706729701e+01
8.197329357648527548e+01
8.304222773546932501e+01
8.164277129775528863e+01
7.933033306715350363e+01
7.933339430298453010e+01
8.125294539514129610e+01
8.058882942394231463e+01
8.028542469305884310e+01
7.959457960146228572e+01
7.977051873504923662e+01
8.232005878862456427e+01
8.801772376008386800e+01
8.001413935460826110e+01
8.166048415903460977e+01
8.403153804532585980e+01
7.921976810787003842e+01
8.677666441840311506e+01
8.349052294359016457e+01
8.148103121708147967e+01
8.456508577382805925e+01
8.143474787227953016e+01
8.270570146470464579e+01
8.098230018285681808e+01
7.946962666196343150e+01
8.066768326620194784e+01
8.129049134144653976e+01
8.209476897928256278e+01
8.400947209185942199e+01
8.391825963840386748e+01
8.167346049836021393e+01
8.057182541825991962e+01
8.382243103880726665e+01
8.389464831892659902e+01
8.201755469023466105e+01
8.048856153995004092e+01
8.242982627099488013e+01
8.339526596353987031e+01
7.787729210528986812e+01
8.359721118775826199e+01
8.091656081451935734e+01
8.110861299662037993e+01
8.162181213991715367e+01
7.907253705519524090e+01
8.133666543239510816e+01
7.919125107290081189e+01
8.393842691280315194e+01
8.193382866888383376e+01
8.090887272974067912e+01
7.943154773711503935e+01
8.315071405045165420e+01
8.241813548711481019e+01
8.178494906042770651e+01
8.215292276310866271e+01
8.035459221132290963e+01
8.220834332444233894e+01
8.282173462566082378e+01
8.151514804691593952e+01
8.290982307795154327e+01
8.006351080487567629e+01
7.949955699660610264e+01
8.212472042219728507e+01
8.374305502116925481e+01
8.193307636934318339e+01
8.258624732318236283e+01
7.763759933813224734e+01
8.358260985505832252e+01
8.091050566650075382e+01
7.636061453487140227e+01
7.889647530576776546e+01
8.024196720686700246e+01
7.948059680512525915e+01
7.986719574658086174e+01
7.622545460514652405e+01
7.947243256356678387e+01
8.285316313689953915e+01
8.221298146980235799e+01
8.237481385710529480e+01
8.549596901737068322e+01
8.285351420235421926e+01
8.416300763441894617e+01
8.119671132570856287e+01
8.143899661771769161e+01
8.161696860938788234e+01
8.441073835015174609e+01
8.148883213382021040e+01
8.185366383517806810e+01
8.237043062612498545e+01
8.483894675782381967e+01
8.203305680429872382e+01
8.089684772213135489e+01
8.248591963578512321e+01
8.363490407769906199e+01
8.088329293943986897e+01
7.731138938741628408e+01
8.291369515299356863e+01
8.327386917631129393e+01
8.612974486285645526e+01
8.084210590625875170e+01
7.919875287610905445e+01
8.395119462548272793e+01
8.027694563076752843e+01
8.287115625702642774e+01
8.307539213259749999e+01
8.249718105148252789e+01
8.212157025483742245e+01
8.201656666897659420e+01
8.377760902462520676e+01
7.852168218300344904e+01
8.141645543931721818e+01
8.136025644920381694e+01
7.449464217585276060e+01
8.006775525352882994e+01
8.217079117540811239e+01
8.027323660463405020e+01
7.978076102675980508e+01
8.189466519511520914e+01
8.185200639503561604e+01
8.312781876160585171e+01
8.208704120259015724e+01
8.272080603373770202e+01
8.193330535263035586e+01
8.082497244121996971e+01
8.066164687076231132e+01
8.278237398396431956e+01
7.896241753163610610e+01
7.919932413405247473e+01
7.814667320012466689e+01
8.214554059511310413e+01
8.392852575315112063e+01
7.912844046364286044e+01
8.166049554753783468e+01
8.239589404826377006e+01
8.152996309948818521e+01
8.205594984361869138e+01
8.384570925741714120e+01
8.418245996053589408e+01
8.122549359372418110e+01
8.196709006158010880e+01
8.092715082908974011e+01
7.998763104350385333e+01
8.250255580984737946e+01
8.312006802529269578e+01
8.261007571876156419e+01
7.926002719779629047e+01
8.190991489108536427e+01
8.054001925300306652e+01
8.084480432972674180e+01
8.029283262915031116e+01
7.877614729456108478e+01
7.954511401134119808e+01
8.404796013954427281e+01
8.054453256250283744e+01
8.347752179854300891e+01
8.110974399102231303e+01
8.245648013725588044e+01
7.885026256214698037e+01
8.303554961153446357e+01
7.814487766569146743e+01
7.848488159543329346e+01
7.742146344181028894e+01
8.141570574884178768e+01
7.896703371641747538e+01
8.127077745338498005e+01
8.294606797330203563e+01
8.379634528441586383e+01
8.209608243922568249e+01
7.901587305135792860e+01
7.982283739423971269e+01
8.068203113852332820e+01
8.145679127296193656e+01
8.182032838264782981e+01
8.300099355093560405e+01
7.935852780022563024e+01
8.179399647945896845e+01
8.199500550303463342e+01
8.178304938354959575e+01
8.601645450722924124e+01
8.526963583306060457e+01
7.908574530870713204e+01
8.307176931143506238e+01
7.857711414964914809e+01
8.429651290152482090e+01
8.078381839412494969e+01
8.450779534470160570e+01
8.313541570459545937e+01
8.101021668776995455e+01
8.114585555997994959e+01
8.273772289357633269e+01
8.190205150038259774e+01
8.001391397453809873e+01
7.867618499757099926e+01
8.073781699602203332e+01
7.655015827889498325e+01
8.053021408318458896e+01
8.044325413610658870e+01
8.353170904942501807e+01
7.890122185130134369e+01
8.317903350707582888e+01
8.058202490394594975e+01
8.267314959409482356e+01
8.256980048205386424e+01
8.218320939026997962e+01
8.292934330162515266e+01
8.508953410129254280e+01
7.827566918304545140e+01
8.027665653546144142e+01
8.733500307855577205e+01
8.221994901133676592e+01
8.125127952163339273e+01
8.464762156344677635e+01
8.187325682921742498e+01
8.228201795434485177e+01
8.163666463742941914e+01
8.110276317630757603e+01
8.234143137658678313e+01
8.316037103823690302e+01
8.265707158468802618e+01
8.116885869965771860e+01
8.134707810140390905e+01
8.119379067550578100e+01
8.082305668976792390e+01
8.165407099254366585e+01
8.230595972521761894e+01
8.245765157133325829e+01
8.098274118512394182e+01
7.828136278482539012e+01
7.985181042751926839e+01
8.243752626191366062e+01
8.287736796033451014e+01
7.839845884157887212e+01
8.477208581920532993e+01
8.150056414724869569e+01
8.220044835844944942e+01
8.041271115385038115e+01
8.175894463899524567e+01
8.079317296666165760e+01
7.907201597700797890e+01
8.115317213543221442e+01
8.046223376556392282e+01
7.980330320174373071e+01
7.967166474338671378e+01
8.143039396576975264e+01
8.274558538591094248e+01
8.237040059820937188e+01
8.430133865706213214e+01
8.469264605912826482e+01
8.360499723636279157e+01
8.330663840835109113e+01
7.905735758289438309e+01
7.972943978639439422e+01
8.167713695762489579e+01
8.711990303955224135e+01
7.938068171137607010e+01
7.712358061554834876e+01
8.234233490154819890e+01
8.050774158850722984e+01
8.071596543353079767e+01
8.120755434697612429e+01
8.289535176603412481e+01
8.107379192194827056e+01
7.978287047995959824e+01
8.039385418976958420e+01
8.270259611372446784e+01
8.191321822328978897e+01
8.218682536240110892e+01
8.135116610999367026e+01
7.686579762786378467e+01
8.447244619873406180e+01
8.114939741659351569e+01
8.256527970953457896e+01
8.249461619955968672e+01
8.351045130847096232e+01
8.069048674866695592e+01
8.184124201107329100e+01
8.610071503563649742e+01
8.124772662424824432e+01
8.406190125502070032e+01
7.961858372545638929e+01
8.073101970057358301e+01
7.836939561065911164e+01
8.532015363556239151e+01
8.185066793082837933e+01
8.139969884041794046e+01
8.195695098487534835e+01
7.995217567167966877e+01
8.191088825102791304e+01
8.233027980341357477e+01
8.206875981828382294e+01
8.390945698941150965e+01
8.220454068587577012e+01
8.310090998213496505e+01
8.397101063038192592e+01
7.965553775511128265e+01
8.109264376744528136e+01
8.117730357535177177e+01
8.249585626839159147e+01
8.264055761660829091e+01
8.698109061289640920e+01
8.088168866614429930e+01
8.141685779870695683e+01
8.269043996501250149e+01
8.611522503093114267e+01
8.004491398654003831e+01
8.181612548762669235e+01
8.518857257744515721e+01
8.238448683278669193e+01
8.432053336118528364e+01
8.122888805835340520e+01
8.011238350067334579e+01
8.631096901905321772e+01
8.123529763870620002e+01
8.292379760149378853e+01
8.489206217039473756e+01
8.076768997484337831e+01
8.410276984138570811e+01
8.399869666541852098e+01
8.711098137861087309e+01
8.316354513034315232e+01
8.098146287981637670e+01
8.482037557653792703e+01
8.097119941687630273e+01
8.314599393063532773e+01
8.360193900947005829e+01
8.218983437013251603e+01
8.247543431022045013e+01
7.760924784609032656e+01
8.034208581666605653e+01
8.275542098283574433e+01
8.149228182548567645e+01
8.198502111007047688e+01
8.056091386555152667e+01
7.996288599277326625e+01
8.361407161426406276e+01
8.366497917086145719e+01
8.035774019599962514e+01
8.284479589877693684e+01
8.108421871824661764e+01
8.473473341235141731e+01
8.244835020131250758e+01
8.134937408602154107e+01
8.240045495049569979e+01
8.527359368955870877e+01
8.319611456356886947e+01
8.213259729661513120e+01
8.107906412544419084e+01
8.263951774644804971e+01
8.326645685909029737e+01
7.865266159470419893e+01
8.421507254346211369e+01
8.136819488950969514e+01
7.924990846220255492e+01
8.119911490385111108e+01
8.311340136678495583e+01
7.924215558088435785e+01
8.357083793624580892e+01
8.056877198219119407e+01
8.187740988441913714e+01
8.268630954013214307e+01
8.047666152921708260e+01
8.300708559355607008e+01
7.827052392988193219e+01
8.345117300437961205e+01
8.477793006096592876e+01
7.941983537810573068e+01
7.900029324829110067e+01
8.391240323263724576e+01
8.335249669933592997e+01
7.988477423706925151e+01
8.009485336157869995e+01
8.393158401748046060e+01
8.035812230727374583e+01
8.124899702775877586e+01
7.956763466335797830e+01
8.412825884195724768e+01
8.105630666666942830e+01
8.704787430235499812e+01
8.049087678330859319e+01
8.094062189505744698e+01
7.841603207711256118e+01
8.271260465059671674e+01
8.258993229263622027e+01
8.169264173831417963e+01
8.253662733634762105e+01
7.980173756401083551e+01
8.230103724287158684e+01
8.245882952433323965e+01
8.209979530552038796e+01
8.289878379352866489e+01
8.432656312497722695e+01
7.895260772628506629e+01
8.311925992602569124e+01
8.272485841718747679e+01
8.264553189936063404e+01
8.304094538845180296e+01
7.816592496846135418e+01
8.129788268279811803e+01
8.171661657557000069e+01
8.185978171598358699e+01
8.197346352024806038e+01
8.301603887036577589e+01
8.463056267341285377e+01
8.330571464377229063e+01
8.362088715437984376e+01
8.282691515752738098e+01
8.066577021399454850e+01
8.009338695460266422e+01
8.369974712754849122e+01
8.183763174353930481e+01
8.729048586878944604e+01
7.927556311215309393e+01
7.946161417492849921e+01
8.476132730976138419e+01
8.345007757441854324e+01
7.849408537446834089e+01
8.280808119900905240e+01
7.766165971281964175e+01
7.987581967655695792e+01
7.920529340663156859e+01
8.677688181808194656e+01
7.765292737930241174e+01
8.095349556405578539e+01
8.221277749193613715e+01
7.745336488292036847e+01
8.411015677734627616e+01
8.152474411900853113e+01
8.091989708138206083e+01
8.082350565169768686e+01
8.368347633608550495e+01
8.188186154465407185e+01
8.390138191271122992e+01
8.241897232092580339e+01
8.548793454232504985e+01
7.887074148520869699e+01
7.912353748808602916e+01
8.370510088643268887e+01
8.285353967964928756e+01
7.922263116291604490e+01
8.430637944026106823e+01
8.442458649418215089e+01
8.304454384377486065e+01
8.282354815712400864e+01
8.227445070330638544e+01
7.727351688609678604e+01
7.966587182253995536e+01
8.246401441010412725e+01
8.466449721921679838e+01
8.336841668132075256e+01
7.979621462655556741e+01
8.139605022485169172e+01
8.341332051906255174e+01
8.112823639972799583e+01
8.080417929152976342e+01
8.660149390603973529e+01
8.126351010976105727e+01
7.928381734878021803e+01
8.184428766744670725e+01
7.582349062976172149e+01
8.058067065222016367e+01
7.956739496131481815e+01
7.690406405765180864e+01
8.176323598510875001e+01
7.979676093880675580e+01
7.843557611531575446e+01
8.251384771246341643e+01
8.091780102844515454e+01
8.118582772796374059e+01
8.479048379512781253e+01
8.372485864603480366e+01
8.075942808516556681e+01
8.447944140153838077e+01
8.378079685554516232e+01
8.196790891301627369e+01
8.362317520361020229e+01
8.044339193152978851e+01
8.354806240503090464e+01
8.261283513937355849e+01
7.868664523816997303e+01
8.429527296848903006e+01
8.309862921041592188e+01
8.217838274277193022e+01
8.102620391503178610e+01
8.330748482016031176e+01
8.072930077698021023e+01
7.740543715468002972e+01
8.724937895010685907e+01
8.072311389559581585e+01
7.917109605530245631e+01
7.857050352235610546e+01
8.474280666769702464e+01
8.064342359631584145e+01
8.119142829712467346e+01
7.988982271520463030e+01
8.386725381854981265e+01
8.444729555619603900e+01
8.194930296356224630e+01
8.257235722352940854e+01
8.320478965591432541e+01
8.243036725023794986e+01
7.848223624842479751e+01
7.871980341240931978e+01
8.044388345876913604e+01
8.328115279220565981e+01
8.247015088055674426e+01
8.195701381299632260e+01
8.042195549998899651e+01
7.978416571328646967e+01
8.142080078663268239e+01
8.006633550193444648e+01
8.242427295313146374e+01
8.272418660847534966e+01
8.234190212675707699e+01
8.017185166393734619e+01
7.929850958309329201e+01
8.461584152294632588e+01
8.429163228088656012e+01
7.876144292116934764e+01
8.281243773685562815e+01
7.834763559731109694e+01
8.470510219510575212e+01
8.500565143601406248e+01
8.274848858515164807e+01
8.126343852893349151e+01
8.137666431300449688e+01
8.172122891912640341e+01
8.090827989547989318e+01
7.981951205070761546e+01
8.237531695546184096e+01
8.166242264034747222e+01
8.386555335659613775e+01
8.295031795489512660e+01
8.335061926387614051e+01
8.233256677636634890e+01
8.322960610404466308e+01
8.408449626980250002e+01
8.045238631900386395e+01
8.209196609417742252e+01
8.200253693656644316e+01
8.139671819609189640e+01
7.834011174219818940e+01
8.396770372162009721e+01
8.384620308809944333e+01
8.350978411314567040e+01
8.344511693070961655e+01
8.099418295053555994e+01
8.071750320963141689e+01
8.213696704258742898e+01
7.869271257387761409e+01
8.272555843245838503e+01
8.506342713026438673e+01
8.101297920881624748e+01
8.011150663911293179e+01
7.872794348746492687e+01
7.985200282848836650e+01
7.957518676125637569e+01
8.164864737260234051e+01
8.188799804317868336e+01
8.056148944244834809e+01
8.204931775649126280e+01
8.313751345653940916e+01
8.037445181267300143e+01
8.162117730510874480e+01
8.231902006317692155e+01
8.062329000048620742e+01
8.171636863383434957e+01
8.236436304500531946e+01
7.897881995787177800e+01
7.994339808295158889e+01
8.694223253078870073e+01
8.078375184431773448e+01
8.559466969964800853e+01
8.269233923645852258e+01
8.070218440791100534e+01
8.199183752885208776e+01
8.250154548576654179e+01
8.130986490843048387e+01
8.494561430646898259e+01
7.937420819125391347e+01
8.245219973827880722e+01
8.176582779569476145e+01
8.015872836577483440e+01
8.078089124239293994e+01
8.221202761719240470e+01
7.926942528876831773e+01
8.153530445289281658e+01
8.031198009844395358e+01
8.154731113435553880e+01
8.216009671950334337e+01
8.209488871397684306e+01
8.621373798875504235e+01
7.756224132717564146e+01
8.081342794155483489e+01
8.106669421804821241e+01
7.899248363339988543e+01
8.024628283978124443e+01
8.422293709326540068e+01
8.185804321653465365e+01
8.165058747678126849e+01
7.930398079282024071e+01
8.180953219937694598e+01
8.166676896603908631e+01
8.056995082741916292e+01
8.020851738607510129e+01
8.257394250423904225e+01
7.976137000047282299e+01
8.331431055039141143e+01
8.552462530927947171e+01
8.585221110932911870e+01
8.716773266260348407e+01
8.099333126527957916e+01
8.305433730313043839e+01
8.371572459108969610e+01
8.387033730000804610e+01
8.235501524307512966e+01
7.852908014624077282e+01
8.258921387446910956e+01
7.901881765493719456e+01
8.144827842468495760e+01
8.199748422902531786e+01
7.658030867303028799e+01
8.024185354370773382e+01
8.126023672899260930e+01
8.175754098982902462e+01
8.251810326575461829e+01
8.308018547237027462e+01
8.152288226399539894e+01
8.244425156224087914e+01
7.906412493968933575e+01
8.439110250795224033e+01
7.755738829353681751e+01
8.553440636265476371e+01
8.409059145628923204e+01
8.459989851266747962e+01
