1.863637084736072325e+02
1.854114797916692225e+02
1.908746887615894536e+02
1.797161685169748466e+02
1.826172426361015937e+02
1.880637875028484416e+02
1.890429233301236422e+02
1.892473457451470722e+02
1.858050467419563176e+02
1.873621988039339783e+02
1.824414933289224621e+02
1.849130006448490349e+02
1.869063373702520323e+02
1.855182212049343491e+02
1.861255783102116368e+02
1.904470682296376367e+02
1.868465847567901790e+02
1.814506279083055347e+02
1.884703271088687018e+02
1.874255453122757160e+02
1.810825315658417196e+02
1.858782825447369191e+02
1.839621170164055286e+02
1.866900296304434903e+02
1.868372940415587209e+02
1.832777156024281453e+02
1.818523996058809473e+02
1.890234912418207216e+02
1.897077305195040537e+02
1.841794765702406949e+02
1.875519964231481822e+02
1.925500579894553255e+02
1.805548166626354032e+02
1.867157895544122823e+02
1.850194924295865349e+02
1.888193731858443414e+02
1.811760337071931417e+02
1.853010494086208553e+02
1.858850285695614275e+02
1.872936811573976854e+02
1.817543943792199457e+02
1.874933155254178416e+02
1.887367946504694771e+02
1.799246475931967382e+02
1.818839929711628258e+02
1.842212785673550286e+02
1.860221534036591038e+02
1.823297604635182552e+02
1.884042592285329931e+02
1.879599958232407459e+02
1.897573693020484882e+02
1.883810691486843609e+02
1.840635723005584623e+02
1.859644269689650002e+02
1.869255712583669720e+02
1.857467883041360892e+02
1.858938745981903935e+02
1.826516383352998787e+02
1.861957138280502591e+02
1.823628772070736375e+02
1.870293126943463733e+02
1.865064596649869202e+02
1.836767261206169906e+02
1.819676024316446785e+02
1.876998380752816047e+02
1.843000727625554021e+02
1.887162148618826620e+02
1.858658778897740547e+02
1.854086220317024640e+02
1.867138444850936594e+02
1.871072473841807096e+02
1.891680658180451360e+02
1.864780342148448540e+02
1.829326936331662523e+02
1.850283178577398076e+02
1.856927429487590473e+02
1.830874973903317766e+02
1.876905032274232212e+02
1.840858458625536400e+02
1.809665592228024309e+02
1.831178298643399955e+02
1.854379720024450933e+02
1.799755703119188297e+02
1.876370112126261347e+02
1.892602779746394788e+02
1.826660628751881745e+02
1.788866963805020305e+02
1.871979688545680744e+02
1.915745227206215304e+02
1.844207549039107619e+02
1.885685925051299421e+02
1.871235157329932974e+02
1.866947856889071318e+02
1.886772515636368439e+02
1.839392986863248609e+02
1.860762652180280554e+02
1.847034598844455502e+02
1.883030007286864134e+02
1.878644788083720414e+02
1.787206187193827418e+02
1.856948873840425165e+02
1.805290607398634961e+02
1.873132497356743897e+02
1.817033587717222360e+02
1.846436816447296394e+02
1.854626349812034789e+02
1.835194383270080323e+02
1.874231949878580679e+02
1.835352409885217071e+02
1.832637568289866294e+02
1.861673945809424708e+02
1.863097335698289214e+02
1.893802668800025231e+02
1.842861584121018268e+02
1.799288432048622894e+02
1.844069830914785655e+02
1.860622945558434935e+02
1.831081636610972225e+02
1.863517270308094567e+02
1.940358386971412017e+02
1.870298904901785306e+02
1.838770284015872676e+02
1.868341153620856119e+02
1.882428894095933174e+02
1.863262155889458427e+02
1.842155138886324153e+02
1.837272992891730894e+02
1.846063027489686590e+02
1.783156098655640847e+02
1.830117198876119176e+02
1.816767845816919760e+02
1.850655802069791207e+02
1.906776374199920099e+02
1.876085621840291822e+02
1.809254110143309333e+02
1.872211522841285216e+02
1.842943308048019446e+02
1.839139665406435142e+02
1.919683391848529936e+02
1.793402702004574394e+02
1.776707838200400715e+02
1.828910617600485864e+02
1.784184432701046603e+02
1.852581082373544916e+02
1.881501704441988068e+02
1.921252219524461680e+02
1.843263281278505019e+02
1.824575687837496787e+02
1.867869264015025976e+02
1.866822848047006005e+02
1.853067378622041019e+02
1.801920968353149135e+02
1.834284285900741622e+02
1.871473765989240974e+02
1.884136755214017285e+02
1.878152481255509372e+02
1.830178272208659109e+02
1.843952982369716267e+02
1.864564266285848930e+02
1.862134776631473301e+02
1.875867662304833914e+02
1.859171171184825369e+02
1.882439787390299273e+02
1.861332535797191099e+02
1.804909933453760402e+02
1.839714239698564029e+02
1.853334868945416645e+02
1.847241131198707933e+02
1.839493271229455047e+02
1.854576899029384833e+02
1.812426580172563888e+02
1.843555522039625316e+02
1.867106693389026475e+02
1.843310650665725063e+02
1.810532523447828623e+02
1.852504184565213450e+02
1.829942651925414623e+02
1.902502860618150180e+02
1.878901097922493761e+02
1.822887884406659964e+02
1.843420515566760685e+02
1.904452593762722472e+02
1.841277705312741375e+02
1.871657715468691094e+02
1.812975935700040395e+02
1.813142509767167212e+02
1.873144101628092528e+02
1.882538119688671543e+02
1.903229274917399607e+02
1.835766153096726327e+02
1.792154994990028172e+02
1.846988350869169722e+02
1.868080630160110047e+02
1.924198582401472777e+02
1.861954061626740042e+02
1.854257533819724983e+02
1.857370951137000930e+02
1.863250776684634786e+02
1.818591539651377218e+02
1.830789650582260606e+02
1.912260907821572289e+02
1.843198514483289614e+02
1.829576056687029961e+02
1.831860479186225348e+02
1.875988502231052735e+02
1.864003671460329201e+02
1.832572189013819468e+02
1.855653224975470721e+02
1.869462599248798540e+02
1.908275508005617382e+02
1.787253806721021476e+02
1.888652020786660728e+02
1.870421923708705378e+02
1.877588454528563489e+02
1.838243166221385252e+02
1.873602793827081996e+02
1.869287234477696416e+02
1.850745019600982175e+02
1.844659471947521467e+02
1.825029709230140611e+02
1.841848595117957927e+02
1.826222173656856000e+02
1.831869242393265722e+02
1.921647119451526180e+02
1.846570241637372192e+02
1.822649653141160968e+02
1.852673870076294520e+02
1.852091159575662971e+02
1.931678325838387025e+02
1.822368030932517229e+02
1.861941913622436573e+02
1.874327107389241860e+02
1.864337367992479244e+02
1.890557825334975348e+02
1.840296596588565308e+02
1.895645988185076476e+02
1.869058136336409461e+02
1.911228255399807097e+02
1.828450699112747770e+02
1.848391178348621509e+02
1.851273141108428888e+02
1.921901129163871929e+02
1.863644323719086913e+02
1.825436472218040933e+02
1.861974149377657284e+02
1.804776016317619849e+02
1.805604060237198780e+02
1.809313249578823957e+02
1.878731530244881469e+02
1.839027880426700108e+02
1.906727542059377072e+02
1.876004529370430589e+02
1.828358980968436924e+02
1.872476055850395369e+02
1.831670881529316830e+02
1.861141798753028240e+02
1.848155988068523641e+02
1.885719160064647610e+02
1.822555302235128067e+02
1.884863695921436602e+02
1.816585531118694519e+02
1.879374696040171671e+02
1.809923295935828662e+02
1.836605613316918948e+02
1.911785149443037142e+02
1.808161612405347682e+02
1.868776989296451063e+02
1.853624053349312817e+02
1.856071668693934100e+02
1.874986248926218479e+02
1.898362122057114902e+02
1.797252363478711743e+02
1.898158686377726383e+02
1.835286003660092149e+02
1.834240452952318776e+02
1.827631731624588838e+02
1.821573671469541011e+02
1.839461062819236759e+02
1.862093078943534294e+02
1.832097691400977340e+02
1.869657725552287673e+02
1.862859695282292023e+02
1.871343669593823620e+02
1.834459899821021622e+02
1.863333987053176202e+02
1.882821708089487913e+02
1.832452681204620433e+02
1.855722453905268026e+02
1.853568403306753396e+02
1.870761933179188361e+02
1.849207735767841712e+02
1.880295236829532541e+02
1.850194805762592978e+02
1.862728065797091119e+02
1.876212759362511804e+02
1.815458502838625350e+02
1.868515923144016426e+02
1.813320358109766062e+02
1.885016366197896787e+02
1.870002061838548855e+02
1.909971789212075066e+02
1.871993167907994859e+02
1.878622958900099604e+02
1.838177869207754043e+02
1.807819971261881449e+02
1.914525128424828608e+02
1.834423964641480893e+02
1.880344787300471694e+02
1.835977765791644742e+02
1.815485558436191980e+02
1.820094982775266885e+02
1.785199172252509356e+02
1.832586861316362672e+02
1.870561127688491752e+02
1.877726280693445347e+02
1.891768735388057792e+02
1.861764252184295287e+02
1.853077678576900666e+02
1.873301794653469301e+02
1.840622108918039999e+02
1.828127146230110895e+02
1.878244866330940681e+02
1.827432928785346178e+02
1.834215254269029458e+02
1.866959874159979904e+02
1.812674023614385987e+02
1.822681471885134670e+02
1.841316823037194013e+02
1.835095515446506909e+02
1.890996476428533128e+02
1.921164429245353347e+02
1.833698292225377884e+02
1.842369643158352801e+02
1.862091102682191774e+02
1.846993175380652872e+02
1.896755552554650137e+02
1.829808995003802750e+02
1.910925581182109170e+02
1.815057666913977812e+02
1.823814065702320590e+02
1.813784472113763684e+02
1.877766214916542538e+02
1.853759421685454356e+02
1.874369024772355203e+02
1.831783716374340258e+02
1.804515509854195443e+02
1.804190783472339774e+02
1.836712844020770490e+02
1.818116565910823397e+02
1.855476636007653326e+02
1.885273693214469404e+02
1.946548378935074766e+02
1.895843805887687381e+02
1.905078307380828733e+02
1.841416678007799987e+02
1.880991697632623243e+02
1.863008261739095133e+02
1.829952574926235798e+02
1.816724362964249053e+02
1.926927186717465474e+02
1.858216143753558924e+02
1.805975149169920826e+02
1.813062419882356835e+02
1.824153629363853213e+02
1.836466545033050295e+02
1.860528895825226243e+02
1.873294873747413760e+02
1.875519978296404418e+02
1.785243803337906741e+02
1.881905392885266224e+02
1.858404098249262688e+02
1.858216593479973255e+02
1.840259149589923595e+02
1.859612408527763421e+02
1.868993593798258530e+02
1.876657407963405717e+02
1.828877786250355939e+02
1.882274837609522535e+02
1.903754337314910572e+02
1.817356096795051599e+02
1.851851082056736004e+02
1.864426905724398864e+02
1.870464326535258692e+02
1.910338417317591393e+02
1.837220280371195429e+02
1.816673544334238670e+02
1.810494428673518712e+02
1.819398374587499063e+02
1.817299694727224448e+02
1.876736900655438376e+02
1.827429658817297025e+02
1.815070545008296676e+02
1.871364852393289766e+02
1.910535494980230169e+02
1.854158492222816506e+02
1.873840178048550058e+02
1.896813269740910641e+02
1.838358940508643684e+02
1.821682747639479487e+02
1.848380975233303900e+02
1.816892777126907959e+02
1.883402727273501398e+02
1.837787586008105052e+02
1.837839132218363432e+02
1.879769853906929882e+02
1.864071764936185502e+02
1.898111834585641873e+02
1.898778054716152326e+02
1.887873447111836072e+02
1.844423254745796612e+02
1.911359500980648249e+02
1.875598356178045094e+02
1.863530881784335804e+02
1.874901513474204648e+02
1.952274307072566444e+02
1.814659044929624372e+02
1.836314752165946800e+02
1.833980855937627155e+02
1.851111036225472048e+02
1.886352377205999744e+02
1.814250174189241420e+02
1.839187713652436003e+02
1.849704620304018192e+02
1.936694317710268365e+02
1.880966576634079388e+02
1.861220168931567116e+02
1.904867880468512737e+02
1.826518610190229026e+02
1.817966678131581943e+02
1.825678785492937095e+02
1.819396292752912530e+02
1.886214993058799791e+02
1.848744388293527550e+02
1.870262312578165904e+02
1.848471564776523905e+02
1.819837833841432087e+02
1.852744287338853155e+02
1.877905389690411937e+02
1.864344145249051223e+02
1.822063497841992898e+02
1.876632090554608112e+02
1.793312064474936562e+02
1.896772723306351054e+02
1.814273258480879463e+02
1.839176903588458174e+02
1.852932975032917966e+02
1.847566065014999594e+02
1.832788302522618267e+02
1.846467670261721139e+02
1.863131803214039905e+02
1.816712999435970346e+02
1.807419589254384391e+02
1.842823406385567466e+02
1.869756808152452834e+02
1.881917056922475240e+02
1.859119144519886220e+02
1.887269008204017382e+02
1.887713460554558651e+02
1.868904801379985088e+02
1.853414654623840647e+02
1.888498867121462297e+02
1.848995002380009112e+02
1.813544592044677586e+02
1.851781212382270212e+02
1.854228871382842385e+02
1.835457848016030766e+02
1.856848681843202655e+02
1.851660096162479761e+02
1.864956103555562095e+02
1.830073756062867005e+02
1.824330660428113333e+02
1.860646366640328324e+02
1.893945877001674489e+02
1.863583785464743130e+02
1.853317624246992636e+02
1.853030879683502974e+02
1.880724019920848207e+02
1.794699418622797680e+02
1.890491637369161424e+02
1.845943023721360134e+02
1.895587001727108714e+02
1.868081689298290087e+02
1.882236361872294026e+02
1.842801897590390183e+02
1.870692001837075793e+02
1.910874466417133135e+02
1.839313006568977755e+02
1.879232311320147630e+02
1.863215611746300624e+02
1.806604277007869825e+02
1.823353029218830841e+02
1.876862603635076709e+02
1.840715714800326452e+02
1.800871692732014822e+02
1.870906438168523209e+02
1.882359011850526826e+02
1.835191656932721287e+02
1.877771729853450893e+02
1.864419444437338882e+02
1.838979047257469688e+02
1.862893665306775404e+02
1.894273601870376922e+02
1.873434014991926517e+02
1.852966901628807932e+02
1.838355189042204927e+02
1.870698123841762026e+02
1.858425900517232208e+02
1.886566008632864850e+02
1.867630607163137597e+02
1.853086465553996618e+02
1.837372965641103519e+02
1.907308208446157778e+02
1.816683776772347017e+02
1.889185986718693187e+02
1.893561167302103456e+02
1.842853502970242232e+02
1.848671606104294085e+02
1.898320007171377028e+02
1.862246847504316634e+02
1.846905683438071719e+02
1.865460399272319023e+02
1.801359329795552071e+02
1.868328952192884174e+02
1.843922793345770401e+02
1.839706946938281362e+02
1.851949509313031967e+02
1.828807435963849457e+02
1.874965700292327995e+02
1.834149332853889405e+02
1.876404483499149194e+02
1.896069504651401303e+02
1.807376986109395034e+02
1.898304073607072269e+02
1.876738302394209370e+02
1.856539769335430492e+02
1.819076315547577565e+02
1.857616770731984559e+02
1.813204036202180305e+02
1.841727417030241725e+02
1.833551240530406403e+02
1.836203415401180621e+02
1.837244997898268934e+02
1.833701711303218644e+02
1.901947214950025398e+02
1.847838751384210809e+02
1.819508566361481030e+02
1.869772792061780819e+02
1.859368056264654285e+02
1.840968264556002794e+02
1.858521710785742016e+02
1.876951735605789509e+02
1.868554769658493058e+02
1.825223026231464303e+02
1.895066169262158553e+02
1.849984159642009729e+02
1.868966025347037601e+02
1.860270419144435436e+02
1.852889845025464126e+02
1.834118842464212946e+02
1.851205119038101543e+02
1.851127866368981358e+02
1.889379531196834137e+02
1.869319463798068739e+02
1.854292566394874484e+02
1.871399820062449066e+02
1.854184367429371605e+02
1.853701924855379275e+02
1.836373114360996794e+02
1.893359476514175412e+02
1.892364687968736519e+02
1.797590829939689741e+02
1.872948642654016567e+02
1.818278180917814666e+02
1.847729136901646427e+02
1.863468382238696393e+02
1.808673604226426903e+02
1.834188308011441677e+02
1.951225233913871193e+02
1.925438151298423861e+02
1.827244920979794358e+02
1.864602010661757276e+02
1.849125875699376991e+02
1.838917795976338141e+02
1.870095600529719206e+02
1.868359850003438396e+02
1.842926442427031759e+02
1.912348353828047607e+02
1.906882002034777486e+02
1.852450045566939423e+02
1.848038211381367262e+02
1.913041174613114208e+02
1.827812894360881728e+02
1.862846053704338090e+02
1.880691674385859642e+02
1.819154217432816267e+02
1.846311652484673687e+02
1.909784616900659842e+02
1.824797814319369422e+02
1.819016874467364744e+02
1.867915572008726031e+02
1.856766502129269725e+02
1.849523795600298683e+02
1.847629177768295676e+02
1.845569549249782142e+02
1.840835594714753540e+02
1.826282177047457367e+02
1.872993858574221520e+02
1.837632806853442560e+02
1.885879084478036418e+02
1.887008555028546937e+02
1.827772674044688586e+02
1.856513723951728139e+02
1.827180208201874620e+02
1.819828716600046050e+02
1.888331951337441126e+02
1.858495533790448633e+02
1.855930687712500458e+02
1.895472206044860002e+02
1.824825212714499116e+02
1.819269878452553542e+02
1.829463639942086104e+02
1.841777192284718296e+02
1.867275322353362981e+02
1.838187438926980519e+02
1.859415555328438074e+02
1.850779170669246980e+02
1.875995609855402790e+02
1.882319236821531092e+02
1.826770120447530701e+02
1.874564699152765002e+02
1.874432129465675416e+02
1.838967432363657508e+02
1.796074483911338291e+02
1.822658695454004487e+02
1.863105859161215108e+02
1.919561011297914206e+02
1.875890996275342388e+02
1.868382858369460848e+02
1.873809201015820918e+02
1.842583936124171657e+02
1.814569488822648111e+02
1.830442040402957957e+02
1.862836427431489312e+02
1.864378002053558987e+02
1.854871824817041954e+02
1.842735009531498065e+02
1.817246261965437668e+02
1.887365558813390294e+02
1.832444777602410397e+02
1.871774802182060000e+02
1.814447397902038688e+02
1.859697871423985589e+02
1.874315911925417879e+02
1.888857973682922307e+02
1.911933676338788075e+02
1.822815333245052898e+02
1.840081020056137788e+02
1.811001303477247859e+02
1.835601654616042993e+02
1.902450140244108923e+02
1.881129251972132579e+02
1.850038289435617855e+02
1.859615682079458452e+02
1.819538407642457400e+02
1.825192419274797544e+02
1.903804661044014495e+02
1.884594242361206398e+02
1.845918802285945333e+02
1.879636765643596732e+02
1.860527742908749929e+02
1.860508098773120764e+02
1.790600632394036325e+02
1.866534402595394511e+02
1.836652690380752802e+02
1.870284090833442576e+02
1.866443149780415069e+02
1.852086515115952068e+02
1.924795971981815796e+02
1.865471568509807696e+02
1.857857461348621939e+02
1.884274367392449676e+02
1.893533717666511507e+02
1.882664539475849210e+02
1.832402770195446351e+02
1.909896734484752869e+02
1.858283689751520171e+02
1.876278086892181705e+02
1.871271395213123014e+02
1.843052581340182883e+02
1.874928558885520431e+02
1.887736686369594565e+02
1.809422786713984124e+02
1.887915768648492474e+02
1.896451119418986764e+02
1.852566995995453567e+02
1.869790470706273879e+02
1.836996804474030398e+02
1.867932794750522589e+02
1.893214744325097456e+02
1.820004896835098407e+02
1.805982038856714382e+02
1.921682294619782851e+02
1.843817061288736738e+02
1.795165204930613640e+02
1.831579138357574266e+02
1.848800438002843407e+02
1.806027802559999031e+02
1.879820497976352556e+02
1.842958443907487265e+02
1.882856752048471094e+02
1.956736968636502922e+02
1.820216857499482330e+02
1.850037478594333322e+02
1.852096051033825859e+02
1.837710716004029905e+02
1.869625847790150317e+02
1.883507677653513781e+02
1.843182084903250768e+02
1.907133957045220995e+02
1.759358215244542976e+02
1.832579033797729267e+02
1.854454943904385971e+02
1.872423781042938629e+02
1.914638017096042688e+02
1.887857789750106292e+02
1.897936357063396429e+02
1.899320617363871975e+02
1.845271219772248799e+02
1.828131998620881120e+02
1.853569724093044044e+02
1.870527402828256243e+02
1.826450268851946532e+02
1.862331993797031942e+02
1.872092979999425779e+02
1.856657210635800084e+02
1.878594143190656496e+02
1.843035522274783204e+02
1.856139178576297581e+02
1.859842426424700648e+02
1.833869848665452764e+02
1.882749509452771122e+02
1.880460024395825656e+02
1.911235899680111174e+02
1.877093700342243494e+02
1.821165925587238235e+02
1.878685945849518646e+02
1.879813478133160629e+02
1.837679857357105959e+02
1.861006330335860355e+02
1.837565307368706726e+02
1.827396186926286816e+02
1.885822300923135515e+02
1.874633558836770533e+02
1.887880421155359159e+02
1.915884409082522097e+02
1.817486442364787251e+02
1.871610065759661836e+02
1.815551025242677952e+02
1.846436785743089501e+02
1.840531313700079465e+02
1.930208208161768653e+02
1.845732151468353095e+02
1.856488455571108318e+02
1.824867551489355151e+02
1.827440379316923327e+02
1.830168732921239894e+02
1.867780456830288358e+02
1.842612608108962888e+02
1.852223464861119453e+02
1.847664889065181342e+02
1.834384755896679735e+02
1.840593065292764834e+02
1.870311526395459794e+02
1.889727322204001325e+02
1.877303079448059577e+02
1.804170181584988200e+02
1.843640827996996734e+02
1.839948213108561390e+02
1.852846416483235430e+02
1.877545955619263225e+02
1.805212499948869720e+02
1.829420979647496495e+02
1.879333046173559580e+02
1.818240464649972807e+02
1.878165772582111686e+02
1.924705546412557737e+02
1.849348464154188321e+02
1.838800137568264290e+02
1.830852475294838086e+02
1.813741593387835564e+02
1.899036012944506240e+02
1.838293911094730504e+02
1.830321919055600688e+02
1.861254955270084395e+02
1.839743839708704627e+02
1.878888508788548393e+02
1.843626647253309727e+02
1.881893475643280738e+02
1.855756478512075205e+02
1.864209420509373274e+02
1.893539394470961668e+02
1.881297821745032195e+02
1.849987531542821273e+02
1.833856179133764215e+02
1.858799644978527112e+02
1.842210262937556990e+02
1.788323065757343500e+02
1.866837211284930618e+02
1.880203093527508145e+02
1.863269021211213499e+02
1.851599324673173612e+02
1.848017529032141510e+02
1.867154282184275758e+02
1.829551549812170208e+02
1.873935375393120069e+02
1.861134875360562262e+02
1.848483251391268141e+02
1.890516252958269376e+02
1.864941114610990667e+02
1.879526896495443111e+02
1.833771289509203086e+02
1.852443353248224867e+02
1.846103073828896584e+02
1.865158102156841835e+02
1.832096417948216356e+02
1.855882106414063912e+02
1.849176262934718977e+02
1.850141450440572157e+02
1.812441989966370670e+02
1.836177729247890511e+02
1.833070833064700764e+02
1.864931332192932985e+02
1.815354960614890842e+02
1.887735774214158084e+02
1.858464107310727513e+02
1.854031037303334699e+02
1.873223224710151840e+02
1.852802303060697398e+02
1.837724776839307879e+02
1.879703817237647172e+02
1.844529612039494566e+02
1.839635446835241055e+02
1.868727807040357050e+02
1.799061211198518038e+02
1.855227208728728385e+02
1.834942011723834980e+02
1.876618736640881764e+02
1.910571687052947709e+02
1.891941100994816907e+02
1.864623265466514965e+02
1.845924591861129898e+02
1.793969971762536488e+02
1.884508660602411680e+02
1.855064560426252740e+02
1.844023271788020679e+02
1.841029386910116727e+02
1.866677251443060186e+02
1.830389139243585248e+02
1.873577095626342839e+02
1.845853532596830746e+02
1.838653935589057369e+02
1.870997595011041597e+02
1.824791473595344371e+02
1.919699255867755596e+02
1.898676187150366559e+02
1.825437446954212248e+02
1.860082758628383601e+02
1.866250238967431301e+02
1.840929788997785010e+02
1.898466424284302434e+02
1.832644626505358758e+02
1.832539222179095475e+02
1.851207213478110987e+02
1.829856956498007037e+02
1.866077294369330559e+02
1.819887442023875224e+02
1.794626772313698950e+02
1.785738686315232258e+02
1.890446920112442797e+02
1.840715142060965377e+02
1.855937203526589769e+02
1.795161215097053571e+02
1.797168527983109811e+02
1.808894470206541314e+02
1.798868488227801095e+02
1.873630933939558361e+02
1.834906464336213503e+02
1.904039778883505960e+02
1.826976642118015093e+02
1.806556001581517705e+02
1.891326650077779732e+02
1.848322921478891772e+02
1.844317878528295864e+02
1.887176452148919168e+02
1.813047586567033704e+02
1.821435885767793366e+02
1.835685701948931410e+02
1.849674264746177812e+02
1.836674136076159130e+02
1.843896031283462094e+02
1.823134756009363855e+02
1.861674651607316662e+02
1.853152080737606013e+02
1.842189033639329523e+02
1.827721477108947568e+02
1.925805050176490170e+02
1.893954233150647894e+02
1.805731515952587642e+02
1.831566957161920755e+02
1.863449430600678340e+02
1.831074800294494196e+02
1.884693413002258353e+02
1.867120356683317084e+02
1.894109114329115755e+02
1.840373949229412744e+02
1.870670339677548668e+02
1.846955668654265992e+02
1.922583409831175345e+02
1.870144898831487694e+02
1.862892531896794708e+02
1.862579547182409101e+02
1.840614674406857603e+02
1.835705301889781822e+02
1.865340413143088085e+02
1.872834433136974042e+02
1.894688193792310642e+02
1.817413556849453471e+02
1.912319914218872725e+02
1.828528327337742496e+02
1.866982534145476222e+02
1.810846438582628082e+02
1.815952048284159162e+02
1.860085465057368879e+02
1.860649651281016759e+02
1.917147042412791791e+02
1.798365064942138360e+02
1.864327445353939083e+02
1.870635465184963095e+02
1.910001381539156853e+02
1.869669240699606405e+02
1.810151528042300981e+02
1.855593631599785454e+02
1.827280567097770358e+02
1.795830397563411509e+02
1.881870005257305536e+02
1.897934062091159717e+02
1.869661412252277728e+02
1.840405773038161215e+02
1.867763573119198099e+02
1.877344108836035730e+02
1.922427144662194678e+02
1.854811026635721021e+02
1.855216897990524103e+02
1.908885892116648222e+02
1.821206318686623149e+02
1.820177491474748592e+02
1.877895510773594481e+02
1.848201108507354604e+02
1.859023392316018715e+02
1.848768648247124418e+02
1.804015273628816090e+02
1.923478123297506670e+02
1.819342791862232502e+02
1.886001815761136413e+02
1.903557302032134260e+02
1.855739643190994173e+02
1.889145742239186916e+02
1.895670883579614951e+02
1.806255572358082020e+02
1.819501445462967979e+02
1.895930648379763568e+02
1.865916861801210018e+02
1.821585608509937231e+02
1.869604441405627426e+02
1.860807805726502124e+02
1.886278528840240654e+02
1.828285074540022208e+02
1.842333081349371469e+02
1.841637561540112529e+02
1.838601495674347746e+02
1.862450037112431573e+02
1.854162260497144814e+02
1.861454058992987086e+02
1.848422973636770337e+02
1.833083906060374773e+02
1.876389276315142922e+02
1.853741179866891571e+02
1.850133796182493313e+02
1.871199330361505133e+02
1.872240707611869084e+02
1.834422148279378462e+02
1.851464356893899037e+02
1.857356435761182922e+02
1.781447598710560953e+02
1.848712409975163951e+02
1.856041308291633811e+02
1.882849919814833584e+02
1.893947778556426158e+02
1.833472045594584756e+02
1.834872590251885356e+02
