1.949524768168969047e+02
1.893944603033977501e+02
1.917751748998797439e+02
1.976838892171064970e+02
1.944170507993847536e+02
1.999313487021882452e+02
1.973572224213744164e+02
1.990418021588340878e+02
1.965075207943146722e+02
1.942820951293033716e+02
1.942206050943088940e+02
1.902652303787311041e+02
1.994731604844744481e+02
1.956174968513958845e+02
1.898273426101016526e+02
1.965607850355215476e+02
1.952233619652608070e+02
1.918899769545845118e+02
1.937817799904694880e+02
1.926655327963506465e+02
1.896045621050324428e+02
1.963966050347785881e+02
1.947704401932606117e+02
1.912591394887278966e+02
1.924164134305235905e+02
1.976435428159400658e+02
1.913747015691164393e+02
1.923743373611254128e+02
1.949783341735608246e+02
1.946316836482059500e+02
1.931910921979190334e+02
1.939873154744732915e+02
1.998962055678215961e+02
1.881749179491476127e+02
1.967315267356167965e+02
1.943844310194674563e+02
1.919572511117867464e+02
1.981112769341170292e+02
1.929052690152139178e+02
1.951862328390644166e+02
1.953606276102653680e+02
1.930930014993270731e+02
1.967717214600438069e+02
1.958467653877148678e+02
1.932140165039378985e+02
1.948205756816227847e+02
1.949430353141041792e+02
1.954427610951174472e+02
1.950270974316808861e+02
1.901808705807392528e+02
1.993937238989693128e+02
1.899768238522696890e+02
1.944405386473995065e+02
1.904644638992270131e+02
1.947314082596189166e+02
1.944244637835910794e+02
1.957034503474434928e+02
1.936593701433944261e+02
1.939510138622021884e+02
1.922568654479279076e+02
1.981245403868227299e+02
1.934272212862832987e+02
1.945973546040914357e+02
1.946308582262633422e+02
1.958793210661233388e+02
1.951669853788202715e+02
1.962479546393089720e+02
1.963956844281559313e+02
1.929924358024198909e+02
1.913543232786034025e+02
1.985453497606716837e+02
1.987427955226156087e+02
1.912519173228639033e+02
1.950833832579285456e+02
1.993323807114549595e+02
1.937879349001854052e+02
1.938645146957666441e+02
1.963235212377840639e+02
1.944968650808875736e+02
1.910341547247230380e+02
1.934979677866098768e+02
1.917676637573590028e+02
1.940573442263911090e+02
1.948654831372534773e+02
1.896561649901972828e+02
1.958054316496896092e+02
1.918369688854667459e+02
1.871856888436537361e+02
1.895718745837343988e+02
1.905274926751010014e+02
1.985040641896130182e+02
1.953628601879494227e+02
1.979758663091103870e+02
1.949541784505689179e+02
1.928645948483271297e+02
1.900466720835739807e+02
1.922659160857734548e+02
1.933892539731187412e+02
1.910256282931042620e+02
1.945507313260958995e+02
1.935834500120353709e+02
1.922778071894105949e+02
1.913314969799957908e+02
1.926760807803223372e+02
1.953074335219884858e+02
1.957892369172826932e+02
1.978702620350961467e+02
1.953227706560427634e+02
1.978591903168032218e+02
1.921375975186834069e+02
1.926301346782239250e+02
1.938247827577090447e+02
1.958574709176579915e+02
1.941366488696662884e+02
1.948635764375354427e+02
1.996655266740624768e+02
1.912072864100771881e+02
1.953313258409946229e+02
1.928925045274249328e+02
1.967048513890475760e+02
1.908097903176203829e+02
1.926450742087573644e+02
1.972246098097232618e+02
1.915865700180309830e+02
1.915764827571909166e+02
1.889461918225228771e+02
1.925563072937099776e+02
1.971773029531647978e+02
1.942777305290435379e+02
1.940744302839807744e+02
1.944489981678150627e+02
1.951060869398504281e+02
1.965030231070077207e+02
1.950610827306436761e+02
1.996108077705879680e+02
1.943231178134311108e+02
1.891380037992861958e+02
1.961560486041193201e+02
1.967540671786090627e+02
1.927148804079972706e+02
1.928288577492122045e+02
1.964197207036656039e+02
1.919118429603110485e+02
1.937873862439084007e+02
1.961186683096799186e+02
1.910281873788634357e+02
1.914268012322757500e+02
1.936845163157125569e+02
1.923223096902768532e+02
1.913161614894644629e+02
1.967431039826493873e+02
1.947633761513826585e+02
1.944286731132964690e+02
1.924985187634762838e+02
1.975664977023933488e+02
1.961394190352283715e+02
1.948982138683128369e+02
1.936562741290128997e+02
1.916893302624020237e+02
1.939883715046643431e+02
1.943204214137557528e+02
1.943175725652960466e+02
1.933775670098025046e+02
1.926524375277765841e+02
1.983239364131931666e+02
1.909583622424990210e+02
1.943815747064081734e+02
1.928471625519266865e+02
1.937278307534328405e+02
1.891830445218119507e+02
1.926688573073286648e+02
1.945392806373962742e+02
1.922681535876495218e+02
1.927691590133710235e+02
1.955275154623999470e+02
1.895620611947674377e+02
1.939496510707792254e+02
1.956494955023995317e+02
1.946067010794494934e+02
1.942634675975886580e+02
1.903275507034751683e+02
1.973722864413183231e+02
1.941811626307297161e+02
1.949472169669411983e+02
1.926145339136632799e+02
1.943282253351580664e+02
1.942206688558207759e+02
1.967839128860329083e+02
2.003041875316853861e+02
1.919362908997700288e+02
2.002271279874870231e+02
1.916368622687865013e+02
1.931664943016010625e+02
1.910189973839423772e+02
1.920827736847559208e+02
1.953480492479829138e+02
1.939200206254408840e+02
1.979162711632171181e+02
1.961015760272902071e+02
1.927089882703018588e+02
1.930389943438057969e+02
1.876408049255031756e+02
2.003982832430116332e+02
1.960218960772803598e+02
1.920525861273228543e+02
1.949205066844145620e+02
1.926337704922693206e+02
1.999480899823595621e+02
1.948752073610378659e+02
1.946749469978354909e+02
1.943442370574285576e+02
1.926582663678156280e+02
1.980896141245525541e+02
1.928611356999677184e+02
1.938162205158935478e+02
1.974859280251777989e+02
1.959706186692037022e+02
1.953011122438330176e+02
1.909000058667888311e+02
1.911305171167250307e+02
1.946414087853717660e+02
1.973840441892338617e+02
1.991475626030368460e+02
1.927641370564462591e+02
1.907479061836996550e+02
1.897997978308715972e+02
1.950965523749034389e+02
1.962021654264883921e+02
1.981707961263603863e+02
1.942445501366853478e+02
1.967804558771397296e+02
1.957926876101041103e+02
1.970135286871643245e+02
1.996758851241144725e+02
1.979712947360691828e+02
1.941868474723122233e+02
1.993423969735229093e+02
1.963274395092441580e+02
1.957443285208896384e+02
1.910313257077784783e+02
1.911204093267449480e+02
1.901829938756765159e+02
1.905086700176815668e+02
1.936602302586050541e+02
1.978444359910467369e+02
1.925221952284298084e+02
1.913379075756851648e+02
1.911248986191430674e+02
2.014514699515513598e+02
1.897512182924771196e+02
1.945052258786465131e+02
1.931905316303911206e+02
1.975844812690590970e+02
1.924378475666471218e+02
1.943129564900164610e+02
1.960462956266951551e+02
1.945330978186920561e+02
1.909339710732706408e+02
1.957267703893620876e+02
1.938283330360983712e+02
1.905973518913415603e+02
1.899693721865971270e+02
1.951706871290998890e+02
1.953912372214476250e+02
1.964003052196301837e+02
1.991978741551312169e+02
1.937992671553207913e+02
1.946247135588540402e+02
1.949505768203615048e+02
1.955545422896618675e+02
1.920911167651042035e+02
1.970500692757242405e+02
1.898499902556829397e+02
1.936883543703662554e+02
1.981709277631311465e+02
1.937783501184091506e+02
1.909044771818966240e+02
1.898593864846222630e+02
1.928194713928328667e+02
1.940436194238974963e+02
1.992913228156320997e+02
1.955939109539766605e+02
1.925439532634943873e+02
1.922245440695300829e+02
1.938350091790752288e+02
1.952050470558535835e+02
1.912231252205443184e+02
1.915634232003533839e+02
1.930662394324092190e+02
1.957007285366685210e+02
1.943558307693041058e+02
1.934051154438734841e+02
1.904785981359645177e+02
1.925583231846022727e+02
1.939009816923918947e+02
1.967912143188385130e+02
1.951358298471165256e+02
1.909997900452079591e+02
1.890602109455053323e+02
1.935052521746512468e+02
1.944370824583187414e+02
1.986739625607343669e+02
1.897517904446860939e+02
1.946032443659111664e+02
1.957263561862797019e+02
1.935146544189765621e+02
1.954117594373621216e+02
1.977749111669266426e+02
1.936275439760991901e+02
1.965456444855348366e+02
1.932299530836301358e+02
1.940022343432161449e+02
1.948367311209204331e+02
1.977486336893188081e+02
1.924998671962287347e+02
1.966861916505805254e+02
1.989277593329205445e+02
1.933656019113245179e+02
1.985129832183203291e+02
1.897955658825995329e+02
1.945516927977957664e+02
1.979050520660852612e+02
1.910033203980097483e+02
1.898778723379631685e+02
1.964863458681312522e+02
1.931315379540076549e+02
1.925561085687378409e+02
1.941212604232181604e+02
1.919328749142085258e+02
1.941693621090466308e+02
1.948291242511875510e+02
1.942199834114418024e+02
1.964221037031401522e+02
1.916881910813931142e+02
1.923446757107833207e+02
1.953663088003887935e+02
1.927743746134802620e+02
1.916385686033402465e+02
1.886521331105318779e+02
2.015262983623305786e+02
1.957533138942367543e+02
1.898399128473898543e+02
1.972720321398900296e+02
1.972953849499443493e+02
1.923799951104722084e+02
1.952233488756527890e+02
1.998264219447105461e+02
1.967237010205731167e+02
1.933383449195188746e+02
1.955126208112725124e+02
1.926785419667051826e+02
1.895038938092681349e+02
1.938214575542658622e+02
1.908092422679027038e+02
1.880164179105552478e+02
1.962989031477611093e+02
1.939116018006616287e+02
1.970036208703699856e+02
1.953800252196367921e+02
1.956652752202624299e+02
1.993968542408578912e+02
1.929893040024782067e+02
1.943141716941088077e+02
1.932524775164113748e+02
1.965571027037802025e+02
1.995912573174391298e+02
1.945995257364699569e+02
1.913124001317613931e+02
1.981474575841808416e+02
1.922036291590579538e+02
1.904502809780987604e+02
1.966244145450336305e+02
1.957405999006300021e+02
1.941058488311820156e+02
1.913675448353943125e+02
1.965942012853345773e+02
1.910816274891856210e+02
1.962280244507882969e+02
1.953463609643044663e+02
1.919576350695353710e+02
1.947542080818701038e+02
1.940829234754105244e+02
1.953158066131788928e+02
1.957210996096588929e+02
1.947520843796781378e+02
1.928593365110435798e+02
1.904546627202278160e+02
1.972778764129650995e+02
1.940263169075598171e+02
1.905814050572052167e+02
1.940046325390348443e+02
1.924242303728740353e+02
1.983743952036390112e+02
1.971943549587332996e+02
1.932061703458378759e+02
1.906920891556875972e+02
1.985106538813516011e+02
1.914643964834507983e+02
1.942528546392772171e+02
1.905122223712034213e+02
1.977044951938497661e+02
1.955609837174207257e+02
1.949976772704040400e+02
2.007089621228677458e+02
1.980896819069076003e+02
1.952561911566913295e+02
1.944676108005341177e+02
1.942674680028240175e+02
1.950983282925222966e+02
1.891164878918433203e+02
1.960694866650606514e+02
1.967210593771085883e+02
1.948938267541605853e+02
1.931811851728874387e+02
1.944680027420376405e+02
1.939412887344555827e+02
1.944937306176533696e+02
1.925732544317537247e+02
1.943691091598833793e+02
1.962867348411917874e+02
1.893300547967461114e+02
1.943449884081573487e+02
1.963291803928594845e+02
1.962719842237574994e+02
1.922841586424758589e+02
1.975240805448579806e+02
1.885543663082156627e+02
1.917913010301090537e+02
2.027693666068475977e+02
1.935599581381959240e+02
1.969719844397585859e+02
1.975872182174441036e+02
1.951499631918499915e+02
1.945083986566476426e+02
1.946954480097433589e+02
1.903168184108046432e+02
1.959428683672044258e+02
1.911253176430882377e+02
1.942623870258032639e+02
1.924297884113456689e+02
1.985377076582246900e+02
1.967413368039335069e+02
1.943270420440658768e+02
1.940760516607028308e+02
1.968991038940878582e+02
1.962961036506846710e+02
1.957941482935107160e+02
1.938208048700335837e+02
1.979677328973583315e+02
1.956975549498939984e+02
1.914124404865071938e+02
1.993999783778988046e+02
1.940002399727657405e+02
2.002922020424617813e+02
1.991845591439484053e+02
1.930625205569135687e+02
1.995703048828817714e+02
1.942532843563957385e+02
1.956560745166734137e+02
1.924019681834275559e+02
1.973330878690090913e+02
1.908911682230857423e+02
1.932673442958133307e+02
1.933073083188446617e+02
1.972769718757666340e+02
1.949307009446581560e+02
1.996425988462594319e+02
1.943318116816992642e+02
1.909830455168177537e+02
1.919582120075039882e+02
1.964784796451042439e+02
1.971985599697521252e+02
1.918826334235620550e+02
1.978793680068488641e+02
1.969660097362229578e+02
1.978481925963832282e+02
2.010493238595545336e+02
1.940701130878299523e+02
1.928282134572416737e+02
1.980040028897199136e+02
1.944792423133028763e+02
1.953525691831434301e+02
1.927072305222419573e+02
1.934942666869044672e+02
1.933320398236079711e+02
1.916446752228315233e+02
1.952942412412286899e+02
1.909710638020630711e+02
1.913313719018133270e+02
1.952173254998608911e+02
1.943801432448696005e+02
1.966446347547457378e+02
1.931395104866694794e+02
1.913536109855067764e+02
1.938163670889953210e+02
1.936036968595655878e+02
1.980554883982410672e+02
1.969349090436675169e+02
1.899956775268803142e+02
1.941897077456946192e+02
1.994961213134598097e+02
1.908677595653537367e+02
1.925956650997398469e+02
1.975485978072804016e+02
1.935958989069062284e+02
1.992305439012658326e+02
1.921231572752724333e+02
1.895907199922655479e+02
1.912004161059765295e+02
1.937775565121787054e+02
1.965972899324595460e+02
1.955977609577782630e+02
1.988825169500302650e+02
1.925225709340803064e+02
1.901754335589251070e+02
1.920585916683675123e+02
1.905861417245670282e+02
1.964356792869800472e+02
1.932572158608827237e+02
1.962037574714736365e+02
1.967897820641856583e+02
1.962027111777065898e+02
1.882954399369344287e+02
1.987197854041129972e+02
1.952735970529301994e+02
1.947646749496306313e+02
1.975125944273852383e+02
1.936080559121929241e+02
1.956066599481785317e+02
1.964426789447352917e+02
1.923863100776157182e+02
1.908528572797445690e+02
1.959988165777807865e+02
1.970258613328682884e+02
1.948622047166484208e+02
1.942345328770555852e+02
1.933599682361970622e+02
1.985103010711841875e+02
1.992330640019667385e+02
1.941057984359572970e+02
1.937389077250727496e+02
1.979691204282468391e+02
1.953240911122894943e+02
1.910858970510572306e+02
1.967291331779571806e+02
1.974733066673978783e+02
1.984408140108976397e+02
1.935958958609195406e+02
1.965108606864642979e+02
1.899172902969287122e+02
1.939639506599247341e+02
1.920197569223076357e+02
1.913261417737469969e+02
1.918323507120031195e+02
1.899356527084356685e+02
1.959841431032477317e+02
1.946324369786725299e+02
1.988003308747016717e+02
1.927097419769936835e+02
1.944241356498940831e+02
1.996533849482289895e+02
1.961842108972167296e+02
1.919963712006021979e+02
1.923036357757809753e+02
1.872747449357132439e+02
1.924525927315355034e+02
1.948775327975883727e+02
1.936688119420046235e+02
1.909349595110844575e+02
1.949267623366739599e+02
1.928825456254083406e+02
1.954642279633737587e+02
1.942159746915496328e+02
1.942665765266267783e+02
1.899027835220369411e+02
1.972489558665658649e+02
1.937551507124411216e+02
1.921614293474226827e+02
1.954819097859324302e+02
1.960213803021263459e+02
1.943467987755870752e+02
1.956743965729510819e+02
1.898146125070040284e+02
1.931660940226415164e+02
1.947654302271305937e+02
1.949613902523741729e+02
1.910822196277306091e+02
1.947261853676953081e+02
1.983832140084723221e+02
1.968316950689619773e+02
1.933364928814757207e+02
1.968868730426920024e+02
1.952737695375424494e+02
1.927151908243279479e+02
1.994336218272361805e+02
1.921773795817686619e+02
1.940573248159091690e+02
1.994165417228358876e+02
1.952026939541045181e+02
1.908518046949283189e+02
1.992594052978003276e+02
1.932492321806815028e+02
1.942040119546144865e+02
1.948469163896935470e+02
1.948453959732437966e+02
1.950758265860216625e+02
1.910940772135358543e+02
1.893929029459339688e+02
1.971100568713962389e+02
1.948055316315236212e+02
1.919771223293417961e+02
1.943215261510385687e+02
1.925474337341828175e+02
1.953074209596622381e+02
1.941233127239955252e+02
1.962009396350469217e+02
1.907101475031955999e+02
1.915697398459066676e+02
1.919044146552425332e+02
1.982988521435303824e+02
1.928979993789859577e+02
1.903315286605257199e+02
1.953137092575692861e+02
1.915228375241301535e+02
1.975871987909074221e+02
1.885155830409740361e+02
1.924056658492680185e+02
1.898606975413494524e+02
1.957251511713958507e+02
1.928313203063746926e+02
1.925242040970173321e+02
1.903781041314383629e+02
1.951034668250941877e+02
1.950792919012424989e+02
1.992802047867366184e+02
1.941305835839838494e+02
1.969092956858759180e+02
1.919977856304510055e+02
1.973440920864858867e+02
1.917642863623474625e+02
1.941747165630521010e+02
1.942379631151867443e+02
1.966057171642892740e+02
1.981178484364615429e+02
1.933925666864411710e+02
1.939761459288624508e+02
1.954419103827223410e+02
1.947387740248730097e+02
1.966459076107173871e+02
1.925189309921208007e+02
1.912041422592168090e+02
1.926345114323511893e+02
1.983272426422594208e+02
1.934843303068159912e+02
1.944938476228778086e+02
1.949274958116842811e+02
1.956332187408221728e+02
1.900509890868962373e+02
1.923659735792109302e+02
1.912410651833752127e+02
1.901443381788701288e+02
1.953965386686872705e+02
1.929472886104961731e+02
1.930122296898332479e+02
1.906776878662345780e+02
1.941087479635249906e+02
1.928602354619968935e+02
1.927533556687071439e+02
1.908507767946388469e+02
1.969013779423860910e+02
1.970981201374795262e+02
1.928622095569087378e+02
1.943991880386860203e+02
1.918549032686301530e+02
1.941888080593946597e+02
1.991135570061840383e+02
2.001306323548524801e+02
1.950110407925253355e+02
1.898716747588022997e+02
1.907814603112708483e+02
1.943497856509295900e+02
1.904101672848842384e+02
1.966382449056305859e+02
1.966729976590451940e+02
1.961599187161422719e+02
1.988421458894676732e+02
1.919608024154667021e+02
1.894437775021366690e+02
1.956980466527161582e+02
1.918213489132224936e+02
1.941131705315368947e+02
1.967231708597213355e+02
1.914436713709518756e+02
1.928078840543843171e+02
1.945191531156339977e+02
1.956045266769486659e+02
1.918630337440801554e+02
1.903674049273261915e+02
1.953962446514334204e+02
1.925092984441301098e+02
1.938233750161172111e+02
2.004432710932381667e+02
1.882251133316313485e+02
1.967778090634872967e+02
1.965373635481205667e+02
1.966678540299626832e+02
1.965192359774008253e+02
1.936152458362275013e+02
1.960127729021759535e+02
1.925810197084885829e+02
1.916880361468620038e+02
2.002506285902455545e+02
1.926507515209059704e+02
1.930294006345348237e+02
1.919963932090648484e+02
1.926764502859411436e+02
1.910873740992387297e+02
1.938394240130306230e+02
1.941501220850711036e+02
1.993730096322468057e+02
1.930545641392950245e+02
1.928069640545215577e+02
1.976699658272492286e+02
1.964643511207680433e+02
1.945285429199633143e+02
1.991051097655793285e+02
2.019734029105705702e+02
2.009123539287721485e+02
1.924629379162542762e+02
1.908623966242606684e+02
1.986109343255229476e+02
1.942542960118936719e+02
1.934744272978287825e+02
1.969365238613937663e+02
1.959003784023114463e+02
1.940504240962162328e+02
1.988871783125665331e+02
1.975664250628161653e+02
1.926875450536067831e+02
1.984278042090032841e+02
1.955384606345759551e+02
1.932218805997326569e+02
1.908805415336131261e+02
1.939240191169090224e+02
1.930816082770700746e+02
1.943117349676912227e+02
1.967382147690503302e+02
1.972408612870471813e+02
1.930322504373239099e+02
1.917907183856440838e+02
1.932348254615639291e+02
2.018029895467583685e+02
1.911995399551371406e+02
1.942586118764077412e+02
1.938941894505283301e+02
1.944823413537509964e+02
1.916509286182607354e+02
1.960872815515490402e+02
2.008698339274533282e+02
1.935419197028970473e+02
1.937919983893731057e+02
1.923418279100441737e+02
2.011281471448462810e+02
1.978713255950947314e+02
1.962025836332894642e+02
1.969063339288764780e+02
1.970540452620996916e+02
1.916232405811076092e+02
1.950059637072195642e+02
1.935627466307243765e+02
1.905461551397190760e+02
1.948151797029376269e+02
1.963454310706000854e+02
1.904260539313573304e+02
1.879184166406757015e+02
1.931317252787657139e+02
1.892831976538810466e+02
1.927672035622147746e+02
1.959542155769307783e+02
1.951157085934880797e+02
1.904906290233717243e+02
1.930379823466137168e+02
1.980055341605879278e+02
1.959524700806338444e+02
1.942976505337007040e+02
1.962727390251993995e+02
1.952253489291612709e+02
1.961041240618741313e+02
1.933736001475311355e+02
2.002757739407565225e+02
1.926133258608037977e+02
1.961834197649751275e+02
1.931502284426669007e+02
1.962278577493393641e+02
1.953160081945423769e+02
1.917417582752227361e+02
1.923909716043416154e+02
1.944351910626138817e+02
1.962411919539862311e+02
1.906443257025038065e+02
1.945278495296155654e+02
1.972503179573208172e+02
1.919064624463639461e+02
1.958252143147881554e+02
1.934038250991948473e+02
1.949386528189625665e+02
1.958160381710675324e+02
1.908280138775627677e+02
1.958144606030801356e+02
1.932071477255773004e+02
1.953681890554935023e+02
2.001358645730358035e+02
1.977122652958813376e+02
1.923593947242805200e+02
1.926947370712430825e+02
1.930512726060509863e+02
1.961462129632411973e+02
1.951063786057391951e+02
1.921374547324567743e+02
1.932826689758596785e+02
1.933934912698117046e+02
1.945239541875619409e+02
1.969653258437946590e+02
1.974193497149957466e+02
1.947838441755722556e+02
1.960833710771848644e+02
1.938187722123363699e+02
1.916215201624417546e+02
1.850406575599372729e+02
1.914692506693532721e+02
1.978593108222668775e+02
1.901424016903900167e+02
1.913527505348799309e+02
1.995618940969333437e+02
1.999895636350082668e+02
1.957682780569264480e+02
1.987473093782055855e+02
1.950994531781817045e+02
1.988192822434882601e+02
1.941098058964583402e+02
1.921042322182408384e+02
1.939023154791852619e+02
1.978962763118830424e+02
1.908533162472284630e+02
1.969635899623251021e+02
1.908474671852132190e+02
1.941931409628067513e+02
1.931922760185736365e+02
1.935545716597472676e+02
1.898047023827139128e+02
1.970339210620920198e+02
1.909020203198986678e+02
1.941783136579380766e+02
1.923414416733299106e+02
1.928159211191671432e+02
1.937660619926367644e+02
1.917567355402921407e+02
1.962966327097570058e+02
1.922731155204909896e+02
1.939536677299300322e+02
1.933901118338302751e+02
1.934048133095447497e+02
1.978824917723744363e+02
1.949171338142724323e+02
1.944878732098537455e+02
1.984618984080634618e+02
1.930350192270148284e+02
1.914162552648580515e+02
1.945827598488131116e+02
1.915011211233623101e+02
1.957058281711918539e+02
1.917171221500533989e+02
1.979857370013411355e+02
1.955950734119410299e+02
1.925077877031777973e+02
1.953571600363592324e+02
1.966809790140411565e+02
1.971101968343427018e+02
1.936684198171476510e+02
1.961202477860924489e+02
1.964625649000649332e+02
1.982775421921635655e+02
1.971319298861947971e+02
1.917223425228742144e+02
1.903996452522868594e+02
1.949621124162560477e+02
1.929099739911107747e+02
1.954782565177224285e+02
1.926604860538245134e+02
1.895429008125528867e+02
1.924821886807326337e+02
1.979053161088393722e+02
1.977302598197356929e+02
1.970463369065801373e+02
1.959581597937839206e+02
1.934270345016045667e+02
1.995799614476426029e+02
1.967360290683775759e+02
1.965638789510824154e+02
1.950424712293319658e+02
1.949306479130583796e+02
1.949830668226669843e+02
2.010464073202390125e+02
1.944975207760026592e+02
1.931510697741177864e+02
1.971111353172605902e+02
1.921910455625817633e+02
1.956268257042545713e+02
1.962120850357214294e+02
1.915366417472446869e+02
1.976042556902735896e+02
1.914923990778669065e+02
1.993918100632255914e+02
1.918864710649504275e+02
1.947900874481253766e+02
1.926576470206137230e+02
1.958010731715521047e+02
1.964127139198476755e+02
1.944439237202610968e+02
1.950427291999765487e+02
1.904964753818032648e+02
2.003629757584499771e+02
1.950945352134383484e+02
1.975563721763698481e+02
1.942929942052703041e+02
1.929633745571663042e+02
1.963016490614226370e+02
1.926597347322612563e+02
1.958197362942805739e+02
1.978061678010882645e+02
1.953363073102877365e+02
1.919633825030962839e+02
1.968661325942779570e+02
1.920146961756262840e+02
1.957334227735582601e+02
1.984602316331352938e+02
1.977943830551965334e+02
1.947560855183822355e+02
1.972614416091776661e+02
1.982883450573968389e+02
1.948643503766506058e+02
1.941099507874345136e+02
1.908554967598965959e+02
1.969919116745542738e+02
1.909873308610439722e+02
1.990836910337893926e+02
1.905037989166697798e+02
1.968071171199640332e+02
1.969499708516965768e+02
1.912289089422971244e+02
1.935038431069927469e+02
1.942493014207625492e+02
1.942165173095014268e+02
1.912703249752532884e+02
1.988950440236066868e+02
1.941543617462245663e+02
1.935016750808767085e+02
1.917189896700293730e+02
1.891623101819922681e+02
1.958766600018932991e+02
1.924158322157310010e+02
1.944301121546350544e+02
1.960031526307078025e+02
1.950253237109896247e+02
1.950338892843926999e+02
1.965103121090569971e+02
1.888329822763628272e+02
1.980421071280631509e+02
1.960187701488895584e+02
1.978392539200826263e+02
1.904472290137339598e+02
1.952038921264479825e+02
1.910437513262127425e+02
1.966533227540501514e+02
1.943781260894220395e+02
1.933031644782116132e+02
1.940576565016574762e+02
1.947461048818568088e+02
1.919142095422186571e+02
1.955933646103722765e+02
1.914599333054128749e+02
1.925196404042328311e+02
1.986485423138518058e+02
1.951430824824724084e+02
1.952955971241170516e+02
1.902722045316771755e+02
1.942408772800826569e+02
1.956946939515866859e+02
1.937410349474075417e+02
1.980647151904867940e+02
1.969753599285547239e+02
1.975442266607347790e+02
1.961908471352062975e+02
1.940749397288330442e+02
2.004372553621212205e+02
2.021760230964904963e+02
1.992455574904234084e+02
1.948993769222616663e+02
1.972948701170111860e+02
1.905415834097186405e+02
