1.958880680012970004e+02
1.971713441587667717e+02
1.961428531104416209e+02
1.947650268413648291e+02
1.967643997313845148e+02
1.956014807363854686e+02
1.959923518109479517e+02
1.958457571173405256e+02
1.929034162493029214e+02
1.971614377202583626e+02
1.964477946400515691e+02
1.956827931994070298e+02
1.945341626089651754e+02
1.956531924714161619e+02
1.963785413020518718e+02
1.957211095107067536e+02
1.962586571806866402e+02
1.964885526791410086e+02
1.944364943464942996e+02
1.953967098945395833e+02
1.950849106348921964e+02
1.934718910415883784e+02
1.959385152112663491e+02
1.949004051231706853e+02
1.962645616332187899e+02
1.967225358776617270e+02
1.962949999224956059e+02
1.955384556850812885e+02
1.937371802372133800e+02
1.957855991122197850e+02
1.952418784917747701e+02
1.943972352034669768e+02
1.975396737234835030e+02
1.923906968864008604e+02
1.936488703352168272e+02
1.967765295425220984e+02
1.955311071494306248e+02
1.950982371744189550e+02
1.936565594571698625e+02
1.954061254683186633e+02
1.957016132050062822e+02
1.937551815536843662e+02
1.946400960078612457e+02
1.940068421931003115e+02
1.938777916258115113e+02
1.955743012203269302e+02
1.955903769886313910e+02
1.949597065449719935e+02
1.964928521015056049e+02
1.929929297589422958e+02
1.951326632265539445e+02
1.951181201804648992e+02
1.951614673939304225e+02
1.945809979913225618e+02
1.958809362978156514e+02
1.973063464189357035e+02
1.967652460152777394e+02
1.971061765567983173e+02
1.963147837916546621e+02
1.949438611372524690e+02
1.966886733418029678e+02
1.969575510857775953e+02
1.961234134222104899e+02
1.974192527062897682e+02
1.966490358430986873e+02
1.973346986261529992e+02
1.951640376664375651e+02
1.962601378029468719e+02
1.946572304284688641e+02
1.957354959232241072e+02
1.954330788509961678e+02
1.946199663908725199e+02
1.947864811696024674e+02
1.944230626468280718e+02
1.944802209579486032e+02
1.962452413271133480e+02
1.947525863305977509e+02
1.980702685767945468e+02
1.946753194682644050e+02
1.975212654021491971e+02
1.930836718363844966e+02
1.944595840898497272e+02
1.946114524685050355e+02
1.949326626154177120e+02
1.956839007255713057e+02
1.935331619154790133e+02
1.943425734516603427e+02
1.960419573992927553e+02
1.948323655183544361e+02
1.950129418735616014e+02
1.952177967455151020e+02
1.958483659080471284e+02
1.959967371174618052e+02
1.939459289983338408e+02
1.947337706797319186e+02
1.949401396227312659e+02
1.954814692390576454e+02
1.944339156182937245e+02
1.958213662339317693e+02
1.954946955045325865e+02
1.947670300771268899e+02
1.968682556562912964e+02
1.946840398125871445e+02
1.947329044255914141e+02
1.957544225820796839e+02
1.974099544503093284e+02
1.949797610347893340e+02
1.942660263145678812e+02
1.955072732284754693e+02
1.914605019936174415e+02
1.970581697255186384e+02
1.950255467149784465e+02
1.952247986495898431e+02
1.962860186638502569e+02
1.952617971116988258e+02
1.957472081276414713e+02
1.951541944928817998e+02
1.959084252527170804e+02
1.975987114935652755e+02
1.953189045136732886e+02
1.960218887003677537e+02
1.978868335345930234e+02
1.960516552207961638e+02
1.971475123125332232e+02
1.959810570386134998e+02
1.973527518944591748e+02
1.954364987973230541e+02
1.983836869027617524e+02
1.952073099407448353e+02
1.942608587106571747e+02
1.955227890557227681e+02
1.966348263984795324e+02
1.948967239628453001e+02
1.946253354059959690e+02
1.970420423113603476e+02
1.954632459864321845e+02
1.963123040818969685e+02
1.933443764679208527e+02
1.970397565659677639e+02
1.955297696372830103e+02
1.961849618391102581e+02
1.967718469474451695e+02
1.951544755988493023e+02
1.952967714185001853e+02
1.960281549412774211e+02
1.948662254804958422e+02
1.959115594636444371e+02
1.948010873025263550e+02
1.935631357499014200e+02
1.944597694792925040e+02
1.962446646975735973e+02
1.928240434667358159e+02
1.946853400758353416e+02
1.951644310296419178e+02
1.960726518252705546e+02
1.958493054472936876e+02
1.941592159216119171e+02
1.964698841242893366e+02
1.958841676411426249e+02
1.961149946384877580e+02
1.965653521776333434e+02
1.963609935568732396e+02
1.967455847051460580e+02
1.957351121710197219e+02
1.947192664480690212e+02
1.942118031654777610e+02
1.964333896487267168e+02
1.935853042102067434e+02
1.960730266063619354e+02
1.950873812072951523e+02
1.968797900296881380e+02
1.965954887680561569e+02
1.958030074901029138e+02
1.947593116638426523e+02
1.957493559327036792e+02
1.962777689231452882e+02
1.959496922857160826e+02
1.964599938866931836e+02
1.952964060108964475e+02
1.970770861083991292e+02
1.948201328061168738e+02
1.938475937427658664e+02
1.969307563529333152e+02
1.970965803316181848e+02
1.965206624147579646e+02
1.954235941523418489e+02
1.956790546819703422e+02
1.960277551482051308e+02
1.962721523649605047e+02
1.954523003985736977e+02
1.969571874380772272e+02
1.953241232075121729e+02
1.947184727495101129e+02
1.963718950103663587e+02
1.935048931396809451e+02
1.956487562922129939e+02
1.944477239979106571e+02
1.959502087017677354e+02
1.952933413203615203e+02
1.942703471260154799e+02
1.956477012769088333e+02
1.961026487821645503e+02
1.945774118916647240e+02
1.959813108304359162e+02
1.981547466706676630e+02
1.958987953880908606e+02
1.954541591861639347e+02
1.959926732651540817e+02
1.941273660625836612e+02
1.974675876080036687e+02
1.958120835032804337e+02
1.962687499632530148e+02
1.935439573402227040e+02
1.927474042671524614e+02
1.957333997085974602e+02
1.950508823449544593e+02
1.965809326828482995e+02
1.967708632554150370e+02
1.954709096216525381e+02
1.968708122105220468e+02
1.965582505030484128e+02
1.917447539866444970e+02
1.953303499798721532e+02
1.946413128136941566e+02
1.946445901370817353e+02
1.983082671762201414e+02
1.960646222559449257e+02
1.935676061158910102e+02
1.953903313921684628e+02
1.957196929524857580e+02
1.957408128588818670e+02
1.944934508270535503e+02
1.957360652777512087e+02
1.955686998048850569e+02
1.957023199152127120e+02
1.957150422932850518e+02
1.935813821907650834e+02
1.951224246873441928e+02
1.939360456724347728e+02
1.946821858682043569e+02
1.950740948893907500e+02
1.959317474210576506e+02
1.945492706823285403e+02
1.950405926255229190e+02
1.940425535961765036e+02
1.962904147411131817e+02
1.959884109785986368e+02
1.946810423196031650e+02
1.953772238114015352e+02
1.967732326951896198e+02
1.945539368710860231e+02
1.959262545078468918e+02
1.935703537827995717e+02
1.955881518309478224e+02
1.932436327652093837e+02
1.937205734898663536e+02
1.981711961594754996e+02
1.961461493006303272e+02
1.971730628024309908e+02
1.964115115410665169e+02
1.968742441867879620e+02
1.989377190864576903e+02
1.967412426620468295e+02
1.984621255305157774e+02
1.957426660588698155e+02
1.952520722227608587e+02
1.975744143341341896e+02
1.955034585114478887e+02
1.950460585074461335e+02
1.965339385310580269e+02
1.952846747511796650e+02
1.939047058938569705e+02
1.953980763465404209e+02
1.963286418490860115e+02
1.953529008288100499e+02
1.958882507643524207e+02
1.941823096738664844e+02
1.960268538579281881e+02
1.947551099406613275e+02
1.964216578160439326e+02
1.962743911943954060e+02
1.954677190801560585e+02
1.969885641934591263e+02
1.976667621206647993e+02
1.979935544625566308e+02
1.965880684865190346e+02
1.939741270159436226e+02
1.950874648960669901e+02
1.949502550261576062e+02
1.944444033753032386e+02
1.950698187062267266e+02
1.999975629186032791e+02
1.959456769816248993e+02
1.974021808863128058e+02
1.965144648264318903e+02
1.956155444450893697e+02
1.940152429261097495e+02
1.952375470200895506e+02
1.943751721597639914e+02
1.971722436478960390e+02
1.946591058225112931e+02
1.971886568190324738e+02
1.974286683981416957e+02
1.978550756487445597e+02
1.957330532921361055e+02
1.951330814786406904e+02
1.967422948045385453e+02
1.956030631898732679e+02
1.963793656100694704e+02
1.957055373704145325e+02
1.938297967040153935e+02
1.949018365108939861e+02
1.967859683002909605e+02
1.945504799182762667e+02
1.956989147033816892e+02
1.950023473976687569e+02
1.968631895451161427e+02
1.980848444128671417e+02
1.976618783281937510e+02
1.956775410073454395e+02
1.963425620480175553e+02
1.944859665504555153e+02
1.951297035181235913e+02
1.928018826244142474e+02
1.946710217266798395e+02
1.966620847917871231e+02
1.961837181921848980e+02
1.968714386526858391e+02
1.952148928191914763e+02
1.944612220582810949e+02
1.951520468693449004e+02
1.940753113352245691e+02
1.971110186331909802e+02
1.960644395568773177e+02
1.968772537423806739e+02
1.949891203151867956e+02
1.922603380009736895e+02
1.949086231724020877e+02
1.961712843927019776e+02
1.967392188166381288e+02
1.981387725585502722e+02
1.957276140716599855e+02
1.957653883877426324e+02
1.950947908270080688e+02
1.947080763455165027e+02
1.968274149112288853e+02
1.953706828448599708e+02
1.946923429595478865e+02
1.929017257743227844e+02
1.958351898104126292e+02
1.945256268142205727e+02
1.949864224074384822e+02
1.962227642703925881e+02
1.935295593163495198e+02
1.961951370421713250e+02
1.936151125172908110e+02
1.950887553054145940e+02
1.955860653335296888e+02
1.965403329587051644e+02
1.949658493759632165e+02
1.954321040218209475e+02
1.960174861378047240e+02
1.965865795249796406e+02
1.964267909236272089e+02
1.943595231191963819e+02
1.956792752549981742e+02
1.946540290993083602e+02
1.961808731268111501e+02
1.952350486292034191e+02
1.953112532020605840e+02
1.978156532931648428e+02
1.973733925336408106e+02
1.959609204721370475e+02
1.951375632001579561e+02
1.982005657439807180e+02
1.945241108891345334e+02
1.937608574098570102e+02
1.910755337431560577e+02
1.956153345468797795e+02
1.968806700734583330e+02
1.929008898881096172e+02
1.951291693436286039e+02
1.940580191300769854e+02
1.954686562612316152e+02
1.951013745740086733e+02
1.955662307925115897e+02
1.952282441931872654e+02
1.951651894111396359e+02
1.952542049715144401e+02
1.956901721637044602e+02
1.949980046620172516e+02
1.956045103825524905e+02
1.954934006079164988e+02
1.970743746420409366e+02
1.943013015391559293e+02
1.973540140478495744e+02
1.937028173152530428e+02
1.948898333769710121e+02
1.954640728558257763e+02
1.982450563225897895e+02
1.936763695567431114e+02
1.968669037681261784e+02
1.950352417554508691e+02
1.970361698242196553e+02
1.939082110871192981e+02
1.958205200388583478e+02
1.956282706602623875e+02
1.939891196924529879e+02
1.963115432523794652e+02
1.962937220789013395e+02
1.958511469939280687e+02
1.975174592973265248e+02
1.939840046441099446e+02
1.954499856291466813e+02
1.948991299050352382e+02
1.958571287337322815e+02
1.971372109800313410e+02
1.956749528550980983e+02
1.963853040741011000e+02
1.955069022267489061e+02
1.960088261024970677e+02
1.967215962790850767e+02
1.956584596553420283e+02
1.964589751396787278e+02
1.959701212814132987e+02
1.971544934321273104e+02
1.929172897425376902e+02
1.960649586859299518e+02
1.962491974450564953e+02
1.959067413926081542e+02
1.966645588554126221e+02
1.938897906336764265e+02
1.943563294755274740e+02
1.961569166905325972e+02
1.961928790551016561e+02
1.930008690895408847e+02
1.957463887317594242e+02
1.971802215835037941e+02
1.955170481992199996e+02
1.971304049028517511e+02
1.951629745110323597e+02
1.956699798507291064e+02
1.961303247832924512e+02
1.977017041036921796e+02
1.942225835467039303e+02
1.967620388256915760e+02
1.926640223318348433e+02
1.986117364311575102e+02
1.966801076139748830e+02
1.945574993184809216e+02
1.946082274708805926e+02
1.943620406564195378e+02
1.952492440038975587e+02
1.961784765564319457e+02
1.975919239382791659e+02
1.957651444528309241e+02
1.968516213378696591e+02
1.980323750391673912e+02
1.960722632123906806e+02
1.957248332234424595e+02
1.967145875525345957e+02
1.952902418583028066e+02
1.947038158897154290e+02
1.947786998295058538e+02
1.971107022216488645e+02
1.941006081404684949e+02
1.972220274409519050e+02
1.948135487928586826e+02
1.945882165519626881e+02
1.933663837840036024e+02
1.976742880538416500e+02
1.973179138635673553e+02
1.977881613989563618e+02
1.947616418858122245e+02
1.956572914215703065e+02
1.975557477764530177e+02
1.976426845116451716e+02
1.933895187340556845e+02
1.979395928807417420e+02
1.954348741741049764e+02
1.960885445633354891e+02
1.944989125102666208e+02
1.953732956509398093e+02
1.984852182761638062e+02
1.972047274009150613e+02
1.955216323225274948e+02
1.957680835765164318e+02
1.962900930302606071e+02
1.959356729685451910e+02
1.950596808601851251e+02
1.950658742011898710e+02
1.957380783274656721e+02
1.960148411458844748e+02
1.950518703541233378e+02
1.961820757595650377e+02
1.978709201471999961e+02
1.957044014043717652e+02
1.949089028493662852e+02
1.940190291558882620e+02
1.944910036610670261e+02
1.945513388591813282e+02
1.961959145767776249e+02
1.942845933818786364e+02
1.958094986866965996e+02
1.935114940765612630e+02
1.959026787575377568e+02
1.942482901963723236e+02
1.980336210223578064e+02
1.967530452661104619e+02
1.971967939904304217e+02
1.953091701526635120e+02
1.922843648473879341e+02
1.968381156325451968e+02
1.940393221265556463e+02
1.957931719082783104e+02
1.973512064799106440e+02
1.961494594746621658e+02
1.958855100788440495e+02
1.943774520658081997e+02
1.961192860910523450e+02
1.961616461611206716e+02
1.973125227926257992e+02
1.954465554143445729e+02
1.956882502660979526e+02
1.949272487844188220e+02
1.939162537697561675e+02
1.968303054328128781e+02
1.949450588032533744e+02
1.948506004293183196e+02
1.945639652639318626e+02
1.962778919032868998e+02
1.965098830898757853e+02
1.941183896625900616e+02
1.955138503789972617e+02
1.934116176380928493e+02
1.971381605818900766e+02
1.971682542503583306e+02
1.962450561454709828e+02
1.967332382134711963e+02
1.950479447035717442e+02
1.948816604167266462e+02
1.962244728857120890e+02
1.962915494661774289e+02
1.940079405971616211e+02
1.948197003250689363e+02
1.981913102904223649e+02
1.950069343453917554e+02
1.963366672675748248e+02
1.960707928815156436e+02
1.967114909420130573e+02
1.963200020521926206e+02
1.950000365250351706e+02
1.956722948048187902e+02
1.943233365211429202e+02
1.942702233372615126e+02
1.932273253774259842e+02
1.966929909403452257e+02
1.943508020030250520e+02
1.957663744976736950e+02
1.959795322380653602e+02
1.975737762224994469e+02
1.946091826180058035e+02
1.965799246346385303e+02
1.951030836062307685e+02
1.960260740766370873e+02
1.941821291866191075e+02
1.928777986619371347e+02
1.931051468895119285e+02
1.952289609393570231e+02
1.929099445145138247e+02
1.926344559669391856e+02
1.958970961838436722e+02
1.972000162929290070e+02
1.966372544237067359e+02
1.952677006723211548e+02
1.940541743740096479e+02
1.940778549405396234e+02
1.959133596904550814e+02
1.955647133412888081e+02
1.975348228975005611e+02
1.980785302847590117e+02
1.954290988634624284e+02
1.977924158162914523e+02
1.920255418873150859e+02
1.964279475674057096e+02
1.950443242078737569e+02
1.964894480588259000e+02
1.940382681682129089e+02
1.946338732474769415e+02
1.962361143502691334e+02
1.952463291289285792e+02
1.956694332117305635e+02
1.941988746273884772e+02
1.951227173065695695e+02
1.946586131613416342e+02
1.970780488377036761e+02
1.962571398372549254e+02
1.957238776691941098e+02
1.965615619879748408e+02
1.935999993096749847e+02
1.956447990888189565e+02
1.946464014862525005e+02
1.953492053571926306e+02
1.955642028044180734e+02
1.957424045507665369e+02
1.977961768271208030e+02
1.939987899548671635e+02
1.952934649836805363e+02
1.959521661996356556e+02
1.939229930695529447e+02
1.960261419200809598e+02
1.953582166488637597e+02
1.962260080128868935e+02
1.968570041886778199e+02
1.944318038594929021e+02
1.954777880031201107e+02
1.958097614494077732e+02
1.966142865746490997e+02
1.954017111243706495e+02
1.938250387746302010e+02
1.974856980721336868e+02
1.970612443133742602e+02
1.949791823694425830e+02
1.954417641648378776e+02
1.949675592705112024e+02
1.952103464823667878e+02
1.938945682725862980e+02
1.958014919259454132e+02
1.953146290042983537e+02
1.954914413798859698e+02
1.959795619060974730e+02
1.967210642181618141e+02
1.962972877331104655e+02
1.969679914658777591e+02
1.929032599639159287e+02
1.961701109556285587e+02
1.924914666524979339e+02
1.960068191153722523e+02
1.941357283708921955e+02
1.956207107176473983e+02
1.951422441452182284e+02
1.961201215947611729e+02
1.948837490344769492e+02
1.950264032514157293e+02
1.936295111694956290e+02
1.967141646242419313e+02
1.947554359495532594e+02
1.961244748482151579e+02
1.944740115394523627e+02
1.938263308578315218e+02
1.947985697927702518e+02
1.956224826690691145e+02
1.950807866238480131e+02
1.951143045747488145e+02
1.950731598228797736e+02
1.949316706198918610e+02
1.949588866686269455e+02
1.950157212082345666e+02
1.977692535500129338e+02
1.952216264653824283e+02
1.982483307888223010e+02
1.962097374748421998e+02
1.950750212228269334e+02
1.963945928009568433e+02
1.948534639811908562e+02
1.938502344928785135e+02
1.966046227334927607e+02
1.962396372061041063e+02
1.962333681606798734e+02
1.958253221304814531e+02
1.958794932123734327e+02
1.957771413937710747e+02
1.960689920711962202e+02
1.970221809942235325e+02
1.951033482992024801e+02
1.952558973723040197e+02
1.942594979092465906e+02
1.951257510703021865e+02
1.940458511304134106e+02
1.965749450204661173e+02
1.964642385463811536e+02
1.933407028624203008e+02
1.936632130269191805e+02
1.955061137733843850e+02
1.938461437904130094e+02
1.951819677234398682e+02
1.960213926684302521e+02
1.954754751725670587e+02
1.971809553383885998e+02
1.964787176992538775e+02
1.973923665030337418e+02
1.962590960657897483e+02
1.945432653141197363e+02
1.951960597469343099e+02
1.948874967744532682e+02
1.958847171792698418e+02
1.955822679237921591e+02
1.969082939079338814e+02
1.958300638216093716e+02
1.933720898304154332e+02
1.961630954437679861e+02
1.962076901729475082e+02
1.973542587812274576e+02
1.977742797784004267e+02
1.934445547836545245e+02
1.951259242968378658e+02
1.967404643028420139e+02
1.967527245197103127e+02
1.951834827843267703e+02
1.947385957073263114e+02
1.939272948646351153e+02
1.944227266434055537e+02
1.948356780640460784e+02
1.941724370026367126e+02
1.944485386421440296e+02
1.947317771259924939e+02
1.968518632865421978e+02
1.960757754282224994e+02
1.935479151701014473e+02
1.949584673845049281e+02
1.948143459182891206e+02
1.942613759414913943e+02
1.975294914981069496e+02
1.977291121939099128e+02
1.954427366830005894e+02
1.968568901735065424e+02
1.959120250149289006e+02
1.954965116632760100e+02
1.946701216325542134e+02
1.971069491903826929e+02
1.944330690266743318e+02
1.949878976327807720e+02
1.937967203998674393e+02
1.970689193858483748e+02
1.950693434707337133e+02
1.958646821433563332e+02
1.958851995976117450e+02
1.975070324800194328e+02
1.965143848138546900e+02
1.941357201913401127e+02
1.931554100360864652e+02
1.963411602344252458e+02
1.950652421982401563e+02
1.946759622707008646e+02
1.961142781123996599e+02
1.956198096028940085e+02
1.968740460122875504e+02
1.961035451056244767e+02
1.946209793792470748e+02
1.974630333466087109e+02
1.940211112513607929e+02
1.943248103295501608e+02
1.968993738461180101e+02
1.955187309898130366e+02
1.959241047308113650e+02
1.953303306492791478e+02
1.966452898426695413e+02
1.954177438848091413e+02
1.971961273866841964e+02
1.952363537763963564e+02
1.946703945764472508e+02
1.976973227451830439e+02
1.982080852355956608e+02
1.971993356964568704e+02
1.949042103108831157e+02
1.957578248044114559e+02
1.961146760508843556e+02
1.946704520119068889e+02
1.948572005497525197e+02
1.977216196336499934e+02
1.969407602692493526e+02
1.978553902000347193e+02
1.963282707250747023e+02
1.954925335718869519e+02
1.960419004794077296e+02
1.921412320978612058e+02
1.940703335532406868e+02
1.957330880522282257e+02
1.965878303135632166e+02
1.983685618696322877e+02
1.959084522536292070e+02
1.936625817037689501e+02
1.956214648538704921e+02
1.950397527922422114e+02
1.965535907010350627e+02
1.962465197967297854e+02
1.941069294724582335e+02
1.942433184988411767e+02
1.957209812029367413e+02
1.960107455942150239e+02
1.952849029103589942e+02
1.934559540390770564e+02
1.966168069600451531e+02
1.954137261756779367e+02
1.949552033419060990e+02
1.951170526745630127e+02
1.939057619761877049e+02
1.952699389566276409e+02
1.947418697146636646e+02
1.961907641286962871e+02
1.962904841192223842e+02
1.943886905819918809e+02
1.961619507793097341e+02
1.967402841691981337e+02
1.968465140310633501e+02
1.947069725056446146e+02
1.962491949238499842e+02
1.984692355440912763e+02
1.963717121353843993e+02
1.942421789711771396e+02
1.954705838627691037e+02
1.939963167732176430e+02
1.955757794886017678e+02
1.947467103186564827e+02
1.951089991243790394e+02
1.936494218558167688e+02
1.939557642534038564e+02
1.963589168317627696e+02
1.966499719315345942e+02
1.962646835042471025e+02
1.957357528836193978e+02
1.936380042023981503e+02
1.952274718565017224e+02
1.961495414118621738e+02
1.957739253187353654e+02
1.941458777342539577e+02
1.955251924959155474e+02
1.943531809518382829e+02
1.947059491603698973e+02
1.972739880684250124e+02
1.966259706582167723e+02
1.960018795571576220e+02
1.973069341477488479e+02
1.935714957297870740e+02
1.936103960814408822e+02
1.972103885909610312e+02
1.929442178274070159e+02
1.949296439757981148e+02
1.967910035677583664e+02
1.941407832337381478e+02
1.961868870595399130e+02
1.938815793416054873e+02
1.971349422472281958e+02
1.961395040480783507e+02
1.960384294167222663e+02
1.946937156409682359e+02
1.942591021752224663e+02
1.946179968981948321e+02
1.959777669853638997e+02
1.945805448080689359e+02
1.951304767497400405e+02
1.943221820420608310e+02
1.958844766253802447e+02
1.948703259561790446e+02
1.940392976431106149e+02
1.960818394503691593e+02
1.941925495768503538e+02
1.945797494051685135e+02
1.940187508129526748e+02
1.931876334768624019e+02
1.959469333045814494e+02
1.964485510761481635e+02
1.954818480515670274e+02
1.966578850482646033e+02
1.975053768723236089e+02
1.975632817373503940e+02
1.962945546090357425e+02
1.959957621459921029e+02
1.955497796188205655e+02
1.951211114310010828e+02
1.946521352727187946e+02
1.960261914995777204e+02
1.951195813719462251e+02
1.946593137319302684e+02
1.958922006407061644e+02
1.948593780351801854e+02
1.954179863511488122e+02
1.954281651410263692e+02
1.931955093205364733e+02
1.954636652071854712e+02
1.935592861286529569e+02
1.962404351421289448e+02
1.968588945668344650e+02
1.962746366413669534e+02
1.978701127706151226e+02
1.952294494735636761e+02
1.951843286884543716e+02
1.945486703897039718e+02
1.960375658279202753e+02
1.929650901148196169e+02
1.951992368348164177e+02
1.941960273467383900e+02
1.958573514943168448e+02
1.969885857005129424e+02
1.947432767800291060e+02
1.963861631242456838e+02
1.955946935947870884e+02
1.965041883588783946e+02
1.957511234516687750e+02
1.969233595698084400e+02
1.953227065691297639e+02
1.942338431357106288e+02
1.953434123217950855e+02
1.960119840134236142e+02
1.942745853744408180e+02
1.955751925132365727e+02
1.974176201753873556e+02
1.955495945740426578e+02
1.970807336287279838e+02
1.960764546869887681e+02
1.958583777077497814e+02
1.976274869975177353e+02
1.945161159929606072e+02
1.966760179258180301e+02
1.968155249031670166e+02
1.954303843213246523e+02
1.992539796166306871e+02
1.962497593650718954e+02
1.949829478360459802e+02
1.942437668342774941e+02
1.950597665940562422e+02
1.961908712372770367e+02
1.966540971521398262e+02
1.948442209340522027e+02
1.963648324781300119e+02
1.934727807187638007e+02
1.952907882593217437e+02
1.946880364240194012e+02
1.970959860182482544e+02
1.967560613225853672e+02
1.964732525987447502e+02
1.945555873188592102e+02
1.950258519908323080e+02
1.953288615801384083e+02
1.945590184077658193e+02
1.957342416506722316e+02
1.945349391242732509e+02
1.963328054068565507e+02
1.969806505162515009e+02
1.944065165310183261e+02
1.944695659148538027e+02
1.964818429122970826e+02
1.957883202616331744e+02
1.947678511041746674e+02
1.948086215233490748e+02
1.946500837345160448e+02
1.932207441568610307e+02
1.955109932747540142e+02
1.950420477852076147e+02
1.933707417349453976e+02
1.956593788023228058e+02
1.945621532253346970e+02
1.957566273417822060e+02
1.977545610142026362e+02
1.947623272876700753e+02
1.960353216192160630e+02
1.957595297105294208e+02
1.942430092439489044e+02
1.944058941907716189e+02
1.955805716153641356e+02
1.954663528444538088e+02
1.955925557749671668e+02
1.948522623191326488e+02
1.931616252356921564e+02
1.954516480746403317e+02
1.953429155246623452e+02
1.953130655538364806e+02
1.946963727707654925e+02
1.933859635162460791e+02
1.951548276942526172e+02
1.960521304759091379e+02
1.955364401717652072e+02
1.944432049679616057e+02
1.949380015148726386e+02
1.954533365372995206e+02
1.931040219798653368e+02
1.967157495222892862e+02
1.953709456933820832e+02
1.950051642557999685e+02
1.945071812885788063e+02
1.929374335859968426e+02
1.955094203163765769e+02
1.944337818430363427e+02
1.930294664140718908e+02
1.957745125811320861e+02
1.964018668042917284e+02
1.920275844114800350e+02
1.965133579097651193e+02
1.969941048101039200e+02
1.968002563506355784e+02
1.938717243236219190e+02
1.946255832880520984e+02
1.965263412726320951e+02
1.964108053956823312e+02
1.983543795514908652e+02
1.938371251801627295e+02
1.951149014681866731e+02
1.960270844225947258e+02
1.957370940348601493e+02
1.955472545987003627e+02
