1.397955639893339708e+02
1.376367273984047301e+02
1.408840963332627609e+02
1.415069234892903580e+02
1.392903958472262502e+02
1.406650682772136918e+02
1.389554791112616954e+02
1.397377047968715829e+02
1.395959932403797268e+02
1.377448423195557723e+02
1.381472213404584295e+02
1.391646572045759456e+02
1.388098845825725789e+02
1.376491510369060620e+02
1.422846909580750321e+02
1.380603817664097903e+02
1.412079248324926937e+02
1.392847423806320819e+02
1.406715264419114533e+02
1.373752961202673077e+02
1.421173354721410078e+02
1.371332154044369815e+02
1.381868881849055697e+02
1.392860782651474096e+02
1.386832663819582763e+02
1.368846659619833019e+02
1.392427345483555428e+02
1.390473043406774991e+02
1.379767409002643035e+02
1.422201573457497545e+02
1.412195656810126252e+02
1.359409164108117238e+02
1.436388877206883592e+02
1.380506769082123242e+02
1.427784564551440667e+02
1.381137967994288545e+02
1.368850606777308485e+02
1.355140241544780508e+02
1.393651732399742400e+02
1.371031504891948885e+02
1.392426643311164298e+02
1.400637348645882696e+02
1.397302458077188305e+02
1.391376340777174789e+02
1.388081200075665720e+02
1.392294535016195312e+02
1.389013956985969571e+02
1.388775947017821295e+02
1.418152247205809431e+02
1.372948322005389059e+02
1.398673380991314446e+02
1.381004510622877035e+02
1.379464616164235906e+02
1.379629291990619322e+02
1.409063765913783186e+02
1.391685730618935679e+02
1.405681095415705499e+02
1.379681462297227199e+02
1.394010414815875265e+02
1.430492083309789564e+02
1.378359710110684659e+02
1.406009700180931361e+02
1.417528332830434010e+02
1.397646517752036743e+02
1.394247369668711940e+02
1.399109898611135065e+02
1.399153680509797937e+02
1.416996326427900215e+02
1.394225344704844360e+02
1.385421147398377855e+02
1.360937992917349391e+02
1.397088117882323957e+02
1.371639429260511918e+02
1.418265091144315022e+02
1.362749167159671231e+02
1.387303379803168468e+02
1.390423523350141011e+02
1.377632704439622557e+02
1.397510827128697031e+02
1.377921258746742694e+02
1.378374037209169956e+02
1.415639024429630695e+02
1.381791337784255518e+02
1.397954676296220384e+02
1.422668390943965733e+02
1.406065685255588562e+02
1.384556129633839987e+02
1.379697856605107233e+02
1.360135147655879564e+02
1.403036798804516536e+02
1.423910078328638065e+02
1.409047576865617089e+02
1.419464825616093151e+02
1.386778139302113004e+02
1.392065954080895551e+02
1.398953996112095979e+02
1.376064825585428082e+02
1.376221877819122881e+02
1.397259884129757097e+02
1.387444902701427623e+02
1.426647699457630267e+02
1.421991468720215721e+02
1.400355032413616811e+02
1.378278207598191614e+02
1.343210212509754058e+02
1.377964277757239415e+02
1.390269338330965923e+02
1.387228743050600883e+02
1.378867282939489201e+02
1.387117107836409389e+02
1.426255292379976254e+02
1.407190462351203166e+02
1.369743854206517142e+02
1.403865609876255860e+02
1.402382695953029668e+02
1.389537928447758190e+02
1.407042642382449458e+02
1.391310755017558449e+02
1.379142602046103718e+02
1.414039063437538744e+02
1.390176803832683277e+02
1.398770306467102387e+02
1.386051857761254382e+02
1.365291942271182108e+02
1.391058579741162475e+02
1.390345934448005778e+02
1.419954656811299003e+02
1.426688723784259878e+02
1.407290788133717001e+02
1.429846538291878062e+02
1.379732836629551969e+02
1.431537421750752230e+02
1.396525958399681997e+02
1.388685073573498414e+02
1.377117956561865242e+02
1.411072466249489139e+02
1.385469241771550628e+02
1.419399394812205912e+02
1.379117844342629269e+02
1.389638802262572312e+02
1.393819271271873674e+02
1.418726291109637430e+02
1.385042941004116415e+02
1.390294402711298574e+02
1.398756942212381489e+02
1.392106515001150626e+02
1.394026682391754548e+02
1.412485039591468308e+02
1.399721230249059829e+02
1.383173081260832475e+02
1.403514096113094638e+02
1.400399793439530640e+02
1.392474394844245182e+02
1.391882393672050853e+02
1.404455951882344777e+02
1.403911490103580775e+02
1.403709031877258155e+02
1.388334586670465001e+02
1.412913405657859016e+02
1.403991175367842743e+02
1.378594853767489496e+02
1.365382535107438002e+02
1.370471552840349432e+02
1.394783792383554442e+02
1.387584988656218172e+02
1.389809529556075915e+02
1.396962709949807788e+02
1.390385047240926610e+02
1.358290931954200289e+02
1.395874887214825435e+02
1.402011994468289515e+02
1.391928171130468286e+02
1.385214891601969214e+02
1.381944239943571233e+02
1.372467736084873309e+02
1.389641025783414818e+02
1.396261899807866769e+02
1.368065094460832825e+02
1.367180188041225222e+02
1.377753708171253209e+02
1.396294337217945269e+02
1.407889545406449940e+02
1.396065787327733290e+02
1.396463234963303819e+02
1.377871057368039942e+02
1.402770875248893958e+02
1.390158603238288038e+02
1.395429363219017773e+02
1.419313702690475623e+02
1.415182733003142914e+02
1.404561547887503252e+02
1.378552610616423806e+02
1.391883322329929058e+02
1.383271232267516098e+02
1.376076308455936896e+02
1.369063288609695519e+02
1.385019793719833103e+02
1.368402642525562669e+02
1.369727232716895173e+02
1.364376046733162013e+02
1.371983613938912185e+02
1.382188767532874181e+02
1.394772258054905194e+02
1.379688403942703303e+02
1.399516029314688126e+02
1.395159606502049314e+02
1.376251192626109514e+02
1.384603823052357257e+02
1.402368165716743533e+02
1.418920819576058250e+02
1.385944838051937040e+02
1.381989887540500774e+02
1.397159931887737230e+02
1.382670584672145253e+02
1.396135530676611154e+02
1.401221951657408056e+02
1.349459385030002920e+02
1.371370918287373684e+02
1.411038730202118927e+02
1.398126382766338622e+02
1.383955168553789008e+02
1.390518511451096799e+02
1.384687884114707970e+02
1.393780773147422565e+02
1.374503954841497375e+02
1.378411490134676001e+02
1.379845680113206470e+02
1.380168580994943284e+02
1.393059886003444490e+02
1.398528963992801550e+02
1.392229316016389475e+02
1.350683627691930724e+02
1.401101320397609413e+02
1.398272660573248913e+02
1.397876424647416229e+02
1.390900983715608277e+02
1.407989088243539015e+02
1.386565925761089488e+02
1.363717580909190303e+02
1.369401954345798345e+02
1.402623489123995455e+02
1.401419337323130208e+02
1.403110125971122955e+02
1.375763073583368623e+02
1.405501601489067696e+02
1.371694495195813488e+02
1.387560218832019530e+02
1.368715860990513136e+02
1.375023575927523609e+02
1.351032007346161095e+02
1.389217443746120466e+02
1.389597522541503736e+02
1.376553537907789746e+02
1.425614910224249172e+02
1.391129566034390734e+02
1.383341039663693266e+02
1.402809064719187120e+02
1.421729480072038143e+02
1.370393196688010278e+02
1.430917130991079205e+02
1.359656835720330150e+02
1.384578680143122256e+02
1.393550225652434165e+02
1.386186517990531399e+02
1.385457005471177467e+02
1.388159470259577688e+02
1.388778097609554152e+02
1.387928609142157939e+02
1.395056676325518481e+02
1.392146459227534194e+02
1.418825450519513822e+02
1.385199875333927650e+02
1.371139559752894570e+02
1.404133782714753522e+02
1.380036149071998182e+02
1.384326320420613570e+02
1.384021389038328493e+02
1.405049405190976870e+02
1.387717697575140505e+02
1.402773447780764968e+02
1.361923122098469321e+02
1.428874547352437503e+02
1.380522915252626035e+02
1.410859128068612733e+02
1.412056821408158385e+02
1.390239996598045309e+02
1.388260560136027095e+02
1.385583895327638686e+02
1.355307112893916042e+02
1.376176314863203913e+02
1.374923709785973642e+02
1.411206969572193088e+02
1.393045872006787249e+02
1.402890110371040180e+02
1.406993053432817362e+02
1.397365164797355703e+02
1.434067649405055533e+02
1.390579260590112085e+02
1.370784960878259824e+02
1.373377722577345708e+02
1.362580062066600419e+02
1.390728560273806238e+02
1.409142267767265935e+02
1.393357851308398097e+02
1.373529772854229520e+02
1.391919956893791834e+02
1.422744270387937320e+02
1.387316402797731882e+02
1.386143731492900599e+02
1.381299960963177682e+02
1.386835623833370050e+02
1.404912234300369391e+02
1.384881538318395258e+02
1.391215432741971370e+02
1.380491779015252689e+02
1.418156974182680301e+02
1.392542862322584369e+02
1.362296283759761764e+02
1.339169742461605779e+02
1.393745693944800337e+02
1.395905770521968066e+02
1.377212172932526073e+02
1.379209615042005339e+02
1.375307319218360647e+02
1.380958928983708063e+02
1.375207174312762106e+02
1.392992229432294380e+02
1.397845759101180079e+02
1.375692226785951107e+02
1.349887880568701064e+02
1.367598347838954851e+02
1.395888756998013207e+02
1.378131457441381542e+02
1.400490480306073380e+02
1.397047159586023497e+02
1.401131306597754929e+02
1.368929973935614726e+02
1.374328645855177911e+02
1.380124554012758153e+02
1.384149258989270947e+02
1.389752212564395961e+02
1.384479545585937217e+02
1.397975002001108749e+02
1.366280502396043346e+02
1.383200091615314307e+02
1.378751322151916838e+02
1.410095902660673346e+02
1.420954106339171688e+02
1.425449525556525145e+02
1.370051402243527718e+02
1.377370784932498395e+02
1.392238866741383276e+02
1.400104908995443509e+02
1.379676356201652823e+02
1.394089036732437137e+02
1.417798539531518998e+02
1.388184970396766289e+02
1.385267315067406457e+02
1.397488254267311163e+02
1.374267501889719085e+02
1.396620788688788934e+02
1.373517810794700154e+02
1.389595182965813365e+02
1.392194886948315684e+02
1.402765868170601209e+02
1.400880127754782620e+02
1.400697929683492760e+02
1.405948155203781482e+02
1.398918345266427536e+02
1.398925961356083576e+02
1.428465671229071461e+02
1.391946383393050155e+02
1.378230097453854910e+02
1.383863345761875507e+02
1.391082474376661935e+02
1.405432844341852672e+02
1.390048562989806271e+02
1.419483294829638282e+02
1.393120184235600050e+02
1.385354567592073636e+02
1.356642439426483122e+02
1.379925518099552448e+02
1.403435282271057645e+02
1.392568088831648652e+02
1.371376395780036148e+02
1.378166727044609274e+02
1.405009379601979447e+02
1.379855153712896083e+02
1.397292444734701462e+02
1.386787110823831881e+02
1.402178202200001351e+02
1.376128426378220979e+02
1.415065769810532004e+02
1.406409403082697622e+02
1.396545635732377946e+02
1.421354492566455860e+02
1.386547386210148431e+02
1.405695237355994038e+02
1.384005329841434104e+02
1.383538100113511291e+02
1.434153433423632293e+02
1.392206872817683916e+02
1.411288187472394782e+02
1.384760031703214054e+02
1.358441340067219301e+02
1.396749909107672352e+02
1.390777474741384196e+02
1.384143219939142853e+02
1.384204912152433167e+02
1.378646294516029798e+02
1.381224899835704605e+02
1.372648506734494731e+02
1.359505830243920173e+02
1.411744437527430591e+02
1.399900152276264578e+02
1.408497036153993349e+02
1.368761323970786350e+02
1.396159617711307988e+02
1.406541603893477088e+02
1.414633353061853995e+02
1.387846044164720922e+02
1.382565558426019550e+02
1.411564643729512625e+02
1.390799637331340364e+02
1.379213989413980528e+02
1.421912376859169171e+02
1.412797738075105372e+02
1.393208316389159336e+02
1.403800500109720701e+02
1.412679589472226382e+02
1.399380919255138167e+02
1.414166169677698406e+02
1.368832281802301338e+02
1.363695701110101481e+02
1.389423066829408526e+02
1.364098154388736361e+02
1.381989141499772700e+02
1.378498720076779307e+02
1.402033558900403420e+02
1.397105436342080225e+02
1.387086061906735210e+02
1.401974910641074246e+02
1.409665976751305152e+02
1.427683692464285627e+02
1.385533442165759368e+02
1.386404704712228977e+02
1.393460782501136350e+02
1.405356006610388988e+02
1.366810195441327380e+02
1.415020285923737049e+02
1.387524126253387351e+02
1.401511866652069784e+02
1.404517209615295315e+02
1.389588954940496421e+02
1.387329761124578624e+02
1.395714331772446712e+02
1.390059623092983827e+02
1.397118687281946166e+02
1.403622996752112329e+02
1.393343709649120683e+02
1.391846389289923991e+02
1.388584158832259732e+02
1.409917481447137391e+02
1.399523115652494596e+02
1.388889656288492347e+02
1.372423752369326451e+02
1.382506873420674083e+02
1.386224083133927536e+02
1.380316151391658934e+02
1.398726998706980282e+02
1.409976060558464042e+02
1.377018788912999696e+02
1.350567548992584364e+02
1.375055453802793579e+02
1.404813449917631090e+02
1.399633355887997368e+02
1.404907563141378546e+02
1.381167198998367098e+02
1.389067638993398930e+02
1.390865129441218642e+02
1.417943475525542851e+02
1.390192553759657699e+02
1.410787632401263920e+02
1.394654480518202888e+02
1.411263384450301714e+02
1.379062003389534823e+02
1.393588317945161634e+02
1.362082602080327831e+02
1.368943319627824167e+02
1.408038407204558666e+02
1.417468297420852537e+02
1.397717647098450868e+02
1.414869899753550442e+02
1.384728987315498898e+02
1.403495450313392041e+02
1.417559859085071992e+02
1.402813326039945707e+02
1.395661743303934657e+02
1.409419632079788585e+02
1.412480071299640088e+02
1.394618231633275229e+02
1.382057289897538226e+02
1.386811014607842196e+02
1.385756600857384626e+02
1.390507242582765741e+02
1.414789904465307586e+02
1.399631221668097680e+02
1.408908809937698550e+02
1.424745150897010433e+02
1.399464879158282713e+02
1.385173438435940909e+02
1.396047400394182603e+02
1.388485903092596345e+02
1.387239471863114773e+02
1.379165873803094655e+02
1.382416142072065099e+02
1.405656914812232117e+02
1.405172460770458542e+02
1.385148666308812722e+02
1.413784415481166548e+02
1.408125902720096008e+02
1.388377146911976752e+02
1.373539284413726875e+02
1.395889376439643002e+02
1.394928258835791723e+02
1.408673349671548749e+02
1.396339159157231506e+02
1.401312686230155009e+02
1.400597792998171087e+02
1.428521277534849787e+02
1.400183469735060271e+02
1.379650464514088242e+02
1.399888862009023569e+02
1.393806019032290067e+02
1.404781145207474538e+02
1.384480186261347683e+02
1.376623632783854418e+02
1.375943825442418529e+02
1.368144887817095423e+02
1.414204488409254452e+02
1.403386642575967755e+02
1.402093329790187966e+02
1.354029761654850290e+02
1.380162617108016434e+02
1.399460453724522040e+02
1.382816685925892557e+02
1.411523530493770409e+02
1.389015258088764995e+02
1.381781570329424369e+02
1.382908967401533857e+02
1.374419863865954596e+02
1.394382316610386567e+02
1.385961817871820756e+02
1.347213472201150637e+02
1.386384715133200132e+02
1.428245978025273928e+02
1.391617695478230416e+02
1.384986311561078764e+02
1.398936636796020139e+02
1.377028131067011714e+02
1.385693445082698645e+02
1.394613574305899704e+02
1.387131711677669443e+02
1.373281102525977815e+02
1.420015369562217984e+02
1.382843780355968306e+02
1.357297021987830021e+02
1.368373847342522822e+02
1.365359680551150063e+02
1.406135668751541914e+02
1.404663283030932064e+02
1.378023829354195016e+02
1.385359573752469373e+02
1.396462275941086375e+02
1.385884935739092896e+02
1.407101734042598764e+02
1.366823695713802067e+02
1.393011067512300656e+02
1.372488057272718152e+02
1.380740773315367562e+02
1.409283520291898526e+02
1.408661082235085189e+02
1.407507598431583347e+02
1.392841439615878016e+02
1.397504667087799248e+02
1.390032387458479377e+02
1.403399582425807068e+02
1.403024459209563304e+02
1.376417883992518227e+02
1.366999542904792122e+02
1.404473459083348246e+02
1.382723914947223420e+02
1.412697806620512040e+02
1.359140233117598484e+02
1.364645961241031671e+02
1.409914392580819538e+02
1.400298495529898730e+02
1.384085102814159995e+02
1.383135244412061979e+02
1.392137879006075423e+02
1.391487873633068943e+02
1.378055659571220133e+02
1.403729103374431588e+02
1.386932521428394693e+02
1.417950759910216618e+02
1.387238012141645527e+02
1.427640473543456210e+02
1.404341517536701076e+02
1.408852549021120808e+02
1.367100451350285084e+02
1.391412048636397571e+02
1.415804388014201436e+02
1.406557619290429386e+02
1.399402737897712257e+02
1.404612712940766244e+02
1.408382555686050637e+02
1.358698947941449262e+02
1.402718553266109041e+02
1.386694670861009513e+02
1.412893839277890606e+02
1.379142570658855220e+02
1.371205018256043786e+02
1.397286394997277910e+02
1.389734980340108734e+02
1.388052574905495646e+02
1.363973702352887472e+02
1.379727128651492194e+02
1.391240286231499113e+02
1.398516347149067940e+02
1.394782941859964467e+02
1.367753122967710908e+02
1.389100806982550296e+02
1.379390641440262186e+02
1.417635711550811948e+02
1.394070977082515981e+02
1.401131851141899745e+02
1.406464527332275054e+02
1.396108880811756592e+02
1.386823907495372907e+02
1.375452555248583337e+02
1.366633390491418538e+02
1.410114226059901625e+02
1.382830001969607281e+02
1.374625834068871484e+02
1.415973641682170694e+02
1.400395661179743456e+02
1.363779624333455729e+02
1.393636781475201474e+02
1.377360677240895086e+02
1.393113770728584200e+02
1.400027123363483383e+02
1.382696857082924282e+02
1.387459302025428656e+02
1.372156563762969199e+02
1.389020833883141961e+02
1.375155071925564130e+02
1.372619214997749850e+02
1.397248446480800794e+02
1.394015617693552826e+02
1.407044860814364995e+02
1.421148738282455781e+02
1.382725665906991708e+02
1.388209704264471043e+02
1.395955437947945939e+02
1.399599753416447072e+02
1.412719669044026887e+02
1.398166050409284651e+02
1.402401095550837908e+02
1.399154971781345864e+02
1.409132294137626502e+02
1.371475241025026719e+02
1.400450245287190398e+02
1.383389554410666165e+02
1.397825886329305831e+02
1.431872186225930932e+02
1.357979987072414474e+02
1.402603069513717173e+02
1.386855869585686492e+02
1.399156295214682189e+02
1.377378924494440753e+02
1.376091343407514671e+02
1.364311240913726806e+02
1.382159403686328289e+02
1.408721346423299678e+02
1.419632655615043575e+02
1.383979616541574842e+02
1.392585154864493120e+02
1.394239812271893015e+02
1.372056887949360942e+02
1.415527891203797424e+02
1.379723074973388179e+02
1.384365871062913413e+02
1.383149627084581255e+02
1.407766072501484587e+02
1.387036805907701194e+02
1.390756029465783286e+02
1.420714795927123362e+02
1.388116947056701633e+02
1.379288189640994915e+02
1.395282737220060483e+02
1.385655724434213880e+02
1.385879311778907947e+02
1.403182087079194957e+02
1.403664324212638519e+02
1.403604349524754866e+02
1.407378196661864536e+02
1.390905069282445652e+02
1.408447248421229858e+02
1.370155376773818148e+02
1.372648683449806981e+02
1.441119101078842846e+02
1.401507868230655163e+02
1.399359555683927852e+02
1.373395367382906898e+02
1.412103296921549429e+02
1.374473540271775107e+02
1.390894889092681979e+02
1.399807018201412347e+02
1.406635245811802122e+02
1.399165519599755214e+02
1.393980068672487107e+02
1.395089096977449969e+02
1.394190981661245985e+02
1.411083854610577362e+02
1.400740048124828832e+02
1.395563354616646734e+02
1.387011508923625058e+02
1.404195650619089122e+02
1.399959673728241398e+02
1.393440104160318640e+02
1.417962766683424150e+02
1.420004311646745236e+02
1.402785194053372493e+02
1.390089714822652240e+02
1.414000650375711530e+02
1.370305489796382403e+02
1.394976662847976456e+02
1.409398575963898566e+02
1.390521793273372850e+02
1.395114267476054408e+02
1.376813591160724286e+02
1.388856242090485011e+02
1.364065352549637566e+02
1.397146583207018011e+02
1.415731976852580374e+02
1.384651110243689516e+02
1.375787523321121739e+02
1.387097424559138403e+02
1.348986382799547812e+02
1.379817437996728415e+02
1.408440119813970171e+02
1.407624909090962433e+02
1.377819971918837894e+02
1.382468855060153601e+02
1.395067131093192927e+02
1.383925702632245986e+02
1.392583403731399017e+02
1.385323780632980970e+02
1.386286921909864986e+02
1.417700756057292608e+02
1.408158524690779814e+02
1.376220801378543968e+02
1.386729815716947201e+02
1.397256246625904339e+02
1.384392393550907627e+02
1.427687260286631385e+02
1.383599321633003854e+02
1.399173343210814551e+02
1.394172480976884287e+02
1.387034015370569762e+02
1.349113929901222946e+02
1.411772028409635027e+02
1.395720732825072616e+02
1.412604093532807497e+02
1.396584152872526658e+02
1.377573644527429053e+02
1.373667461113879256e+02
1.380301818348450524e+02
1.402909927237180625e+02
1.371347535129817459e+02
1.410317606901775775e+02
1.381531819631012183e+02
1.389163662809046684e+02
1.414718641077336088e+02
1.413693062082989229e+02
1.359605751941314224e+02
1.425548066610351157e+02
1.384681770624979720e+02
1.373098262942965562e+02
1.392397905505517883e+02
1.396467605158187553e+02
1.380754388559419965e+02
1.400024083634475573e+02
1.368269593512989104e+02
1.409868193004914758e+02
1.402281738377787406e+02
1.394768364828941856e+02
1.379456675650449711e+02
1.407156778188949033e+02
1.394481266460159361e+02
1.385421805416416134e+02
1.392682299730677755e+02
1.390744244104023153e+02
1.401298356322123766e+02
1.396101060160784471e+02
1.379977460186702558e+02
1.386804185593790635e+02
1.391153723432749985e+02
1.372076545258545650e+02
1.389945826248645915e+02
1.380715047986224988e+02
1.366845822939772859e+02
1.391483450476038684e+02
1.408141866878530095e+02
1.404093167836590794e+02
1.399644307507971916e+02
1.412420754811472534e+02
1.383160140214059197e+02
1.362068078605298638e+02
1.397110381915087487e+02
1.416865434078572434e+02
1.400216939214190859e+02
1.391008099815014987e+02
1.402985829366499217e+02
1.389594209836928655e+02
1.414220217855747421e+02
1.415218812880424366e+02
1.387768962271898943e+02
1.423201375600145582e+02
1.419515133137754219e+02
1.381528617934710610e+02
1.407733371213173825e+02
1.376826776329040172e+02
1.416678334215068560e+02
1.407669967940824449e+02
1.380622168811262895e+02
1.404576457192722216e+02
1.379822679344004825e+02
1.376693403558647901e+02
1.381161415134739343e+02
1.387607168338740564e+02
1.400450126469432917e+02
1.372694161364834144e+02
1.390671161484549714e+02
1.418402193648848311e+02
1.405634063290836480e+02
1.392133869196242131e+02
1.386396708385002228e+02
1.415095840170359338e+02
1.380426949730240551e+02
1.392675583395439958e+02
1.405236247924154327e+02
1.385408175971239757e+02
1.426281276240315208e+02
1.391693193449270041e+02
1.406012360675966306e+02
1.386342759463569223e+02
1.405637708248705167e+02
1.409164449616436343e+02
1.411943998348084506e+02
1.389081360306937825e+02
1.412245919218982522e+02
1.384356248176287068e+02
1.389042717819457664e+02
1.367007656400430449e+02
1.400909966323025344e+02
1.432413590959172041e+02
1.378347609079396250e+02
1.366394192521018169e+02
1.378503771603453174e+02
1.396549131675342608e+02
1.377767093024394569e+02
1.398635697447749351e+02
1.402771798711575570e+02
1.418967723573388753e+02
1.409894199613478918e+02
1.384163341369436182e+02
1.376032004482996172e+02
1.379480279582221272e+02
1.387778799091657902e+02
1.414939158580193350e+02
1.360736987936930120e+02
1.394834314102630231e+02
1.412154075400038380e+02
1.379809276806107903e+02
1.428655843192531449e+02
1.420206128982214011e+02
1.398832807658240256e+02
1.386040949723826543e+02
1.387547485242906191e+02
1.417858894821385434e+02
1.352392601466568181e+02
1.362729315105434011e+02
1.385260107949780206e+02
1.418700666853579833e+02
1.396213888032452530e+02
1.420183667458766195e+02
1.411280949198571477e+02
1.377683037980050926e+02
1.411722369584841772e+02
1.403857686307121924e+02
1.379265218363457848e+02
1.399071191964387140e+02
1.396507813946267049e+02
1.397953662891014517e+02
1.368539428714993562e+02
1.393026087630831569e+02
1.372138495112874921e+02
1.404731981866724766e+02
1.396932993312127849e+02
1.373505234926629441e+02
1.401621567988021582e+02
1.409886376058566668e+02
1.385168320238691706e+02
1.407814080594119446e+02
1.406218169600414001e+02
1.391934824890462892e+02
1.384043927625166361e+02
1.398096526149138583e+02
1.390865099174469321e+02
1.388683863535757439e+02
1.418718349891010178e+02
1.385409171663193888e+02
1.390189155878487668e+02
1.358077991201841144e+02
1.392175175865489791e+02
1.405370023730050377e+02
1.417400735785679728e+02
1.369932757211847445e+02
1.376480143717454894e+02
1.382066920539693911e+02
1.368097265948730694e+02
1.415984572921137215e+02
1.405558050010500608e+02
1.378442352557810295e+02
1.366224160147166344e+02
1.389533198817003665e+02
1.396810686880816377e+02
1.392988144922029790e+02
1.413122497958205770e+02
1.394860291771417451e+02
1.398749401417965430e+02
1.374579135226087203e+02
1.387761284581910957e+02
1.415790419158807936e+02
1.392469233674161728e+02
1.397433094616843050e+02
1.394178626395161871e+02
1.414536982395967470e+02
1.388313926706516668e+02
1.414722353602294049e+02
1.410861121942553211e+02
1.397121587079101062e+02
1.392357994910755394e+02
1.387493463813663368e+02
1.394808554493377528e+02
1.378943400792704779e+02
1.438476140085024326e+02
1.412467079609563427e+02
1.432195813070172221e+02
1.378491312114493326e+02
1.386477272973230868e+02
1.389127931746054401e+02
1.407036191462011629e+02
1.398549836058220421e+02
1.353406221711716739e+02
1.367369934341305964e+02
1.433803716081582991e+02
1.405320713021485801e+02
1.412401800516645380e+02
1.409828398022615659e+02
1.390730951834804614e+02
1.368241763180021735e+02
1.367449333373285754e+02
1.384263642524680336e+02
1.422838040700085287e+02
1.379152552757065280e+02
1.393344499051905814e+02
1.402618046597124533e+02
1.408024733636565315e+02
1.389370809865240233e+02
1.382134344631250542e+02
1.401244433947749997e+02
1.397273441950506765e+02
1.408535595002977630e+02
1.406230269906275510e+02
1.387112012561677545e+02
1.395192563703906217e+02
1.361206714088703507e+02
1.394965717793445492e+02
1.393531550891575819e+02
1.376462098990150196e+02
1.399740753428490621e+02
1.374762459781546795e+02
1.386582201216597525e+02
1.411294206786386383e+02
1.396306134152722507e+02
1.404398531839323994e+02
1.389103487602343989e+02
1.371006959125632818e+02
