7.537172780106411096e+01
7.530813406120861941e+01
7.437864421515912738e+01
7.071707596432175080e+01
7.318023957540370361e+01
7.680681582457715706e+01
7.321214568965652347e+01
7.460965073704856820e+01
7.368901983938238232e+01
7.328509152114199310e+01
7.483044436989786163e+01
7.433447359315769631e+01
7.039038416013708854e+01
7.447337798388785757e+01
7.200143219435369701e+01
7.106665269127981333e+01
7.552313794929901292e+01
7.335353391026968950e+01
7.226736802372457191e+01
7.215836142922725571e+01
7.307385547377202784e+01
7.682361318577962095e+01
7.755490533218075200e+01
7.247835396224783722e+01
7.295957957769229552e+01
7.660033421644800455e+01
7.495936008049291388e+01
7.566391973353701417e+01
7.017213949494242797e+01
7.382895058153044943e+01
7.125915552777571804e+01
7.453884227235128890e+01
7.331305928427127583e+01
6.942787726881427091e+01
7.232843711817614007e+01
7.169827249339938646e+01
7.084123584248607131e+01
7.192330564052075204e+01
7.353904509323128025e+01
7.282315017028568604e+01
7.558236050854119981e+01
7.471723746520869724e+01
7.528877935495152940e+01
7.448174882377027473e+01
7.546781023622457951e+01
7.855170888818875596e+01
7.511925487499559040e+01
7.028723339926244762e+01
7.531522645373530622e+01
7.520011586106843993e+01
7.529205171099444271e+01
7.714483883091314453e+01
7.350905904700785243e+01
7.673195209956803353e+01
7.237986687352309900e+01
7.580748529605395447e+01
7.377977900214361284e+01
7.435011933731294675e+01
7.432126746335846690e+01
7.152057353073874424e+01
7.155708272570413442e+01
7.365458583493396816e+01
7.183268860080782758e+01
7.465259798610763653e+01
7.604268792098548602e+01
7.398705282869420330e+01
7.492461878030511002e+01
7.249825110535502404e+01
7.540862995727795237e+01
7.597086796848913082e+01
6.948702437551519040e+01
7.300441916953164423e+01
7.287851169349343650e+01
7.300969333507029546e+01
7.326266589822732556e+01
7.308033336904897226e+01
7.725459030991471820e+01
7.342658741786507903e+01
7.319689651376798167e+01
7.356239293547592695e+01
7.308953305953515667e+01
7.522896820092837800e+01
7.579172944686654034e+01
7.276058953519184058e+01
7.703658440951177511e+01
7.016528985410818109e+01
7.240569954303384748e+01
7.658549144471921011e+01
7.535116505071347603e+01
7.479352160321325016e+01
7.449623170329384436e+01
7.501553894723656413e+01
7.433073819570593344e+01
7.357010477669034287e+01
7.096023814903760751e+01
7.615962917055605885e+01
7.612614292128336047e+01
7.429317446322778551e+01
7.256402747125449082e+01
7.096282434630671787e+01
7.484336676757628481e+01
7.582518507795167295e+01
7.270748234350297423e+01
7.316479532733788460e+01
7.220822549533029644e+01
7.233877637260761162e+01
7.445712869766796871e+01
7.043634316205465495e+01
7.721212631767576795e+01
7.283854753119804570e+01
7.268581861110040165e+01
7.440158916152564927e+01
7.579044269851443971e+01
7.574005212597954539e+01
7.245788459843628004e+01
7.382767679189714727e+01
7.287579538761036702e+01
7.182639135443757539e+01
7.284080405628183996e+01
7.553696367986125892e+01
7.053533581276369091e+01
7.191563376715662059e+01
7.360645485726092829e+01
7.851973496014244347e+01
7.200981570995293168e+01
7.715204470224738031e+01
6.916986376592528529e+01
7.783911802760405863e+01
7.325608910790033690e+01
7.355183633029876944e+01
6.950374326034911121e+01
6.945139070443393337e+01
7.352977431448088907e+01
7.575928035877417699e+01
7.328183927003475162e+01
7.187115195283948310e+01
7.637539144885595022e+01
7.413202159550399983e+01
7.359177208893198952e+01
7.107156661217707949e+01
7.425987536166375946e+01
7.566664846988763315e+01
7.458134402007615904e+01
7.636004872189391790e+01
7.503044540926603645e+01
7.570111242103352822e+01
7.636570892385597631e+01
7.139412772387274231e+01
7.432395380952996788e+01
7.531770150106277129e+01
7.353045184024215075e+01
7.570006937304809469e+01
7.226492087225692273e+01
7.263690376125462933e+01
7.574785173047604303e+01
7.364694500242784159e+01
7.550305218535157792e+01
7.440943504490759608e+01
7.531249347165179131e+01
7.654269011423590996e+01
7.506628000237869003e+01
7.362450650496926130e+01
7.310742468844247810e+01
7.537978560250657267e+01
7.160406952879777975e+01
7.228653049018909371e+01
7.514321495079863666e+01
7.344885992103151295e+01
7.132754430188346362e+01
7.642286316043310990e+01
7.110634729746742266e+01
7.289497933631335513e+01
7.142587481788775960e+01
7.646435694774932301e+01
7.529845436353248544e+01
7.351078063721767819e+01
7.665331180612849948e+01
7.372280019950005681e+01
7.262204099434650573e+01
7.291802382327743715e+01
7.188130236921625738e+01
7.320584041071944625e+01
7.347376767246437623e+01
7.357965306202777356e+01
7.268723456401066585e+01
6.985657975627771066e+01
7.335495082643186038e+01
7.345203468707471472e+01
7.357754493022908093e+01
7.390374300188832990e+01
6.720020324001296785e+01
7.825278325670235802e+01
7.648750500871368274e+01
7.242039307154556127e+01
7.686773435239508956e+01
7.829945182611855614e+01
7.433386366757423502e+01
7.737441139931139844e+01
7.413179041863753582e+01
7.054483819998888805e+01
7.524925137481156412e+01
7.092919692124479525e+01
7.265726450503312606e+01
7.733248520143159510e+01
7.166942074574717481e+01
7.070113152561411596e+01
7.493174881803282972e+01
7.120966940248808896e+01
7.463161926096924503e+01
7.516103797287786392e+01
7.350163144688922046e+01
7.519709413198879133e+01
7.037775624248021700e+01
7.264722496241066096e+01
7.296526356083030862e+01
7.624773399035345278e+01
7.448783930118791829e+01
6.966669277961315743e+01
7.228733979283440192e+01
7.225997753064795859e+01
7.416561315976680646e+01
7.349179982384860921e+01
7.216485000920951620e+01
7.586694329755074762e+01
7.301819844358732325e+01
7.391817774137905417e+01
7.266536102062048030e+01
7.537063079764160989e+01
7.967203256763092156e+01
7.320777628338258580e+01
7.328740064234820295e+01
7.380430740295379621e+01
7.304443277353085762e+01
7.071597215911801015e+01
7.338420862230168495e+01
7.460783774364544740e+01
7.271857162288459620e+01
7.463013269385287174e+01
7.557947018755288582e+01
7.317806646999204645e+01
7.380663913636573170e+01
7.130990102807137987e+01
7.499503354108325937e+01
7.462325392891743547e+01
7.235566361310345940e+01
7.460343100608110944e+01
7.284245782701928817e+01
7.428592258673921833e+01
7.325660655480407968e+01
7.574258821726814972e+01
7.482594454334783052e+01
7.595263670893970698e+01
7.358073651128516701e+01
7.721847353750045784e+01
7.288276554766096638e+01
7.503075250932680262e+01
7.059332850854602270e+01
7.141820640219131633e+01
7.388763056453733213e+01
7.269787502470808249e+01
7.736999570901494394e+01
7.169123605324790560e+01
7.392221871747139517e+01
7.195910682242939060e+01
7.346457179629189227e+01
7.424373856219033030e+01
7.515226250720527901e+01
7.273028226002125507e+01
7.594002881760648904e+01
7.632707032376305278e+01
7.506552207685027156e+01
7.506055314713388782e+01
7.406577363970896499e+01
7.533447595154632381e+01
7.398273332314245465e+01
7.483231910594203384e+01
7.392309269057872712e+01
7.676965180172888381e+01
7.357365229939387063e+01
7.225350083284416769e+01
6.930520208765626933e+01
7.721584287475802455e+01
7.403507987124814349e+01
7.420539464786355666e+01
7.317334551203971671e+01
7.355864575249572113e+01
7.552782138487387442e+01
7.116282189138719616e+01
7.451629663946931714e+01
7.378375432205068307e+01
7.287103799264347970e+01
6.769045887875415701e+01
7.109034684930992398e+01
6.802033249459644537e+01
7.536795978274037111e+01
7.361634880949713988e+01
7.729939799801043421e+01
7.434261407451496950e+01
7.524175908895199427e+01
7.708975814408879046e+01
7.494425938508031493e+01
7.111892435915351030e+01
7.116704011043538003e+01
7.400154555717813309e+01
7.263741832113235830e+01
7.115241855971260065e+01
7.410804306720700652e+01
7.001337297167287943e+01
7.249064018017986655e+01
7.317055424692793508e+01
7.222680289302012113e+01
7.165479227287818276e+01
7.284395488601944635e+01
7.463227006665677266e+01
6.991178093085339640e+01
7.579432176667862109e+01
7.737174419493257460e+01
7.469867388472769676e+01
7.249984236040640440e+01
7.180190816659649045e+01
7.269436896061942832e+01
7.455422166993372457e+01
7.523565512736600169e+01
7.364113999667949884e+01
7.142464807603212762e+01
7.439262800697439104e+01
7.388066346002061380e+01
7.487194798513407079e+01
7.592135800480167518e+01
7.471385762598484348e+01
7.257807501464860422e+01
7.414469239532569134e+01
7.286627408426404884e+01
7.538201197640972850e+01
7.277666440553879568e+01
7.304880243783554761e+01
7.470211737637572469e+01
7.343179155094743749e+01
7.621286139765305734e+01
7.808995978422304063e+01
7.265437921297741752e+01
6.873662755862291363e+01
7.625376161814702414e+01
7.248979141503568258e+01
7.216030682317658318e+01
7.503376272105828093e+01
7.592827509478235015e+01
7.615350354060683458e+01
7.808488157335828816e+01
7.481295361406141353e+01
7.464867362006745566e+01
7.269064411392180602e+01
7.414122795353939921e+01
7.514973267958322367e+01
7.427667649253901061e+01
7.183260741928449988e+01
7.051051508914513022e+01
7.434055121927308107e+01
7.579436902493193884e+01
7.343068342914827440e+01
7.610778938233008262e+01
7.411674649330670661e+01
7.359825517748076606e+01
7.058341288622371223e+01
7.480205913303136356e+01
7.547802022572099645e+01
7.356923346272573383e+01
7.434199911268112260e+01
7.338820004204086445e+01
7.439070680628408638e+01
7.282961942572909209e+01
7.515708314513122446e+01
7.346196222537740539e+01
7.651330857769741556e+01
7.420884021864389979e+01
7.533946513166738157e+01
7.404416383216357644e+01
7.218518191295353859e+01
7.801149594250315999e+01
7.315932486346244445e+01
7.603926268045086090e+01
7.144567713939626685e+01
7.409557594657779589e+01
7.528946293986788874e+01
7.336739135289973035e+01
7.445054987304864369e+01
7.284759772472165196e+01
7.438419765766064984e+01
7.401454125869825873e+01
7.223118206979943068e+01
7.598399558613024851e+01
7.306234436617017991e+01
7.196838590130552404e+01
7.377198852711983079e+01
7.229146645630559931e+01
7.095777710834961738e+01
7.449879408245767820e+01
7.250593493919697607e+01
7.644009575048228555e+01
7.341733486256489982e+01
7.574056176818949382e+01
7.409575888307956859e+01
7.284747905222434383e+01
7.384843146781399525e+01
7.645397618762979164e+01
7.248033028535553512e+01
7.098589886888214551e+01
7.369949640613887709e+01
7.506477630914427834e+01
7.246114229296392750e+01
7.565336777882988883e+01
7.121749521860112964e+01
7.099552898598369666e+01
7.374540615808751909e+01
7.281963842166703671e+01
7.027972742647671112e+01
7.578875509403633259e+01
7.748843356137352600e+01
7.403033884402022125e+01
7.683090661250719222e+01
7.300186340143966390e+01
7.565083585713793468e+01
7.770158554266504325e+01
7.698170701201748045e+01
7.386023848102914258e+01
7.299701059937007130e+01
7.129680528278554164e+01
7.446549005956302381e+01
7.409430472149746549e+01
7.628677641124710362e+01
7.376580080406203876e+01
7.583617192063705659e+01
7.070726506887524465e+01
7.429095674114179815e+01
7.427154365239036338e+01
7.184361527221959420e+01
7.333634039614551625e+01
7.265285333958054537e+01
7.436507070262909735e+01
6.896447237942832942e+01
7.123989334745664337e+01
7.506264365600303279e+01
7.401389687940380213e+01
7.458465153670523762e+01
7.199841154459188886e+01
7.165025614969481182e+01
7.436562493003502539e+01
7.210551959675680678e+01
7.051921053623838986e+01
7.367615868777393473e+01
7.614912530845097649e+01
7.516481132217784022e+01
7.196460340327394078e+01
7.614591030630782598e+01
7.562231983041776573e+01
7.192963212300242049e+01
7.259645499233130295e+01
7.302264373860350588e+01
7.412062161278758765e+01
7.464055963913608593e+01
7.563216554965282512e+01
7.008980925837022369e+01
7.672510243480584791e+01
7.232360799429910969e+01
7.295721105543069029e+01
7.255874230418690729e+01
7.193361008304498228e+01
7.129195720191356145e+01
7.377610445353215596e+01
7.597453961287106949e+01
7.724764535841924840e+01
7.243666279810759079e+01
7.411234248753844156e+01
7.437435880983774439e+01
7.220499179471592299e+01
6.779793318670984092e+01
7.381881532651929945e+01
7.762880039824543132e+01
7.372088733699237650e+01
7.266364379129157669e+01
7.690895045276882058e+01
7.371838108388662647e+01
7.666189445717479600e+01
7.806139024442370555e+01
6.873516923914135646e+01
7.267796368160252030e+01
7.234084570566353989e+01
7.002962952136130070e+01
7.602564844953428747e+01
7.393265690849941052e+01
7.121315963364054369e+01
7.542638494864557686e+01
7.637970096191483549e+01
7.455111559362538287e+01
7.374312614287055112e+01
7.133081099485106336e+01
7.870169785728697320e+01
7.473804959961424288e+01
7.765765995334000138e+01
7.484795855746993709e+01
7.261667492356251330e+01
7.576876469846403950e+01
7.727109431846453447e+01
6.967130044046055559e+01
7.688889684990995477e+01
7.649718165530877911e+01
7.442955746124854954e+01
7.278503101728736624e+01
7.681687072719682874e+01
7.605747796714183551e+01
7.421048232500028519e+01
7.206647638225246055e+01
7.559077597028381490e+01
7.314768458181789867e+01
7.173930197676341436e+01
7.188561081646095374e+01
7.731279029165847305e+01
7.138925684730367038e+01
7.341625233516413118e+01
7.559013187990328220e+01
7.645963862851785109e+01
7.272728835732512209e+01
7.385257576883074648e+01
7.171748012907221437e+01
7.447994167781807562e+01
7.480242617532822180e+01
7.386907909156525420e+01
7.435206748767798501e+01
7.233384619809049809e+01
7.209049071584780677e+01
7.219916276300340030e+01
7.217130316164487169e+01
7.380483770654781495e+01
7.799030104262214991e+01
7.071656782226826010e+01
7.656669631340963633e+01
7.145081546523957172e+01
7.583921654445948946e+01
7.708242819163312731e+01
7.329559977082926991e+01
7.245729665172187595e+01
7.602342419894314673e+01
7.509789753314868221e+01
7.514914264124655574e+01
7.445069349125525093e+01
7.206650937796740664e+01
7.091763734538248798e+01
7.014083143860575831e+01
7.595839850898710210e+01
7.344384491506259849e+01
7.521061951983010374e+01
7.159780153950190140e+01
7.186280193428437713e+01
7.333355505155654441e+01
7.619052227087473739e+01
7.158105107919504917e+01
7.688952120660808021e+01
7.222613878345093497e+01
7.259167122743779998e+01
7.473470563662414179e+01
7.362560610409491346e+01
7.654745500048558426e+01
7.667609957184606628e+01
7.339857469658235800e+01
7.439468265753119169e+01
7.236613039875906850e+01
7.334519874800298567e+01
7.239510675772329762e+01
7.035850653739989014e+01
7.415031904361917725e+01
7.277449947121165508e+01
7.303926366236183298e+01
7.866621238359985568e+01
7.321780455625317074e+01
7.607273735339113330e+01
7.744325645448081730e+01
7.390182696554168729e+01
7.619870917260409726e+01
6.965762951486517807e+01
7.190196838440395766e+01
7.621527036404508237e+01
7.565250083495568845e+01
7.353398647364836904e+01
7.451212065063869261e+01
7.290521749535975005e+01
7.173815469765243336e+01
7.752490586462508304e+01
6.975475817965863712e+01
7.151294160762958541e+01
7.459984841469022854e+01
7.391041472710976734e+01
7.386937438254334154e+01
7.042216777653749205e+01
7.639353677130561948e+01
7.776735893423446555e+01
7.276465082139988283e+01
7.246372227678766365e+01
7.322353242034591858e+01
7.441550066995695545e+01
7.368498485516096252e+01
7.494888497103180214e+01
7.563495697553810260e+01
7.473031238833827672e+01
7.377066264732252421e+01
7.211345736820089769e+01
6.994955139256184395e+01
7.441412087470285996e+01
7.304014619865854741e+01
7.032890927383270707e+01
7.547421844945549196e+01
7.876025310448694938e+01
7.417628523423368847e+01
7.466693248675422012e+01
7.549734489075204635e+01
7.461723898456834547e+01
7.617173436641321871e+01
7.226120715501633640e+01
7.307782965339598036e+01
7.359970925916606177e+01
7.512561410587430544e+01
7.365077838316437919e+01
6.858986778682601937e+01
7.592253459769258939e+01
7.478760085548042014e+01
7.144327080117327000e+01
7.414881581394705279e+01
7.492874462661539781e+01
7.190173684803646381e+01
7.268307604224109753e+01
7.518654799645193521e+01
7.355569289805062283e+01
7.482775524025932157e+01
7.235508463043470329e+01
7.462248719608183478e+01
7.442586358328571805e+01
7.395808912206126706e+01
7.418693839628288345e+01
7.374328502016935261e+01
7.541918436079400578e+01
7.166952241268106150e+01
7.039912601081749699e+01
7.329186544686965021e+01
7.300167667284048889e+01
7.336273551400444148e+01
7.692076056855037791e+01
7.694803721099123095e+01
7.729768708216806772e+01
7.578529072151523849e+01
7.390700266791684214e+01
7.181633227729571445e+01
7.111193211899319522e+01
7.426154015288015842e+01
7.190860821636260880e+01
7.392236022948284813e+01
7.701987012679171585e+01
7.125099761930484021e+01
7.647727374138713685e+01
7.256618232081456199e+01
7.108266621605547186e+01
7.501884627398493421e+01
7.418172449628303866e+01
7.207159980960358325e+01
7.520824323155520119e+01
7.323599126103231072e+01
7.674180753410297484e+01
7.357223923995888981e+01
7.331368322753095867e+01
7.318360545323136535e+01
7.353052890084126147e+01
7.647232367027099542e+01
7.133453316998000560e+01
7.394653859827232623e+01
7.442718404373509600e+01
7.518287653931024295e+01
7.502696231395863435e+01
7.243760379830955287e+01
7.249213851111390738e+01
7.281550441433202536e+01
7.323164848195068544e+01
7.439959508178588976e+01
7.624811652446393850e+01
7.191282925434940410e+01
7.166557810737374723e+01
7.202631162985362323e+01
7.320379057591920002e+01
7.132996208016110984e+01
7.413117731532750554e+01
7.878811943120118144e+01
7.046128216426598101e+01
7.266167596145362495e+01
7.670214757949695183e+01
7.111769964148444956e+01
7.157069213277273434e+01
7.765816941177384081e+01
7.416118899947302623e+01
7.529568430341061003e+01
6.889459412031007446e+01
7.633912553405052392e+01
7.476018089712090386e+01
7.544571178627597874e+01
7.481173091981209211e+01
7.571701988690591634e+01
7.557262800792143764e+01
7.493373101048371154e+01
7.648433227227306475e+01
7.388105948911024257e+01
7.304015852560605992e+01
7.616308645084384921e+01
7.433231204217395316e+01
7.333231239116646805e+01
7.526958519450688812e+01
7.641480495667762796e+01
7.403952798707737770e+01
7.149725101577263331e+01
7.222711872200257233e+01
7.586391877867070832e+01
7.559090558768430412e+01
7.052975582429542101e+01
7.371970192922870524e+01
7.238384436632601648e+01
7.067230134257964380e+01
7.123854038955869328e+01
7.645028313509861562e+01
7.757688188008859242e+01
7.172869953774713281e+01
7.342768632115168259e+01
7.257335213438869914e+01
7.115861127239888617e+01
7.144461457998272635e+01
7.373246666573703578e+01
7.332324296576811662e+01
7.410315746102450873e+01
7.539870692081943560e+01
7.045433456260047933e+01
7.341680848629331990e+01
7.236972493202367218e+01
7.593918413215064334e+01
7.233302131370774646e+01
7.146688276595097022e+01
7.413498532528100782e+01
7.504862876429099572e+01
7.067151746756155717e+01
8.033191930006610448e+01
7.395643837409161847e+01
7.091454002488799802e+01
7.422534132267280427e+01
7.240127857689799384e+01
7.258341824029747613e+01
7.561817531281616311e+01
7.188173580435946519e+01
7.685138565818964196e+01
7.269815711582229767e+01
6.940244708377771587e+01
7.219467452958203069e+01
7.399255887781342267e+01
7.155363547088045095e+01
7.458092708894675127e+01
7.110817532536047736e+01
7.466540208513468713e+01
7.401903664032194285e+01
7.520019546363890584e+01
7.354341594261747161e+01
7.851864130858395185e+01
7.502917097247942024e+01
6.915521395600023880e+01
7.348971949374345058e+01
7.794130351530203882e+01
7.584398718814342999e+01
7.648288667956741449e+01
7.510481592082645363e+01
7.703310606143722339e+01
7.182623346927053376e+01
7.477291344511068871e+01
7.410266335642104707e+01
7.352306681575996095e+01
6.995016607689311172e+01
7.679708190331712103e+01
7.390837282568573130e+01
7.316087789025100108e+01
7.099680168851972439e+01
7.720349793389553383e+01
7.497336520818372207e+01
7.086307843617423430e+01
7.949612651776301675e+01
7.353121769411825426e+01
7.500226459991453964e+01
7.349345206805718078e+01
7.166381705757203235e+01
7.354699780392853370e+01
7.346906610900536805e+01
7.138812452617537474e+01
7.092170768252813673e+01
7.524390531972727558e+01
8.029659312451623521e+01
7.505205097052532892e+01
7.263325992286549138e+01
7.535684887022613054e+01
7.496314516073621803e+01
7.427342222851430620e+01
7.623454892822014983e+01
6.984946872018889508e+01
7.196523996590410377e+01
7.778624723337127023e+01
7.653624889734493308e+01
7.385046965175052947e+01
7.282317649104221857e+01
7.390114642307716508e+01
7.403978348300782386e+01
7.064302522155830388e+01
6.837023134995769169e+01
7.403886470513585039e+01
7.559610594099527248e+01
7.373709139294146553e+01
7.239183936360659288e+01
7.891988147312942203e+01
7.360639079090370274e+01
7.540052960524862158e+01
7.446447989907382237e+01
7.364639268400016192e+01
7.444492788330150290e+01
7.517957604315104447e+01
7.378883167433102130e+01
7.352643097922623383e+01
7.405608969168292788e+01
7.381473264678810153e+01
7.231151835897817648e+01
7.088114073999339837e+01
7.260985959497841691e+01
7.022590482358641850e+01
7.190564997158351446e+01
7.364708879170451894e+01
7.458437745597825597e+01
7.510838823042561785e+01
7.580880903843764429e+01
7.313599677481686001e+01
7.241589774874070429e+01
7.212263774863914989e+01
7.273906588518276806e+01
7.669704428822406328e+01
7.146913584738085490e+01
7.746444998895302092e+01
7.547562598387175115e+01
7.374939478753306332e+01
7.186279338055851440e+01
7.515091757173313169e+01
7.431466211777406272e+01
7.151333194759924083e+01
7.331357571249596106e+01
7.418219267870759381e+01
7.512624442205344621e+01
7.478283864703118411e+01
7.380597680218093615e+01
7.151142145704748998e+01
7.060988443420468741e+01
7.122446986709996963e+01
7.847988589083864497e+01
7.436172751153321769e+01
7.247813095942504447e+01
7.236720681601343585e+01
7.186796082586545253e+01
7.446089779540866971e+01
7.452086353522510365e+01
7.187150923663497792e+01
7.734069767141718899e+01
7.076588381372121717e+01
7.585515910139588414e+01
7.649055487127051833e+01
7.414312206144317940e+01
7.033445993735440993e+01
7.164987384710637741e+01
7.321133079601450788e+01
7.460512171480445431e+01
7.261623321415689247e+01
7.112228389886088564e+01
7.104826282373761615e+01
7.217922471007742047e+01
7.570898545786602085e+01
7.531474710837863995e+01
7.494658399904062662e+01
7.163128891666328002e+01
7.553929109346111659e+01
7.281828724246905438e+01
7.131190118126964705e+01
7.580569363385205861e+01
7.588342611528106829e+01
7.326955612843224230e+01
7.483008720328375318e+01
7.353082826423059259e+01
7.401124458805746542e+01
7.409332998085821487e+01
6.749835972603256096e+01
7.544632040874238044e+01
7.373756893658034528e+01
7.182751446028068187e+01
7.533299799964959220e+01
7.563117180734181488e+01
7.386583184939061653e+01
7.205429034751283268e+01
7.686663982031397779e+01
7.355041307256374239e+01
7.236673770103323022e+01
7.369816549175997977e+01
7.297409504452829765e+01
7.462393926261339061e+01
7.235540111628446880e+01
7.061044550010780085e+01
7.620166790730283424e+01
7.163019652113909785e+01
7.302792789614805713e+01
7.650024877431388859e+01
7.382874698852766926e+01
7.278745747315853976e+01
7.384841378068783513e+01
7.629204946697119283e+01
7.255752680750434536e+01
7.553422604250745565e+01
7.521576714854670342e+01
7.347374383086385308e+01
7.263583042087749675e+01
7.595361122875895887e+01
7.175721665417161432e+01
7.771616736010622617e+01
7.502418841547945760e+01
7.380872986539777969e+01
7.065513215350291887e+01
7.763669113777041275e+01
7.651193932572668643e+01
7.229713555904422151e+01
7.230013618702142253e+01
7.720927081763791477e+01
7.134701404768037492e+01
7.622017527937889270e+01
7.420005586297318700e+01
7.509855827649916193e+01
7.136631658701942627e+01
7.502206870576432607e+01
7.150021631776594688e+01
7.653215363850702602e+01
7.653475912117642110e+01
7.384272982369019189e+01
7.380442993872588886e+01
7.335440915240607751e+01
7.464938926197389435e+01
7.053244047147444462e+01
6.991933153597979356e+01
7.176556518107987870e+01
7.309588478565586911e+01
7.203604575360279227e+01
7.348720826065472522e+01
6.857548594279025167e+01
6.955121076335898067e+01
7.455631732765401409e+01
7.067273269268822844e+01
7.094305776772669958e+01
7.249200431213533591e+01
7.478581594733226723e+01
6.821767106439071426e+01
7.729596387553253578e+01
7.369469353441807868e+01
7.466073084241098456e+01
7.222831362768863528e+01
7.742347205665676313e+01
7.606616608873187602e+01
7.315827125295048461e+01
7.402115286979366715e+01
7.140559015505000673e+01
7.611275808719899771e+01
7.545512735994965681e+01
7.583996661598679623e+01
7.270571814497736796e+01
7.399361451120057609e+01
7.348810590576626112e+01
7.382375813109200635e+01
7.235848405745556988e+01
7.704029964700728783e+01
7.615821887036267412e+01
7.161604725196794163e+01
7.009605354813686517e+01
7.141092505321084616e+01
7.120393496218349583e+01
7.449472515593649291e+01
7.695122905079421116e+01
7.289598872833998655e+01
7.076263429175202191e+01
7.205242904884083543e+01
7.373967556696108261e+01
7.508481410751261365e+01
7.401863657788918260e+01
7.418572204351369237e+01
7.599164665302122046e+01
7.571740496749994520e+01
7.484064457763955147e+01
7.078723856443787099e+01
7.258695397456934018e+01
7.414701371241646655e+01
7.455283198263826705e+01
7.257766499379013680e+01
7.256416996898394700e+01
7.413113974844900156e+01
7.496388222833228099e+01
