2.037436029745776978e+02
2.064521612971940954e+02
2.048124388040929489e+02
1.999135123745169267e+02
1.993546168347444905e+02
1.956451443955400009e+02
1.993967018800253186e+02
1.996346983214083366e+02
1.961819467312440963e+02
2.013415754359727998e+02
1.983075883610858909e+02
1.968469289751093356e+02
2.015009342740704028e+02
2.024945368129209271e+02
1.996161327730880259e+02
1.972418336232415754e+02
2.030443666421271303e+02
2.037455523450780959e+02
1.986082355814848484e+02
2.040778204552561022e+02
2.055766437127488473e+02
2.037694128791497405e+02
2.065208885234470415e+02
2.001486122519468438e+02
2.044066293737407705e+02
1.969375798289646013e+02
2.079697557633755309e+02
2.034045125178816704e+02
2.046073375155270924e+02
1.961193892702921460e+02
2.046658880211731173e+02
2.005717946796133333e+02
2.040052225075691865e+02
1.983400587137754485e+02
2.028734388806241213e+02
2.037590997098245111e+02
2.031831462337611640e+02
2.025705844265112034e+02
2.043165257505565080e+02
1.985055267037143381e+02
2.018360860902010927e+02
1.997903202064751156e+02
1.980131721503308881e+02
1.978962094338658346e+02
2.066176913297869362e+02
1.966733507658858002e+02
1.976764572976715328e+02
2.047737977180750022e+02
2.020056855363480679e+02
2.009928006778285976e+02
2.070324162100716592e+02
2.006698228314797916e+02
1.945746225405870860e+02
2.002485245776327361e+02
2.058510124392612681e+02
1.973547008336833812e+02
2.053282020760192097e+02
2.082025014930260340e+02
1.927773297887777630e+02
2.087834589547377107e+02
2.018387979574727353e+02
2.041949898283204732e+02
2.003377347535011666e+02
2.045980117228464223e+02
2.012490531457226837e+02
2.068308368257529821e+02
1.990289838200617112e+02
2.025999011921314832e+02
2.069731536402977952e+02
2.016448831092184832e+02
2.031777247804282354e+02
2.005148463673125434e+02
1.996332827585617622e+02
2.065975808544932875e+02
2.007497611247521263e+02
2.043179104211264416e+02
1.995046421132956880e+02
2.008994884535129870e+02
1.994547555144396540e+02
2.038374672205947036e+02
1.993907639808542172e+02
1.992141400130838917e+02
1.993022450760136906e+02
2.051811466126667653e+02
2.025603192902346450e+02
1.944219832171901317e+02
2.013368626737583043e+02
2.009112878474916499e+02
2.007200615739267278e+02
1.988354888458962080e+02
2.002564271517695431e+02
2.060133494255128426e+02
2.039471331867700883e+02
1.946917906121200019e+02
2.053763556788811968e+02
2.038643520329095793e+02
1.998948273693804367e+02
1.983471453548615955e+02
2.051764035464454423e+02
2.004283097041463577e+02
2.009935446862623110e+02
1.977793863909191430e+02
2.033403023935238139e+02
1.966665337252847223e+02
1.982499065090121917e+02
2.020362422489496055e+02
1.992361795282677974e+02
2.018937202461441132e+02
1.944914927088831291e+02
2.001408183948482531e+02
1.927770777378002549e+02
2.008633141623434426e+02
2.079377575631341131e+02
2.026119083414984061e+02
2.020712309264608848e+02
2.009178903870659951e+02
2.058802561187434605e+02
1.971126145649155319e+02
1.974811912255490540e+02
1.915270411766035465e+02
2.049530933882699344e+02
2.045230237824530377e+02
2.071171557791045075e+02
1.947576253896345975e+02
2.038125527604025535e+02
2.031648356857949409e+02
2.043088556155783238e+02
1.924597228839661511e+02
1.979543676999644219e+02
2.056284268387142049e+02
1.986914296383139344e+02
2.030105007176877336e+02
1.970308530158025633e+02
2.013362471138443368e+02
1.992060766416623494e+02
1.994207252334566647e+02
2.030292527257894335e+02
2.011667364779065394e+02
1.924146585130607434e+02
1.994580134115398096e+02
1.952931920376622088e+02
1.991987789366572201e+02
2.039090565559166635e+02
2.055809792700191565e+02
2.002770655578752326e+02
2.053510330038039342e+02
1.983892326003543474e+02
1.941793696759297916e+02
2.049120752873721187e+02
1.984093994789909630e+02
1.961025587361466478e+02
2.119839128780169233e+02
2.032590359601727528e+02
1.970098306642748867e+02
2.028069579961165800e+02
2.041297053874146172e+02
2.066599477745099307e+02
1.995596878610156182e+02
1.995698705391301928e+02
2.044441915567560670e+02
1.963666628312301725e+02
1.959060316289559580e+02
1.955778201687578246e+02
2.052315227140003913e+02
1.997684538634991895e+02
2.033941913973863223e+02
1.945115057109117060e+02
1.970651452274590270e+02
2.049004038934500045e+02
2.031208973332142307e+02
2.008021066094563309e+02
2.027474205199859227e+02
2.087624776631252530e+02
1.987116329795424861e+02
2.024059764321374644e+02
1.967525420073368139e+02
2.055315897787827168e+02
2.045587486850866696e+02
2.037625679201669016e+02
2.043611546260154910e+02
2.045063389710293791e+02
2.017807052773431451e+02
1.970777477911368578e+02
1.976322453336940725e+02
2.000615288464056505e+02
2.066757245275476009e+02
2.012464711103058619e+02
2.012375101062999363e+02
2.038730196950994298e+02
2.052164590871257417e+02
1.994460707616176478e+02
1.965170417900537245e+02
2.013226897869607228e+02
2.026631363199716418e+02
1.983502012087321589e+02
1.958664561560656523e+02
1.987746189989705670e+02
2.025205010683750970e+02
2.055624940175211179e+02
2.046698764212540596e+02
1.996960271163325729e+02
1.989416865949531257e+02
1.978202203764225544e+02
1.986191661570083227e+02
2.023574076719838786e+02
1.990097472536496070e+02
1.974740194733604994e+02
1.995053278672407657e+02
1.966324747177994254e+02
1.962066771529752884e+02
1.995007664353743451e+02
1.979423672518112198e+02
2.048506317300843591e+02
2.048187531081693464e+02
2.025874796943989509e+02
1.986174270881631969e+02
2.027953294487625442e+02
2.012238908592650830e+02
2.011152939701350135e+02
1.994780156800922555e+02
1.955973518723927498e+02
1.997318181738270937e+02
1.983291592727375416e+02
1.992433447078435051e+02
2.062477521501030822e+02
2.101735215764449549e+02
2.010216915860761731e+02
1.973589715777379183e+02
2.023132952219680760e+02
2.013746200937649462e+02
2.010813158365691038e+02
2.000526285051942068e+02
2.105686775846901639e+02
1.985886888825714891e+02
2.001600279248798984e+02
2.004448671876043591e+02
1.950592910061317866e+02
2.020999351470586589e+02
2.045850851531574222e+02
1.972188642498973650e+02
1.998114571381007920e+02
2.067773312715029590e+02
2.030394606746567092e+02
2.004670673622925108e+02
1.987472578337925881e+02
2.082230041953828561e+02
2.054126491171309681e+02
2.081053198995615219e+02
1.992059814526252808e+02
1.961386430283014874e+02
2.092082338148273379e+02
2.002530598666023423e+02
2.050409709843422945e+02
2.038952705684711191e+02
1.996919250034084712e+02
2.004604920924343787e+02
2.000846998749637180e+02
2.006361438868002267e+02
1.967420980360995770e+02
2.051191622432227462e+02
2.063843647687617704e+02
2.041927134034911262e+02
1.991011751317908818e+02
2.007690079453600731e+02
2.043364490510242319e+02
2.009159663702353384e+02
2.062806629703510453e+02
2.027741787662619970e+02
1.959049210030956090e+02
2.049183390893941521e+02
2.009879991729392827e+02
1.992422234466217503e+02
1.999286796728596016e+02
1.954614879980684634e+02
2.010147003868571858e+02
2.016470613918425840e+02
1.986462753267745427e+02
2.036175230554332529e+02
2.014555676668519197e+02
2.041623938283616155e+02
2.044385535788838695e+02
1.976015070692807853e+02
1.962957291879295383e+02
1.976940841561622335e+02
2.010947102916927065e+02
1.983834614693842866e+02
2.057371114823202447e+02
1.957324604602505929e+02
2.056495223130102374e+02
2.031268528072157267e+02
1.985979997824842371e+02
1.961559095759063212e+02
2.071262367638947808e+02
1.955758152688348446e+02
1.972546006383699364e+02
2.071356567047187980e+02
2.006311006967081596e+02
2.022022589975891833e+02
1.962973822348937745e+02
2.012059074167416952e+02
1.919687843350535275e+02
1.983250770383281747e+02
1.998022043095986362e+02
1.944385432582170381e+02
1.989048689627671536e+02
1.960927541811941808e+02
1.998998726589537966e+02
1.989464115921828125e+02
1.941585059007738039e+02
2.058924096173736586e+02
2.042208834296665145e+02
1.993050221888682927e+02
2.029271335353152210e+02
2.001675365217082572e+02
1.986306454380330138e+02
2.010903043215333241e+02
1.927174065509649949e+02
2.050924874111383929e+02
2.047275536599593408e+02
2.007493092454572263e+02
2.001510062228486220e+02
2.006190932661116335e+02
1.965310766302602588e+02
1.997442898476597293e+02
2.091663548210298131e+02
1.983342389875571712e+02
1.995330908720886498e+02
2.034268576235698447e+02
1.931705772679277118e+02
2.018565191295860473e+02
1.984147609746048886e+02
2.032010505382884276e+02
1.984382204480294547e+02
1.987756924954756528e+02
2.023962113883359848e+02
1.982732875415106264e+02
1.972911797210398674e+02
1.962774244014072167e+02
1.959774936341534328e+02
2.000873704786443454e+02
2.030389164733697385e+02
2.034602666700777149e+02
2.083527167258796169e+02
1.999810610003495981e+02
2.065766967992320815e+02
1.997296353664693243e+02
2.048784633979219336e+02
1.980790744732510404e+02
2.019872447618982676e+02
1.992725879380313927e+02
1.976799488059494649e+02
2.014041564556123660e+02
2.002709307198429087e+02
1.997735832111157208e+02
2.046699853656503194e+02
2.021294795707615606e+02
1.968446532332346806e+02
2.004853506267113232e+02
1.992910241985174764e+02
2.024575940095404292e+02
2.065394544201568010e+02
2.033134954063316684e+02
2.020771922913700109e+02
1.937782180245282291e+02
1.996099407824372349e+02
1.962910443918010515e+02
2.070367702845742031e+02
2.008790049750970184e+02
1.986999450979280368e+02
1.954884948630293877e+02
2.012175685584820428e+02
1.978966958705465515e+02
2.013689864508093592e+02
1.981026678605010432e+02
2.051252115326756211e+02
1.994563335045133670e+02
2.057242647950281480e+02
1.960825465899087590e+02
2.027604705169477199e+02
2.000406836282441247e+02
1.990714919884546532e+02
1.989019038490676508e+02
1.957137447501432348e+02
2.014943593631349472e+02
1.993109639718634867e+02
2.057860312461638728e+02
1.975025154407775005e+02
2.013516093957277633e+02
2.059221914819580093e+02
2.036186240712594895e+02
1.976648913105717895e+02
1.987762649824559276e+02
2.000340819085746773e+02
2.006948738539948351e+02
1.926916643534387106e+02
2.004203394581402051e+02
2.038418038804320815e+02
2.061478158912268839e+02
2.017765148468962764e+02
1.988091341887456736e+02
1.950879257227165908e+02
2.028869042170646821e+02
2.053611491586178772e+02
1.997741486012914152e+02
1.995298268509179707e+02
2.022375774298780868e+02
1.957217046925712225e+02
2.011382821349220933e+02
2.021918289209942827e+02
2.055629409086806447e+02
2.011314509646280158e+02
1.995958320834072026e+02
2.046554505200917617e+02
1.964956921562859691e+02
2.007662657979837775e+02
1.986972418527129776e+02
1.987094776034100505e+02
2.053006071871306517e+02
1.993811475125667698e+02
1.965511964086159651e+02
2.039926154748761462e+02
2.029344241562649529e+02
2.055754157886911742e+02
2.047370888455124600e+02
1.997195091722254574e+02
1.987723966420690260e+02
1.946336721935394962e+02
1.980331233937124580e+02
2.075474897764462696e+02
1.971031252612152400e+02
1.994420348882604799e+02
2.004530404469649056e+02
2.016759135974222943e+02
2.002434663077110883e+02
2.029700619749326336e+02
2.028691231342318702e+02
2.018572753109698965e+02
2.038790320637723710e+02
2.003954871507826283e+02
2.051153604689042993e+02
2.033829469605419717e+02
1.944277049747835520e+02
1.990621351660327889e+02
2.000972413021456759e+02
2.028268400468450352e+02
1.994868865741738091e+02
2.053673015669694166e+02
2.010158294446882508e+02
2.016102868802238675e+02
2.054071028583633449e+02
1.961645768283228790e+02
2.033892418131263184e+02
2.009757608698124614e+02
1.932294241515092210e+02
1.927942093539498387e+02
2.040822993939854086e+02
2.020547679611936474e+02
1.966034605384442671e+02
2.018045919975094762e+02
2.008343809008753169e+02
1.978546692085787129e+02
2.033561744677605816e+02
2.107842000214733673e+02
1.993199775909977234e+02
1.967604654021253054e+02
2.006578051278209784e+02
1.970505163975454366e+02
2.043218319574289126e+02
1.969945047779534093e+02
1.947378119160263736e+02
1.992290004220790536e+02
1.984182120461577483e+02
2.068287540706516268e+02
2.066557206295560434e+02
2.019599204343250278e+02
2.047915777338219812e+02
2.021629767911418014e+02
2.027640332230571687e+02
2.046878280117673228e+02
1.976780871537654036e+02
1.958152070012912702e+02
2.017390038703401274e+02
2.021825768287093013e+02
2.077100721438105211e+02
2.083121755792451495e+02
2.022703618131827739e+02
2.026818038538359588e+02
2.021587517722900600e+02
2.059870381274629381e+02
2.033480353761764547e+02
2.005397641931182307e+02
1.980381315425107402e+02
2.023246827299683162e+02
2.053518843628823163e+02
2.027513220304621768e+02
2.088380661174507793e+02
2.049206784283538809e+02
2.006460368455160790e+02
2.012292057724008032e+02
1.940728905761179703e+02
2.016859172097314570e+02
1.970165880443915682e+02
2.019049424074385115e+02
1.975724414027068860e+02
2.047927644519979253e+02
2.022316028420627561e+02
1.955002768174582286e+02
2.016571823205183023e+02
2.068337230021440405e+02
2.032850215448430617e+02
1.951557885311318046e+02
2.049449437653124164e+02
1.986712455826758799e+02
2.022336894488508392e+02
1.973098915955556265e+02
2.037272755790368137e+02
2.001578121563017874e+02
2.074593519928463081e+02
2.013869779803317499e+02
1.978589681850152999e+02
1.987658930073608872e+02
2.028253288612543201e+02
2.017158806869870773e+02
2.087323910880852509e+02
1.984805315750640773e+02
1.977440253209369416e+02
2.060731407395486201e+02
1.947207277253453981e+02
1.954926584044562503e+02
2.056836796690020606e+02
1.996769970010744828e+02
2.069590196886797742e+02
1.989089771447810904e+02
1.987324567855792736e+02
2.006239399699645958e+02
1.995130188475957311e+02
2.027184668964432603e+02
1.990054086456407560e+02
1.948597952461764464e+02
2.004237325563074705e+02
1.983310683317540963e+02
2.036752901650795593e+02
2.058145958808278237e+02
2.054980269925461300e+02
2.054191989041048600e+02
1.996347849926377762e+02
1.954091249664551810e+02
1.990744329792637757e+02
2.017995273771740301e+02
1.980805924380607905e+02
1.991467277925562769e+02
1.998318667048411896e+02
2.012583951659079560e+02
1.941755416813874717e+02
1.945723705110058575e+02
2.040310348167670611e+02
1.958500945100743138e+02
2.028651192275094388e+02
2.018294636729732474e+02
2.091415326197208628e+02
1.953930681145629933e+02
1.961961663003597778e+02
1.995627943207235830e+02
2.059811724765229144e+02
1.976647551198941244e+02
2.047815189239332483e+02
1.996149209307698413e+02
2.035315112263215838e+02
1.973553497762459870e+02
2.019850396473966327e+02
2.087862334539258882e+02
1.975424202902491970e+02
1.994774555252105870e+02
2.026387491730584998e+02
2.016343816199660068e+02
2.070403458543233057e+02
2.008769060171640319e+02
2.035918775540996819e+02
2.045086431658246795e+02
2.047263521629041634e+02
1.990944298375282244e+02
1.988813902200373320e+02
2.013447520106702484e+02
2.008799842768549411e+02
1.991838137566573153e+02
2.041112594721818425e+02
2.018960215891722498e+02
2.009448980337195962e+02
1.963818160784324220e+02
1.991793841258484008e+02
2.029988280471839062e+02
2.011170423134116731e+02
1.947873976220709551e+02
2.043490408820582047e+02
1.984878392168886592e+02
2.019203335861471658e+02
1.987523341045367715e+02
1.990983312914582370e+02
1.968074455438422774e+02
1.952513668208110857e+02
2.019051970216910092e+02
2.056466244460095538e+02
1.996745572838949272e+02
1.934896300077205069e+02
1.987707132128472267e+02
1.949951658366128413e+02
1.993578861063200236e+02
2.067673728793287466e+02
1.983921796347793816e+02
1.991048019306431911e+02
2.039268989396832410e+02
2.000413927149133713e+02
1.979197888395790415e+02
2.006434963238162368e+02
1.939995337479390969e+02
1.988940094823101674e+02
2.010735123347239721e+02
2.028542497380177565e+02
1.985392627060741972e+02
2.030786482437616201e+02
1.953762708854647485e+02
1.998434722158948773e+02
2.024540422790958019e+02
2.027547305837038607e+02
2.088191855423861227e+02
1.990789550666589776e+02
2.002616392452598291e+02
2.004649431302156302e+02
2.005297017930895436e+02
1.972840490020466859e+02
2.076329453635183881e+02
1.999987608448317928e+02
1.961138067483055636e+02
2.017755741830280556e+02
1.975340257546024816e+02
1.984283282378639797e+02
1.995717706695474476e+02
1.976574029296063486e+02
2.008431681608281849e+02
1.984265066091378458e+02
1.985186341500395031e+02
2.004668769573785596e+02
2.034812680961359206e+02
2.014749128977590260e+02
2.051677538254797071e+02
2.008129734311351626e+02
1.992831612697081596e+02
2.021371360226559375e+02
2.029332301615981180e+02
1.970673654610048970e+02
1.944884154849404752e+02
1.966799555416293401e+02
1.910297139831551476e+02
2.027666621119693673e+02
2.056147833113225261e+02
2.037558771112547049e+02
2.038467753641044737e+02
1.931626545692375601e+02
2.034663620850345751e+02
1.993375900651552968e+02
2.003943528910230043e+02
1.960328153672417102e+02
1.996117499683855101e+02
2.009381555952020051e+02
2.024705466036952259e+02
1.989076023719925956e+02
1.990424310152066880e+02
2.047413420577883016e+02
2.006590069521824091e+02
2.048522554733181096e+02
1.978107927243078734e+02
1.996255015314616514e+02
2.047645634071945437e+02
2.044663530584955424e+02
2.080346136515820206e+02
2.003882901997324950e+02
1.965528392865787737e+02
2.009763608943221413e+02
1.979319072317933035e+02
1.980212145244800581e+02
2.007604931754710549e+02
2.052676808010392335e+02
2.013228842827151652e+02
2.023984306681472276e+02
2.022986339317164663e+02
1.999399570466581224e+02
1.994728204385079380e+02
2.035630404308242873e+02
1.982864793294777996e+02
2.005312348349343381e+02
1.979732012398900167e+02
2.023069409460198926e+02
1.988930572303642350e+02
1.980268636583572857e+02
1.979010648500299112e+02
2.071131369100814084e+02
2.070645746328584949e+02
2.045392002319544815e+02
1.999605273534711785e+02
2.016554304229101717e+02
1.979408904087716508e+02
2.004295596893398113e+02
2.060586068645847035e+02
1.940128577512719801e+02
2.034310487379482595e+02
2.034151722332731822e+02
1.985462943108022102e+02
1.988582937913645878e+02
2.018029061071339356e+02
1.985514566518335755e+02
2.026418436496495588e+02
2.021301333067333985e+02
1.943012314673597984e+02
2.004248054423894416e+02
2.004718228717753732e+02
2.002324529650618956e+02
2.036898727859466476e+02
1.979946972073852294e+02
1.941510240027277234e+02
2.027103535302067883e+02
1.984183919139495060e+02
1.997719104400709114e+02
1.973136570642587913e+02
1.972992119002102811e+02
2.049898833016396793e+02
1.986225782747256119e+02
2.032425273778120811e+02
1.998095811512620799e+02
2.053836922742393085e+02
2.007168796638422634e+02
2.023391954703957936e+02
2.027477772024521130e+02
1.993078976623189362e+02
2.014873772153858056e+02
2.040220913477375859e+02
2.001699217913957227e+02
2.074577439384111699e+02
2.010874202963727839e+02
2.013336956452914137e+02
1.962359948606231512e+02
2.021325230961341788e+02
2.061131962006422782e+02
2.024709137164584831e+02
1.991789622748879935e+02
2.001639053371230261e+02
1.996465697956261067e+02
2.014069043452803669e+02
2.043038921530098833e+02
2.010606842041020741e+02
1.963734452507594312e+02
2.002254461637715224e+02
2.001813190223703884e+02
2.053555035975285818e+02
2.079133147317515409e+02
2.003524703453570055e+02
2.027541861761945086e+02
1.992985868594061571e+02
2.021153513942400082e+02
2.017456321772762067e+02
1.970947423287022673e+02
1.993782321229386980e+02
1.985581057172805401e+02
2.031612248818017861e+02
1.965704648605525051e+02
1.980113811298708981e+02
2.019014871214468769e+02
1.965949906659276678e+02
1.967097005798393354e+02
1.970566200490646622e+02
1.986642101667062263e+02
2.063637429774705936e+02
2.010641618115576250e+02
1.992398909930523416e+02
2.015061944031800749e+02
2.053680775195697379e+02
2.017472894290717136e+02
1.982504955531709641e+02
1.957066174022522205e+02
2.013977539818655202e+02
1.989984848517251805e+02
2.029630035036421134e+02
1.932382360719904568e+02
2.037649614655626351e+02
1.979984310481712555e+02
2.029109150275948252e+02
2.077530640084754623e+02
1.980828259931704451e+02
2.056218320475932728e+02
1.917354073324591468e+02
2.034756124400763611e+02
1.945242589292922730e+02
1.968100180658934732e+02
2.042387208727776908e+02
2.080321876089534214e+02
2.024431393023145915e+02
2.044594520003767286e+02
2.025282016128868747e+02
1.994310557871100968e+02
2.053860290123153334e+02
2.040385862778018691e+02
1.997210156144751636e+02
1.971330280473185894e+02
1.966458636719132471e+02
2.047410935024578009e+02
2.024080221341551180e+02
1.981509294279128710e+02
2.005922618079247854e+02
2.025876159202495899e+02
2.051492157897693858e+02
1.889147747144963887e+02
2.042673864458151058e+02
2.005766939410461873e+02
2.046332711487686993e+02
2.028719991753515046e+02
2.060325847583264931e+02
1.976428705401378920e+02
2.001325480998168302e+02
2.000064012827160127e+02
1.960960830758785391e+02
2.021120329617133677e+02
1.915960045549890367e+02
1.983502460833802559e+02
1.987316631538577099e+02
1.971428071860058253e+02
2.043056619347957223e+02
2.015350741381957391e+02
2.049113003647957498e+02
1.980162401898875828e+02
1.955781275241770345e+02
1.963541344915851141e+02
1.986887618475562931e+02
2.017149536525364226e+02
2.060271715104040595e+02
2.003480673977335300e+02
2.038161107733557174e+02
2.014722272316367651e+02
2.030743903981718574e+02
1.996484410833212735e+02
2.045299540109406280e+02
1.956844494243646295e+02
1.981246809570078824e+02
1.998266047285905245e+02
2.027944762575517643e+02
1.991426682836406599e+02
2.049031625694966579e+02
2.056124167235476250e+02
2.034098591509460050e+02
2.021230589477812316e+02
2.028364006081654622e+02
2.067356277561695208e+02
1.974968391192826402e+02
2.012117672118387475e+02
2.042631731694886525e+02
2.024662097401724736e+02
2.041846516983671336e+02
2.007654086917798111e+02
2.054866441076096351e+02
2.045163540828660587e+02
2.056098785871496091e+02
2.004235366632468640e+02
2.056327544775784588e+02
2.028380594299595998e+02
2.019950877792656456e+02
1.968913046195292509e+02
1.986533755934135854e+02
2.025193000153270759e+02
2.095117219810335314e+02
1.985614265568295878e+02
2.019250010277879426e+02
2.089962095865667777e+02
2.084766432652670858e+02
1.977648706145618860e+02
1.992050661447075584e+02
2.027268744903026629e+02
2.037705780383508625e+02
2.041107736511155792e+02
1.996414195226618347e+02
1.993910810167669752e+02
1.975799307876908131e+02
1.975994093339210167e+02
2.072758171873794595e+02
1.994053275217063401e+02
2.001869539552281481e+02
2.026355537722246254e+02
1.955221070900740585e+02
2.005179788394385696e+02
1.944875908881280111e+02
2.047125347418832462e+02
2.077516409064033951e+02
1.990006951183431170e+02
2.026896492490005244e+02
2.006353829378593332e+02
2.005582102512202596e+02
2.011966544527130338e+02
1.969236554352200415e+02
2.061973925389965530e+02
2.049994133390239313e+02
2.037877215732845286e+02
2.030236186435761567e+02
2.097962086299970395e+02
1.997266497229704214e+02
2.030578258967736645e+02
2.021796730450039945e+02
2.030725272307291220e+02
2.056553482621509943e+02
1.990029885947533046e+02
2.018689165241560204e+02
2.085539539158397986e+02
2.031146156827074662e+02
1.975787235112828739e+02
2.034634963871890250e+02
1.971962344846141946e+02
2.002412974743714358e+02
2.053643561155548127e+02
2.048840192633674917e+02
2.030956690852847544e+02
1.954701261519993807e+02
2.000373213639869618e+02
2.013444475242836518e+02
2.035564746920515518e+02
2.043592658471656307e+02
1.994253689182688447e+02
2.034386113488648675e+02
2.062906671849597728e+02
1.992888148605137815e+02
2.017159431492506201e+02
2.007301187660981157e+02
1.994381240611607780e+02
2.050427207565133472e+02
2.023752586955455968e+02
2.009717187658363287e+02
2.071855741593139157e+02
2.041613200662595204e+02
2.035438030848187907e+02
1.972543833470372761e+02
1.999963580622144832e+02
2.000917972101186422e+02
1.966262749074307692e+02
2.047890698118422677e+02
2.029883051420335107e+02
2.001525189638387019e+02
1.960154980455379530e+02
2.043356839221427492e+02
2.042174008108389671e+02
1.991528809259528714e+02
2.023287851011116061e+02
1.985161804289475356e+02
1.990337209844661004e+02
1.949591332734778462e+02
1.980295545793809424e+02
1.989875086851528181e+02
2.054966254987236027e+02
2.005768913356714052e+02
2.007516731986729610e+02
2.073412211125593672e+02
2.052989899662452160e+02
2.034653224028062937e+02
1.932268868908514605e+02
1.985022842397884801e+02
2.031608406819053982e+02
1.981495921915490044e+02
1.954616490329657950e+02
2.023954177263929353e+02
1.997199909835392759e+02
1.989254552586565410e+02
2.087744869070300808e+02
2.034020840756159600e+02
2.025047595507442111e+02
2.027073782125850130e+02
2.073455818293020911e+02
1.960043954147491831e+02
1.976259582789269018e+02
1.994175004784593170e+02
1.945897407126447831e+02
1.997052074382422120e+02
2.009128786837395069e+02
1.950813659636433783e+02
1.985716914994083879e+02
1.971115106298594810e+02
1.983804338095784487e+02
1.971574067461361324e+02
1.991071282317484759e+02
1.966896369075105895e+02
2.074908946648980361e+02
1.977460160183687208e+02
2.001574158790261890e+02
2.011583569007449626e+02
2.030730155508686323e+02
1.965541471440255634e+02
1.971896510088795651e+02
1.997596946440156387e+02
1.956247797863514961e+02
1.936886016607742533e+02
2.031530810821739692e+02
1.968822121640935734e+02
1.953918096088122240e+02
2.034773968343421870e+02
2.005972343391616448e+02
2.006064465223830098e+02
2.069129960156612640e+02
