8.818791648661222382e+01
8.737200783417654293e+01
8.733591789057315680e+01
9.277020217560071558e+01
9.066505012848286071e+01
8.832367840593633446e+01
8.831481819230594965e+01
8.629714766816586291e+01
8.922154466038286103e+01
8.872682169858794055e+01
8.869531739476677501e+01
8.880477063024777351e+01
9.067768759475610807e+01
9.159522131769186615e+01
8.848416470281807733e+01
8.851286528317253044e+01
8.803056029501487956e+01
9.049165900055658085e+01
9.190550672952457489e+01
9.016103012450571441e+01
8.742453474476354813e+01
8.793122530472416543e+01
8.731810922924681506e+01
9.072513481981620487e+01
8.633978245587664446e+01
8.934834083311476149e+01
8.668366104028255847e+01
8.820699150420247747e+01
8.579396060210552832e+01
9.141590719418115896e+01
9.218042992067097430e+01
9.283217202905670717e+01
9.017718852518385120e+01
8.793104111115785315e+01
9.165952032694777074e+01
9.137400214842448065e+01
8.956633865866852773e+01
8.724931871953508278e+01
8.624993352053988360e+01
8.594853281507606368e+01
8.981232855614736366e+01
9.028362893874923145e+01
8.891172484604587112e+01
8.781033313739635560e+01
8.644843843219514667e+01
8.705163492632553357e+01
9.177530518436087448e+01
9.004668792731025917e+01
8.863902808223518548e+01
8.210071991850036000e+01
9.118304883390716498e+01
9.014741889051384760e+01
8.786846481961350719e+01
8.934437800113592232e+01
8.945767354280910411e+01
8.975415620368920600e+01
9.057305653850238514e+01
8.852777188953085385e+01
8.738945712930555487e+01
9.060793993693282289e+01
9.201197364903158871e+01
8.967738888654756124e+01
8.854325043637766157e+01
8.951277405521538810e+01
8.950196186008587063e+01
8.650559207804859341e+01
8.685972170875155030e+01
9.116756301583160393e+01
8.906083716078612156e+01
8.803091386686807596e+01
8.717732210859431063e+01
8.931618220517546547e+01
9.164531084411329687e+01
8.770910106243624682e+01
8.885377235044504118e+01
9.038671755311638378e+01
8.924669543573106978e+01
8.908814403098622847e+01
8.945386002206463161e+01
8.629715881700897739e+01
8.932126677738327203e+01
9.050618352636251984e+01
8.956982343303238281e+01
8.761243913582012510e+01
8.676354942432362805e+01
8.785542322733655851e+01
9.016597952954042228e+01
9.026991961685864396e+01
8.597415893286263611e+01
8.926485432839356804e+01
8.895511766122817221e+01
9.145780775456533718e+01
8.834732631881054488e+01
8.856280667084837432e+01
9.001832542533982462e+01
8.780698862642105951e+01
9.021928783953229924e+01
8.660302492156600351e+01
8.781553748216219901e+01
8.843499867811904380e+01
8.713148067495313853e+01
8.973319379137743113e+01
8.929145273778175351e+01
8.699365467046141021e+01
8.634145930878510455e+01
8.861532638531342343e+01
9.146066958366525057e+01
9.198225489349060524e+01
8.872019490728597191e+01
8.929142208350897647e+01
8.493837523981736126e+01
8.673433696847041574e+01
9.232334509208887141e+01
8.971456331999945633e+01
8.690726249944302140e+01
8.739183618691507149e+01
8.832793481379037814e+01
9.020846187421858531e+01
8.874265961754741738e+01
8.702084763193711581e+01
9.193542576674749967e+01
8.867362305667293754e+01
9.086224165350320447e+01
8.576188950529284227e+01
8.616859869621050905e+01
8.647224388816142948e+01
8.628369096359067214e+01
8.899413866494006697e+01
8.836595171726939668e+01
8.996850932450831806e+01
8.878358430118666433e+01
8.753520694683213321e+01
8.641483295795919162e+01
9.175368572833170333e+01
9.418769363661998284e+01
9.212179128832499941e+01
8.596616108476689533e+01
8.923218729915014080e+01
8.911249931486931075e+01
8.868010170960275218e+01
8.886336426028861979e+01
8.326954104254326694e+01
8.783923252072450794e+01
9.090791746076041591e+01
9.124401336111611727e+01
9.128815045345257317e+01
9.072771274178204237e+01
8.593661396548141340e+01
8.621536479356824145e+01
8.518928766252430762e+01
9.013110221923859910e+01
8.558529932139586549e+01
9.256665725743917505e+01
8.686533264687832911e+01
9.246201951551682896e+01
9.130035648213373634e+01
8.913060456019049127e+01
8.728473389182930475e+01
8.988069818433729097e+01
8.976404686013742662e+01
8.744103033194808461e+01
9.062156901509776219e+01
9.077538456553777735e+01
8.610614427246476055e+01
9.317981184068435141e+01
8.719885627064761024e+01
9.085107503492550052e+01
9.020969662644667153e+01
8.886049288476007746e+01
9.103218370561212680e+01
8.813331703484520574e+01
9.024445645820566142e+01
9.096055132744942284e+01
8.662703270659883970e+01
9.169048962172057315e+01
8.989557021195260234e+01
8.972362405632240723e+01
8.835129917895361018e+01
8.969442204706228949e+01
8.453550251069395927e+01
8.667879622463478029e+01
8.623809183040381754e+01
9.191069661207370700e+01
8.663085587981572644e+01
9.009394479081043983e+01
9.218763309799518879e+01
8.711844164426362624e+01
8.877351319436903054e+01
8.673891049378947571e+01
8.879930265653189281e+01
8.872257079420897696e+01
8.859335202284185584e+01
8.912631151309302879e+01
8.812852920023171066e+01
9.229998521336108297e+01
9.169898337194828741e+01
8.802734699608910773e+01
8.818090822005551388e+01
9.004309016725498793e+01
8.913826806839090011e+01
8.656145170386288612e+01
9.041395842833611596e+01
8.926863202147731613e+01
9.050174083204765907e+01
8.936524579190317752e+01
8.845433588895465959e+01
8.777915386095462225e+01
8.849609948585180064e+01
8.878563203261872161e+01
8.760400581214263127e+01
9.084000424645577709e+01
8.935367647300121519e+01
8.780501080485639420e+01
8.850570511099574844e+01
8.832890021802492697e+01
8.854270950391538975e+01
9.126855089130508247e+01
8.874774594589187870e+01
8.710938666480348047e+01
9.025925085621739186e+01
8.885770972739744877e+01
9.067528980315051967e+01
9.115843545846360030e+01
8.825720647265893604e+01
8.959939976928214378e+01
9.051239453193120710e+01
9.372422493996872106e+01
8.683881860058671975e+01
8.695167431415279680e+01
8.773654435226595183e+01
8.789820939270478561e+01
8.836553038296310092e+01
8.857507319932453527e+01
8.984534777291409569e+01
8.888852152654838790e+01
9.239571472822323983e+01
8.931628071902414945e+01
8.614717940448637989e+01
9.104373702000343371e+01
8.608301800584371222e+01
8.984346938014371631e+01
9.054316818916321097e+01
8.989368983407001679e+01
9.142678284701331393e+01
8.502524793919442914e+01
8.670340129170772059e+01
9.059022524159983902e+01
9.149848539302185202e+01
8.721170463893008673e+01
8.860615080346906325e+01
8.630072609180275833e+01
8.931319899115847250e+01
8.677628996699571928e+01
9.082062913865600251e+01
9.092155338989924473e+01
8.891538203313845656e+01
8.705909984778368482e+01
9.031355392797679826e+01
8.707013574857055005e+01
8.875124644442520605e+01
8.854507172334344034e+01
8.681510889219802607e+01
8.985757550978297559e+01
9.051887628197634683e+01
9.000750588450077316e+01
9.200321861026341708e+01
9.179953011597818602e+01
8.905869651687285682e+01
8.815297274428607466e+01
9.064756307310604200e+01
8.720097569320681430e+01
8.800927379590243049e+01
9.193129034329398053e+01
8.965064043698107810e+01
8.921893400416561803e+01
9.219514726536145588e+01
8.994977764808520249e+01
8.839020996497642102e+01
8.869817307403849327e+01
8.489064423759776901e+01
9.181265954164202014e+01
9.005251699005546584e+01
8.577353265200002852e+01
8.689168704481589600e+01
8.647619050452773592e+01
9.039509480430287169e+01
8.778064584640516443e+01
8.948977970520707004e+01
8.955844572054253661e+01
8.818325773061719985e+01
8.721278599823681077e+01
9.211908171389943334e+01
8.924450608619299885e+01
8.742617404981885443e+01
9.302058979723759080e+01
8.846133273357871474e+01
9.133081977210117941e+01
9.155136539077018654e+01
8.971930628708864219e+01
8.842610355505051700e+01
8.723600837690061383e+01
8.812428329052875142e+01
8.815216918407409707e+01
9.076435034175774774e+01
8.541256333556511038e+01
8.496833361302182652e+01
8.864985444833386907e+01
8.867386715831794675e+01
9.003329055603958864e+01
8.916992801006207969e+01
9.011032603696952492e+01
8.512663204708367459e+01
8.813998260442659216e+01
8.793031932716878885e+01
8.820809151025832762e+01
9.048750107030448930e+01
8.872221131597690658e+01
9.076699699631302565e+01
8.735644481245832083e+01
8.895313073793873571e+01
9.141047870261819241e+01
8.642001533313413120e+01
9.201835798502048647e+01
9.095882891592398778e+01
8.883644995217382245e+01
8.925851396439178131e+01
9.004269108154556989e+01
9.083408704194592076e+01
9.054752264454424449e+01
9.163679629022793449e+01
9.007604848469144088e+01
8.647517435106374251e+01
8.770047896065118209e+01
8.824376478398862389e+01
8.859729487155257743e+01
9.090358545712871319e+01
8.897163134749290236e+01
8.572521710163294983e+01
8.980315821701164225e+01
8.706818812670583441e+01
8.700518613582408989e+01
9.016062041451661457e+01
8.629042220037381128e+01
8.906602858430673564e+01
8.938888899623984230e+01
9.154007577445131005e+01
9.106994885138081486e+01
8.756079730816333040e+01
8.835487267119495414e+01
8.996280551006779547e+01
8.595757689300758386e+01
8.731028731512388674e+01
8.971545896643634421e+01
8.928637484634553800e+01
8.641981030435808009e+01
8.635756732651141476e+01
9.045833152628186724e+01
9.216407586101267668e+01
9.143777270006438584e+01
8.929472231251291703e+01
9.042448327730730284e+01
9.210777476557005627e+01
8.980315101621722818e+01
8.896904591093779402e+01
8.913128576720743013e+01
8.929577368487795752e+01
8.808403661084813052e+01
8.815878791704037098e+01
8.968239443063168892e+01
8.568194471564954995e+01
9.175508152114979055e+01
8.722655332318097976e+01
8.761992769060712760e+01
8.973119536720641065e+01
8.921210031473621882e+01
8.892320765064739874e+01
9.104686902677325122e+01
8.625152561981346366e+01
8.846830843555319746e+01
9.107525542246979455e+01
8.681542779982513025e+01
9.342662851820253422e+01
9.128553114567563398e+01
9.180704815913003358e+01
9.026802250526567661e+01
9.127097128064704634e+01
8.985198078610108041e+01
8.826512221400872704e+01
8.946114161496068107e+01
9.385584605213145437e+01
8.953087401196626161e+01
8.836729741730827925e+01
8.909900739634204569e+01
8.716668739254004095e+01
8.833307875088844696e+01
8.811732932558187770e+01
8.803219972700370022e+01
8.875563291474621508e+01
9.044200901718460273e+01
8.549216739323215108e+01
9.063336530095273247e+01
8.899221057108159982e+01
9.188628340100093794e+01
8.680138416489388931e+01
8.653144768335828019e+01
9.163735699699422810e+01
8.707784634370131016e+01
9.037689400922393190e+01
8.888761886666482326e+01
8.986569112042276686e+01
8.854268199061964140e+01
9.327292362683434135e+01
8.755108583578919479e+01
8.835265931014737362e+01
8.698857311546919391e+01
9.006503650102507663e+01
8.570717087459172490e+01
8.973426508798326040e+01
8.902234233898256832e+01
8.807242490525017331e+01
9.191981001357333980e+01
8.863547780396702080e+01
8.733097121002624874e+01
8.939763546060939348e+01
8.939881908788262876e+01
8.791374921431355460e+01
9.065705741522630490e+01
8.873526723853207443e+01
8.970465795305054257e+01
9.131047135772784884e+01
9.041749025954925401e+01
8.713205213006750682e+01
9.093602647194575184e+01
8.958831850849269074e+01
8.748596739511751252e+01
8.850908500791769029e+01
9.100163656904395282e+01
9.009938176205335481e+01
9.013971421936406614e+01
9.120405006464510222e+01
9.087777537368607739e+01
9.132810891166154477e+01
8.991762768179829379e+01
9.041611864524082876e+01
8.902003164596764861e+01
9.087641808489246387e+01
9.043951347875402291e+01
9.081132682254774124e+01
8.944191741354350711e+01
8.811357752896030604e+01
9.001439343615761857e+01
9.141195231355560225e+01
8.861835256253424120e+01
9.275243516346500883e+01
8.927771765804151016e+01
8.722106918807992315e+01
8.695153472489968749e+01
8.509635269019997850e+01
8.667611662203091782e+01
9.047907638687740928e+01
9.122559936439245121e+01
9.090099177541881659e+01
8.894898244836409162e+01
8.699032687653874518e+01
8.737269178066190989e+01
9.140521514085470756e+01
8.888067291437252493e+01
9.022391331261363234e+01
8.894947581357121180e+01
8.651084171506853693e+01
8.772084005864911660e+01
8.852186020696557023e+01
8.851659291077741898e+01
8.810641490009632548e+01
8.701179181079545799e+01
8.940582860809107046e+01
8.584461343457766702e+01
9.010127260855469444e+01
9.377007173698521569e+01
9.002248996752697963e+01
9.093683549021469048e+01
8.797932675786496759e+01
8.875140280306673901e+01
8.761621206183868082e+01
9.096833598022443823e+01
8.944782232534120681e+01
8.931907364038104902e+01
8.749859896347905419e+01
9.298068572892674410e+01
8.771032049776657402e+01
8.762567804080096323e+01
9.225476404150042242e+01
8.712327097049083591e+01
8.848294127641881346e+01
8.828247361752318056e+01
8.766367044983820733e+01
8.872410411002481112e+01
8.790882155894891525e+01
8.851699672264621199e+01
8.890189055543584118e+01
8.827209142487812699e+01
8.730411732338937725e+01
8.976571263784897781e+01
8.767691080229768374e+01
9.170233077857784565e+01
9.095334207131222115e+01
9.057886437221982590e+01
9.300440677524521504e+01
8.996663327548596101e+01
9.025538288903261730e+01
9.078763665453072917e+01
8.690171447222341783e+01
8.869732003910665696e+01
9.281805793621762746e+01
8.954312127891606110e+01
8.837546132329643456e+01
8.984006160602591251e+01
8.942813652392963775e+01
9.152429431156073747e+01
8.928800549270133047e+01
8.461468214464809989e+01
8.796642717298153968e+01
9.400681964022629700e+01
9.059052959498451685e+01
8.785073745413916413e+01
9.058689756948346883e+01
8.846175926428962555e+01
8.814519113478473855e+01
8.709486144118351092e+01
8.765748318998923594e+01
9.092778331825047644e+01
9.227262570062843849e+01
9.021323428831978219e+01
8.970317301642479890e+01
8.765568889616109516e+01
9.404922146367572111e+01
8.713779056087753361e+01
8.913047029581858283e+01
8.693450265328321791e+01
9.108065324651835226e+01
8.868725405314953036e+01
9.054260539483600212e+01
9.089051303939046988e+01
8.806629423284803693e+01
8.664378056138602346e+01
9.049196702719723362e+01
8.919665230974887038e+01
9.110300565341627532e+01
9.234049275831493730e+01
8.814940041686901395e+01
8.804560237958236257e+01
8.733004644014845042e+01
8.927332139096336050e+01
8.829801533957123638e+01
8.726527488308755665e+01
8.982336215633128518e+01
8.674284118564800394e+01
8.873602372717495257e+01
8.731138284320122978e+01
8.865219462399259953e+01
8.742549424629274313e+01
9.163838917369271542e+01
8.856806751538964306e+01
8.918922497842321206e+01
8.994282680567046384e+01
8.543780485912103018e+01
8.661103334026309142e+01
8.955530782585985605e+01
8.934610234023354280e+01
8.905995474353449026e+01
8.916903053146448599e+01
8.645155346711101174e+01
9.076944758891499987e+01
9.121185673964659202e+01
9.229649113570522445e+01
9.059033946921158531e+01
8.870978017386786973e+01
8.796825044256944182e+01
8.946666256139086215e+01
8.621151896886888721e+01
8.561162229883397856e+01
8.945830018682973162e+01
9.291384032503439983e+01
8.925402656575410276e+01
8.784955364518006604e+01
8.861048665731580343e+01
9.054594505872233867e+01
8.470021005044709739e+01
8.883906444651020706e+01
9.152487871293233468e+01
8.957888918116339028e+01
9.107034952590568366e+01
9.015671019123205099e+01
8.838274451288565103e+01
8.718852142678248640e+01
8.853286122810548875e+01
8.953450014558161740e+01
8.860095882514902144e+01
8.875147766510838210e+01
8.775649196993612122e+01
9.018441180945393398e+01
8.701144103159624876e+01
8.980006905778012083e+01
9.073743874556529931e+01
9.047480122856966034e+01
9.092437016903176072e+01
8.916351454994658354e+01
8.835975259054411879e+01
8.668774394277791373e+01
8.500380683407944105e+01
9.063812129267721218e+01
8.630832162554935394e+01
9.084843714435761797e+01
8.993337533312444521e+01
9.199366460842225024e+01
8.679410533120270088e+01
9.174347067920369625e+01
9.154493397096324259e+01
9.196183572089574909e+01
8.772813648114342300e+01
8.856375733644227921e+01
8.773432986071489381e+01
9.144889006875715154e+01
8.638240019679388126e+01
8.457370630986632420e+01
8.708084196949607758e+01
8.586854228646316756e+01
8.554598703864172649e+01
8.752614957348858127e+01
8.968812396484766225e+01
9.057802508313226042e+01
8.989734911572215026e+01
8.906621181315797742e+01
9.056339168708139198e+01
9.056210020712934750e+01
9.041744171004862096e+01
8.760107434178181052e+01
8.876162637873082417e+01
9.027172907050540118e+01
8.915225215293365579e+01
8.778300261371936131e+01
8.552485736800338145e+01
8.858650593647710991e+01
8.976906988821876610e+01
8.599937385747702479e+01
8.600601355868381859e+01
8.831973397032867013e+01
9.303144560464679103e+01
8.734885001268413873e+01
9.122438633433445432e+01
8.794849368474234552e+01
8.356843226095520549e+01
8.985815999903728368e+01
8.318163154096379230e+01
9.411753439689907452e+01
8.997478573375619249e+01
8.781163854610231567e+01
9.163347824473615333e+01
9.142904545457861332e+01
8.891458589261510781e+01
8.741173366481208973e+01
9.195061686744099916e+01
8.755994241380525978e+01
8.924274895744702008e+01
9.080642784978449811e+01
8.788889563875993360e+01
8.861376954621917434e+01
8.872066093639269013e+01
9.126737410306246545e+01
8.599495225510460727e+01
8.882605383449430292e+01
8.734373953917686606e+01
8.609812328540928661e+01
8.883013579739805721e+01
8.847740506094572766e+01
8.791260727372477390e+01
8.837676655144306892e+01
9.318125088637373210e+01
8.907232153505712802e+01
8.982548366200715861e+01
8.703731348364237874e+01
9.269846531065046236e+01
9.241750591227857115e+01
8.932753080021750236e+01
9.112280529073358082e+01
8.868016077129617258e+01
8.807598128675682858e+01
8.707831521363718252e+01
8.815650061335090015e+01
9.070923062359317157e+01
8.641348660606203680e+01
8.762546382548246982e+01
9.009412983184368784e+01
9.046457328223999639e+01
8.862716084755982138e+01
8.869038862063067086e+01
9.198003416181011005e+01
8.876174700074945179e+01
8.808776716905423143e+01
8.968780285541967601e+01
8.764340287836164123e+01
8.680542516035853851e+01
8.678271126975630523e+01
8.890194332164189461e+01
8.765203742637652340e+01
8.948266264233569700e+01
8.967782348539724069e+01
8.845704545812102992e+01
8.927173003746743518e+01
9.135519545879307657e+01
8.442554536380752950e+01
8.816295721112226147e+01
9.060308855258588778e+01
9.042476689314027283e+01
8.816690187918244703e+01
8.932876085973244074e+01
9.077300990700354077e+01
8.843208013661515565e+01
8.973132257713469073e+01
8.646794685461253493e+01
9.104117784922533474e+01
9.087165613126127539e+01
8.888172941792558390e+01
8.927830054681840011e+01
8.395799125239963701e+01
8.731535914337176507e+01
9.209010410011001113e+01
8.861040391400311478e+01
8.878104820944619746e+01
8.831238972142774912e+01
8.731617801534923728e+01
9.124359113739733118e+01
8.953465213587716676e+01
8.988580378432037321e+01
8.989954446662599707e+01
9.041765664970240834e+01
8.840671732766261925e+01
9.047618789526330829e+01
8.917601182735513987e+01
9.136164642850565087e+01
9.066397727159817066e+01
8.585964939781919725e+01
8.659391220342942574e+01
8.477729536717619396e+01
8.899856591377557891e+01
9.125532587020352082e+01
9.068737056446971678e+01
8.929702758492952341e+01
8.875326688676324238e+01
8.807161220031059656e+01
8.921377422257660328e+01
8.705214410866716435e+01
8.678713471700528714e+01
9.276303488919080564e+01
8.742646216752126520e+01
8.550614429976810982e+01
8.919336075896393368e+01
8.840873387820438722e+01
9.194635269590678206e+01
8.902129176770549179e+01
8.808514634925039388e+01
8.681199923069684132e+01
8.745896133978229159e+01
8.695460914664066365e+01
9.027776779886728775e+01
8.791889990508951769e+01
8.656235002793101785e+01
8.909936454614845047e+01
8.751987672607462798e+01
9.170846329354968418e+01
9.011808197785650520e+01
9.023981307235931126e+01
8.799372690805337527e+01
8.913372146927487449e+01
9.190535630523324073e+01
9.167239624345261007e+01
9.184003771115366987e+01
9.277435355110070248e+01
8.847509820481469944e+01
9.168888521000789638e+01
8.871429512058716682e+01
8.992954559748042698e+01
8.996790999112592147e+01
8.601361801687528441e+01
8.907808195411652719e+01
8.663966730384812820e+01
8.934523525640031494e+01
9.168887418243880916e+01
8.611650224902489015e+01
9.174740928453508104e+01
8.974498574371507686e+01
8.562033800530528538e+01
9.091533128783667905e+01
8.820721442402705748e+01
8.995026191395886883e+01
8.975066443472032063e+01
8.883260870519704611e+01
8.887979060207449322e+01
8.787172105189394244e+01
8.565149581697924930e+01
8.946694092568284873e+01
9.073289051906355951e+01
8.698471095739435555e+01
9.020271893844719102e+01
8.852761760444167294e+01
8.966016803349235431e+01
8.329369334770919409e+01
9.020448427113026924e+01
9.004174792276933204e+01
9.131517812546172763e+01
9.154270843323325835e+01
9.096597971208761635e+01
8.861597850586277048e+01
8.670749841652801138e+01
8.721434057573419807e+01
9.004022892662003130e+01
8.903748543649052749e+01
9.040416358601416391e+01
8.944747839429918201e+01
9.134333837740066997e+01
8.967868077532200743e+01
9.032067920181196996e+01
8.766354766082666572e+01
8.730301668464338150e+01
8.911667825684899924e+01
8.822061324878488620e+01
8.843707113190630764e+01
8.804109115652791218e+01
9.154101614103613827e+01
9.152313904296757130e+01
8.712723376977551482e+01
8.866824778888907588e+01
8.918661172447136209e+01
8.604587900890149399e+01
8.615810952161278635e+01
8.887938795442080675e+01
8.774588208705630166e+01
9.125928239466126968e+01
8.781735643053188767e+01
8.938987368440550085e+01
8.959060113966032191e+01
8.832791913092182767e+01
8.991143018191648650e+01
8.876411488936452088e+01
8.913675619327395339e+01
8.968506329389147425e+01
9.196569970610312339e+01
9.018349368981837699e+01
9.038046038080860001e+01
9.187109766363093399e+01
9.223732315764812029e+01
8.905013986585052521e+01
8.954586791682400815e+01
8.989932700601427484e+01
8.706687658061930790e+01
9.016161399741828575e+01
8.795754502144110631e+01
9.028319263492983282e+01
9.215791151932617709e+01
8.913798484963346880e+01
9.033472587004587240e+01
8.838136167180151403e+01
8.732303565144907509e+01
8.805258448278598848e+01
8.878370933624506733e+01
9.202797242146930046e+01
8.974742130029187592e+01
9.240510762141705925e+01
8.833283263689651221e+01
9.027035703588256865e+01
8.834617920409128544e+01
8.917988611804823051e+01
8.669991055525298407e+01
8.743022804601220344e+01
8.934763039376503002e+01
9.122003637261089182e+01
8.795540497856856632e+01
9.039180509937135355e+01
8.894699413633993856e+01
8.899025488219442082e+01
8.944490714847414381e+01
8.843387106550626697e+01
8.601354116003764716e+01
8.528213233900019929e+01
9.045083967253093249e+01
8.873382592315162753e+01
8.541210475990055784e+01
9.257301334111664914e+01
8.873256287627040706e+01
8.957210497513310088e+01
9.038400997527541847e+01
8.803546537900035673e+01
9.200354077225691185e+01
9.086816134399184364e+01
8.720473150930745021e+01
8.933550721248192872e+01
8.819617235715126924e+01
8.913619304894577056e+01
9.043783845995028514e+01
8.906636456369442101e+01
8.949641130591180627e+01
8.797778823815356475e+01
9.106391054940766594e+01
8.898455656820667059e+01
9.109200413837017152e+01
8.828405478552244290e+01
9.208248890171257983e+01
9.055800733032450012e+01
8.761725962266356760e+01
8.540396718251781749e+01
9.093317240691946779e+01
9.170249578312130723e+01
8.717219792873495976e+01
9.044643380974551405e+01
9.149307907042235399e+01
9.003688985925703037e+01
8.874654960798626746e+01
8.797247049166612953e+01
8.415743312303976609e+01
8.834128457262380607e+01
9.072173586697637404e+01
8.917748761832652349e+01
8.971912752581606298e+01
8.448487166224954592e+01
8.844434067021971657e+01
8.827346598201850725e+01
8.794551651570083095e+01
8.698022333879225698e+01
8.722187734167451367e+01
8.736153407625010914e+01
8.439095631407614917e+01
9.000083601606226580e+01
8.712120524262505228e+01
8.948823577555432962e+01
8.826377594929138581e+01
8.717767533073494235e+01
8.853378860870832057e+01
8.734483453320794411e+01
8.888070690965045628e+01
9.182703567404985279e+01
8.887242377022531059e+01
8.929585385069584902e+01
9.014546521016281133e+01
8.830480317276467872e+01
8.850005321642157696e+01
8.638757702501567337e+01
8.644219513851356851e+01
9.000261591812956397e+01
8.752719899515223290e+01
8.955402953584530223e+01
9.027697712811685449e+01
9.023543845935303409e+01
8.961563863740607871e+01
8.741347334619804599e+01
8.714978432664632635e+01
8.778960900419447455e+01
8.884915617107546382e+01
9.046049410324386031e+01
8.788078095150346769e+01
9.236738747620513834e+01
9.009423741087435644e+01
9.343792534768107316e+01
8.818058066899500602e+01
8.818153940981824235e+01
8.902521919486942181e+01
8.892021580039067885e+01
9.043808704419335243e+01
8.999267448821976245e+01
8.875989845146709456e+01
8.766300686056106883e+01
8.718120642396851849e+01
9.190823573925969470e+01
8.821329781448807239e+01
8.774881747783261687e+01
8.837286814960538095e+01
8.578743580727390849e+01
8.973326101420300915e+01
8.989517216203854844e+01
8.963267168520636119e+01
9.266316407823704537e+01
9.056528109595507203e+01
9.253914627021002559e+01
8.958316900979767183e+01
9.022883905069537036e+01
8.876709523515795297e+01
9.059457585464696194e+01
8.758544351377618398e+01
8.952125765431979687e+01
8.963918391693516696e+01
8.746223289131835088e+01
8.978966257974543907e+01
8.942205265571008965e+01
8.755640088555517764e+01
9.189489841699514727e+01
9.291412728417847688e+01
8.702430534377752736e+01
8.686610844193798187e+01
9.304405850643595954e+01
9.103152616212815929e+01
9.222640159408092586e+01
