2.280762724622581175e+02
2.323470377547022281e+02
2.301322303271875001e+02
2.279539213429369511e+02
2.331065042345509539e+02
2.294979909556490441e+02
2.307870060301330568e+02
2.323874829416704131e+02
2.271281250256356543e+02
2.315889232413468051e+02
2.257705244458118443e+02
2.278976584053229146e+02
2.260109812485161456e+02
2.298302703875529005e+02
2.297507294254920680e+02
2.335204617359782731e+02
2.246982103398161712e+02
2.289746760958324501e+02
2.254685535186433469e+02
2.302065115489249933e+02
2.287927688186893533e+02
2.250590230580540663e+02
2.291099473763194112e+02
2.238679509385090682e+02
2.331312909385778767e+02
2.301180736275136951e+02
2.241916330706306155e+02
2.272997634264258124e+02
2.244899417602835854e+02
2.268585329347784807e+02
2.336408112310247986e+02
2.225618894909602545e+02
2.267998844005714432e+02
2.294767268347377751e+02
2.286593243303109944e+02
2.274174976225455680e+02
2.328454516354701411e+02
2.323971459037144029e+02
2.230301498990033338e+02
2.301566007048711242e+02
2.330775003066847546e+02
2.239709987517547916e+02
2.255946219926290723e+02
2.264199786527323397e+02
2.206805016645604383e+02
2.275682519837170048e+02
2.271187147814192713e+02
2.274164259131304107e+02
2.287531712570496722e+02
2.299111038986137601e+02
2.294872813985255391e+02
2.274914973152060895e+02
2.251407436153529602e+02
2.249714121657681005e+02
2.334900399495968202e+02
2.244249392003293053e+02
2.276009274675121219e+02
2.271546731188460342e+02
2.244427436657305179e+02
2.273426145675192060e+02
2.314344436743341191e+02
2.250844549947939299e+02
2.290903324107023309e+02
2.247942531659533074e+02
2.265726901600625069e+02
2.328829944483807424e+02
2.248884662030498021e+02
2.259809879334570724e+02
2.288632536571149672e+02
2.228231075599188955e+02
2.294709378516949698e+02
2.308755478774644985e+02
2.290971229950262966e+02
2.275631060577752578e+02
2.299190845457852390e+02
2.214807746511206403e+02
2.317665235162357078e+02
2.245561341180799388e+02
2.264033158476543974e+02
2.288330619400875605e+02
2.312337182880361581e+02
2.205650083955134733e+02
2.267476581259761019e+02
2.198611512923155260e+02
2.330228551170517051e+02
2.249145147687442829e+02
2.279681064456557351e+02
2.338292624187201909e+02
2.329443664075118932e+02
2.222769889423259428e+02
2.264773728248721909e+02
2.275077270507117362e+02
2.278546272479251797e+02
2.282047232907860916e+02
2.292387486259543721e+02
2.258537830469434482e+02
2.211861650633949523e+02
2.265491160492686049e+02
2.185607739724860608e+02
2.278219054082847776e+02
2.249582679935432452e+02
2.198704858073166122e+02
2.194309626663588517e+02
2.271050513617498439e+02
2.330527352602695430e+02
2.225150945408573193e+02
2.295916860018680268e+02
2.298393645549301141e+02
2.252498041707492007e+02
2.225478302882653736e+02
2.247260347567020062e+02
2.287823036107675421e+02
2.312360405964736856e+02
2.344794957892756315e+02
2.321897278574136294e+02
2.394036837908101916e+02
2.290083163573705747e+02
2.290796387338717182e+02
2.279203560568949456e+02
2.280855409152997879e+02
2.291311659437648416e+02
2.254607856993640382e+02
2.320298694660532135e+02
2.305909284539398527e+02
2.343212284763812647e+02
2.309574323229527693e+02
2.376380079121989581e+02
2.255614183116427682e+02
2.251608523732131744e+02
2.252278660522991913e+02
2.197727003748861989e+02
2.300526227911986439e+02
2.271148865102745731e+02
2.278117624490275546e+02
2.257358263769199596e+02
2.329020307738313420e+02
2.330872355056989420e+02
2.281862784451726327e+02
2.262748951710003382e+02
2.327152101663121471e+02
2.293760660567305365e+02
2.272637749033437160e+02
2.276204119927575960e+02
2.279859415497420514e+02
2.272183265063409578e+02
2.277262021822155305e+02
2.345475432663230890e+02
2.347764172211825269e+02
2.277789245699433138e+02
2.214701778456506531e+02
2.291638925429265043e+02
2.325924040259673689e+02
2.285247914716752575e+02
2.329619824793508656e+02
2.247855846501848589e+02
2.266542597101415026e+02
2.242549263385425036e+02
2.261923506492705087e+02
2.243715157643611349e+02
2.279513763483885498e+02
2.202393739973164770e+02
2.183121705611967514e+02
2.287143772428058242e+02
2.251246684891070799e+02
2.198784753532713978e+02
2.286943273737295215e+02
2.343210154261316234e+02
2.259451708209567755e+02
2.152935225425924841e+02
2.212261213319407887e+02
2.299142970919110098e+02
2.273161082644361670e+02
2.277180772959573005e+02
2.223331612096270931e+02
2.308351719271649927e+02
2.273725268218350948e+02
2.259553144716908832e+02
2.296262986550948426e+02
2.278403602768404141e+02
2.296195221319417499e+02
2.212528076984362713e+02
2.231484534222942671e+02
2.310822784887427019e+02
2.254146961371507984e+02
2.307001432792739877e+02
2.291263708541563915e+02
2.257967173098773799e+02
2.229476689517439070e+02
2.245904989535673622e+02
2.302757200258926105e+02
2.363598258581356504e+02
2.246938271029959822e+02
2.333814951173577299e+02
2.294398967435641339e+02
2.250362150737055913e+02
2.247782368174942746e+02
2.207512755025919375e+02
2.295896124995262824e+02
2.250702928385341863e+02
2.297434280976620471e+02
2.318628524696039506e+02
2.290106452230259322e+02
2.286147700927618587e+02
2.278245593097782375e+02
2.304548067044842412e+02
2.270776964260775799e+02
2.302365351897348660e+02
2.250335118660012483e+02
2.285961090363757364e+02
2.303090664853530996e+02
2.326012334788860016e+02
2.272726466699548666e+02
2.285214604925284334e+02
2.227043616319029979e+02
2.316952117686105908e+02
2.221161373477482925e+02
2.294312248018287903e+02
2.277958457057337114e+02
2.313671223385776443e+02
2.278892463027744384e+02
2.284000955551497043e+02
2.268589557295043448e+02
2.262594365727511274e+02
2.303159277099357780e+02
2.299811681299500492e+02
2.295570215738090951e+02
2.270867071205989021e+02
2.371139276700317851e+02
2.271193061144766716e+02
2.330561489018532768e+02
2.241630525566001779e+02
2.249718820457724178e+02
2.214290350428336751e+02
2.348538736145839891e+02
2.301251154646564316e+02
2.241350919891669378e+02
2.231081905802569452e+02
2.281010245058665191e+02
2.347321216126920547e+02
2.274665881788016861e+02
2.222620243772653339e+02
2.313431569962229730e+02
2.261702425972686967e+02
2.235108183509724711e+02
2.329693381384095403e+02
2.278574979104441240e+02
2.271988386643860167e+02
2.315530441587761175e+02
2.349095709671840666e+02
2.410596589791698534e+02
2.290737421054182335e+02
2.259735647656811750e+02
2.251083979985868382e+02
2.367161594750580491e+02
2.273026697406622532e+02
2.261481895037783261e+02
2.284695958578945749e+02
2.323007987145937818e+02
2.289548381114253459e+02
2.309647836316221685e+02
2.317825400882175302e+02
2.303673684413757314e+02
2.305286421330622488e+02
2.312136226693825733e+02
2.362234870049337303e+02
2.290288690897575350e+02
2.284208111400471637e+02
2.302201783658275076e+02
2.311138433220321815e+02
2.213317725293949252e+02
2.247174935238801936e+02
2.316064677491209522e+02
2.342537300886111495e+02
2.244252783436166396e+02
2.326702391334107460e+02
2.292011309171187463e+02
2.278852938229412644e+02
2.228166983835721737e+02
2.334148720902703360e+02
2.283961346425469685e+02
2.259530406298364653e+02
2.345224037990597026e+02
2.243620080270372341e+02
2.230915612303556941e+02
2.262783280577889684e+02
2.232414944367708358e+02
2.265358666986631420e+02
2.283496695066963298e+02
2.248456606338017707e+02
2.299089261436962488e+02
2.309148330082210805e+02
2.266802127558792961e+02
2.277739491179313802e+02
2.338003025157971138e+02
2.231049736009723574e+02
2.303836507250868522e+02
2.329127413973730540e+02
2.277117202781765855e+02
2.338182141736058099e+02
2.306550154021577441e+02
2.243627495528783129e+02
2.280896201838503430e+02
2.261511555329304315e+02
2.248590355851889626e+02
2.309222594931623007e+02
2.310868708614441118e+02
2.266099555512975599e+02
2.243726150174568659e+02
2.283353887302445742e+02
2.244996300140606422e+02
2.291767810762864030e+02
2.276189401869046947e+02
2.260299668857648498e+02
2.274961299914935182e+02
2.315617786473778210e+02
2.359087394487053473e+02
2.302273190939409062e+02
2.279964455676841339e+02
2.298486152071012896e+02
2.285523683118464362e+02
2.275284152404729525e+02
2.321751260165578969e+02
2.351621505668476857e+02
2.328097183872067149e+02
2.306689158783440234e+02
2.343819712343655510e+02
2.318855174546161209e+02
2.276059123581510164e+02
2.321425727680669695e+02
2.293638486175678395e+02
2.222295953211531696e+02
2.270627409864823392e+02
2.315097623362802324e+02
2.256343584683301913e+02
2.331539072914501389e+02
2.239164583458329787e+02
2.260566222820779387e+02
2.330856242515786789e+02
2.299639240435958527e+02
2.235575769283412342e+02
2.335916901897202820e+02
2.298338847092772710e+02
2.297737769968049975e+02
2.297856799341024043e+02
2.262216441964182820e+02
2.286463424021605420e+02
2.316379389426114699e+02
2.251123368032778842e+02
2.258111454439538477e+02
2.285681690791530514e+02
2.320011270665777943e+02
2.298520586552054112e+02
2.270243736588709282e+02
2.352783330044011052e+02
2.284122155497463211e+02
2.238065871519874293e+02
2.286256104615948459e+02
2.202054085578211300e+02
2.327597123198207214e+02
2.260580820364332055e+02
2.286693440255648397e+02
2.318131214540753717e+02
2.319951861460668852e+02
2.299840687551344729e+02
2.263230425845054015e+02
2.241840979034693930e+02
2.280864877472875492e+02
2.297429915274427970e+02
2.213555862401721299e+02
2.290612959136200573e+02
2.346203775628914059e+02
2.355258260417835459e+02
2.198236950591929428e+02
2.259586837691191192e+02
2.221025919128790633e+02
2.230842244910455747e+02
2.329792141277531243e+02
2.249202883033604792e+02
2.268398004786123749e+02
2.289916803336132602e+02
2.292229404462069624e+02
2.214683190995598920e+02
2.241211908732133224e+02
2.266372144000094693e+02
2.269541710332249238e+02
2.299849592853259139e+02
2.315445870589095421e+02
2.259518579172231227e+02
2.297294225100564802e+02
2.218559445736869122e+02
2.315295008913957986e+02
2.326514067943712405e+02
2.249634958923801378e+02
2.238357939163397816e+02
2.290059977008778276e+02
2.290676379060966781e+02
2.287019689962144184e+02
2.291051921959534639e+02
2.249375618257375891e+02
2.341015063352884056e+02
2.255154624514346153e+02
2.276444877777967974e+02
2.255422409626868898e+02
2.234569426181860194e+02
2.274048313462421049e+02
2.296739778264056611e+02
2.304955031904625571e+02
2.257931436280443904e+02
2.294397515000839292e+02
2.297092537689677272e+02
2.256475930211181264e+02
2.314568837056023654e+02
2.239853514191206330e+02
2.289410292010376509e+02
2.257879111567556549e+02
2.276495171796481429e+02
2.328804524362903692e+02
2.252577523037082585e+02
2.259395081306976465e+02
2.267274148200544914e+02
2.284176956202905444e+02
2.227879347723205115e+02
2.255707146292916718e+02
2.269557664637481764e+02
2.338631560395375857e+02
2.233840033860125516e+02
2.261535356498583553e+02
2.330748616965574058e+02
2.311852574618222036e+02
2.300629741727202884e+02
2.276749202562569394e+02
2.321148453436576631e+02
2.245313064132793954e+02
2.277713453648244695e+02
2.287103268118019628e+02
2.315078054630393467e+02
2.306660919128254648e+02
2.268650288784797056e+02
2.305620194280013209e+02
2.324339173402174197e+02
2.319763098034587472e+02
2.295438501420652813e+02
2.309515335780159830e+02
2.250396292183360458e+02
2.253680700123001657e+02
2.307638589621625727e+02
2.296017740598179557e+02
2.290406181331412085e+02
2.246439408127768331e+02
2.284084990152255443e+02
2.278205142652885229e+02
2.257589356874729560e+02
2.288820012968552078e+02
2.288742529486748936e+02
2.277371217668874976e+02
2.272707174520256785e+02
2.389119698360985637e+02
2.284750452786579444e+02
2.250552028035702108e+02
2.264066472023628194e+02
2.224802924190836677e+02
2.294798119735080206e+02
2.250168777520509877e+02
2.342284610750033664e+02
2.270839025181105626e+02
2.338422908958529547e+02
2.238609910037953057e+02
2.264178483723100328e+02
2.204279500962222187e+02
2.287410649106612937e+02
2.321231109591004724e+02
2.283756572758891821e+02
2.307152312895063346e+02
2.315641197076028277e+02
2.312906210631059878e+02
2.255773366138584493e+02
2.219771235992188565e+02
2.307635308988580221e+02
2.328381398322090945e+02
2.305178285055369827e+02
2.351784191963730564e+02
2.305006295909578569e+02
2.274258578322850042e+02
2.253194776120403731e+02
2.353196000392756275e+02
2.252183671605175732e+02
2.277575724764536460e+02
2.347706586916695528e+02
2.300974836045608640e+02
2.226617408369615703e+02
2.233126600398537960e+02
2.315448175814147760e+02
2.293980615106753191e+02
2.251733818066789183e+02
2.322015518088079489e+02
2.307766588915865782e+02
2.332074831118802365e+02
2.277786746172012329e+02
2.297594007766167579e+02
2.254680981971537506e+02
2.259360380283790164e+02
2.255477290508831629e+02
2.338651518850830087e+02
2.248859243344706158e+02
2.300723686364906939e+02
2.308305564459415109e+02
2.271795970706239132e+02
2.256412305229218589e+02
2.296198023941983308e+02
2.293564112252360871e+02
2.295952311919406554e+02
2.361289543104120128e+02
2.306739902790173744e+02
2.298637117478041034e+02
2.307130154548806331e+02
2.311906893457320962e+02
2.228382054829950505e+02
2.271619309108808409e+02
2.228753262704667861e+02
2.331604605708238864e+02
2.292949561688367908e+02
2.297710526485254263e+02
2.278420994184566553e+02
2.327577807368547269e+02
2.334745351860316305e+02
2.269462841372701973e+02
2.277817845169240911e+02
2.300727540537209848e+02
2.260705684947909901e+02
2.323427932847837383e+02
2.280223427458431047e+02
2.285007756023759669e+02
2.316730839898395402e+02
2.266040184553445727e+02
2.252282002736916127e+02
2.298030671433586747e+02
2.340956978749248947e+02
2.255303748521102420e+02
2.311868711777842691e+02
2.259546243767358931e+02
2.264693196657750889e+02
2.306750596249355851e+02
2.277932582112960631e+02
2.300586200359662143e+02
2.174985904630381128e+02
2.305258059644098694e+02
2.317737990190960033e+02
2.321627999137533607e+02
2.271199031166811437e+02
2.291825564200489111e+02
2.237607416670447265e+02
2.331087657997943836e+02
2.302624416669204948e+02
2.321808142864240949e+02
2.263002375099144956e+02
2.275963079766479495e+02
2.322023165014640540e+02
2.310397365086349168e+02
2.366741005047468605e+02
2.272447637703999419e+02
2.296810660447578130e+02
2.268708446231419771e+02
2.237958303293503377e+02
2.338657926599090047e+02
2.296059303548471462e+02
2.369053443247052257e+02
2.291402623418392182e+02
2.268476390473493893e+02
2.324315353097091190e+02
2.211382586781975590e+02
2.292739214268638932e+02
2.337346220042591085e+02
2.306302250876682933e+02
2.260263392628937709e+02
2.317348740686806821e+02
2.331218063280039985e+02
2.295207877408667230e+02
2.250051810959328122e+02
2.263564395418383981e+02
2.273958040362977044e+02
2.250795778814819812e+02
2.282414114387728716e+02
2.242865935516475986e+02
2.292573464773699641e+02
2.284103338483643597e+02
2.331445661603100064e+02
2.234888951687017880e+02
2.223921373156421453e+02
2.316708040120070393e+02
2.243416096082508489e+02
2.331806293051401440e+02
2.312764147765390419e+02
2.143225254607087322e+02
2.231394047954849498e+02
2.298286702434783706e+02
2.316023204481389257e+02
2.276865344823383452e+02
2.257154132567860358e+02
2.264074774984127316e+02
2.240638828798846305e+02
2.259636936826045428e+02
2.311145328822478007e+02
2.269612003403189249e+02
2.258510217481031930e+02
2.298640572923108323e+02
2.253400509690896740e+02
2.232943946469353591e+02
2.247219909045592203e+02
2.250226418102853074e+02
2.303081539416057240e+02
2.305212886168326349e+02
2.326360580054397360e+02
2.293202726256421897e+02
2.285548347518251262e+02
2.277641333488004420e+02
2.295201143653218594e+02
2.264312237738859039e+02
2.216288647257369462e+02
2.257028281334914652e+02
2.379694666363904503e+02
2.296912478545740726e+02
2.293009350887028859e+02
2.322866937533220550e+02
2.308278467615803322e+02
2.329101608895773552e+02
2.233539907201545702e+02
2.317369499075903718e+02
2.278510973875345087e+02
2.242660756200324386e+02
2.287867425619936057e+02
2.305630173687705167e+02
2.266515417351084523e+02
2.179677626228567817e+02
2.305247948007563821e+02
2.332814195070486392e+02
2.347217808441982925e+02
2.324763719573811329e+02
2.295353083148793587e+02
2.223964137048945702e+02
2.288560601876367286e+02
2.286479476308982441e+02
2.299845977007305464e+02
2.219654074316673871e+02
2.232034720597100375e+02
2.291778341156888246e+02
2.293477941326865164e+02
2.302352159165387491e+02
2.255670451624836801e+02
2.261611198822978110e+02
2.292021988464749995e+02
2.243924217580836853e+02
2.322896245385574048e+02
2.310974954286345167e+02
2.261641786949080881e+02
2.337673541641566999e+02
2.313101820496258938e+02
2.178058293509812700e+02
2.265568205051013138e+02
2.215543589465344780e+02
2.254844800485394956e+02
2.289679014945358517e+02
2.277313518421087792e+02
2.198408937459554409e+02
2.244807282810094762e+02
2.315180514352899479e+02
2.322506206609534729e+02
2.337611355902947992e+02
2.280331661107543653e+02
2.280610529296216384e+02
2.322218693700152414e+02
2.290887317065155457e+02
2.239889177247368366e+02
2.300702132915324682e+02
2.219851179642498096e+02
2.254284406907634377e+02
2.269506367286449517e+02
2.272828002628845638e+02
2.330415431569745124e+02
2.213076100532525174e+02
2.300106163098007528e+02
2.326082087996325072e+02
2.222392934813300087e+02
2.260530954161907857e+02
2.243625356714392467e+02
2.309410740721683624e+02
2.260497122080336965e+02
2.309334341681706348e+02
2.237684017987877212e+02
2.228462575255672675e+02
2.217128543881102303e+02
2.219530451858343554e+02
2.277926084440558157e+02
2.358545794279929169e+02
2.294392418257917541e+02
2.323763964666155459e+02
2.285047151014766484e+02
2.320237950942458554e+02
2.371522003726153969e+02
2.278376786836309122e+02
2.302164830674265374e+02
2.257250361344075884e+02
2.251232024366499331e+02
2.252022930408016634e+02
2.332606412921238075e+02
2.305907040773529673e+02
2.298696789988075864e+02
2.221125941338560779e+02
2.239084774694854048e+02
2.292060949011565185e+02
2.402349744725761695e+02
2.258000556587438155e+02
2.330674224202948608e+02
2.253759921185657618e+02
2.264834180679212920e+02
2.348468594404322971e+02
2.284112363564191810e+02
2.266335471688172163e+02
2.259312507937822261e+02
2.318269571222903949e+02
2.292820368581363653e+02
2.294158894996115805e+02
2.333851469707130946e+02
2.339791268762685377e+02
2.280247757868706344e+02
2.297422748652595033e+02
2.285140201261326354e+02
2.285972553068837385e+02
2.242111119440135099e+02
2.343186117653784777e+02
2.272538479713950608e+02
2.296682231410374584e+02
2.297913820906176738e+02
2.258041251781589267e+02
2.259586350829691810e+02
2.278115479836452550e+02
2.284262187178945851e+02
2.342862575431937273e+02
2.271491597658484238e+02
2.326638932685838768e+02
2.299314412082123056e+02
2.327682284468076546e+02
2.208993495763370163e+02
2.326772698299670594e+02
2.288021797971635181e+02
2.305069125363658031e+02
2.286699547530056407e+02
2.347653948611156238e+02
2.296448083815966470e+02
2.294480255156873056e+02
2.277529621321378670e+02
2.386074545641220936e+02
2.279094158562210168e+02
2.278668287257792713e+02
2.312229604684506228e+02
2.281885199493111429e+02
2.285681227348960363e+02
2.372563564097194728e+02
2.305584507204924023e+02
2.269230185364930890e+02
2.309634389201526972e+02
2.276090277223519251e+02
2.268639343349254034e+02
2.265918592223499388e+02
2.338824398983047104e+02
2.228423251041859601e+02
2.223625166581352914e+02
2.295303138811173937e+02
2.289312528396527568e+02
2.206667109204113331e+02
2.244900288880864707e+02
2.292874299535429543e+02
2.276584565168364804e+02
2.391057434846820797e+02
2.273705723715493718e+02
2.229317868199656232e+02
2.261459083890844965e+02
2.288352667400100415e+02
2.259346443829859936e+02
2.315534247915740025e+02
2.321056410368063609e+02
2.184318899823896061e+02
2.333366999305042100e+02
2.174146278583289700e+02
2.303643161064484275e+02
2.292081949606609612e+02
2.279769715346524777e+02
2.397481875488212779e+02
2.240702303437462604e+02
2.257840280665498369e+02
2.316726943190116401e+02
2.257556511061596325e+02
2.286643168094050509e+02
2.291023731655483857e+02
2.343181770648041606e+02
2.259346300403987868e+02
2.299348706384490129e+02
2.279001294771808546e+02
2.332348283372649291e+02
2.204773931857101275e+02
2.301608995071881054e+02
2.306260061847582392e+02
2.334506504791332304e+02
2.259671494943945333e+02
2.272692764028814452e+02
2.298757706727571701e+02
2.242340473118916577e+02
2.276175822249662417e+02
2.366759729491461712e+02
2.273835529119795922e+02
2.273940453264874577e+02
2.307634829248835615e+02
2.224058006924151414e+02
2.314040586838966362e+02
2.310090833041295753e+02
2.331783073778199196e+02
2.272847649618978210e+02
2.276126539608067390e+02
2.297412359774052106e+02
2.301017118676440418e+02
2.280356425541434930e+02
2.262563536075945478e+02
2.256809920199988255e+02
2.273058118532843821e+02
2.310329944350625340e+02
2.311981744565401584e+02
2.257807071827292873e+02
2.292295410468481407e+02
2.268635430212591189e+02
2.315847917293459659e+02
2.275204480981685151e+02
2.242900437568010830e+02
2.300228544113462306e+02
2.327546986579930319e+02
2.272015415461548855e+02
2.317625609254530445e+02
2.272313331782933119e+02
2.286998433642495456e+02
2.241061956793517425e+02
2.265935595172414878e+02
2.301689299074364214e+02
2.297305520933541629e+02
2.214679749453949285e+02
2.274262236975665132e+02
2.311605338797618288e+02
2.241086024468563664e+02
2.284785069327561473e+02
2.261363873550173196e+02
2.319423593644229697e+02
2.318411505276893081e+02
2.293525103876728508e+02
2.207271259297494055e+02
2.320467678957687099e+02
2.266353773882798635e+02
2.317524371413490485e+02
2.285382266800023103e+02
2.195062765723861276e+02
2.299478302839327739e+02
2.368831211792877696e+02
2.297299048307943679e+02
2.206934221186583613e+02
2.332824193862583115e+02
2.257739844816985055e+02
2.271490322776200514e+02
2.276626400406429411e+02
2.255619005307621592e+02
2.312603757567616469e+02
2.275101560204870736e+02
2.274266951918291966e+02
2.270341917455351961e+02
2.309927069510200397e+02
2.321282701663199646e+02
2.286202881464215579e+02
2.304234867817403938e+02
2.335701427185888690e+02
2.262336546288854606e+02
2.250442042990041216e+02
2.341574206387985839e+02
2.278003335355744809e+02
2.340918686879086863e+02
2.291776757077272464e+02
2.334004467797592497e+02
2.227752364110391738e+02
2.328876654401755673e+02
2.377794959800343122e+02
2.267455097928400107e+02
2.262381443045190395e+02
2.264425212930533178e+02
2.300442980316584283e+02
2.342212777865902922e+02
2.262773707686251328e+02
2.308968008975774637e+02
2.276680324325384106e+02
2.274965407715828292e+02
2.321986903075027726e+02
2.316163670802576746e+02
2.339985972862305346e+02
2.257959463765442081e+02
2.306521083349151979e+02
2.300435804985875450e+02
2.299047421674930263e+02
2.262791020514408444e+02
2.248198593569207731e+02
2.219471731694223990e+02
2.269106785250182838e+02
2.330094374731588971e+02
2.191546124723492994e+02
2.274479595345602547e+02
2.232193511900261456e+02
2.258252301979367758e+02
2.310628172184365781e+02
2.232768090326073605e+02
2.214261440559182574e+02
2.301111465834885621e+02
2.321124125524915769e+02
2.279141636610989963e+02
2.337233529103491207e+02
2.300068609085871287e+02
2.334362206391297718e+02
2.338478623962419363e+02
2.305608795036084189e+02
2.277430465914807769e+02
2.332937295468560137e+02
2.264661643432498010e+02
2.306544082692734889e+02
2.191061264048388182e+02
2.265950427623888004e+02
2.229238346456008912e+02
2.253644252466512512e+02
2.295515200644128413e+02
2.306936642843807022e+02
2.215617000611397032e+02
2.185930855365541277e+02
2.290814231253951334e+02
2.330724240755208427e+02
2.275209971123470041e+02
2.246292821427725528e+02
2.234852974218626684e+02
2.272642237972088708e+02
2.307933734824037231e+02
2.267372825189471257e+02
2.286961501911752634e+02
2.292583961624594338e+02
2.319847192802344864e+02
2.179946210305714942e+02
2.300042970185878062e+02
2.248845801783469085e+02
2.269516781208979239e+02
2.343244161952141837e+02
2.276488222853083414e+02
2.268589665255369141e+02
2.269982989809209073e+02
2.264442110138546127e+02
2.248672433546863942e+02
2.279851567793658091e+02
2.264549964943414864e+02
2.320266775383736899e+02
2.320688167707532443e+02
2.299987577051560379e+02
2.286462069637552474e+02
2.253010470225573556e+02
2.382385364677106168e+02
2.308616956560898359e+02
2.269331712799472314e+02
2.305587057206150234e+02
2.250402105012194625e+02
2.330990668735762483e+02
2.273057829458885806e+02
2.236790418386089527e+02
2.247206364308798356e+02
2.310759749674639352e+02
2.293842932409279456e+02
2.276265256203632248e+02
2.225563143083203101e+02
2.288003941401993870e+02
2.315252047664900203e+02
2.288631919021279941e+02
2.316171419033665586e+02
2.310619519438960481e+02
2.317368343584277852e+02
2.234597125302403526e+02
2.338177982867107119e+02
2.231574866797076027e+02
2.251805330612070293e+02
2.207294382670299910e+02
2.192009006127270538e+02
2.261999892359320938e+02
2.272261708473377553e+02
2.315139969786656309e+02
2.236469182200176817e+02
2.346181782602142221e+02
2.314014966815292667e+02
2.303618864611755725e+02
2.266523511783617266e+02
2.258707161777700492e+02
2.225700602005350106e+02
2.238281663889389392e+02
2.301336187598141123e+02
2.294520420477136611e+02
2.324333057238686706e+02
2.335454202758519102e+02
