2.260795157745563699e+02
2.205941290526727130e+02
2.315677320024122139e+02
2.219732321200897331e+02
2.213299097805864335e+02
2.286145349201779595e+02
2.299279310476473768e+02
2.260258368565014848e+02
2.248650327857596949e+02
2.340828110231019821e+02
2.172607517442172593e+02
2.294147572430027537e+02
2.258223737723199633e+02
2.289098717428871339e+02
2.216782799777878097e+02
2.249628514938101205e+02
2.237567395813490521e+02
2.240321501428534248e+02
2.273875547944449238e+02
2.217410077101185948e+02
2.241080443708538041e+02
2.285747975271396797e+02
2.260763321792254317e+02
2.202854239962919110e+02
2.316946424458367062e+02
2.280476375053173967e+02
2.297230507738998710e+02
2.182475538361772465e+02
2.298191915013180449e+02
2.277437957721049600e+02
2.293572306507070948e+02
2.306844478391734583e+02
2.243302182212402442e+02
2.364949806240859687e+02
2.221209374492824224e+02
2.193368091655270860e+02
2.220647827295678667e+02
2.240853256013357111e+02
2.242811533568081188e+02
2.233248004593450275e+02
2.215535664846084387e+02
2.301892638431855573e+02
2.186277125205203333e+02
2.297391687213051625e+02
2.220203462151837357e+02
2.292171337272548897e+02
2.210084349788269833e+02
2.263283519604651417e+02
2.271686941682106919e+02
2.220201359933564049e+02
2.339187632600570623e+02
2.308613035425382236e+02
2.283238513663540630e+02
2.239241661637210257e+02
2.255631974660645653e+02
2.292407763877156128e+02
2.287061836980525129e+02
2.293914236263641442e+02
2.244960554497949943e+02
2.293318897985554941e+02
2.259314769680035795e+02
2.238766602434915285e+02
2.214432815864666395e+02
2.203460101023777327e+02
2.219415827103759113e+02
2.260028830683232570e+02
2.323993677626688736e+02
2.297038987248739943e+02
2.275988642442664229e+02
2.250792959437698642e+02
2.214947451120712856e+02
2.265026137760393965e+02
2.318056632321324457e+02
2.201426989189467633e+02
2.201283412495690470e+02
2.264427592371006028e+02
2.255325609096888115e+02
2.271103858780076905e+02
2.294774270195521524e+02
2.206792096197171418e+02
2.322715699979251838e+02
2.233560852237926326e+02
2.226893016444547584e+02
2.172147494745271388e+02
2.255589379781012269e+02
2.293212471792250255e+02
2.262661098340602450e+02
2.247718752579404793e+02
2.229644015862564572e+02
2.259078834979186468e+02
2.263002567232001070e+02
2.224110751011454852e+02
2.267555876567481619e+02
2.265338376649930012e+02
2.259141399157490753e+02
2.253252444075268954e+02
2.280315108771296480e+02
2.247114085181211465e+02
2.193110581675857134e+02
2.269449561036125544e+02
2.287983821393874564e+02
2.243049238391940037e+02
2.274813052304416487e+02
2.199783355821163298e+02
2.254189200995912188e+02
2.282656883808239172e+02
2.261665394773481523e+02
2.288597769873712764e+02
2.238923093736920009e+02
2.250886048763302938e+02
2.278062457088826989e+02
2.195221254456178883e+02
2.275995880424342204e+02
2.206041670201302338e+02
2.266432566751265085e+02
2.228604567429375720e+02
2.215965166801890120e+02
2.214062826258663108e+02
2.272733076679299131e+02
2.267206354384987890e+02
2.304433566305652903e+02
2.245084550459213233e+02
2.269190303073056612e+02
2.259273868417797928e+02
2.183989847819028114e+02
2.255071596962947069e+02
2.229729192175597916e+02
2.294903724817800708e+02
2.224962728633500149e+02
2.252708335912808764e+02
2.290839980408883889e+02
2.283604396913533492e+02
2.245234003030217309e+02
2.277078254920175198e+02
2.250772655236196726e+02
2.235712049632447531e+02
2.200613031563231630e+02
2.326529081128108771e+02
2.250681430607117477e+02
2.234300335516282985e+02
2.207588091350778825e+02
2.253399970822225669e+02
2.284787981367630891e+02
2.263625941917976547e+02
2.222383763684177325e+02
2.291963230439004917e+02
2.249236173517154782e+02
2.232410682688980614e+02
2.247598534643535402e+02
2.228634005089618313e+02
2.269102297541512883e+02
2.220747598077676912e+02
2.252940903298887463e+02
2.244503094077282128e+02
2.214782084620794933e+02
2.234263019079410526e+02
2.316133771844218359e+02
2.280744264506155616e+02
2.241708278824851277e+02
2.333294870069497904e+02
2.248767195486022672e+02
2.290343687451497487e+02
2.264509999366654824e+02
2.208258909598421837e+02
2.238327376856840090e+02
2.254586332274370193e+02
2.328994201816261125e+02
2.290259395824110698e+02
2.276918294892267056e+02
2.243517979510124860e+02
2.213745621638121293e+02
2.210081050546909296e+02
2.199116269099315844e+02
2.283993234151475917e+02
2.339116214694477662e+02
2.250941867703623700e+02
2.343632590189860139e+02
2.310135416647377440e+02
2.266847837394552130e+02
2.209099179929212085e+02
2.281104479930904176e+02
2.253514692349234849e+02
2.253541742146552451e+02
2.221237363406111456e+02
2.296701113777833427e+02
2.282662531803626393e+02
2.225954454903088617e+02
2.253492114493330689e+02
2.289291206918232149e+02
2.260828025411597082e+02
2.319110707396510520e+02
2.278296079401334850e+02
2.287401209723743989e+02
2.265787109562871819e+02
2.251978697696227130e+02
2.256999511348806777e+02
2.232929626370228675e+02
2.270032019883423686e+02
2.307261383474335048e+02
2.221870821036979748e+02
2.271050627140568565e+02
2.281887331616542554e+02
2.258444678893451396e+02
2.277744199303467383e+02
2.257543609190387315e+02
2.234088831876014467e+02
2.212698218389704152e+02
2.243404894179107032e+02
2.278147080942622722e+02
2.292693549051369359e+02
2.193907628188531760e+02
2.312638293569080190e+02
2.291654970555281352e+02
2.201696975630333952e+02
2.258602095053729499e+02
2.222205956587309288e+02
2.258771765596532362e+02
2.226003302115326505e+02
2.230254272304404708e+02
2.312207600395989857e+02
2.289343294766388794e+02
2.364397877259629865e+02
2.206579425501785749e+02
2.235002719800976365e+02
2.299538371156218659e+02
2.322218507341137865e+02
2.239310637635216210e+02
2.317051000692575542e+02
2.192410718974648489e+02
2.308713670708903010e+02
2.248161874683735277e+02
2.245435900324312684e+02
2.279499971607528721e+02
2.248200918606387120e+02
2.322230154266042632e+02
2.228389264511729095e+02
2.358753743578926958e+02
2.221901942836599346e+02
2.221561644550342010e+02
2.281072064916556599e+02
2.277994966335058962e+02
2.255403187580042186e+02
2.231213546159748660e+02
2.289888031889271929e+02
2.262191415798955916e+02
2.321494299307387337e+02
2.212420065310328141e+02
2.257667139508643572e+02
2.260972886468126433e+02
2.286028697522258710e+02
2.293861122698914699e+02
2.288075898310335390e+02
2.207660724448955420e+02
2.231033434172437353e+02
2.243596489771693996e+02
2.272337283833375068e+02
2.317850169587672440e+02
2.247861335944327266e+02
2.244825477211379336e+02
2.285546126195917793e+02
2.256660229031968186e+02
2.186351834526581399e+02
2.256619137625948213e+02
2.242348748416398507e+02
2.252529389677066831e+02
2.230698010205874766e+02
2.191530938472107550e+02
2.202830248997649392e+02
2.261510654892867649e+02
2.285281049130089457e+02
2.263830938698447994e+02
2.229055833109493960e+02
2.279372653718727975e+02
2.211994989170496240e+02
2.261365079930540674e+02
2.213441868080082315e+02
2.327623551207977357e+02
2.269390227943420086e+02
2.312030656874235603e+02
2.284797581339176418e+02
2.247282716256108301e+02
2.236516756934456680e+02
2.240250753196429514e+02
2.277765460264531612e+02
2.258243575401763792e+02
2.282408837812406261e+02
2.292972622426411533e+02
2.230433747888751554e+02
2.267193436458296105e+02
2.262345264352939580e+02
2.213002509281025709e+02
2.273410590868979284e+02
2.293890437559718407e+02
2.259985205320733144e+02
2.267547053210889487e+02
2.222907169836591379e+02
2.274225700495094600e+02
2.272048076186896424e+02
2.237330029740031421e+02
2.327913208314443807e+02
2.243004889194991165e+02
2.275096782180919490e+02
2.212539580682729934e+02
2.232831000433985196e+02
2.266310711395607598e+02
2.274794759634369257e+02
2.232672737352982324e+02
2.236063408959998924e+02
2.289749376231291080e+02
2.239390565299681839e+02
2.298975034758249478e+02
2.243398638166485455e+02
2.264077301358786087e+02
2.242499793040910845e+02
2.212936079205951216e+02
2.242613487472877978e+02
2.285498373150313398e+02
2.226617166578593299e+02
2.217038646513186393e+02
2.265125375778798968e+02
2.214719679266696062e+02
2.184480018262672445e+02
2.244381309540855796e+02
2.199851627078258787e+02
2.309198580683347188e+02
2.266428159547049006e+02
2.225078365657554968e+02
2.282352629071689307e+02
2.320045849346610964e+02
2.279539776163636589e+02
2.264937915307915262e+02
2.222894528895173494e+02
2.272217935671501436e+02
2.308814569729848927e+02
2.212469799595933466e+02
2.193791063467966467e+02
2.303539577728461722e+02
2.215874477311064084e+02
2.295500351250348388e+02
2.295908058378199996e+02
2.263785360305059271e+02
2.205388266128630050e+02
2.205028555675336861e+02
2.247620005635960752e+02
2.190965000659561497e+02
2.241858119371872249e+02
2.257818162638338890e+02
2.240403225993964327e+02
2.347357152477132445e+02
2.276309693275022425e+02
2.250146872877624844e+02
2.248976985402755133e+02
2.198335809219696557e+02
2.231604413132097022e+02
2.247789577911622700e+02
2.255080621607534113e+02
2.289982581035547753e+02
2.280300130291720677e+02
2.273918034958599605e+02
2.368739354956037175e+02
2.263377874892172201e+02
2.208191293767935122e+02
2.346466011506576024e+02
2.213970277083303984e+02
2.225683556467743642e+02
2.253311288565874122e+02
2.213674888315018450e+02
2.250999851636159121e+02
2.214607153084137963e+02
2.252586672415950488e+02
2.261127900255522434e+02
2.286260228267072421e+02
2.253920153016270831e+02
2.307944544613655466e+02
2.251201060373350060e+02
2.220024732070715743e+02
2.220507721674423181e+02
2.298451752576296769e+02
2.230625687308879321e+02
2.222156095895034014e+02
2.213562813208112630e+02
2.338298879306115907e+02
2.179768658371480967e+02
2.302708686598545569e+02
2.173494834327692331e+02
2.247854681695155250e+02
2.275762116249310623e+02
2.236928302205845398e+02
2.273098989410967192e+02
2.337240014420756324e+02
2.316951882989999660e+02
2.251795107500047948e+02
2.313466353161443010e+02
2.279627873730190970e+02
2.227085278677858184e+02
2.267325597779132238e+02
2.211803908351135135e+02
2.266737910324588654e+02
2.249211611771960406e+02
2.276033680502906407e+02
2.295077531207968775e+02
2.309429327206525500e+02
2.188037796545193601e+02
2.255631707780220552e+02
2.240405717399168282e+02
2.314630823906728665e+02
2.316065370775359611e+02
2.183465816629380356e+02
2.298411307135982042e+02
2.208693915282290448e+02
2.315533266747054313e+02
2.234878921062811514e+02
2.278127736076417023e+02
2.340948815667637177e+02
2.217985338814985710e+02
2.261547982019173162e+02
2.272033850098702317e+02
2.314734910870570275e+02
2.261730820934337487e+02
2.250382790685863199e+02
2.257183886071051120e+02
2.269808154844531316e+02
2.272435409619383790e+02
2.296517183961404385e+02
2.275306404669000813e+02
2.321266119501112541e+02
2.308025431319763356e+02
2.248638576309244854e+02
2.311681500326320133e+02
2.273102368229606611e+02
2.158118787623400578e+02
2.217801579492674477e+02
2.161580992348774828e+02
2.289598228695724060e+02
2.224515783938768436e+02
2.226060484302759335e+02
2.249567056597520320e+02
2.309080564663407245e+02
2.284273594586827016e+02
2.229062387125674718e+02
2.267047402676212755e+02
2.233837993212041511e+02
2.262860909387427171e+02
2.198448261934072718e+02
2.301693742929144264e+02
2.283438473997468350e+02
2.224810097948551117e+02
2.291068813650765890e+02
2.333449759713373624e+02
2.300575200645374991e+02
2.257527653481320726e+02
2.213671782902040661e+02
2.283570842426574359e+02
2.277293371797520933e+02
2.293219824690935695e+02
2.300744522410572301e+02
2.322939324780634252e+02
2.283053007848217248e+02
2.274691416793762073e+02
2.235485324939096756e+02
2.211842173642023681e+02
2.239187018810747816e+02
2.267398181853345704e+02
2.227397454919544089e+02
2.330825662363810977e+02
2.296476055260183671e+02
2.226022790778516480e+02
2.221127243551017898e+02
2.238346105933512149e+02
2.234002288752238314e+02
2.247764955699467180e+02
2.183809095328019509e+02
2.264596597704701253e+02
2.252142839619052950e+02
2.287927998479318887e+02
2.290890077117297778e+02
2.260122450105760379e+02
2.241383481105799547e+02
2.304566008073453247e+02
2.279396480923795423e+02
2.250256954981287834e+02
2.327064145689740542e+02
2.264023729762812707e+02
2.185801091411117056e+02
2.247252519920522502e+02
2.252760563055747127e+02
2.219771446082777970e+02
2.278483822534703620e+02
2.234152078057950632e+02
2.226247568152220140e+02
2.246297529154805375e+02
2.287347675772458899e+02
2.199326631217274155e+02
2.260913252346236675e+02
2.296810661405698397e+02
2.322613181007198193e+02
2.238118433882762588e+02
2.265735677752016386e+02
2.216153415248467979e+02
2.278430690203563813e+02
2.236781424806522409e+02
2.253882854864046692e+02
2.244157966513394626e+02
2.307352205438721171e+02
2.223739867489406947e+02
2.219259013061970052e+02
2.265974701309214083e+02
2.265557789616162268e+02
2.287655266446932387e+02
2.190898114358907947e+02
2.290883675191720670e+02
2.262000626143538113e+02
2.225620613449104894e+02
2.199948533720158821e+02
2.210792237675561864e+02
2.211224528236574827e+02
2.280549623180357059e+02
2.245129215485786460e+02
2.172543860766672879e+02
2.272222347656446857e+02
2.276748515071705583e+02
2.220837213810229684e+02
2.328816474081122010e+02
2.273104398333360905e+02
2.238736448929551557e+02
2.237562415820900981e+02
2.237142411735507608e+02
2.220430003355511985e+02
2.250294663025621844e+02
2.225371030866990054e+02
2.253129586005366889e+02
2.275145375147133393e+02
2.286913292542274405e+02
2.269396430268478753e+02
2.303748948025056507e+02
2.263076878263348135e+02
2.229557339550218842e+02
2.270639099433913657e+02
2.223541649603904204e+02
2.249430083562435811e+02
2.233080409995365869e+02
2.154628623485541254e+02
2.268794263203020307e+02
2.276893342024613673e+02
2.284030533329473087e+02
2.167429342228973894e+02
2.288348882132679023e+02
2.243638969479615355e+02
2.282363533380169258e+02
2.313891696576203572e+02
2.249750954799434908e+02
2.320996870310690952e+02
2.275203717103241559e+02
2.255669051575467563e+02
2.181703678286958734e+02
2.243280794174637549e+02
2.210810996174623995e+02
2.246500673477628709e+02
2.314899724045416463e+02
2.217986154889810280e+02
2.220680593010503117e+02
2.244594176527754144e+02
2.266548658603107924e+02
2.274272608879466588e+02
2.259054846531627447e+02
2.219334615555322046e+02
2.322302746574721652e+02
2.251491867811650138e+02
2.224834326752877303e+02
2.241826477199851695e+02
2.289664480394257566e+02
2.287271496759899776e+02
2.214070079186587918e+02
2.257757506685675537e+02
2.264704280348791485e+02
2.243095182441241775e+02
2.178509583408312551e+02
2.241286871187477061e+02
2.285746729857394826e+02
2.267353503189453647e+02
2.269013786981081466e+02
2.261719710618754391e+02
2.293776579596692216e+02
2.303085734267401676e+02
2.242989463398727707e+02
2.283240912662774065e+02
2.264140884638131581e+02
2.283045336641303038e+02
2.242103415935796420e+02
2.313994519777282619e+02
2.221901707449089827e+02
2.284467888744492541e+02
2.225575788984783685e+02
2.240001732357049491e+02
2.270559268578977878e+02
2.267889126289335309e+02
2.262573471819745521e+02
2.288496581424135456e+02
2.260993789170503021e+02
2.239250097326205093e+02
2.223905730515134849e+02
2.293878797741022026e+02
2.226345042300139880e+02
2.228539561426557896e+02
2.249848124971676100e+02
2.308025318404567372e+02
2.292000763015097959e+02
2.215740590163394756e+02
2.232277154089030091e+02
2.230191561345723414e+02
2.207395211254271317e+02
2.275753305895374012e+02
2.218089209188134987e+02
2.206663331724658406e+02
2.216602942200542259e+02
2.256262515425977426e+02
2.176245241800004635e+02
2.254583438492624907e+02
2.293218427707765841e+02
2.341810950665761766e+02
2.308122595997206190e+02
2.245784785731543423e+02
2.205275196611694071e+02
2.273652389434822112e+02
2.303400565887853020e+02
2.254579314974930071e+02
2.274614638371793944e+02
2.231552689022200298e+02
2.278832812912331462e+02
2.245958138517320322e+02
2.155021715290855582e+02
2.255155442957928642e+02
2.232071684777551468e+02
2.325426137416619952e+02
2.230204249744162155e+02
2.248167584220529136e+02
2.245470087332676883e+02
2.246257919599980539e+02
2.301249250886879736e+02
2.316423425072752593e+02
2.341692228813231509e+02
2.278762485231680444e+02
2.204316879750396083e+02
2.243265753034429508e+02
2.297698461360958504e+02
2.272598160359509905e+02
2.283613419973111718e+02
2.340799762246986973e+02
2.212653596526525632e+02
2.257435801746319441e+02
2.214717532979705084e+02
2.261108142312901634e+02
2.245025154231161366e+02
2.236720499019335193e+02
2.289208677790779518e+02
2.198145117762178984e+02
2.241798786898299340e+02
2.210706111381687435e+02
2.294345897096295346e+02
2.300652508806410310e+02
2.230686507914570313e+02
2.220552503162546714e+02
2.259311002990097847e+02
2.281492891761173212e+02
2.236194118591471067e+02
2.272099116706224038e+02
2.295958804659435941e+02
2.234806410517094548e+02
2.375153488603952212e+02
2.245189407942734761e+02
2.235473898878215380e+02
2.242724008744841626e+02
2.209997543533599185e+02
2.215558313831478756e+02
2.241417238500040980e+02
2.280998774791265760e+02
2.309272118932347553e+02
2.208199090771472868e+02
2.237432879328314641e+02
2.285843834092291331e+02
2.300079167238038167e+02
2.264510748748041919e+02
2.250750263734111059e+02
2.198278437638486480e+02
2.298051751453204190e+02
2.222143955381193905e+02
2.260538225926871405e+02
2.266380936032875013e+02
2.254594002235959920e+02
2.284593835845149670e+02
2.239879431184043312e+02
2.270746192480647210e+02
2.277827921353887746e+02
2.210067461262966901e+02
2.189909531552353883e+02
2.235130257841535695e+02
2.217458782950637328e+02
2.190745097712681115e+02
2.285461766018481740e+02
2.287661798758740588e+02
2.242551672303839894e+02
2.247085222008084031e+02
2.222705449791625085e+02
2.241779757977109568e+02
2.269828525781765336e+02
2.281425033463418117e+02
2.194434903346518411e+02
2.235418507139310123e+02
2.246584572603865979e+02
2.266913402832571478e+02
2.263072784157896251e+02
2.225051621078461039e+02
2.229935552066509672e+02
2.313369953986001519e+02
2.243301470460411338e+02
2.268570738312413368e+02
2.298005221385379286e+02
2.238874937893703816e+02
2.264004764037955511e+02
2.219952915083645166e+02
2.248909999756900788e+02
2.225212302152960717e+02
2.236333815897973238e+02
2.239648931983743978e+02
2.233407585678034195e+02
2.287272600356792509e+02
2.238345216747430300e+02
2.210447516200299560e+02
2.252925102259743824e+02
2.235301706278988263e+02
2.266993319174517296e+02
2.200802924691711269e+02
2.302041649464786417e+02
2.240806000092914587e+02
2.281585750711414278e+02
2.232502482881099866e+02
2.263792410617058408e+02
2.235587050020461675e+02
2.306543606301875968e+02
2.283423372250037744e+02
2.203162280931841224e+02
2.262710364396980083e+02
2.296535437576542620e+02
2.191905049302722830e+02
2.235491085210131530e+02
2.259211016920953057e+02
2.259955850294079482e+02
2.290143473437796899e+02
2.276586876568039770e+02
2.205892353797104875e+02
2.270425227690975021e+02
2.235374422323582166e+02
2.241657081391226427e+02
2.310673788169320915e+02
2.307185410987078171e+02
2.235541411114985522e+02
2.334258734158546531e+02
2.186737580063818314e+02
2.290472854552711510e+02
2.266470958077868829e+02
2.270683773342314851e+02
2.286857242236471564e+02
2.217878857876001462e+02
2.258996133314522012e+02
2.274979987861310633e+02
2.255534706781714078e+02
2.273805750827247891e+02
2.232355152989943861e+02
2.241617735096415629e+02
2.257459946484292743e+02
2.290092796447935939e+02
2.252296126245753953e+02
2.211866010741005653e+02
2.269886266511244912e+02
2.294635267761432544e+02
2.315917466376812399e+02
2.265154419802330779e+02
2.331301851561038632e+02
2.210277464959127940e+02
2.262120360981186025e+02
2.297578561771902059e+02
2.287843005077891121e+02
2.293361843632699504e+02
2.251561240683939502e+02
2.302748178764342413e+02
2.252737683357431706e+02
2.245298103720818972e+02
2.264325294304536840e+02
2.222627504918086743e+02
2.251686841723078203e+02
2.240445737380743481e+02
2.234051684604011427e+02
2.264866435557409545e+02
2.258583596711226562e+02
2.343017937743981918e+02
2.251029051524010640e+02
2.303507753285484512e+02
2.297215855699471945e+02
2.268473552198432515e+02
2.308814235867278057e+02
2.346754545720699525e+02
2.155239891694456844e+02
2.211931401050461261e+02
2.284569893355425165e+02
2.205093473056272160e+02
2.192143983216313075e+02
2.244229916305754386e+02
2.243946888374939022e+02
2.159975046661750469e+02
2.266313571467107408e+02
2.216851567376390335e+02
2.290402998805790844e+02
2.279714294275368900e+02
2.268558927743498543e+02
2.243403267848462690e+02
2.231312503813559545e+02
2.265825704932177587e+02
2.347224200154086304e+02
2.235145531872151707e+02
2.318553495977495515e+02
2.265123183966852594e+02
2.230090639056342923e+02
2.223655559559336155e+02
2.238892375860424693e+02
2.252139740010780145e+02
2.202758517496400827e+02
2.266726241276244309e+02
2.254593212633626251e+02
2.214797199161075980e+02
2.317558387108895772e+02
2.274661104249618120e+02
2.264642784980496515e+02
2.306373753860144689e+02
2.234179388026462902e+02
2.302128851465986088e+02
2.250591120060846322e+02
2.283222332353923605e+02
2.218177482475497300e+02
2.260535257355305134e+02
2.239979736198145019e+02
2.279355638732039608e+02
2.205470294158349702e+02
2.250974534446034454e+02
2.317706126314129165e+02
2.229931793847362371e+02
2.266773732209763637e+02
2.190540729580677350e+02
2.229016228303508740e+02
2.318661317883961317e+02
2.275393398702473178e+02
2.288475155129156065e+02
2.277710291978053192e+02
2.264026506125212848e+02
2.262213488525990499e+02
2.279159182470527014e+02
2.239914340284621801e+02
2.292502278854872770e+02
2.264135117860293178e+02
2.203455660606091726e+02
2.246450137856232629e+02
2.278573146746532814e+02
2.256807890101837302e+02
2.295527396003588194e+02
2.285614102752271890e+02
2.222490568569910181e+02
2.260956040430105816e+02
2.306767531821895147e+02
2.281425103523708628e+02
2.250610936166628733e+02
2.311559096495091410e+02
2.215922689622842086e+02
2.246220253832777871e+02
2.269425208647526517e+02
2.262339071956336625e+02
2.226758319133692225e+02
2.259243176040380092e+02
2.312366373174150738e+02
2.261100497400327924e+02
2.310201876613701870e+02
2.213116521326687973e+02
2.261870815605317091e+02
2.304559526324526928e+02
2.217465729153786356e+02
2.215538679511285522e+02
2.264335213653163237e+02
2.241795946014479739e+02
2.261949532274385604e+02
2.244596975432550039e+02
2.235672247521767702e+02
2.274035117605553467e+02
2.253935358099078030e+02
2.262677842466047764e+02
2.193763545818839305e+02
2.226291860805194176e+02
2.224864864683501651e+02
2.280953814039098972e+02
2.179213541866606079e+02
2.277308576872996468e+02
2.330327978769918786e+02
2.241844031457747803e+02
2.262510958124786100e+02
2.196981180255709205e+02
2.286450823044867491e+02
2.201409664102858983e+02
2.240434432222483281e+02
2.249923374940657368e+02
2.300483898943792838e+02
2.278166222280644604e+02
2.215174393750903334e+02
2.303876907258305664e+02
2.239889420028870006e+02
2.252059914264441147e+02
2.249908292465879924e+02
2.231598253159700107e+02
2.191604417810643497e+02
2.290230210062470064e+02
2.248524342355703993e+02
2.236554494700224325e+02
2.222545585313476693e+02
2.275057401082194701e+02
2.219190839371406980e+02
2.319250262862524607e+02
2.259900083256837320e+02
2.257268053323129777e+02
2.222650335197552636e+02
2.291517538135050245e+02
2.206577289673571727e+02
2.308760578202568468e+02
2.259647629448001283e+02
2.246276739388574128e+02
2.303100558057926435e+02
2.219564948741153785e+02
2.238965924448595786e+02
2.243747822989961378e+02
2.245283467339297658e+02
2.269985909524369845e+02
2.239564778442290560e+02
2.235264934392004363e+02
2.248710051723341508e+02
2.268087304082472144e+02
2.246697758176113666e+02
2.209167880318710502e+02
2.271251629789902609e+02
2.255802301860050250e+02
2.284263030658529487e+02
2.290681316620212442e+02
2.238075967952779877e+02
2.248714741459791924e+02
2.230281496602106017e+02
2.282450062191893778e+02
2.154280596096514557e+02
2.229113965193957370e+02
2.307248138347451345e+02
2.252535849528387928e+02
2.301065931524314294e+02
2.248104703173704024e+02
2.237030863049461971e+02
2.190626302169576718e+02
2.310435514477696870e+02
2.256837899971610000e+02
2.284842329616917311e+02
2.232100750172417634e+02
2.291688431155745889e+02
2.356844942895794475e+02
2.242366667745673965e+02
2.237779510468576802e+02
2.310246696558768349e+02
2.202831041782240220e+02
2.289342017392443722e+02
2.248504387003891622e+02
2.297136248900073952e+02
2.263715034859968966e+02
2.286421834322067070e+02
2.245236392802028718e+02
2.247169273076430613e+02
2.228138696696003080e+02
2.312280294194233079e+02
2.157341641700613479e+02
2.231441348961459141e+02
2.168942287487975307e+02
2.226600087864076158e+02
2.250474106793296016e+02
2.228698559252747771e+02
2.270460188740647425e+02
2.228846309215014969e+02
2.225139760062283756e+02
2.182728294562866154e+02
2.262717828550790671e+02
2.279901743301902854e+02
2.260425533900055370e+02
2.227893125050316883e+02
2.299776043985150693e+02
2.229600474776762553e+02
2.271831788743895402e+02
2.227452497914532046e+02
2.204045773659918837e+02
2.208732916395110806e+02
2.217639269435834422e+02
2.232073869986404588e+02
2.255495166368721129e+02
