1.604626207531830175e+02
1.603784368590624183e+02
1.603620244025795500e+02
1.605695058194329761e+02
1.606212637687964389e+02
1.607357613849678444e+02
1.606063641441341758e+02
1.607432586364361100e+02
1.603117282310381597e+02
1.605652354119180814e+02
1.600229232046054619e+02
1.601875932679708967e+02
1.611173717454323935e+02
1.607554916946203321e+02
1.600968798321287068e+02
1.609524292787912430e+02
1.605317355183679524e+02
1.608110759382992683e+02
1.612105985886297503e+02
1.604976500181323900e+02
1.605103986572618169e+02
1.610614999056992076e+02
1.607109746610714751e+02
1.603840515701921561e+02
1.606825157812330929e+02
1.603909360550490817e+02
1.609824213152803338e+02
1.606908368542175367e+02
1.609303497010245678e+02
1.600537284043725776e+02
1.606411250292176760e+02
1.606766267218999076e+02
1.605504579418503397e+02
1.607097811283946101e+02
1.603655067788203894e+02
1.601385185930621162e+02
1.610508823353151797e+02
1.608673997029008262e+02
1.609947048376231180e+02
1.606789654720610088e+02
1.603178011248839709e+02
1.608296024238863424e+02
1.604309342437372266e+02
1.604293986307393993e+02
1.603620956691710830e+02
1.608649779465946210e+02
1.604317565052074031e+02
1.607381225552390163e+02
1.608576929561441773e+02
1.607772975651975287e+02
1.605472654780704147e+02
1.601946244019031838e+02
1.605266337198800954e+02
1.604422981149845953e+02
1.608904288474145972e+02
1.607762437563720255e+02
1.606763785865413467e+02
1.604790690599996879e+02
1.603658497148628328e+02
1.607678536916838539e+02
1.609408344923217271e+02
1.603999680955310794e+02
1.606438084344747779e+02
1.608685752267409441e+02
1.607344966163481672e+02
1.607414819210749499e+02
1.605003359581646123e+02
1.608049309095200954e+02
1.603679504339073105e+02
1.609513526222609983e+02
1.605698632327772373e+02
1.602979891728215307e+02
1.608792570481463429e+02
1.605828041223081186e+02
1.603347778793632585e+02
1.611591478417967949e+02
1.608987429600909138e+02
1.608129515341047124e+02
1.611846814353536956e+02
1.606501898903089796e+02
1.599449108907996617e+02
1.603000973655562973e+02
1.606159232594797004e+02
1.606043321831284629e+02
1.607702691804592803e+02
1.607200936119335779e+02
1.610168976974038628e+02
1.603634470160899070e+02
1.601390233118381730e+02
1.604928323437667643e+02
1.608556384007466420e+02
1.609368387177402440e+02
1.602814692286942204e+02
1.603763021268645446e+02
1.607491374597192078e+02
1.608363132491110434e+02
1.605315103934384524e+02
1.605147933420119273e+02
1.602265827922298058e+02
1.602621234744539720e+02
1.602227941605533488e+02
1.611694989969420817e+02
1.599775590258173850e+02
1.605207213452834480e+02
1.602515135392604577e+02
1.609170581016166466e+02
1.617948952312599715e+02
1.606410335489461829e+02
1.606212596340526773e+02
1.609493188040103178e+02
1.605458130104882173e+02
1.614828653958691973e+02
1.611690521815316970e+02
1.610173560371349026e+02
1.606698009569787757e+02
1.603064921876907931e+02
1.612454243851170190e+02
1.604056970083905185e+02
1.603714932785261453e+02
1.604980628854682436e+02
1.606627962696037741e+02
1.612766528460781785e+02
1.609970405135964029e+02
1.607555202903852489e+02
1.608578796582080486e+02
1.610791744002694941e+02
1.603927810425201699e+02
1.604009213852571065e+02
1.610129071172957538e+02
1.597790830944289269e+02
1.605321788027958689e+02
1.602509009064226007e+02
1.613985494039353057e+02
1.604373799935161173e+02
1.604215731826055276e+02
1.605842358934158085e+02
1.613546129067761115e+02
1.605512274427887291e+02
1.607264144361670333e+02
1.606232840744152668e+02
1.609025106169831076e+02
1.603730820634423822e+02
1.603942968906384294e+02
1.613231518359646373e+02
1.602689478019860303e+02
1.602503870895898501e+02
1.613792629768987297e+02
1.606046648840440412e+02
1.607053420130862094e+02
1.607722542916696682e+02
1.605728340704468451e+02
1.603252831520116786e+02
1.605615397918913629e+02
1.603173734328704256e+02
1.610069855573507027e+02
1.606071738069532557e+02
1.603947270829306717e+02
1.607278079476386381e+02
1.604444313747727904e+02
1.603638286393048986e+02
1.609824482335031348e+02
1.607922988469538552e+02
1.611630896584024697e+02
1.605786627219155491e+02
1.621343038872240925e+02
1.608388421047403938e+02
1.607674222897130107e+02
1.606176636523268826e+02
1.600840609305018063e+02
1.600969045742915000e+02
1.605394466329930481e+02
1.603057700236261098e+02
1.607379780924199508e+02
1.606775507199700712e+02
1.613182913297381447e+02
1.605856224162734520e+02
1.608800647399579589e+02
1.608019672647344578e+02
1.612728955133563034e+02
1.607581272475326841e+02
1.609509580947653831e+02
1.606045041889084359e+02
1.612462301430261391e+02
1.603411753826601966e+02
1.606200498519410758e+02
1.606110016851534965e+02
1.608174211012549222e+02
1.603381140765299904e+02
1.610298811925592020e+02
1.604641640917640757e+02
1.605056776806634673e+02
1.609711848243592556e+02
1.606301932898018094e+02
1.608345548786928134e+02
1.603767846140556230e+02
1.609378984724673387e+02
1.608745577321567168e+02
1.598115615406902918e+02
1.607502520391792018e+02
1.606044100607702489e+02
1.611555414088387863e+02
1.607585038821186174e+02
1.608164544816182513e+02
1.604897895124424281e+02
1.609639312197380434e+02
1.605645682348537946e+02
1.605248516187656378e+02
1.609589515506439739e+02
1.611966193545385124e+02
1.609421884442658666e+02
1.603560636152924701e+02
1.604735341335486396e+02
1.604716181971413391e+02
1.605353840371741114e+02
1.608559944012913263e+02
1.603679008103805756e+02
1.596589134186810099e+02
1.603948221894289929e+02
1.612670014795431541e+02
1.608653864837259846e+02
1.608183345892320517e+02
1.608212628797632817e+02
1.608096578389907449e+02
1.605102899802305103e+02
1.616886472212624426e+02
1.601362847636412141e+02
1.606325712015451188e+02
1.610716297209867491e+02
1.603099582811381083e+02
1.607276535417483387e+02
1.603963171029004684e+02
1.608082250618277556e+02
1.607742076508296805e+02
1.607550177315532949e+02
1.605377188226042335e+02
1.603651275499991016e+02
1.613551401704951900e+02
1.610231404064209357e+02
1.612243585635206671e+02
1.605854542095834745e+02
1.604934719683632238e+02
1.608672299657548876e+02
1.603281178707826484e+02
1.603062842288781553e+02
1.612956916378718972e+02
1.604338556187309166e+02
1.609365096338038654e+02
1.606539180906412128e+02
1.604234660632328655e+02
1.607541407442663797e+02
1.609188316439856408e+02
1.605494499504813746e+02
1.607289443168141645e+02
1.607567454809856144e+02
1.609919619851513914e+02
1.606590422732881791e+02
1.602933837565906856e+02
1.606141065347775339e+02
1.611301448076306997e+02
1.603265135145402667e+02
1.607165970125107890e+02
1.608961754650741511e+02
1.601004903614106922e+02
1.604380550484387129e+02
1.603399387994564051e+02
1.603893660400047736e+02
1.610907761850467068e+02
1.608582630905429198e+02
1.614944397146447272e+02
1.604002802216681971e+02
1.605213680436183665e+02
1.607463987075174998e+02
1.609206463877939655e+02
1.611792981849232547e+02
1.609023530883514468e+02
1.601524291543331060e+02
1.606395691055839450e+02
1.608842363375725313e+02
1.608326754627034632e+02
1.612342171280432410e+02
1.611826698376868308e+02
1.615410519005907020e+02
1.606809410591962433e+02
1.612543394177948528e+02
1.608665310245355045e+02
1.607091406861494818e+02
1.602526919763426747e+02
1.607167485900185113e+02
1.606358413713142852e+02
1.607966814163706317e+02
1.604782031491434111e+02
1.605883370212901866e+02
1.604713071036251790e+02
1.609577538667810757e+02
1.609759045390155734e+02
1.613501589674959007e+02
1.608960378010234251e+02
1.601537122578179435e+02
1.608708328523145212e+02
1.610380587979047675e+02
1.603914936670526004e+02
1.605892049974399072e+02
1.600028292558399698e+02
1.610980619848485560e+02
1.604000755933531082e+02
1.609931825344921208e+02
1.609072409189529083e+02
1.597110017281162015e+02
1.601900356927064877e+02
1.608490222472385653e+02
1.603583692227888946e+02
1.609851831936061046e+02
1.606716662033523733e+02
1.606400854961140681e+02
1.610407506440853922e+02
1.605647307520430047e+02
1.603964900184149087e+02
1.601293247649335854e+02
1.609102044760978174e+02
1.607404483088966742e+02
1.602879816875580730e+02
1.605102601623615328e+02
1.602646357926468283e+02
1.608417495884713730e+02
1.600519181046995243e+02
1.607316131759871780e+02
1.616542232536200174e+02
1.607452116190644347e+02
1.609448207174747267e+02
1.598842017704539558e+02
1.610051544743876661e+02
1.610550112153203202e+02
1.604090192749964672e+02
1.606879297594574041e+02
1.614629215348991522e+02
1.601723030411899629e+02
1.600622207589705113e+02
1.604697898696783227e+02
1.607195405509811508e+02
1.604907583163672200e+02
1.604389208816052417e+02
1.600088911362550448e+02
1.609745909110461923e+02
1.604625027133224080e+02
1.602894257792167139e+02
1.603084864261716405e+02
1.603468743913554988e+02
1.606863350016989784e+02
1.602089035902828016e+02
1.614182780555208865e+02
1.603966706547037120e+02
1.606806379655212993e+02
1.602341714945809201e+02
1.607523286694045623e+02
1.602787490282832437e+02
1.606586649151716983e+02
1.604822347429257832e+02
1.604070576639355181e+02
1.608353384377617772e+02
1.602266313745155628e+02
1.612250562568243311e+02
1.614004769736476419e+02
1.603963742718502203e+02
1.603855990041784310e+02
1.606666638238388316e+02
1.611051193670592170e+02
1.602512436952401345e+02
1.603585980645043207e+02
1.604886734566795496e+02
1.611736585541993918e+02
1.610699107292459757e+02
1.606604067257229929e+02
1.603202335070057529e+02
1.603549814359521122e+02
1.607346187744359156e+02
1.607472665872211905e+02
1.606383066779182798e+02
1.599283972598489072e+02
1.606366383868747221e+02
1.608031472187459769e+02
1.605285788284692217e+02
1.598397854987534856e+02
1.607246763983064000e+02
1.611640309167412966e+02
1.606698173963187344e+02
1.603130842618439260e+02
1.603088330196674747e+02
1.609308184844020104e+02
1.610450867390114524e+02
1.608627693966423635e+02
1.607047319918261792e+02
1.605205245860742593e+02
1.606847473456046771e+02
1.608313043021345266e+02
1.606599532247649620e+02
1.598142169388863181e+02
1.607261334137348854e+02
1.606562450720597894e+02
1.604223624802980908e+02
1.602273791048529858e+02
1.601806758394664314e+02
1.605497024176310958e+02
1.605855679060478280e+02
1.602772537089327045e+02
1.603513972204787308e+02
1.610036154186842055e+02
1.608629750703213688e+02
1.598538862183939102e+02
1.607045570539141011e+02
1.601083147064560421e+02
1.602477390369982118e+02
1.609785882520561984e+02
1.611179598650556670e+02
1.598362686114054156e+02
1.608951660567107353e+02
1.605513960863979719e+02
1.606720588440143445e+02
1.605447025052719994e+02
1.608649487588957925e+02
1.606905192805753018e+02
1.605273438994907735e+02
1.606007429744414026e+02
1.607502658641073765e+02
1.615785658490366927e+02
1.607019615145323712e+02
1.605547116299680965e+02
1.605108447751872234e+02
1.600243864984985294e+02
1.608273941310971225e+02
1.603890172642497021e+02
1.600570230497569924e+02
1.606796396210470448e+02
1.606868369354186825e+02
1.609416876636948928e+02
1.604077225081966560e+02
1.604268063749545092e+02
1.608551491349174114e+02
1.603713027239671476e+02
1.606520580474599740e+02
1.609427742436164408e+02
1.612782981741900414e+02
1.602854237297088105e+02
1.610121889193366371e+02
1.603285838241577324e+02
1.606985653773558340e+02
1.605182716163510577e+02
1.605159687076797752e+02
1.602944476512705592e+02
1.603645632480514394e+02
1.604833783319695044e+02
1.609788154656026791e+02
1.606793248711134368e+02
1.603039219670832551e+02
1.604352934285035701e+02
1.604157310610737284e+02
1.601370680580320141e+02
1.599870823525115782e+02
1.601597734508273732e+02
1.609338119015532129e+02
1.602921188058981841e+02
1.606599918450966129e+02
1.609279956698960348e+02
1.602942757464059014e+02
1.613119682429842499e+02
1.607054526406969330e+02
1.610093224537297658e+02
1.605632105153741236e+02
1.600336737662063626e+02
1.601709379990728905e+02
1.611080015227707634e+02
1.606847771450062510e+02
1.604100978297947790e+02
1.600009923143582853e+02
1.602889884568519108e+02
1.608379644584906032e+02
1.606006652044011958e+02
1.607458366935030938e+02
1.609205109413534558e+02
1.606807711117610040e+02
1.608422705467201297e+02
1.605950210950454391e+02
1.598776437177972412e+02
1.600522745490050056e+02
1.605598326576727004e+02
1.604143980988388307e+02
1.604194923896980924e+02
1.599381126032550640e+02
1.607280012297030396e+02
1.607521900141947242e+02
1.609574529821422573e+02
1.610961421253533103e+02
1.605269143187074974e+02
1.603865250201336323e+02
1.608479250899494559e+02
1.607660712685345459e+02
1.601530893301816434e+02
1.610089749029085624e+02
1.608043907522964275e+02
1.603582472307594173e+02
1.602788305513910245e+02
1.602101605982510648e+02
1.616107690134327299e+02
1.610782397947168647e+02
1.602217677179127122e+02
1.607556515536676898e+02
1.615874208758683892e+02
1.607660227741400831e+02
1.609340696010183365e+02
1.606861457158246935e+02
1.602873109692844764e+02
1.603774610018050737e+02
1.603758414576140865e+02
1.605947250191488536e+02
1.611637663895702701e+02
1.610189506078639567e+02
1.607575201532315248e+02
1.604363968415185298e+02
1.606867368812644941e+02
1.608081478582204511e+02
1.613301034646044627e+02
1.605812647448506993e+02
1.610061451572692590e+02
1.607570861840093244e+02
1.602377022156786097e+02
1.612968934232943070e+02
1.602528674901733723e+02
1.604147197332468693e+02
1.611262481631167418e+02
1.606088743696594179e+02
1.600601288311466703e+02
1.610154370913436424e+02
1.605682113741450507e+02
1.611866483715901381e+02
1.610501917717619449e+02
1.608418360967933154e+02
1.605109080537241368e+02
1.601125980459608229e+02
1.606952546125193351e+02
1.605489637384631578e+02
1.608840648757114877e+02
1.605775515154392679e+02
1.603302588169611909e+02
1.612320311182668036e+02
1.607887065084576932e+02
1.603115622084218046e+02
1.606457291678352135e+02
1.609192409616427994e+02
1.602085200233962610e+02
1.610820219563006503e+02
1.597381621079639160e+02
1.606475853862771714e+02
1.610728133813960596e+02
1.609436045000832394e+02
1.603559095900895670e+02
1.603116067127771203e+02
1.613378338807673913e+02
1.608882584927652886e+02
1.605481831235588857e+02
1.605849661481244652e+02
1.607899645457365523e+02
1.602476063051288975e+02
1.601854120520238780e+02
1.609610055351485016e+02
1.594502950637631784e+02
1.608179264709285974e+02
1.612387938209080005e+02
1.610506269467071547e+02
1.609230505229630239e+02
1.605774083607683167e+02
1.607096774246279267e+02
1.606221269612539970e+02
1.607386639628982721e+02
1.604708296899704010e+02
1.607167215111064706e+02
1.608889413866708367e+02
1.605641943883570377e+02
1.607095169694956383e+02
1.601954808921866231e+02
1.603295033844183592e+02
1.605538540348187837e+02
1.609856021171533484e+02
1.611632201629003305e+02
1.610338371844125334e+02
1.609819745571946896e+02
1.609757107377758700e+02
1.602549873918721346e+02
1.604948070950521810e+02
1.604707484320348101e+02
1.605531984554274345e+02
1.609520124485680412e+02
1.606408562493311649e+02
1.607882085213277890e+02
1.608547726462963112e+02
1.603028221749559066e+02
1.602309110856229211e+02
1.603398961985428741e+02
1.610674987432443004e+02
1.602187334843723647e+02
1.601501657092948676e+02
1.608909743564926487e+02
1.605698882891745995e+02
1.608287929012032578e+02
1.606037794654783113e+02
1.607158481474208713e+02
1.605727285578982730e+02
1.605929893589749042e+02
1.600795201961605301e+02
1.609453777106769223e+02
1.600122073475488378e+02
1.610776037248770933e+02
1.607393456111340697e+02
1.608758235217837864e+02
1.604209407510968219e+02
1.609447250795646482e+02
1.604456399313144175e+02
1.599536113711582743e+02
1.605816640966483249e+02
1.608670498677042531e+02
1.605561460128687088e+02
1.602619973260726454e+02
1.608780419599931406e+02
1.611231923522007605e+02
1.607002964682494905e+02
1.607069353252129531e+02
1.605715956467647629e+02
1.605834080104222039e+02
1.602768147342042369e+02
1.598955064901913374e+02
1.607805964658664379e+02
1.613904663182288459e+02
1.603885836722298279e+02
1.609386765037496900e+02
1.605063434567480272e+02
1.603871050458344598e+02
1.599236618543451414e+02
1.605130233608087167e+02
1.604303326801592107e+02
1.603858398642186387e+02
1.607627930084355512e+02
1.609552028502954784e+02
1.606239641935116822e+02
1.608631442103775839e+02
1.605337538006839395e+02
1.613213228199019511e+02
1.604937980507990289e+02
1.607467797503117026e+02
1.605516633116366734e+02
1.607460668911597281e+02
1.604382982611862758e+02
1.606302361987383733e+02
1.605305169932428555e+02
1.604527126776273747e+02
1.606175698326015038e+02
1.607266968976657893e+02
1.604603448994890869e+02
1.606469170224724792e+02
1.600068381447647141e+02
1.602122625202430868e+02
1.605823090693006634e+02
1.601007754053156589e+02
1.600953644036371770e+02
1.607808046597529028e+02
1.605473947243845885e+02
1.604164712363699437e+02
1.607922840402432882e+02
1.605129914929480890e+02
1.605834847125193789e+02
1.601626536113377313e+02
1.605661046362171476e+02
1.603950096140249286e+02
1.606194753306095322e+02
1.604525983143643657e+02
1.610294642038030588e+02
1.602824307658011662e+02
1.606548195350162018e+02
1.605969144268719901e+02
1.605005415389676671e+02
1.604566357542138064e+02
1.612758455354602347e+02
1.607800068331671639e+02
1.605334788990823540e+02
1.607695669303997761e+02
1.608146732691106138e+02
1.602899889244913538e+02
1.605940135238502364e+02
1.606861162926382747e+02
1.610727394777333359e+02
1.605880098263989737e+02
1.610322117605418555e+02
1.600608883871844625e+02
1.604816649834711768e+02
1.607459345373638087e+02
1.610086396400067201e+02
1.603425888762106410e+02
1.602384612555083550e+02
1.605895633199978079e+02
1.605263178630998482e+02
1.605045200474105513e+02
1.608384955676827417e+02
1.608619898472882142e+02
1.606084184396859484e+02
1.603941013218912701e+02
1.604738987433006514e+02
1.609103774214158591e+02
1.603750082518480156e+02
1.607381517724200819e+02
1.603398949828058164e+02
1.609804595767402020e+02
1.605594121453048047e+02
1.600374670888086825e+02
1.605021273697037714e+02
1.607600079598690570e+02
1.609858451949741891e+02
1.605231948010778069e+02
1.609191382203655394e+02
1.612214463171945340e+02
1.600098460190512526e+02
1.611086169897967579e+02
1.606124812270884377e+02
1.601898226804250385e+02
1.611069510381730367e+02
1.606549309902618461e+02
1.603398433069954763e+02
1.608641318193477900e+02
1.610234716484794433e+02
1.609139495741983978e+02
1.603063630999066902e+02
1.606073568355884049e+02
1.603916339480328190e+02
1.607604942493208569e+02
1.609044193818138240e+02
1.609789558934951970e+02
1.606329073687466007e+02
1.599590389654098601e+02
1.603854557634098796e+02
1.615107947975859304e+02
1.609776909393247308e+02
1.605702978625784283e+02
1.606235676285438672e+02
1.602351384505082308e+02
1.600869214824968196e+02
1.599306246013341308e+02
1.599561155989497649e+02
1.605101209204933070e+02
1.601279326221044244e+02
1.600172457949763896e+02
1.605066246861831871e+02
1.602653008367142888e+02
1.610657342285307152e+02
1.603507560775853165e+02
1.605440068760874226e+02
1.607700731257355358e+02
1.610206152453569359e+02
1.608640133670079706e+02
1.607658795613133123e+02
1.604793886474650435e+02
1.611262740135378806e+02
1.602003502829462320e+02
1.610455672348496705e+02
1.605338425936669466e+02
1.605947692575921337e+02
1.608340798233461157e+02
1.606731678287883369e+02
1.602170070063576190e+02
1.604513746673578680e+02
1.609506594855513129e+02
1.604994421541615850e+02
1.605109854475032591e+02
1.606541055694067381e+02
1.599473835368382311e+02
1.604491863890014827e+02
1.606811430990729832e+02
1.608572893131404271e+02
1.605933121326721391e+02
1.603596633706707735e+02
1.605472510238474797e+02
1.601153579741768169e+02
1.601334235165138011e+02
1.608576728657603780e+02
1.608265904349328537e+02
1.600113888865811305e+02
1.611841867124291809e+02
1.604591360587273243e+02
1.598498815839220981e+02
1.598473522735699248e+02
1.602451836848725293e+02
1.610001548987136459e+02
1.607598627114616647e+02
1.606337375756750419e+02
1.609131431973237625e+02
1.605228343106689692e+02
1.607001779305744265e+02
1.607471722849014100e+02
1.603709620068366348e+02
1.607744435397429470e+02
1.607220346825254467e+02
1.613981262567018291e+02
1.606333426352346692e+02
1.606314522797724180e+02
1.601508584471088739e+02
1.607770454166513332e+02
1.600821476629949984e+02
1.609827358246259621e+02
1.607855782247504806e+02
1.610282274536092757e+02
1.608786301168636612e+02
1.601995528642775923e+02
1.603254523839983960e+02
1.613953463084805833e+02
1.607549526533675532e+02
1.609179823183619931e+02
1.604009946052203190e+02
1.601155577988832590e+02
1.606402273034919403e+02
1.606570439521575793e+02
1.605574789593187290e+02
1.603372324263494022e+02
1.606420068438156648e+02
1.603498819956444947e+02
1.601730217291329268e+02
1.605262553576796734e+02
1.611148857182167831e+02
1.603775448703641757e+02
1.601989385367988064e+02
1.607692981726686696e+02
1.603505267932145273e+02
1.606504819622434184e+02
1.602052495706323612e+02
1.614805254248609856e+02
1.610183417531780492e+02
1.611033100376538130e+02
1.603481084343285374e+02
1.610242673681938754e+02
1.606138115928490038e+02
1.605395147923924526e+02
1.605445343923589121e+02
1.603396876369288009e+02
1.605278278438919699e+02
1.613015587187139204e+02
1.610096587210286998e+02
1.601607858391027719e+02
1.613230243117046712e+02
1.601536781590951932e+02
1.610604669887335376e+02
1.608813258563658621e+02
1.603804572165925890e+02
1.605192824017906332e+02
1.605709242127010157e+02
1.605218110062987762e+02
1.605968971794227400e+02
1.604811341352626926e+02
1.610492482281289028e+02
1.601486680995919869e+02
1.607098489010725189e+02
1.605771750503582211e+02
1.603450718342182029e+02
1.601869064384265471e+02
1.605446004741799015e+02
1.604930938806205916e+02
1.606722227192594232e+02
1.604190906942527874e+02
1.600969737149560785e+02
1.609096686022514575e+02
1.604905253627668174e+02
1.607780379378910993e+02
1.604848438075080139e+02
1.602513771239161429e+02
1.595787405009032227e+02
1.605550367813410730e+02
1.606905150516324454e+02
1.611579752276912245e+02
1.607164465840252774e+02
1.602545881956799008e+02
1.603909627657894248e+02
1.601132336360574300e+02
1.607828868167599126e+02
1.601753785816762274e+02
1.609566016224758869e+02
1.606007557775515977e+02
1.605353525567103929e+02
1.611004352003516260e+02
1.611009976908249541e+02
1.606877382147142157e+02
1.606810373614022183e+02
1.609111670244311370e+02
1.607176488704014901e+02
1.600350752915340706e+02
1.610027484332669871e+02
1.606473446958484601e+02
1.603242210797268967e+02
1.605093187879580228e+02
1.607283969858784189e+02
1.601393011563638424e+02
1.601371988314033104e+02
1.616643546461754113e+02
1.611530432299851157e+02
1.605566636598454409e+02
1.605102092164868282e+02
1.603412453134501732e+02
1.608253314947172044e+02
1.606407238577639021e+02
1.606199253563783884e+02
1.606545177448938091e+02
1.611311410419371839e+02
1.603728689862371084e+02
1.607717635012479604e+02
1.607750366474557211e+02
1.609079873400027338e+02
1.606431396675022256e+02
1.610251572138618315e+02
1.610389463069100202e+02
1.599979323456828979e+02
1.606873725191057360e+02
1.611015683359737807e+02
1.605381678727032408e+02
1.600482933202023332e+02
1.606106339552755742e+02
1.603988520272412757e+02
1.607515578032771373e+02
1.602491684543252575e+02
1.604075870532607269e+02
1.603429183696922564e+02
1.607509262896468840e+02
1.607971770751729252e+02
1.602837091883293112e+02
1.602041266283437153e+02
1.608346289699874205e+02
1.600043944637723428e+02
1.604904787735153491e+02
1.605721879850029836e+02
1.605420608942627041e+02
1.609005106143528394e+02
1.606413084596327678e+02
1.603399188712997727e+02
1.604762542898021138e+02
1.605579150114080562e+02
1.611398074705896875e+02
1.606281600356622619e+02
1.598633795341783639e+02
1.606855933844275341e+02
1.604339672224220124e+02
1.602957447822582822e+02
1.608232764253245364e+02
1.602828645203974247e+02
1.603797008016798031e+02
1.608412194958268344e+02
1.601144843759175274e+02
1.607798046937645324e+02
1.606328463874778834e+02
1.604757537350900520e+02
1.611834594111471120e+02
1.603310943760746454e+02
1.606606910546549045e+02
1.609349822658236064e+02
1.608941395371607825e+02
1.613690094452919936e+02
1.602199754023987737e+02
1.606492017587192720e+02
1.602350786910181455e+02
1.612519276313252874e+02
1.608610327329136283e+02
1.602930853542025602e+02
1.598194268016382011e+02
1.604163947188204418e+02
1.607939949530302215e+02
1.608942431184948703e+02
1.605615717538184981e+02
1.603599341817277093e+02
1.608586567475063305e+02
1.608718162033399892e+02
1.607646501762312994e+02
1.603761544820069957e+02
1.611908428059736593e+02
1.602765959780344076e+02
1.607745521626104619e+02
1.606901422326222075e+02
1.599630500810648073e+02
1.605473130843567162e+02
1.601320042289534911e+02
1.610930755617040404e+02
1.602835160492657280e+02
1.612494209605240485e+02
1.609434143228067740e+02
1.604378016119298707e+02
1.602005834782691238e+02
1.610812502520528824e+02
1.604774163646075635e+02
1.604237903182643947e+02
1.606070798105677682e+02
1.605424230809792334e+02
1.603696922969339198e+02
1.604717200195786120e+02
1.603980711737981721e+02
1.606916280930747121e+02
1.609979105392477550e+02
1.612283741172589089e+02
1.611464404288510934e+02
1.607051231566368301e+02
1.600558548584930634e+02
1.605603739853716547e+02
