2.223470781376940408e+02
2.187489188526198802e+02
2.190670713391577067e+02
2.228214349782985266e+02
2.211211026773825381e+02
2.213204173459747039e+02
2.256607143925270975e+02
2.261457959231040036e+02
2.192493186735447068e+02
2.225821582930473426e+02
2.196999850547931317e+02
2.229988813256401272e+02
2.240057787843323354e+02
2.216189738887804594e+02
2.223539461183771664e+02
2.231777297445598265e+02
2.226796823943464005e+02
2.198159174604778059e+02
2.218500819066500469e+02
2.219279329782815751e+02
2.194121414501955485e+02
2.230940656366953192e+02
2.212647336015052701e+02
2.255322134224087449e+02
2.238352482278530431e+02
2.207342454955318090e+02
2.223829575140024417e+02
2.212026335269870287e+02
2.206505638353125960e+02
2.268161201244514587e+02
2.208305826404692880e+02
2.199869909704797237e+02
2.230138764516765661e+02
2.194404378739649246e+02
2.254151915885866231e+02
2.219083778501544941e+02
2.208678921376765061e+02
2.185743791827644316e+02
2.193904503797961638e+02
2.210891620910812776e+02
2.208774908170687468e+02
2.211765077947504494e+02
2.224951960979631451e+02
2.259873583896205957e+02
2.215586001924340849e+02
2.167928968305021726e+02
2.201196657149583871e+02
2.219382358138442157e+02
2.204506349242965086e+02
2.195744742526053983e+02
2.190344585619192799e+02
2.223406366014473861e+02
2.226699065685909602e+02
2.209368145707540521e+02
2.222399667309335882e+02
2.229469049250072032e+02
2.216772443380985749e+02
2.189842300877666332e+02
2.220682006959320915e+02
2.182079358443129991e+02
2.191344785809058635e+02
2.178914137722836415e+02
2.238245561105614172e+02
2.188256587476371919e+02
2.244143774158461326e+02
2.257698078934876946e+02
2.210908016749437195e+02
2.193735946825786129e+02
2.237105573884341254e+02
2.198502163774967357e+02
2.238727801558136150e+02
2.202686836890231916e+02
2.219534960408385302e+02
2.192054799993794347e+02
2.226697765819486676e+02
2.194147861187836384e+02
2.198569817084850513e+02
2.196267725980181922e+02
2.193149930376862642e+02
2.201117005146991801e+02
2.233549075732064466e+02
2.210416588872755312e+02
2.199736991525452652e+02
2.235128947357073912e+02
2.246426713827904962e+02
2.229366639297450376e+02
2.177289085060918978e+02
2.217691671834076317e+02
2.218226675720297862e+02
2.196049945646598189e+02
2.172907657281451748e+02
2.198050674874594392e+02
2.232823284166747442e+02
2.209086128193893046e+02
2.200391025450298628e+02
2.195232667797756108e+02
2.213169373594918454e+02
2.200894338234740246e+02
2.251961556077400530e+02
2.239327022411346206e+02
2.236629484038417388e+02
2.212375900202904973e+02
2.216912619891736540e+02
2.218064078754890716e+02
2.206489092349868884e+02
2.180464095563193894e+02
2.194964550194043795e+02
2.214996624869646382e+02
2.218386576993581514e+02
2.175362367706385385e+02
2.208292381126055943e+02
2.182087470288946349e+02
2.258241011091171799e+02
2.213933657985081709e+02
2.211980265809197590e+02
2.214360204414715270e+02
2.213643594771822052e+02
2.234566092561099708e+02
2.233760203217341314e+02
2.230670561245803469e+02
2.206008926967971036e+02
2.222071154059797777e+02
2.204782392907699204e+02
2.209965288116164857e+02
2.193841411918142228e+02
2.201052775793110641e+02
2.213515351121390040e+02
2.203041183362090010e+02
2.190895143704274517e+02
2.202716100576585063e+02
2.214288570475075062e+02
2.232704892873102267e+02
2.206265096326509365e+02
2.209465194351954551e+02
2.223401959520594176e+02
2.225480353660695414e+02
2.241162502502298253e+02
2.180676353878885720e+02
2.212631119199551506e+02
2.222864428177664138e+02
2.205203644754753327e+02
2.218405482292518798e+02
2.167838844345936877e+02
2.220453613120870671e+02
2.219390843532447093e+02
2.210244826536294340e+02
2.224399170518706512e+02
2.254578086149721514e+02
2.226036861599276619e+02
2.225289955121709227e+02
2.188027445545949092e+02
2.192993294833918867e+02
2.229132609756424301e+02
2.220343102766126151e+02
2.168550847897546703e+02
2.207019661193649824e+02
2.222257257582999443e+02
2.251533895475421048e+02
2.207147024999134430e+02
2.217007485609043727e+02
2.247219546758986155e+02
2.230208147664547766e+02
2.190674252184454645e+02
2.217916352656152412e+02
2.218139929404853206e+02
2.236900891802665114e+02
2.202010288718543904e+02
2.243054487934015526e+02
2.223829302787382574e+02
2.244353191515944843e+02
2.225096159141297960e+02
2.175258665183716289e+02
2.183235615920514476e+02
2.227033009962202641e+02
2.225467360791386398e+02
2.210455209347230152e+02
2.217572699331475690e+02
2.234404554228505333e+02
2.170189586291471642e+02
2.228484443475704779e+02
2.212325283645023433e+02
2.204245119078074993e+02
2.173972290541130405e+02
2.229050752859077988e+02
2.206594016587628460e+02
2.201525202891807282e+02
2.217921752920845222e+02
2.201749706377399605e+02
2.221287656719092070e+02
2.221361265713846080e+02
2.196370677233201150e+02
2.193946794886135194e+02
2.238843120468809786e+02
2.179451153536887773e+02
2.207101568816077304e+02
2.229876188288640719e+02
2.228489332318002880e+02
2.168077361283255868e+02
2.189073104374980119e+02
2.222326106484772481e+02
2.215816964677674719e+02
2.174256476213977578e+02
2.227412419607940137e+02
2.209248063185892477e+02
2.198271183167813660e+02
2.213581194481230057e+02
2.213722731746908039e+02
2.241020638036562787e+02
2.172005210227085570e+02
2.261523381647357667e+02
2.216522848884343944e+02
2.209550185379404752e+02
2.199108968567616671e+02
2.212618455437448688e+02
2.240013597742425873e+02
2.205674156496829141e+02
2.209277035138667600e+02
2.233410052087714632e+02
2.194129152484576650e+02
2.212184721508881466e+02
2.226467125257412931e+02
2.236575884076518150e+02
2.174936093763441534e+02
2.213825229685685656e+02
2.246429493076347512e+02
2.227181928940673856e+02
2.205492983891348899e+02
2.218772331036340972e+02
2.247460608593628137e+02
2.224434465537690357e+02
2.225611641253956918e+02
2.216338225930107058e+02
2.190084482327116859e+02
2.205258783351095815e+02
2.203380314981728532e+02
2.204477681769247113e+02
2.177145237257142014e+02
2.222363978099891710e+02
2.193249308761725445e+02
2.193350915979340527e+02
2.201033905446032009e+02
2.186033797663748999e+02
2.206350712397397160e+02
2.226596342508848352e+02
2.217030452577440656e+02
2.228162524462167084e+02
2.226375384521753915e+02
2.221267657606798309e+02
2.193529799470065029e+02
2.205257267845520062e+02
2.229760005548540391e+02
2.208431097537643382e+02
2.208708872667322680e+02
2.196601698688550641e+02
2.223815394609136717e+02
2.244288127620426678e+02
2.212340627238578747e+02
2.200088843120647084e+02
2.239064436909294216e+02
2.219300375466809498e+02
2.213920725556457398e+02
2.215787117649913398e+02
2.249177986117432511e+02
2.230374829195236828e+02
2.207671650191007018e+02
2.175868020332943615e+02
2.252547665037003526e+02
2.222656439020999244e+02
2.228650024135645822e+02
2.224220953737573723e+02
2.232406931935356056e+02
2.221136794280797631e+02
2.219198396709877557e+02
2.207872251867415514e+02
2.198357709276181993e+02
2.198085092704247074e+02
2.215692309353723886e+02
2.217159103330122889e+02
2.180556461862991284e+02
2.266528507157753154e+02
2.203109151841439655e+02
2.219725649469637858e+02
2.202069188560252826e+02
2.222347045434383972e+02
2.184771463769067168e+02
2.240732966684758480e+02
2.225544656938158425e+02
2.222722388918595584e+02
2.186963916471597429e+02
2.230715205247713016e+02
2.216178113661482314e+02
2.186349520902158474e+02
2.198395548328635982e+02
2.230197607333103349e+02
2.223857485089953627e+02
2.221243367582329427e+02
2.267120270932761912e+02
2.188971215704998770e+02
2.223014759953075270e+02
2.230616810744834595e+02
2.201984166972839603e+02
2.220409335703259330e+02
2.209197277945051212e+02
2.222982294602792308e+02
2.190186674461333212e+02
2.223250489322673786e+02
2.185363316884250935e+02
2.202483011527710062e+02
2.231169324429548624e+02
2.215861817230598945e+02
2.216156760639018728e+02
2.184022816227700332e+02
2.206434325116155719e+02
2.183634709246492491e+02
2.247403952486362186e+02
2.215084877713854894e+02
2.203628242164147366e+02
2.206147915501985040e+02
2.226071731233688809e+02
2.191327013819192473e+02
2.228289667642663971e+02
2.198207396795249622e+02
2.196509163379054996e+02
2.235135166233436053e+02
2.188418714730663339e+02
2.222812249702834606e+02
2.185965585617847751e+02
2.243266316235216209e+02
2.215248641679988850e+02
2.194076250018836731e+02
2.231397013834858569e+02
2.208468539583846848e+02
2.214928129902458807e+02
2.203667654088756080e+02
2.182171563799913088e+02
2.228372877453903698e+02
2.230999161614253410e+02
2.212560595542880151e+02
2.226372746464245154e+02
2.231122182642529026e+02
2.200251839608806108e+02
2.224640273540739202e+02
2.216489218820856024e+02
2.234678762727510843e+02
2.206065002947200639e+02
2.221858903393795686e+02
2.240564711577245021e+02
2.207723759344426071e+02
2.220701285159232725e+02
2.257500207561578804e+02
2.221756776330768446e+02
2.215582827090611033e+02
2.221757664915850512e+02
2.233919662463893872e+02
2.191249856433908292e+02
2.193634354480622335e+02
2.227580568338022431e+02
2.221505193578846331e+02
2.233074777485227287e+02
2.233793173201928539e+02
2.224272178314272708e+02
2.221171335703912177e+02
2.197328279633070167e+02
2.232473017774080120e+02
2.211805567519114391e+02
2.195031545732059044e+02
2.236934869257178775e+02
2.172481279805098211e+02
2.237587183287816686e+02
2.223330865638154421e+02
2.191990108763561977e+02
2.219743969989713150e+02
2.243034777456550728e+02
2.201764346417217837e+02
2.205665379665158810e+02
2.228149143074344636e+02
2.228501445586471164e+02
2.197929795114808371e+02
2.263609413207750265e+02
2.242567891498976849e+02
2.220573542166850416e+02
2.212705525064810956e+02
2.212105094033910575e+02
2.201125147547624010e+02
2.205389247101162198e+02
2.204226377512029558e+02
2.217753010265315936e+02
2.209144812791485890e+02
2.196053311612012635e+02
2.221934571110913623e+02
2.199396273876649843e+02
2.196417547954086444e+02
2.225566011818202128e+02
2.244762878062072389e+02
2.231255919694965257e+02
2.200328114756274260e+02
2.205359819391495932e+02
2.225410241107092872e+02
2.217581511177923517e+02
2.197736171801020646e+02
2.244358807455932947e+02
2.239885954285579999e+02
2.210522979012025644e+02
2.196389721618906776e+02
2.218937902619371982e+02
2.205048932646255935e+02
2.217330798376431176e+02
2.232660849836348120e+02
2.220793625076972546e+02
2.244744142856959570e+02
2.225390547446164931e+02
2.233990519330946256e+02
2.218749471696967817e+02
2.229013036953846836e+02
2.202325791697803652e+02
2.212097908237560375e+02
2.210165446454943776e+02
2.204363538398363005e+02
2.211620838366981729e+02
2.199218996528282446e+02
2.212302092786866012e+02
2.190520291810926494e+02
2.217966365582392143e+02
2.218516925242171567e+02
2.206110232199006873e+02
2.215982904068888786e+02
2.214414284224623657e+02
2.190116493782381895e+02
2.205497940707227542e+02
2.215541663391390728e+02
2.205126306526571511e+02
2.217447618448670141e+02
2.227402759535397934e+02
2.241434092541752818e+02
2.248728705461221864e+02
2.207897258335254094e+02
2.253370734838168801e+02
2.205858311531116556e+02
2.186458976484253185e+02
2.230407408339758604e+02
2.234018946415702658e+02
2.210747188112914898e+02
2.202134806109745568e+02
2.201010275770650821e+02
2.193947569611175084e+02
2.191603029004897678e+02
2.224389964273411238e+02
2.191609018814266392e+02
2.175221790757732379e+02
2.227781424055501134e+02
2.195168763092851805e+02
2.204689407840079980e+02
2.226061064225213784e+02
2.246708785824883989e+02
2.232136526023422505e+02
2.229705934842769466e+02
2.184759492002302750e+02
2.209675786628303626e+02
2.179394109361343226e+02
2.255811769815721561e+02
2.228119491583218235e+02
2.211118324957387244e+02
2.217601537495380626e+02
2.230693017913725384e+02
2.207905804472372893e+02
2.202851281576838574e+02
2.227445582518974447e+02
2.231976957028377910e+02
2.209292408317498655e+02
2.216091903902991191e+02
2.174579931060230820e+02
2.226092137799042234e+02
2.212124600353912172e+02
2.196829448891483310e+02
2.263310445376816062e+02
2.201369206396315121e+02
2.226663469312126722e+02
2.225381844109988378e+02
2.241163046302689565e+02
2.200090979983465900e+02
2.239822501717848411e+02
2.193791412482688088e+02
2.221534802602669743e+02
2.226117374948146903e+02
2.207802688578257460e+02
2.220265213038066747e+02
2.201226625734569780e+02
2.204756293991791267e+02
2.225578728504543449e+02
2.202639511427400123e+02
2.208684740859359579e+02
2.192718996015339314e+02
2.247527523213575762e+02
2.229643816399050991e+02
2.188034149862841105e+02
2.195389512958114437e+02
2.191227116988060004e+02
2.234497628184900577e+02
2.246393910690341045e+02
2.210394758103226991e+02
2.197852482721794161e+02
2.230837696866777833e+02
2.185700537668153629e+02
2.189811301380966313e+02
2.245745018395408010e+02
2.219081681273295032e+02
2.212527249945819676e+02
2.231318264468748964e+02
2.165673314855866352e+02
2.160464773414102240e+02
2.229002701266034023e+02
2.221441704912193700e+02
2.224303741153541694e+02
2.206163749747970257e+02
2.196317775557968730e+02
2.202504518588052633e+02
2.195049784247263460e+02
2.210252544707520315e+02
2.185580119334566973e+02
2.189075307288569263e+02
2.227327751938159679e+02
2.214722953780880061e+02
2.211190628238219347e+02
2.202649446179826498e+02
2.229406627576983908e+02
2.201582782667450715e+02
2.207335303892582772e+02
2.259737960734124727e+02
2.241828488289582992e+02
2.224519411495451493e+02
2.215538350398527712e+02
2.208004104459819814e+02
2.217951869180920141e+02
2.206368670286194344e+02
2.218671766532711160e+02
2.220332015053509451e+02
2.219503395206866685e+02
2.175380302276001032e+02
2.181709499289469818e+02
2.192619081242029040e+02
2.249108079253009862e+02
2.217516067670389646e+02
2.244530986138315427e+02
2.197923790356762481e+02
2.182712082486655447e+02
2.202628807493260297e+02
2.233621573780177698e+02
2.208281115103024206e+02
2.254393509533539088e+02
2.194968229178518015e+02
2.217348412846433803e+02
2.206054169552339204e+02
2.166565359695798918e+02
2.206358997395151107e+02
2.190356173913149007e+02
2.215637243701555690e+02
2.211974566009508862e+02
2.250726863473516062e+02
2.221773425721041235e+02
2.235838425828407878e+02
2.243779235851960152e+02
2.181076204253660364e+02
2.166038814031988977e+02
2.212259704602986972e+02
2.222019446606489907e+02
2.248642910824118815e+02
2.205877353294937961e+02
2.212447314641773914e+02
2.192140091726141975e+02
2.203597395017091287e+02
2.241955194605125996e+02
2.172508786437103936e+02
2.212438513439705332e+02
2.240889210778841516e+02
2.205720732838687184e+02
2.197629772247460664e+02
2.251087198598559382e+02
2.237657931431555483e+02
2.238839261002259207e+02
2.195913845474554478e+02
2.208815722282782019e+02
2.195822442411723046e+02
2.204738434352459819e+02
2.205059967069897482e+02
2.189899899095853755e+02
2.222572648443043022e+02
2.225727005769006723e+02
2.210103643419983541e+02
2.196844940964490718e+02
2.194623733392733982e+02
2.203286426439941579e+02
2.248158391967116074e+02
2.203040334291300439e+02
2.230177774354103235e+02
2.216026548014837942e+02
2.235004661567652136e+02
2.193492387377015689e+02
2.198285332753138164e+02
2.254901421150269414e+02
2.218800160885925266e+02
2.227326290623444720e+02
2.226890156510226575e+02
2.217034426422295894e+02
2.222132428467116654e+02
2.246447635233018616e+02
2.244398610510068863e+02
2.219728835532662856e+02
2.210183731722960090e+02
2.226442140039666242e+02
2.219024965375481315e+02
2.222018756832088400e+02
2.197577378010669236e+02
2.240638636450668173e+02
2.223757785983422082e+02
2.213193985431243505e+02
2.219890603085287637e+02
2.240819062422892500e+02
2.220273757362754168e+02
2.222130394451450854e+02
2.250139424779418960e+02
2.221879138711325652e+02
2.192718149474321194e+02
2.240661878163891174e+02
2.229954041761397150e+02
2.196317519902406730e+02
2.201859159906158254e+02
2.259038040015429374e+02
2.232550679421044322e+02
2.240979328132453929e+02
2.228347322460565465e+02
2.236701277808167845e+02
2.229734156309381490e+02
2.196862028098253461e+02
2.203951686444772804e+02
2.246626458461137759e+02
2.233939540407617983e+02
2.201441690044113955e+02
2.190420652822746206e+02
2.252357685621908843e+02
2.196790815452039283e+02
2.227792467702882107e+02
2.220390072293590151e+02
2.235293085564510989e+02
2.214512021810552653e+02
2.220774315022853500e+02
2.231177349935422853e+02
2.215945666596332444e+02
2.203452576297740677e+02
2.208556834388114396e+02
2.204976369790623778e+02
2.208996800234443185e+02
2.262702167113228313e+02
2.249547945288538529e+02
2.231589079492556777e+02
2.215786609491406125e+02
2.215321814075600457e+02
2.219657754170127077e+02
2.235247562269709363e+02
2.258797417177595719e+02
2.232226331375367181e+02
2.233194587625862368e+02
2.175954948910406870e+02
2.212858776198871453e+02
2.228215054834017792e+02
2.230393723454641872e+02
2.220356317115317779e+02
2.205569933096341231e+02
2.198442627248480221e+02
2.169846834982583346e+02
2.219402377787610305e+02
2.171162950206205835e+02
2.197342699895709472e+02
2.235858217036404199e+02
2.192071183363050011e+02
2.206917160077978792e+02
2.176487817858785832e+02
2.222896061948973738e+02
2.203813910939798006e+02
2.177500996146475813e+02
2.196755951268829392e+02
2.215331076833410293e+02
2.220649273057218238e+02
2.190972401082739225e+02
2.249034146456777137e+02
2.211267788824106901e+02
2.256714359734387756e+02
2.182058185929267040e+02
2.177098353044101202e+02
2.204224260824014436e+02
2.226731712565047587e+02
2.221560521060111455e+02
2.219089001044245890e+02
2.202544131752794954e+02
2.225948895965202041e+02
2.193836152615924959e+02
2.202717565621450433e+02
2.207236490591290305e+02
2.205159189686939385e+02
2.232605427574143562e+02
2.214131227109270696e+02
2.201396220730711377e+02
2.238075228713174738e+02
2.204621928976330310e+02
2.200785767099185648e+02
2.220668036234370675e+02
2.176231324322767477e+02
2.191323480450215300e+02
2.195546371226958513e+02
2.207795262947461481e+02
2.182848993081498463e+02
2.209047011096124606e+02
2.235542427560358192e+02
2.218249821980387253e+02
2.190778491002224655e+02
2.211565420140758533e+02
2.217496676401638069e+02
2.216759339636997765e+02
2.224844369260877102e+02
2.203932588725912751e+02
2.225240824542463258e+02
2.213614120041784474e+02
2.203097243557812703e+02
2.203938107834279378e+02
2.220127890739877046e+02
2.228672645304773141e+02
2.240370911598153327e+02
2.207918700840892541e+02
2.208866181147872396e+02
2.237451852741018286e+02
2.146697593265281796e+02
2.209978943236888824e+02
2.241649395097705622e+02
2.216054832065467792e+02
2.231945667099586217e+02
2.213376104939805771e+02
2.218594994575944384e+02
2.218724688167899046e+02
2.196298360832715275e+02
2.216979142142828039e+02
2.236687594438209601e+02
2.214598934394954028e+02
2.196475521292389317e+02
2.220361419704099148e+02
2.242314205455383842e+02
2.234858722026371254e+02
2.217421306175373559e+02
2.218997752277936399e+02
2.198199714422498801e+02
2.186050076062637970e+02
2.214764371228727384e+02
2.202962749098862218e+02
2.231453227160210702e+02
2.242815010342239646e+02
2.235442249767172882e+02
2.192141032924889714e+02
2.245835331330721942e+02
2.207519944285678264e+02
2.241668178181128326e+02
2.216933647026036454e+02
2.209611267500008012e+02
2.199712679305831102e+02
2.223457359849015802e+02
2.205519045879865132e+02
2.226061189115200136e+02
2.233015449797061649e+02
2.203519081373260917e+02
2.240377373175440425e+02
2.211531629031818795e+02
2.191730086908652027e+02
2.231055171831750670e+02
2.216809014934147228e+02
2.202028883810574484e+02
2.187530753874363540e+02
2.205948138303832025e+02
2.208623194470229976e+02
2.222440015828088349e+02
2.250039086493152354e+02
2.213138096180001355e+02
2.250462178594417821e+02
2.202802444238529347e+02
2.216408444374624480e+02
2.220716967403156445e+02
2.202623393349581988e+02
2.221467101662724986e+02
2.207009600705850403e+02
2.278543498275531931e+02
2.178950127501475436e+02
2.205848946525966880e+02
2.231937927202124570e+02
2.241882523406150369e+02
2.202992805148277284e+02
2.216243908923368622e+02
2.205501968633643344e+02
2.191671774032200233e+02
2.214288551300224697e+02
2.218587152260505206e+02
2.244252018875012880e+02
2.248999731990524253e+02
2.220570182803128603e+02
2.217394144850692044e+02
2.186603120377284597e+02
2.175657544444025007e+02
2.231560016331505381e+02
2.221473569507368211e+02
2.234705942603892481e+02
2.208264733879017285e+02
2.182924657061953724e+02
2.218613963004918048e+02
2.219748741015464191e+02
2.198139309460280799e+02
2.198500021195052909e+02
2.230784552285279858e+02
2.207687331560457267e+02
2.234445668376515357e+02
2.209438618915444010e+02
2.184489059960086195e+02
2.224681442343698450e+02
2.190814957583607736e+02
2.199353122620101146e+02
2.236776399881742918e+02
2.204387441418131743e+02
2.197654715010440896e+02
2.206866701750314519e+02
2.232483027222396004e+02
2.221391868177952347e+02
2.226299836267572516e+02
2.237487921136080047e+02
2.223508551393278196e+02
2.194568150345096171e+02
2.188708349589658724e+02
2.182158691151798564e+02
2.228228900545941542e+02
2.216144462476805472e+02
2.236340647046902177e+02
2.244797719968115643e+02
2.220243118470659454e+02
2.231601245761480925e+02
2.181997606267759977e+02
2.213183947198780572e+02
2.213882122411341697e+02
2.234879602198057853e+02
2.179428415045993290e+02
2.226922871979026297e+02
2.206858898409222149e+02
2.222759209947806767e+02
2.235595740096854342e+02
2.237661975408702517e+02
2.231501783975363935e+02
2.202861922047246708e+02
2.209306937185063759e+02
2.212650279011943439e+02
2.235149967090769678e+02
2.233370854491669206e+02
2.233362777786143738e+02
2.209941185625421269e+02
2.180364606211522300e+02
2.210763940197464308e+02
2.235052666118506863e+02
2.208168733853013350e+02
2.216616198675973806e+02
2.214086889199926702e+02
2.201705763236420523e+02
2.204722208999156692e+02
2.228727785354784316e+02
2.204114280613196115e+02
2.222660329053801718e+02
2.220951831151826070e+02
2.190242477410366462e+02
2.221874237219705037e+02
2.209639259904243431e+02
2.234561009325098837e+02
2.197363499328152443e+02
2.209461000978726872e+02
2.219880017899187692e+02
2.222594301694603303e+02
2.234210396127466538e+02
2.197989375232291991e+02
2.210662887855234544e+02
2.209947548801879122e+02
2.217175373095503801e+02
2.198067137701941078e+02
2.202671712933612298e+02
2.218255345962595015e+02
2.228071500985377611e+02
2.227080409607726494e+02
2.242956622108860643e+02
2.188146022028944628e+02
2.212311756901671629e+02
2.177921880787305895e+02
2.212684780277563164e+02
2.191170439046612444e+02
2.203223166291971609e+02
2.195099321809196624e+02
2.214514807811025037e+02
2.170116044853369317e+02
2.220516970245371624e+02
2.188047055252309292e+02
2.218740367421359565e+02
2.188362251676229846e+02
2.240877956159089308e+02
2.212771180113016669e+02
2.237852550892528711e+02
2.247385529872483687e+02
2.212502268486614128e+02
2.225389674877710320e+02
2.206528013354979123e+02
2.186325742975897128e+02
2.228761002660763211e+02
2.219815970457715650e+02
2.232017173068419993e+02
2.233614992299551432e+02
2.175161035178266786e+02
2.191449747679259019e+02
2.224445855025040828e+02
2.242749324402950037e+02
2.220221679168949436e+02
2.249969644906082067e+02
2.231631146659323122e+02
2.222849725836875905e+02
2.193121252608572718e+02
2.201430466480323673e+02
2.236180956945157732e+02
2.220493958455298014e+02
2.236180369210457854e+02
2.191301574866590158e+02
2.177014095733464956e+02
2.202872474634189928e+02
2.210727739485023733e+02
2.217837972088563561e+02
2.259899359431975938e+02
2.219662901641240751e+02
2.236340046243170434e+02
2.211055240616461788e+02
2.234890915615183360e+02
2.213507866655834277e+02
2.221546221267019234e+02
2.189976572380988671e+02
2.233497410018453309e+02
2.247033170074597308e+02
2.220094095901221749e+02
2.214505150188586242e+02
2.201751033189090947e+02
2.210168201764221294e+02
2.248592728626067583e+02
2.235107297541446769e+02
2.184950587170875451e+02
2.204340929040237995e+02
2.203359160809775972e+02
2.244113672151282515e+02
2.207137552419904125e+02
2.221401171617906982e+02
2.237821554908034614e+02
2.225521970222537789e+02
2.202486575565451403e+02
2.214667404917983902e+02
2.167448257211808595e+02
2.183927449446475748e+02
2.235621026544776271e+02
2.204091030920430683e+02
2.210337261935680999e+02
2.216101512789215064e+02
2.165497441263522660e+02
2.183111191808768865e+02
2.181306550437478222e+02
2.217869679715019231e+02
2.213982675377105807e+02
2.207931946752647150e+02
2.214839505107993318e+02
2.199951610217163989e+02
2.250043939503489696e+02
2.219986075053299146e+02
2.178989176154415190e+02
2.191356425726057466e+02
2.229996320471666422e+02
2.216162150234556805e+02
2.194147375301203340e+02
2.211178891506767457e+02
2.223386391049587587e+02
2.219047017585741628e+02
2.210310804539568039e+02
2.222480490567625111e+02
2.269250307650818570e+02
2.187625324611913697e+02
2.217542725456456481e+02
2.186856972021949730e+02
2.244256682306134394e+02
2.257381523859755532e+02
2.215514462773684841e+02
2.216973501296353390e+02
2.199264101864886527e+02
2.171683609209464692e+02
2.215100422545033609e+02
2.215328373342810266e+02
2.250575513955076588e+02
2.229468815832429698e+02
2.190059389328535531e+02
2.235523982159027696e+02
2.221737712935739069e+02
2.185812214581417834e+02
2.190120274242571554e+02
