1.018083819134784562e+02
9.934383779562490702e+01
1.027337328573407120e+02
9.938583765351782517e+01
1.043569265740430865e+02
1.004217501678930091e+02
1.038160369989256822e+02
9.920177716641838117e+01
1.019749750079406994e+02
1.018442574223103207e+02
1.039105339967220658e+02
9.813578287594820893e+01
1.034686916042993943e+02
1.005118615854612187e+02
1.023869578978056580e+02
1.026667555510646110e+02
1.039549023654619617e+02
9.936361753866778201e+01
1.006680057150891656e+02
1.030606617680415269e+02
9.966272175807878853e+01
1.015873841500118573e+02
9.991888205360227460e+01
1.040046085677421530e+02
1.025853100268692657e+02
1.044870594175566225e+02
1.015806406012460315e+02
9.938235987841704855e+01
9.739072767615377302e+01
1.024431116098178336e+02
1.015268725772901348e+02
1.049634982631144879e+02
1.023315500093233936e+02
1.035280610267998469e+02
1.010344361840451199e+02
9.969404491405106228e+01
1.041580142244712732e+02
1.026665762870972287e+02
1.029865515639407789e+02
1.023693987179375426e+02
9.964322540745001788e+01
1.006776741927096168e+02
1.050805203393969549e+02
1.042819916323945790e+02
1.030008393149707757e+02
1.015065535225471223e+02
9.860335168452952814e+01
1.002656069886908199e+02
9.724712400455648265e+01
1.010617924171706363e+02
9.982760306754553881e+01
1.043165171121030568e+02
9.997377147580588996e+01
1.030262935206533967e+02
1.036822325785398959e+02
1.018365972121529808e+02
1.030570142290489173e+02
1.000517669652144264e+02
1.018074496318875077e+02
1.021552119567056138e+02
1.048157675621090590e+02
9.916419197750967385e+01
1.018917052030388533e+02
1.012188565982238657e+02
1.049611729460392411e+02
1.014859432251644620e+02
1.032174668016586594e+02
1.007930509810613415e+02
1.016292784168259118e+02
1.000971994843076374e+02
1.036716905024364479e+02
1.003404374226625180e+02
1.021517726018981307e+02
1.051699917977041423e+02
1.020801828447790314e+02
1.041551236906566515e+02
1.002158280859752892e+02
1.046542855724346168e+02
1.005992857530735307e+02
9.806315252745137911e+01
1.060607414075445263e+02
1.059929006891015462e+02
1.003535258534115968e+02
1.036152608026985860e+02
9.567298275270005092e+01
1.055568995228842795e+02
1.023680170962044826e+02
1.049701162324191586e+02
1.017859166886760960e+02
9.931035103849340828e+01
1.001713660606342984e+02
1.041978415328550369e+02
1.019270469228593754e+02
1.030507912004318598e+02
1.036501106994521422e+02
1.038848102975056662e+02
1.029168467414943535e+02
1.032706031696215518e+02
1.053553327764207381e+02
1.045593831652043804e+02
1.034131432977918763e+02
1.025809281977513905e+02
1.014438093323406349e+02
9.896330101316281969e+01
1.013018674756846735e+02
9.958198597071103109e+01
1.009459044906821532e+02
9.794999118184770737e+01
1.031100802610827003e+02
1.036288371708674845e+02
1.000685167237143816e+02
1.048211964283652406e+02
1.022534573710986905e+02
9.734859763139273525e+01
1.019604185912772891e+02
1.026276743667146718e+02
9.974469136831741878e+01
1.025963862651246927e+02
1.008611905637664563e+02
1.014655229265294878e+02
1.005806313365762605e+02
1.028963377926950642e+02
1.001771007900193950e+02
1.006744579874721524e+02
9.973605914259695737e+01
9.869819458376258581e+01
1.030640313261932306e+02
1.016873269895085343e+02
1.026101546411097871e+02
9.842436396752725614e+01
1.001371893733370513e+02
1.030282109044352126e+02
1.033157779184475658e+02
1.033927622995886253e+02
9.676226077847815077e+01
9.978476837128363286e+01
1.017462356349022485e+02
1.029234683246503579e+02
1.012692751786294281e+02
1.050757347377397934e+02
1.010928527482336676e+02
9.959403535596482016e+01
1.036158808931961204e+02
1.040104706040713012e+02
1.000471656544956289e+02
1.038125513319417479e+02
9.998777379822034561e+01
9.953372858165700166e+01
1.024578196966946848e+02
1.007253935840502237e+02
1.055778458035126306e+02
9.967453983056292088e+01
1.025636071180315412e+02
1.036736664571763527e+02
1.046104104257586442e+02
1.049360675134038416e+02
9.921661747494871975e+01
1.039771295619082849e+02
1.017617794424021156e+02
1.004349843748735793e+02
9.920202981847336332e+01
1.015596854520185275e+02
1.050525027765241504e+02
1.021474889351442954e+02
1.042323446992311915e+02
1.038765989783899073e+02
1.022029136434427841e+02
1.001446435084106383e+02
1.036914305099983125e+02
1.035164201613513768e+02
1.064590607775593298e+02
1.003073720077779143e+02
1.004722071716020082e+02
1.017023377869156775e+02
1.043424362089305362e+02
1.020480945965414179e+02
1.005273324046665948e+02
1.014028792589952417e+02
1.019106408936802808e+02
9.995241375019401175e+01
1.028162313837688515e+02
1.020799677934495548e+02
1.042271814251949849e+02
1.002229923919285284e+02
9.988466431347174534e+01
9.938503679017620129e+01
1.002651230372150195e+02
9.701407724606258398e+01
1.014995350820029785e+02
1.049074184966209629e+02
1.030396901183490712e+02
1.007246683284057411e+02
1.015474885352593475e+02
1.031857073381593324e+02
1.015338594806812580e+02
1.010984617864382500e+02
1.004801829875966206e+02
1.028770634900024135e+02
9.901185279308384679e+01
9.852008935134279000e+01
1.033895008704339205e+02
1.014027167205027951e+02
1.011129751752603454e+02
9.993929524380806129e+01
1.023849568058251407e+02
1.003920113790545230e+02
9.917194301201290330e+01
1.044404096626695519e+02
1.015694194378808959e+02
1.032810773728821943e+02
1.020432393723651074e+02
1.023315406541670427e+02
1.025046522672121370e+02
9.869890942476091311e+01
1.021757261101147236e+02
1.024080006569732291e+02
9.999440988065883573e+01
1.042095020357335784e+02
1.027589695523591047e+02
1.024490532180513469e+02
1.055730319916037132e+02
9.993542099931906364e+01
1.020107786847379856e+02
1.005739636998534650e+02
1.009431931528209816e+02
9.809419193453520336e+01
1.005588056111282498e+02
1.026832208828449069e+02
9.962802760727109330e+01
1.022096242150622771e+02
1.045174050379707893e+02
1.010996034786388122e+02
1.029036738172466556e+02
9.881620629337608364e+01
1.041007735673626087e+02
9.720594796910852153e+01
1.075025975509851293e+02
1.000328892049629133e+02
1.000295334414841903e+02
1.019852716000353610e+02
1.004025892902762678e+02
1.018260230071041548e+02
9.888998423762686230e+01
1.036984535362762756e+02
1.035568947430104743e+02
1.014193981978145302e+02
1.024552061191131145e+02
1.015487773050073770e+02
1.000410151358255320e+02
1.045835914916172555e+02
1.048225088763587536e+02
1.027328662935506287e+02
1.046882817033986868e+02
9.994794229987233791e+01
1.012376495784521779e+02
9.807168930242355032e+01
1.042905056968750301e+02
1.042672143286605291e+02
9.936905005131198720e+01
1.013436245417125576e+02
1.032881669433265870e+02
1.017569119091996015e+02
1.017126992438893751e+02
1.010118088653263015e+02
1.000808575132009821e+02
1.019830280582475552e+02
1.055159828809023566e+02
1.023588243538504514e+02
9.813151155028407402e+01
1.022288241260596919e+02
1.054356422477868875e+02
1.010151921385307077e+02
1.055870928161735236e+02
1.038208461737637975e+02
9.945549389299040399e+01
1.021344853666982857e+02
9.866059317465766298e+01
1.020102603841136926e+02
1.012875404849046816e+02
1.011387737826638613e+02
1.068290016218958414e+02
1.007870543988229031e+02
1.024888690294341984e+02
1.020617721122096242e+02
1.015037553360389779e+02
1.059199152046644627e+02
1.007388508254631034e+02
1.009596809051900266e+02
1.011034566113427644e+02
1.026106102198179286e+02
9.903277866272767938e+01
1.007213020354738688e+02
1.035927427734502260e+02
1.015150106573111515e+02
1.008087999374678958e+02
1.017712315262538851e+02
1.016941193474667386e+02
1.035516090920328196e+02
1.040123311424939772e+02
1.027086000688164802e+02
9.787831467735362878e+01
1.036140436558078193e+02
1.008210970019926975e+02
1.055527035983673017e+02
1.013540071687956612e+02
1.010660595033133831e+02
1.021750578507699316e+02
1.032966492748801528e+02
1.003522191112620874e+02
1.034285945345851587e+02
1.020950555894351481e+02
1.021131406524086742e+02
1.024599292416614134e+02
1.006475657770784267e+02
1.020087892543578079e+02
1.007219857166020205e+02
9.813264026147879804e+01
1.032336955897475548e+02
1.032655798418552280e+02
9.883234032031036520e+01
1.003958216015795699e+02
1.003755010915729002e+02
1.064085558540887035e+02
1.017566283588193272e+02
9.964651542591748523e+01
1.006272927794922936e+02
1.037865569488383812e+02
1.000381541225573869e+02
1.020566362620658225e+02
1.006266662580756446e+02
1.022578362118070174e+02
1.034508939264704281e+02
9.838282814000891108e+01
1.007032552330605171e+02
1.007908585829162575e+02
1.012609274360595890e+02
1.001362352688444730e+02
1.028175552382236333e+02
1.007514149025031429e+02
1.014961122105282243e+02
1.003392241946110772e+02
1.039922193412626825e+02
1.015952476467630561e+02
1.038511249492509023e+02
1.009089123094584437e+02
1.044716026071372568e+02
1.006894822877128632e+02
1.011354992117786367e+02
1.021014530495950510e+02
1.017491428434168483e+02
1.048389122962017836e+02
1.035632832542174242e+02
1.013905712405626360e+02
1.048724050186511079e+02
1.032431146032129448e+02
1.020223639718556257e+02
1.011042543783108272e+02
1.020962153683410207e+02
1.001684950104270513e+02
1.042913651346201931e+02
1.019830929782070257e+02
1.008510599053474692e+02
1.052172095640366081e+02
1.018236288116143271e+02
1.007364709404291290e+02
9.842300502266282081e+01
1.059169465790881759e+02
9.835771151265390699e+01
1.009476033248694335e+02
9.980343459505637327e+01
1.020360557475530499e+02
1.033293188778334724e+02
1.055947099147451098e+02
1.000140421019019783e+02
1.049225401447878454e+02
1.004516614577082834e+02
1.008018850027484916e+02
9.925871587218432524e+01
1.036169721883577353e+02
1.008024153829033054e+02
9.989574096241121026e+01
1.011513357560835260e+02
9.912971124019776425e+01
1.003194118736700347e+02
9.979439426812069769e+01
1.029367522781073205e+02
1.027646566606444622e+02
9.876844159043561433e+01
1.032958501277429804e+02
1.008046751951223143e+02
9.946962885546658129e+01
1.024927976598880974e+02
1.025023001952334027e+02
1.022486149361057954e+02
1.009834221624644215e+02
9.923845259763804449e+01
1.023374532412501310e+02
1.031362343076013275e+02
1.046831446576159692e+02
1.056325642240636142e+02
1.068306268006956543e+02
1.021264432489054457e+02
1.026671520545299074e+02
1.009238256282723256e+02
1.030800585370990774e+02
9.969513965653592891e+01
1.024680404069766553e+02
1.024907881767818765e+02
1.041365348159962139e+02
1.007317751762198554e+02
1.029207071772506481e+02
1.007186952087456575e+02
1.024223111066237948e+02
9.764437469222549737e+01
1.011109078471092459e+02
1.000050436488021148e+02
1.011446508083350437e+02
1.027998686628289988e+02
1.011286635239463152e+02
1.046634589851320101e+02
1.008377548636476462e+02
1.029364887104863016e+02
1.002266841783042821e+02
1.007484274577855246e+02
1.033530324338775443e+02
9.977007505198457693e+01
1.034482995443883766e+02
9.937825480453722093e+01
1.019289675357600515e+02
9.873166746717491549e+01
1.006693310418497447e+02
1.012511273101422518e+02
1.065170056923145410e+02
1.032012141984113640e+02
1.003303294935155350e+02
9.888044937987605465e+01
1.026541152974562436e+02
1.001676941906270031e+02
1.007450653044388673e+02
1.005962652402953523e+02
1.034353314066110840e+02
1.006421762326262979e+02
1.006506573067165817e+02
9.972763854800598438e+01
9.966858440618472059e+01
1.024194462441992926e+02
1.026773937432552373e+02
9.940115171759182999e+01
1.018497133481948964e+02
1.038527710035816796e+02
1.068099004929828197e+02
1.022077443552268790e+02
1.021687638889511334e+02
9.984104968305763350e+01
1.059806225778669244e+02
1.017312931624307311e+02
1.010447580827135994e+02
1.006584213130085601e+02
1.004803703982883860e+02
9.875264038987603499e+01
1.044740085910320317e+02
9.848007199878242091e+01
1.056527221856958931e+02
1.003646911417996535e+02
9.921574766585587213e+01
1.011965661245968136e+02
1.040646342036427257e+02
1.001924290377695570e+02
1.013424080879342597e+02
1.018077043657641241e+02
1.004664366722705324e+02
1.008782573216494853e+02
1.028899013957380220e+02
1.020210072153899006e+02
1.027248543099861422e+02
1.020153067405063894e+02
1.021082497442726265e+02
1.051763611449776050e+02
1.000502347249998394e+02
1.033150505374323700e+02
9.933070874626322677e+01
1.022921653981360777e+02
1.012136858123899401e+02
1.013954149438219190e+02
1.022070640357987230e+02
1.016096623675770303e+02
1.014541250561148047e+02
1.024135270143562764e+02
1.052038130905366131e+02
9.951597484903118129e+01
1.023703090124232062e+02
1.028451010605585054e+02
9.748164843192893159e+01
9.959363630526982547e+01
1.024468844220480435e+02
1.001656204326277333e+02
1.014653757902637210e+02
1.008033966094355094e+02
9.949181476054967277e+01
1.022708405489697583e+02
1.009114977242507081e+02
1.011700566438507707e+02
1.028375483826405770e+02
1.032850585844813907e+02
9.935604032607109559e+01
1.028519713700129472e+02
1.021978565091463764e+02
1.018389710635079553e+02
9.937858079123844846e+01
9.847973017469597323e+01
1.035858595855709865e+02
1.030387114627588119e+02
1.029635678120267244e+02
1.042598406916616653e+02
1.015731265773168701e+02
9.806560694588205251e+01
1.013408497965369008e+02
1.009194111474306084e+02
1.029473408102599876e+02
1.047195095035871333e+02
1.010674511865428684e+02
9.971829308468737452e+01
9.981275064538981212e+01
1.017278114119574468e+02
1.003843940050628873e+02
1.002200768379463938e+02
1.012264227631847717e+02
1.032594524820434430e+02
1.013728521981364139e+02
1.006760026930800080e+02
1.019470314035847736e+02
1.017553071760130621e+02
1.034294826370174860e+02
1.002121272963153160e+02
1.006047664701935673e+02
1.053072259746551254e+02
1.040715123163814440e+02
1.031653584086239164e+02
1.014784860224706620e+02
9.818738210455886417e+01
1.028232063715067994e+02
9.962524112269652221e+01
1.050426002008143200e+02
1.025799904876361808e+02
1.027042351139325262e+02
1.040755410213112668e+02
1.009052995448961383e+02
9.885742206928065912e+01
1.019664058100253783e+02
9.833785260639230330e+01
1.032604717790911764e+02
1.007088449532491126e+02
1.024036694152551377e+02
1.024145297909916934e+02
9.946923550641801626e+01
1.027613134100474923e+02
1.043168598797230970e+02
1.061363803176844272e+02
1.004030865211163785e+02
1.024303365532279315e+02
1.018468829232340340e+02
1.002958312334657052e+02
1.018633883926890888e+02
1.000026472740387078e+02
1.026068407214552849e+02
1.021468761127048310e+02
1.012715093087662979e+02
1.036843521795535707e+02
1.032940850887698758e+02
1.059124930209988946e+02
1.037433343410633881e+02
1.016560494744040000e+02
1.015013472606417224e+02
1.022654628068721365e+02
1.019379015793235368e+02
1.043078406847314028e+02
1.002234467765551074e+02
1.020113219640422386e+02
1.016816023769919468e+02
1.010877307253406769e+02
1.000752642625253799e+02
1.032530046318653802e+02
9.993125700187560767e+01
1.041320365416938216e+02
9.948158035009394951e+01
1.019999561226421037e+02
1.007510487514488347e+02
9.931256425215161698e+01
1.016116736979416260e+02
1.001982417585332001e+02
1.014171089177019809e+02
1.020420331689600317e+02
1.021416348909403524e+02
1.060463133704377725e+02
1.054381952781960479e+02
1.025941454361585841e+02
1.007985035654779296e+02
9.882293651194332540e+01
1.001163194969272894e+02
9.987006605268270221e+01
1.008970726946553782e+02
1.007653421818223620e+02
1.002723928550483521e+02
9.884128773233939569e+01
1.016998618191936714e+02
1.026917063970950466e+02
1.029475086686769032e+02
1.009987664725052809e+02
1.020133888510445672e+02
9.759284587597015559e+01
1.021438241927459103e+02
9.839885584504294513e+01
9.904088160679957298e+01
1.014510657683179318e+02
1.032349442711457073e+02
1.031438915132045366e+02
1.006454177860844226e+02
1.041548242745091528e+02
1.000597387938830565e+02
1.004544614639134892e+02
1.016877565653565654e+02
1.036135774183319000e+02
1.033692696061757630e+02
1.012681138994889807e+02
1.012096675817070945e+02
1.018443533648256079e+02
1.020905328964688579e+02
1.000558112389640257e+02
1.012418760389771393e+02
1.018382030173746813e+02
9.839560887736861616e+01
1.020418761404001771e+02
1.019676674588131959e+02
1.021775615561995494e+02
9.919524987892350509e+01
1.006529855527995352e+02
1.008598940038173595e+02
1.004958735246545984e+02
9.865740465267856507e+01
9.911436376278395244e+01
1.027334305556508696e+02
1.009915203154135668e+02
1.009944090380579667e+02
1.040874788822967645e+02
9.817117989437407743e+01
1.021902351118525587e+02
9.871534164016675561e+01
1.027968513312141994e+02
9.928460945040573904e+01
1.046292018544762925e+02
1.018762394510755058e+02
9.840774419692533570e+01
1.026072123766497981e+02
9.909824043482029765e+01
1.026404120234612805e+02
1.027394670046779339e+02
1.024467746713579430e+02
1.028847399145797397e+02
9.998479969393953581e+01
9.967728920125031777e+01
9.887660479765882826e+01
1.046878542541614934e+02
1.059289662732112589e+02
1.009131140286767589e+02
1.050252271343419750e+02
1.010637424113110114e+02
1.003376795279899767e+02
9.950490528559620884e+01
1.044626875332250933e+02
1.010981325790173599e+02
1.023726326074432222e+02
1.018822666742932483e+02
1.014544437034136593e+02
1.003168730591237647e+02
1.052267842417526111e+02
1.000661234364335996e+02
1.024280328958131889e+02
9.957174685744850251e+01
1.012937643874430904e+02
1.014642590534705846e+02
1.007324486775713694e+02
1.002149925909511268e+02
1.040582896676160800e+02
1.012282715220566871e+02
9.994449741304558188e+01
1.028101302032061142e+02
1.032270132932619759e+02
1.025595146372713913e+02
1.029133260832402357e+02
9.985373819378418148e+01
1.030692923324528039e+02
1.040344466173310707e+02
1.016346826505858587e+02
1.047505687361824300e+02
1.014705833340876069e+02
9.942775204214368046e+01
1.041553812238737606e+02
1.014230812055333644e+02
1.041478606022970297e+02
1.038452056229008349e+02
1.017328141055501760e+02
9.887009156512296215e+01
1.013161078514161488e+02
1.026532721189560959e+02
1.044489299674813765e+02
1.040262435718140352e+02
1.044251402771343606e+02
1.032897134522773825e+02
1.034385161534504505e+02
1.057701358501013971e+02
1.014298237345491458e+02
9.981151221917578198e+01
1.019178390415777784e+02
1.011727153213242900e+02
1.044282534444687371e+02
1.001297563896111029e+02
1.040695541545559877e+02
9.837576186149694024e+01
1.037549772922387206e+02
1.026988970581965361e+02
9.936922016874669339e+01
1.013039510317956200e+02
9.764594980573347982e+01
1.008801391101683720e+02
1.033128409898351379e+02
1.030763674105088086e+02
1.021459999191685029e+02
1.002337045461191281e+02
1.006683809893700214e+02
1.062795377191755222e+02
1.012497409065096292e+02
1.010590665287583079e+02
1.034687418944646140e+02
9.826666837554235201e+01
1.000833235396223699e+02
9.975869088144642660e+01
1.015798399111966432e+02
1.013798975290786331e+02
9.966173852616483941e+01
1.049484003350723498e+02
9.441366757492922090e+01
1.028679433853222207e+02
1.005415836839667492e+02
1.040934752470660385e+02
1.018960464700142268e+02
1.013958510635902002e+02
1.027272940771951397e+02
1.022849857269947336e+02
1.049392661629504602e+02
9.982053722708603516e+01
1.045385572878344789e+02
1.037903122509987668e+02
1.039638235504574624e+02
1.045890960033970458e+02
1.049681112262846341e+02
1.025766429774104722e+02
1.017285944459556362e+02
1.007915541437842535e+02
1.014373290283900815e+02
1.012994929369102977e+02
1.004271553097034513e+02
1.027646798770743999e+02
1.010634159724970687e+02
1.017709775765835616e+02
1.035411692303765960e+02
1.048738033421490741e+02
9.951512986642039493e+01
9.805040164009416515e+01
1.007639625647840234e+02
9.761398513917643527e+01
1.037180672016080223e+02
1.037656037366044188e+02
1.025880603906527995e+02
1.010780913978697697e+02
1.044981323817879542e+02
1.011386377493264348e+02
1.026831816298259099e+02
9.847329050558171559e+01
1.034808651755646167e+02
9.924007769082187735e+01
9.766038884834601674e+01
9.923150734844544729e+01
1.050193559434454755e+02
1.018531806328285683e+02
1.013057714755729393e+02
1.008183126180502285e+02
9.911125363453268733e+01
1.007263399699342870e+02
1.008843832458768333e+02
1.008783813640772848e+02
1.005560303390618628e+02
1.027177691787252485e+02
1.023111780139831382e+02
9.860788027352357688e+01
1.051922860763046543e+02
1.019780250830078927e+02
1.032281415371759010e+02
1.027293648832855979e+02
1.023643217310018088e+02
1.031118688591854351e+02
9.893699243522124220e+01
9.821237371488301449e+01
1.015158607659315209e+02
9.753072826700876874e+01
9.912212510930608289e+01
1.003630122281658714e+02
1.026908829061324155e+02
1.018406354465899142e+02
1.005113802163284049e+02
1.046628855391810475e+02
1.020813802635813659e+02
1.063352415902255643e+02
9.992753922029740465e+01
1.014602784988871775e+02
1.027832864240117630e+02
9.997518122804342511e+01
1.046294646623602773e+02
1.034865767704991981e+02
1.009638195958032583e+02
9.864315859454072211e+01
9.951143470663929236e+01
1.012665209904491519e+02
1.036767214440353655e+02
1.012759508206657131e+02
1.023472377881514035e+02
9.962255547517924015e+01
1.021923317078690445e+02
1.006092791817688834e+02
1.048551517729247990e+02
9.862927203522009734e+01
1.033334757166396685e+02
1.019755485183468693e+02
1.034613466826946535e+02
1.000784528807601674e+02
9.915868595008363684e+01
1.034761372488954123e+02
1.028817093167716905e+02
9.775503332334565698e+01
1.021117687151521665e+02
1.027592024081555735e+02
1.006442646870882953e+02
9.995504871133594804e+01
1.035392234568402472e+02
1.027342349104345516e+02
1.011191678487218013e+02
1.022546693519067560e+02
1.063307954073683277e+02
1.013976621561516396e+02
9.786433657484700177e+01
9.980054285610555098e+01
9.852615905974278121e+01
1.006501465072442016e+02
1.058941928329445119e+02
1.032605432904793190e+02
9.968416890655538509e+01
1.037182777084265837e+02
9.917361163645976774e+01
1.019659230667929393e+02
1.017601376614440909e+02
1.024698719022456714e+02
1.039657932412126939e+02
9.968517002242832348e+01
1.034452023015446258e+02
1.018310498462297744e+02
1.025593264355652821e+02
9.931599849695793125e+01
1.011090650317911184e+02
1.019009114061235977e+02
9.981549363563000554e+01
1.001338916209567458e+02
1.015856627277882325e+02
1.021875608220192788e+02
1.028703061780427106e+02
9.882932112129782354e+01
1.013938839134944772e+02
9.764156624891307956e+01
1.008686459904092771e+02
1.048364923684067520e+02
1.013734574916511377e+02
1.033944826551846035e+02
1.043632195733147938e+02
1.001958519701523187e+02
9.950788507337364308e+01
1.012236674058872268e+02
1.036349820549326068e+02
1.022169961638153239e+02
1.026262273365720716e+02
1.017919617265557548e+02
1.042529205589713541e+02
1.035819390023804658e+02
1.025631919168448860e+02
1.029978479993920644e+02
1.022490975458092066e+02
1.029255989084371805e+02
1.033561110678210468e+02
1.038040714326669587e+02
1.058777463070877758e+02
1.009526806715268918e+02
9.812854251197524036e+01
1.005935796968185514e+02
1.002779233217253960e+02
1.018241847531883906e+02
9.928106832648889224e+01
1.030113851232493545e+02
1.029736697587361647e+02
1.000721338703751542e+02
1.010144972535625811e+02
1.002900878169306793e+02
1.050383992169097382e+02
1.046474519862157706e+02
1.041250978880013207e+02
1.015022343644803584e+02
1.019744413342767473e+02
1.018991835318683172e+02
1.043559487349153301e+02
9.774087016594776856e+01
1.008590082071451093e+02
1.015613455258039011e+02
1.050783806574079904e+02
9.946880213665784254e+01
9.983569472426211178e+01
9.907013762880848162e+01
1.029058716091549002e+02
1.011163517646462822e+02
1.008683935514720957e+02
9.927315233506382697e+01
1.033722283683098482e+02
1.043271314669908918e+02
1.001534979496958613e+02
1.036036263668935788e+02
1.008015050384384494e+02
1.004488804644860664e+02
9.924158759399496432e+01
9.964292797124434742e+01
1.035100039198537161e+02
9.908508853474688749e+01
1.062805350489675504e+02
1.011106370713905278e+02
1.020592902256379375e+02
1.031425196986349846e+02
9.957232149136194721e+01
9.892549153572700504e+01
1.032427611645065184e+02
1.018155937212492574e+02
1.003953910577901496e+02
1.028067486839262301e+02
9.693336382365473014e+01
1.027275853049431902e+02
9.926020194606232394e+01
1.059509811489878075e+02
1.013840343847013372e+02
1.013167901342204971e+02
1.016560806860700410e+02
9.997383399953696426e+01
1.010044009628013697e+02
9.955864777893155804e+01
9.976223663398097585e+01
1.058941020352865223e+02
9.871983754335786898e+01
1.004876689617757108e+02
9.869519650280665246e+01
1.037189868009228064e+02
9.967713123346447901e+01
1.025216464874465458e+02
1.051558760024627901e+02
1.025129284141459891e+02
9.933717514410369631e+01
1.044159658167086207e+02
1.022191427292215593e+02
1.038705476714793718e+02
1.034063996948726754e+02
1.059020513199180158e+02
1.011021550347795142e+02
1.019476666884145999e+02
1.006829033094560231e+02
1.031495433582543626e+02
9.916916027584845494e+01
1.033706562246364768e+02
9.698846831993006390e+01
1.006992044328225830e+02
1.030233197318477636e+02
1.018129930261145688e+02
9.965379844162983147e+01
9.891269226058496145e+01
1.031256174233466965e+02
1.007686868195163470e+02
1.016843082934158957e+02
1.012343594945322707e+02
1.023177285510498677e+02
9.851374383542955115e+01
1.017174024195740714e+02
1.009879129962018283e+02
1.000657978251130658e+02
1.015927126283284849e+02
9.963815443630636537e+01
1.024323980287700948e+02
1.029748151160422651e+02
1.030635986307927823e+02
1.008803417968134681e+02
1.047255674934183105e+02
