1.154332624707103179e+02
1.181844613377974582e+02
1.151416042531677135e+02
1.156380725389662416e+02
1.149363933563387690e+02
1.191013055903542295e+02
1.209721054201704789e+02
1.167113594538273418e+02
1.211618072272971887e+02
1.142549676343209768e+02
1.145094474908258633e+02
1.156352867586722368e+02
1.193073882396489154e+02
1.166916552105888059e+02
1.163555963853180231e+02
1.166881271352182665e+02
1.147213636042834679e+02
1.159770454935055852e+02
1.153243757308457447e+02
1.091543721939099498e+02
1.161605541970951663e+02
1.149003995702280463e+02
1.136828343047006342e+02
1.184717612160593774e+02
1.155228287306434964e+02
1.141920937116902337e+02
1.127202207998271177e+02
1.205658552038550368e+02
1.201355038995157116e+02
1.198042540196924648e+02
1.138411772464055929e+02
1.139530566571638133e+02
1.149327766182765487e+02
1.152725004112481031e+02
1.189758455283663494e+02
1.155770453248627518e+02
1.166413106253161516e+02
1.165541148794831230e+02
1.172227924056471551e+02
1.168862864362799598e+02
1.188002398974231681e+02
1.156773434868114094e+02
1.162431774320390758e+02
1.119943762335697386e+02
1.169883001079869587e+02
1.151900575870499495e+02
1.163376416075052617e+02
1.160523681429348954e+02
1.172535909569089654e+02
1.170552010995795058e+02
1.139432023817736024e+02
1.168766629574877811e+02
1.147647887199580055e+02
1.129699944023142422e+02
1.186785933686551573e+02
1.163865801783058203e+02
1.155058373185527358e+02
1.150169250851056546e+02
1.172167022336155355e+02
1.209656940563694860e+02
1.173138512252135541e+02
1.150634831443148016e+02
1.171320239281696871e+02
1.161752351927920017e+02
1.103699942924274495e+02
1.142815006635972850e+02
1.130270384022163626e+02
1.150289148804261998e+02
1.158902044908576983e+02
1.158004274249631891e+02
1.152217754138858226e+02
1.169462883872701013e+02
1.156785141203740608e+02
1.170550256851876583e+02
1.148469759605648903e+02
1.149975134064334554e+02
1.119716776587790719e+02
1.136334332826017715e+02
1.151307934246152200e+02
1.172691303649979631e+02
1.159213355400613921e+02
1.175146750386994228e+02
1.185910595046938738e+02
1.162575254642722200e+02
1.170207832725138672e+02
1.154773729631698700e+02
1.158649884358946878e+02
1.150124993006938752e+02
1.181232186623032732e+02
1.192948276692395382e+02
1.171980605996607494e+02
1.167262264206560758e+02
1.191859666457160358e+02
1.137162354221124048e+02
1.140062442262048279e+02
1.191542388696290971e+02
1.198725245508154416e+02
1.147376758746013081e+02
1.194423157350191360e+02
1.210691924560643002e+02
1.171815687575480212e+02
1.164974207066137808e+02
1.165358882723781306e+02
1.174708035277494247e+02
1.168993340826756366e+02
1.157830284249036055e+02
1.151895260760979767e+02
1.163671994435787838e+02
1.142291188128592552e+02
1.176732707322650668e+02
1.132906787947686382e+02
1.144023199199271374e+02
1.179438741627548382e+02
1.161969232615495855e+02
1.148303970107117493e+02
1.175398161457628134e+02
1.179964161260758573e+02
1.122973296508715748e+02
1.117937489257799086e+02
1.191483614260700250e+02
1.178539104440545771e+02
1.144582958170204705e+02
1.142015261780057784e+02
1.160929076952134409e+02
1.206895909026047491e+02
1.186811499433254369e+02
1.147485720014622075e+02
1.196673742805226226e+02
1.193670170234821626e+02
1.137175278845692077e+02
1.199957787958222326e+02
1.168364673150615687e+02
1.170621739751695856e+02
1.165258160357433326e+02
1.207785908602756990e+02
1.161088157256724571e+02
1.193036805652149184e+02
1.147946735944599226e+02
1.177879045836055951e+02
1.188265728243187169e+02
1.135771273431474810e+02
1.148780758509020785e+02
1.192274427293764631e+02
1.169641606648581558e+02
1.169257168783747574e+02
1.141896340714953624e+02
1.176243641703827763e+02
1.216682665290053791e+02
1.148693012478546791e+02
1.208885970106849186e+02
1.188842551674289751e+02
1.108229667713867741e+02
1.144545932193673394e+02
1.160737887977217042e+02
1.203319324891585893e+02
1.175307805109641350e+02
1.183186928698182641e+02
1.160267448519131932e+02
1.147927426077395836e+02
1.197384317260544009e+02
1.152451598265752750e+02
1.169280827869407915e+02
1.161156496872045096e+02
1.135479032571070235e+02
1.182405026983857255e+02
1.158379881342106614e+02
1.105322352880524193e+02
1.149723632887569806e+02
1.173708499138282093e+02
1.133741180178769952e+02
1.115999886819226816e+02
1.150684771204281844e+02
1.167619565964067903e+02
1.152332428342088946e+02
1.143077224618331229e+02
1.164141152342792225e+02
1.161707644629790082e+02
1.139100705520851591e+02
1.163500515515064819e+02
1.138981986698859146e+02
1.191152378828929699e+02
1.160231618680230667e+02
1.181434398290463150e+02
1.184330827904281591e+02
1.198630194743221153e+02
1.165969821813522600e+02
1.186993453092021440e+02
1.163571908416849112e+02
1.146934579905950500e+02
1.153358555427580683e+02
1.157268658695359989e+02
1.182529012435228424e+02
1.150867961444578071e+02
1.158793786859989012e+02
1.159402099061358342e+02
1.171043563912775198e+02
1.156110493696342019e+02
1.161619345286206766e+02
1.177786406759011868e+02
1.173100486323637597e+02
1.178009986282788475e+02
1.162412861846282794e+02
1.156204776912338730e+02
1.142603327712583194e+02
1.180210027016758403e+02
1.151537278719859927e+02
1.115449341927055116e+02
1.180287952192372245e+02
1.160483626067262861e+02
1.192363799927470893e+02
1.208539593957639369e+02
1.176092963103153579e+02
1.172442490763396421e+02
1.135860139775409294e+02
1.185883881349691080e+02
1.162543205553038490e+02
1.157826519305165647e+02
1.162915989733536577e+02
1.142245431058961458e+02
1.188626896667260411e+02
1.122269761610733383e+02
1.172911220051958310e+02
1.194525525965519961e+02
1.178231541122711121e+02
1.141954356932425156e+02
1.144118492307579942e+02
1.191936021421429359e+02
1.157215681133535981e+02
1.183142339942432244e+02
1.168986637783606426e+02
1.181237857801177853e+02
1.190390333031141950e+02
1.162742740187524930e+02
1.133304615973894158e+02
1.185637443851421295e+02
1.147897104770172518e+02
1.181024625101715202e+02
1.130156228107070717e+02
1.163648339316097946e+02
1.172208012387350209e+02
1.157588043435178520e+02
1.146404467102068025e+02
1.187048643370072654e+02
1.186510651965628256e+02
1.126983250088409534e+02
1.165943330239285558e+02
1.145688977600046172e+02
1.194320209064748894e+02
1.168860124099932847e+02
1.164491844132719223e+02
1.182769208092502851e+02
1.130447304240306181e+02
1.109546318709210482e+02
1.186643043973581513e+02
1.180338347992339862e+02
1.165512374058542235e+02
1.155057893160157505e+02
1.173550701856204626e+02
1.141000168260384697e+02
1.179024448732552912e+02
1.186688334608154065e+02
1.134339302711375268e+02
1.177520588585526156e+02
1.170617809781086009e+02
1.211327507548322728e+02
1.158319492578888941e+02
1.169433201194127889e+02
1.160908668191869992e+02
1.156426696344113765e+02
1.168286776563149090e+02
1.164683046589203741e+02
1.183991546742200569e+02
1.153212131888893168e+02
1.149376192204129836e+02
1.170322695874571792e+02
1.204447110792994806e+02
1.175907395608773243e+02
1.164217676853178176e+02
1.171646190975808395e+02
1.172295292295598585e+02
1.155169271944210010e+02
1.170692837673176854e+02
1.157622484307166246e+02
1.160525220670837996e+02
1.170519608552301491e+02
1.158612687829613463e+02
1.184356596949355378e+02
1.159614115270187398e+02
1.165998182819691920e+02
1.163748851008849670e+02
1.176680310668902507e+02
1.184030658063088310e+02
1.192780847353797355e+02
1.158990949679534310e+02
1.133257413269181484e+02
1.155393566934601211e+02
1.190981428109310798e+02
1.178930344682419076e+02
1.145263452691522161e+02
1.194726201265814893e+02
1.157819721071328161e+02
1.162074557821121630e+02
1.162164732862787559e+02
1.173618058715375270e+02
1.170725117835101230e+02
1.160373444013120974e+02
1.129333836421716200e+02
1.130842143920141893e+02
1.189854111434751189e+02
1.162397759901974297e+02
1.149193569588179287e+02
1.180669888498091211e+02
1.176019395287635092e+02
1.148291039967648288e+02
1.152302190670213236e+02
1.168084734189783518e+02
1.173013717773279012e+02
1.192705468670796876e+02
1.150572100075443984e+02
1.166027658057137586e+02
1.181256453684949292e+02
1.132771273541984272e+02
1.172023941703205310e+02
1.128855114744638541e+02
1.142108993723830679e+02
1.195234096167846758e+02
1.179355689664929372e+02
1.168921772302852560e+02
1.140758014625656216e+02
1.179629768608991469e+02
1.119415213366097532e+02
1.134848503887289013e+02
1.157352120456449853e+02
1.210103384021955435e+02
1.157048022272035013e+02
1.164753066613727128e+02
1.158010982423632385e+02
1.162615339162962016e+02
1.151613576407800110e+02
1.186806320201883551e+02
1.202668061926288487e+02
1.188394420330874084e+02
1.160126262471741825e+02
1.189598415117114456e+02
1.160019677223531147e+02
1.144996099522759891e+02
1.188634701042662414e+02
1.191567618994102702e+02
1.156639288868383915e+02
1.159701189356535878e+02
1.207708859971762223e+02
1.153037793140143066e+02
1.140424417921746425e+02
1.160242329991582295e+02
1.155762188330895128e+02
1.134252795602350403e+02
1.156027831847222132e+02
1.154239802977463683e+02
1.172423372238094572e+02
1.187847318673034493e+02
1.157891923054414320e+02
1.176435898745836965e+02
1.186017322079692917e+02
1.123612524926086280e+02
1.141224015002859602e+02
1.135530116604055451e+02
1.166247664187679334e+02
1.140770107950556422e+02
1.119257852682006842e+02
1.180816055526115491e+02
1.182411913491897906e+02
1.165145702556838359e+02
1.155430565136891090e+02
1.147811855267167545e+02
1.149030363831230375e+02
1.144246385404072726e+02
1.115506878596709868e+02
1.138205565091621736e+02
1.158693070382781656e+02
1.184900545303551525e+02
1.169491010964828632e+02
1.162161728029804664e+02
1.183141310930850807e+02
1.133374322902581355e+02
1.155808128213302126e+02
1.175209110167806728e+02
1.147682201274775622e+02
1.147316082795564967e+02
1.140247568476348903e+02
1.141713207624976150e+02
1.193304971117386657e+02
1.156735318298891144e+02
1.167053485122881540e+02
1.188701359874737733e+02
1.202106093515160126e+02
1.166574122011432593e+02
1.135676198109218831e+02
1.136740220734723437e+02
1.205339049508528433e+02
1.163432315951321812e+02
1.153651245117029021e+02
1.111271997265775440e+02
1.159286185919266501e+02
1.124596676788337106e+02
1.158132437344696513e+02
1.186739963715527466e+02
1.163797353667754066e+02
1.167345545162683180e+02
1.204413237434151114e+02
1.167039397172551816e+02
1.205273370943487095e+02
1.162129571117166620e+02
1.169848547650088619e+02
1.182723368899069953e+02
1.165206966170581779e+02
1.160701460977147690e+02
1.140906113043366048e+02
1.148751300886385849e+02
1.153883111581835266e+02
1.143213317086438963e+02
1.190809689000257947e+02
1.190008256957705868e+02
1.229840277448023755e+02
1.144428952196111169e+02
1.119689396431338935e+02
1.173310734871821666e+02
1.148906280315443524e+02
1.154488193495438964e+02
1.137027824868021355e+02
1.180734626162610965e+02
1.166983886029882171e+02
1.161004582358617370e+02
1.185300204850164931e+02
1.151245547917701231e+02
1.151931299485408289e+02
1.192451148722348222e+02
1.167989211634019142e+02
1.176777956545772099e+02
1.185666063082268238e+02
1.149537809697950763e+02
1.161235335672270566e+02
1.167904793327872142e+02
1.132728945519017145e+02
1.147404042724646018e+02
1.126181647042153173e+02
1.195985859821032165e+02
1.235071353992991021e+02
1.159898924604144952e+02
1.145641781664275385e+02
1.122072373809357231e+02
1.138645074160186255e+02
1.173821891002014155e+02
1.170793958629415101e+02
1.172425624918468685e+02
1.176734870008690450e+02
1.129589802948806181e+02
1.134331952570869788e+02
1.181771191737504978e+02
1.198772435101202802e+02
1.135480012560839214e+02
1.153040428684899297e+02
1.179435698931157077e+02
1.189486980416452440e+02
1.179732451966048927e+02
1.130720947254740736e+02
1.135287177422234777e+02
1.161686469659248075e+02
1.134867778256800079e+02
1.152647100227971322e+02
1.161006799219387489e+02
1.144746672112983248e+02
1.164525451197205967e+02
1.155680769832421646e+02
1.187473125485719692e+02
1.146686013827214481e+02
1.159147027367635019e+02
1.200232136264610716e+02
1.147643575700682277e+02
1.139820901833770534e+02
1.146851215369229351e+02
1.173930286853296394e+02
1.171078708233918491e+02
1.144739941149200604e+02
1.182248181806878904e+02
1.111065907720543038e+02
1.164847215006079750e+02
1.117907219669112067e+02
1.156071982987794655e+02
1.177600670052018614e+02
1.164814224606960806e+02
1.162459719848061752e+02
1.159253211175982869e+02
1.128055044847746728e+02
1.161561352531672782e+02
1.160561756482622258e+02
1.167481496805896626e+02
1.149093603439254849e+02
1.147374136629357082e+02
1.156150343406063286e+02
1.177121922830317686e+02
1.171532398980190237e+02
1.167989181842160775e+02
1.174338355542215027e+02
1.163011338147402540e+02
1.152290843475905575e+02
1.147181878071507981e+02
1.157910771217694901e+02
1.185926661116273806e+02
1.164951532264418290e+02
1.098767721869336640e+02
1.164714174027774050e+02
1.197550950993065157e+02
1.188343386321792821e+02
1.179124629663413231e+02
1.163322863004405718e+02
1.166791054913129528e+02
1.196163912735649859e+02
1.127093650935263014e+02
1.164640410681498253e+02
1.111114077694834776e+02
1.167309067957445166e+02
1.198533083248992170e+02
1.162150243203557523e+02
1.179013460674662070e+02
1.148940084265499735e+02
1.171300702143211367e+02
1.154279390382676240e+02
1.130611827077408549e+02
1.164721135079046519e+02
1.154185834372075590e+02
1.117927653075844887e+02
1.178882001575801581e+02
1.171575351355649275e+02
1.159387592462875602e+02
1.184296784583155500e+02
1.189127401707291654e+02
1.138080932675424179e+02
1.168878070855490563e+02
1.177449806894883011e+02
1.171076360166606349e+02
1.174560571688904531e+02
1.177122752719514409e+02
1.177740362766713247e+02
1.161920304242032245e+02
1.148584773919076980e+02
1.146342695235679656e+02
1.210691514494199623e+02
1.159976691527080987e+02
1.152120928265467654e+02
1.166038438896620022e+02
1.168925916616854010e+02
1.146353130246677665e+02
1.163297945144792749e+02
1.197329279885646969e+02
1.141402339740932774e+02
1.153983933860458251e+02
1.159783495242463403e+02
1.186766983409409733e+02
1.126273109382472484e+02
1.162829459881533722e+02
1.207291585921242074e+02
1.194633622309362266e+02
1.155394781181271071e+02
1.156314551036514331e+02
1.172793329239573410e+02
1.186503945590182667e+02
1.199839040195767268e+02
1.159878490090807617e+02
1.154285791280121458e+02
1.184566163848775489e+02
1.154886417789467146e+02
1.178496017237071811e+02
1.174074141921845467e+02
1.161245181527267079e+02
1.160068008349182804e+02
1.204543597050759871e+02
1.185586196785220352e+02
1.215989652522169422e+02
1.160379115006224708e+02
1.173066133219256812e+02
1.172829258253641598e+02
1.157050149754029746e+02
1.126253026077086901e+02
1.155678242975397580e+02
1.149410616878504499e+02
1.138298902947843771e+02
1.156165068322832923e+02
1.168696924052576662e+02
1.159417902244385772e+02
1.162670388604855845e+02
1.175078050974127564e+02
1.167314349808002305e+02
1.140492080235125343e+02
1.198134208453069505e+02
1.167626187780687701e+02
1.170151240844949712e+02
1.179140281537722501e+02
1.166978929173014592e+02
1.176146871990163731e+02
1.174084688536284773e+02
1.163665099078707073e+02
1.166037750316474728e+02
1.185227875906878126e+02
1.150580733103808200e+02
1.202647663596871155e+02
1.150069676062118305e+02
1.165867787920738010e+02
1.218577337800711575e+02
1.172118181096495135e+02
1.113839014387074116e+02
1.150461556269974750e+02
1.183535459114892774e+02
1.186809709838629772e+02
1.168556097312367825e+02
1.170138113163455671e+02
1.199336352155718544e+02
1.149568559419141280e+02
1.161803996407685133e+02
1.188165768830799607e+02
1.150128271734306509e+02
1.193374536405502226e+02
1.141063531000510096e+02
1.125119420468581382e+02
1.160228543678246922e+02
1.172128992193854913e+02
1.208592187697254303e+02
1.152569550168608998e+02
1.143739149650180593e+02
1.151827519266675495e+02
1.133601476885700947e+02
1.175614193645221235e+02
1.186347954968766203e+02
1.139029097855489141e+02
1.167115403411249019e+02
1.208866800756412374e+02
1.190211787583531446e+02
1.167752033240715690e+02
1.165969038422133650e+02
1.128302097661274104e+02
1.163684203095011327e+02
1.131977414540254614e+02
1.145175932331692508e+02
1.150100715521488439e+02
1.155473068601107087e+02
1.169184954364771301e+02
1.111537144671810893e+02
1.175724583677243373e+02
1.152617311477761461e+02
1.159351099287774787e+02
1.170120580032390905e+02
1.195867865865142363e+02
1.159692012701308954e+02
1.158031662702952787e+02
1.155516570003879764e+02
1.188547950526305357e+02
1.165752928194769282e+02
1.154952692191582599e+02
1.151675155098650976e+02
1.137791210386329368e+02
1.150485395603984671e+02
1.133763124271718823e+02
1.169244330474401039e+02
1.145485079494177825e+02
1.157673326794095914e+02
1.176358084746168515e+02
1.139590714559605829e+02
1.201049700989462110e+02
1.156755223089835738e+02
1.172616056135164229e+02
1.164724679206112086e+02
1.143413130366156167e+02
1.189386558006033994e+02
1.165256627800824987e+02
1.155963510957438700e+02
1.159508092313949703e+02
1.177947629913493444e+02
1.164621957431569399e+02
1.168169422261877770e+02
1.188078334996293250e+02
1.184445156288640533e+02
1.158455825245503661e+02
1.169517595591425874e+02
1.135936659331336926e+02
1.143978439264686244e+02
1.185815106394463356e+02
1.168290886645180962e+02
1.165085234792933448e+02
1.166316917870880303e+02
1.189887217045195200e+02
1.186392867490999947e+02
1.161923764725192143e+02
1.166408201440232943e+02
1.134584348010774306e+02
1.173820701127454100e+02
1.137063985511747717e+02
1.184285139804192539e+02
1.144593404433000927e+02
1.170514201401987293e+02
1.167372599092429937e+02
1.145912249988967773e+02
1.169052198167184713e+02
1.166994940323372703e+02
1.147694494575742823e+02
1.166400677283897807e+02
1.165149703525433296e+02
1.180974389468092767e+02
1.174000293153378323e+02
1.163383806292385998e+02
1.147296313558740337e+02
1.184661729805330737e+02
1.186243129276265762e+02
1.117449189026371670e+02
1.166280219011026986e+02
1.129455294982712275e+02
1.158029444317912322e+02
1.157104599050208265e+02
1.162861106754187404e+02
1.123880126006424121e+02
1.132000893101530465e+02
1.133026697580759787e+02
1.143389067559260184e+02
1.163327814417467749e+02
1.138660927246483112e+02
1.158514903826937967e+02
1.138986000513175867e+02
1.187074054130071374e+02
1.174810896780522995e+02
1.140803256329023156e+02
1.138079819766220169e+02
1.157353506917852144e+02
1.211453065803015505e+02
1.135143176105216298e+02
1.203150926877030713e+02
1.159525186858428469e+02
1.208179755844303997e+02
1.162291451222958187e+02
1.143251971044127089e+02
1.112267376532773397e+02
1.172896396084596802e+02
1.162639602440820283e+02
1.186157936035354510e+02
1.164603465129062982e+02
1.157004995644041685e+02
1.153756813520568159e+02
1.125762435537864263e+02
1.161616004839304566e+02
1.196966607048809266e+02
1.168559427377476965e+02
1.168860338830265846e+02
1.140053075978571115e+02
1.095119648138124830e+02
1.162148812015564090e+02
1.193976653076202297e+02
1.176848034376090624e+02
1.130487707877176717e+02
1.186643793731542473e+02
1.128308431750632082e+02
1.175579143292600435e+02
1.171685604139201615e+02
1.161985724083903335e+02
1.195803369343035172e+02
1.140812934160063605e+02
1.131804978120786984e+02
1.193947561051930677e+02
1.198263121032061918e+02
1.185869819575148227e+02
1.175911036559998450e+02
1.179870400575446752e+02
1.151371147625696523e+02
1.168239740394224100e+02
1.177313843739876944e+02
1.174253060167359450e+02
1.155372143011261414e+02
1.154903107778763882e+02
1.164762279736520014e+02
1.179131316259632882e+02
1.170235778581980099e+02
1.136624297278995073e+02
1.187752940694020651e+02
1.137306567290632699e+02
1.180481162555903580e+02
1.152832573730630230e+02
1.172536819628133031e+02
1.147425128989860781e+02
1.169994303520354322e+02
1.197706754750401075e+02
1.185583119914015811e+02
1.145027880899023103e+02
1.136740467727357924e+02
1.183576802612868448e+02
1.168326855558845949e+02
1.171418483684996374e+02
1.195769833966810012e+02
1.197239117375566622e+02
1.145515065383358575e+02
1.160154377493741293e+02
1.165428551494999851e+02
1.156821851551295595e+02
1.155056525617963956e+02
1.144034774415421225e+02
1.181624597717485869e+02
1.141398933538017531e+02
1.182969779789761731e+02
1.188000410141514038e+02
1.128961449885785413e+02
1.174561116190275527e+02
1.163716971963537645e+02
1.147049817350606560e+02
1.171772564035046287e+02
1.149353522767657694e+02
1.139744059471342439e+02
1.144810118664618130e+02
1.164252091358633123e+02
1.121231023701851086e+02
1.162973172776774504e+02
1.173742400054600665e+02
1.188391818836933282e+02
1.160060630858426833e+02
1.159687581852305556e+02
1.153890289301383660e+02
1.153979943969379320e+02
1.201989992977940744e+02
1.170964415977490916e+02
1.133371356152845237e+02
1.155693243856982662e+02
1.190600924127801505e+02
1.167283673778798203e+02
1.189066403909764773e+02
1.142002964586288130e+02
1.165493083074348277e+02
1.159908698233229956e+02
1.145967273319375863e+02
1.165663387206020332e+02
1.176223179964247265e+02
1.154846660174492712e+02
1.180865356165053583e+02
1.127124048187654068e+02
1.152828576343685540e+02
1.173646529057816252e+02
1.143700610751193096e+02
1.158438739850089974e+02
1.185453281795852547e+02
1.133835327611441102e+02
1.140293591758248795e+02
1.176068659806900882e+02
1.182235195529959100e+02
1.164047750088841440e+02
1.130677565489398830e+02
1.168043161257482154e+02
1.164744182222310371e+02
1.153562851230365567e+02
1.195523889813753016e+02
1.144619182202591361e+02
1.146433675350108103e+02
1.183848629641734220e+02
1.157634136239802132e+02
1.208905011305143660e+02
1.178929131660745639e+02
1.195728064126206078e+02
1.195683457100228111e+02
1.185212173419819806e+02
1.193277421377671317e+02
1.165746464206924173e+02
1.162127101016139648e+02
1.156991333931767372e+02
1.165559265473408885e+02
1.145620268158625947e+02
1.153639034882576340e+02
1.132109644052992792e+02
1.182879573397958097e+02
1.160635685118114111e+02
1.157033078374868893e+02
1.173606758073061371e+02
1.166611487766562476e+02
1.177057353576030323e+02
1.189018032571804184e+02
1.190896263123810996e+02
1.145398852106430070e+02
1.160539061217656922e+02
1.181262665056766110e+02
1.145629879455050144e+02
1.174736979802386827e+02
1.174366245627119412e+02
1.172253762997395796e+02
1.211421691419253222e+02
1.178981708609597518e+02
1.185764906648885386e+02
1.160820701790481593e+02
1.173740495179833658e+02
1.135630284808217425e+02
1.132888496481491529e+02
1.186112434352810396e+02
1.166979687027445891e+02
1.173433020699024922e+02
1.140913450989213089e+02
1.141916327969309890e+02
1.167378854407591575e+02
1.153685925348733434e+02
1.131031015396138315e+02
1.160365081387989363e+02
1.162167968014112489e+02
1.167368325807203888e+02
1.154734308731492973e+02
1.137477926160838848e+02
1.139024391446640720e+02
1.176085549681926494e+02
1.127332055700396580e+02
1.175314130630577694e+02
1.150305523829636627e+02
1.160529871510539124e+02
1.180120984190945421e+02
1.153381690701141764e+02
1.176480568317286242e+02
1.170280276066169449e+02
1.166268257654758571e+02
1.147395758200136839e+02
1.171885712760794576e+02
1.153315753743703880e+02
1.161638502851185990e+02
1.137306247070893903e+02
1.167757714107662252e+02
1.143507615338597390e+02
1.157023876993211218e+02
1.147729970973084761e+02
1.174042726595168489e+02
1.109959678774101661e+02
1.207375861195122724e+02
1.166642875582861905e+02
1.176220046766972587e+02
1.144884266278042020e+02
1.152767781118417929e+02
1.153726577024757063e+02
1.172035027408415004e+02
1.164335448060480331e+02
1.186631295933794519e+02
1.187044024991552931e+02
1.141799682059341450e+02
1.222665349468469884e+02
1.153303477288539511e+02
1.161144565646226852e+02
1.138045219391919574e+02
1.175506464392332191e+02
1.158753127312456570e+02
1.166993702034720428e+02
1.165305841378358025e+02
1.147884217847478823e+02
1.175851661586865902e+02
1.158338418212438796e+02
1.185139038012522548e+02
1.161729986419077107e+02
1.135771013316426519e+02
1.166062499502231447e+02
1.153208023812136815e+02
1.174461459275632933e+02
1.166014383124077085e+02
1.159674631436340491e+02
1.153546445015340538e+02
1.168413655446598085e+02
1.159759006482471619e+02
1.194786437483423924e+02
1.178070822649787743e+02
1.149698941946311237e+02
1.145605516480325718e+02
1.165861017372762518e+02
1.127639888539592192e+02
1.144120798574970053e+02
1.188780882620220183e+02
1.181066478491691925e+02
1.154935067704922318e+02
1.185905981601307104e+02
1.191440637804846432e+02
1.207331330906270637e+02
1.175892768078698509e+02
1.166888958454285472e+02
1.212312636022640078e+02
1.136830844903575723e+02
1.116638868442402526e+02
1.159848336921323124e+02
1.193061521027764940e+02
1.156230295344411871e+02
1.194400745625066236e+02
1.144729722312273452e+02
1.149316737515585345e+02
1.167647747398084732e+02
1.148961168315023968e+02
1.162469817767795917e+02
1.138559433356248149e+02
1.148520090870716928e+02
1.223808454346015253e+02
1.156286861335654095e+02
1.150297972486207669e+02
1.141574781960512865e+02
1.137322064615652977e+02
1.171961639639787194e+02
1.139557583755468215e+02
1.173584823648244111e+02
1.144221390069882744e+02
1.164428838652394660e+02
1.173794330845696408e+02
1.196758502224358978e+02
