1.799505945853066464e+02
1.770495356716577078e+02
1.742550028011795291e+02
1.798842961798351894e+02
1.753174358547978500e+02
1.802336278742450588e+02
1.785088862456291849e+02
1.821403920237816862e+02
1.795915426360261336e+02
1.809073724203053075e+02
1.811909683772871915e+02
1.785102501801233643e+02
1.824322992084255759e+02
1.776229074781645068e+02
1.796033542794669131e+02
1.762666981576657008e+02
1.768723810854071701e+02
1.795180808742210559e+02
1.793031419764113252e+02
1.760411214981327248e+02
1.806073085014974424e+02
1.792962061096588116e+02
1.831600306876801767e+02
1.811425156603775690e+02
1.782134498192038166e+02
1.832594752694804185e+02
1.782502920423345643e+02
1.814046961681710286e+02
1.832412746173515927e+02
1.786731922219966009e+02
1.805657492467542795e+02
1.811810956004139541e+02
1.739113835329670792e+02
1.766430697371927749e+02
1.798388255020193185e+02
1.779427814796970893e+02
1.746163111319660004e+02
1.762459660127557299e+02
1.785311937320673792e+02
1.769820130472394339e+02
1.808202880728531738e+02
1.808635240030007196e+02
1.775287627544494455e+02
1.803764037747861266e+02
1.785952109547132807e+02
1.796405049336647153e+02
1.814434722176357013e+02
1.829982002058196713e+02
1.769532391687669701e+02
1.827812402451948230e+02
1.780158911264759354e+02
1.807176361974100587e+02
1.808917733608479352e+02
1.793012132123260187e+02
1.818074928067214842e+02
1.830080851554836556e+02
1.774895878219057863e+02
1.833953786874841398e+02
1.807918993348606591e+02
1.819005243034388286e+02
1.758509192327322808e+02
1.795377504741976509e+02
1.758484822642295171e+02
1.815381716877042493e+02
1.828246691931558985e+02
1.780894234567750800e+02
1.792088420471605161e+02
1.760057336952557137e+02
1.807970652474973576e+02
1.819378564402703944e+02
1.784306311185020775e+02
1.792254024357682454e+02
1.781227420345825010e+02
1.779372213361331205e+02
1.796598198176545509e+02
1.774816394874870866e+02
1.800478005743759411e+02
1.771296793443383422e+02
1.792635369049467613e+02
1.791363534108549516e+02
1.806213461633155077e+02
1.831464138938387691e+02
1.732035947359273393e+02
1.786590372859411957e+02
1.775393711667817058e+02
1.784309121689629478e+02
1.804647729873143476e+02
1.766876396122636095e+02
1.788276956709959506e+02
1.807471001271953810e+02
1.813755739921634245e+02
1.823513526325381520e+02
1.758545885381671496e+02
1.790179013685597909e+02
1.760569239586828303e+02
1.769438683840851922e+02
1.770159239129725108e+02
1.830166775704931297e+02
1.757910000768864052e+02
1.745959304045100566e+02
1.771007108239825527e+02
1.824861662275735625e+02
1.810399747495767429e+02
1.803499191501229575e+02
1.780237449220522024e+02
1.769353740639357966e+02
1.775860474086150020e+02
1.765847770930500644e+02
1.800973967251803458e+02
1.767691085193027334e+02
1.743896371092901632e+02
1.748417289872830906e+02
1.833036318902259154e+02
1.776726205113320418e+02
1.757236628672071106e+02
1.770408221394955888e+02
1.794545572878570283e+02
1.753470299939646679e+02
1.799895326834813432e+02
1.781253779564761146e+02
1.812314883761878832e+02
1.791180786002074115e+02
1.783702974732915436e+02
1.780227567924135030e+02
1.790828262045331201e+02
1.809509785654164773e+02
1.777612529341862739e+02
1.783098733624625538e+02
1.796331108120771489e+02
1.765332008312924472e+02
1.783160823304299072e+02
1.837235816665429127e+02
1.758476558397310896e+02
1.774118016430540195e+02
1.794313596787767437e+02
1.780734933819766184e+02
1.819179717430694723e+02
1.790549383374530521e+02
1.784011219888036237e+02
1.827520923228162815e+02
1.796091287413356952e+02
1.819892012604026377e+02
1.792926767044603196e+02
1.766435821464937703e+02
1.757330334107027454e+02
1.811539318272567414e+02
1.826332119275616890e+02
1.745357788918225879e+02
1.810734411201228227e+02
1.803677546531122573e+02
1.810897300040760740e+02
1.770897165229723669e+02
1.804161361517733440e+02
1.772321301125739126e+02
1.759596168155446776e+02
1.764524144244547585e+02
1.817552286514235220e+02
1.814462421005889610e+02
1.774963053368855412e+02
1.815802370957738674e+02
1.820441264742758278e+02
1.829423098904195797e+02
1.783343867967356289e+02
1.783327804789324773e+02
1.799732663388682283e+02
1.783602087150128739e+02
1.780656006927397073e+02
1.778412057516495395e+02
1.791922663310912185e+02
1.836423166978626966e+02
1.779667170102740386e+02
1.754082381276286640e+02
1.795537488459230246e+02
1.808455846426267613e+02
1.813471077256718047e+02
1.833506326672160469e+02
1.782413020802015922e+02
1.753912919333279774e+02
1.817457703642651268e+02
1.761809309882055743e+02
1.841156881850249079e+02
1.757252089462129163e+02
1.838943568748348412e+02
1.815967427882689265e+02
1.813961077638427355e+02
1.791585590197291253e+02
1.772590930870214265e+02
1.804133444107217770e+02
1.786371206523661215e+02
1.816639294104845135e+02
1.760751008484118074e+02
1.793778223210540830e+02
1.804827198104836441e+02
1.819108312981185804e+02
1.817806195868333248e+02
1.792617405536352919e+02
1.803795614990710590e+02
1.760157744100135346e+02
1.761920255698411495e+02
1.838665418415670842e+02
1.762897191629671454e+02
1.811719435096740654e+02
1.800181211455905839e+02
1.792390226206132127e+02
1.758900899817521974e+02
1.790066339456904814e+02
1.789849256272153468e+02
1.791653350629636066e+02
1.758489637462116377e+02
1.798825549525942051e+02
1.768060602230942209e+02
1.804132956000485706e+02
1.731532332647078647e+02
1.807470724629077097e+02
1.774127622725401068e+02
1.770652533800264052e+02
1.775344238928664140e+02
1.803231814767050309e+02
1.770382646458357954e+02
1.803483082264340283e+02
1.763004600196858860e+02
1.800065336051261795e+02
1.783414910591714033e+02
1.780351793646400438e+02
1.810153244747508268e+02
1.791986235925108133e+02
1.755262379684398866e+02
1.803566437613770006e+02
1.825766621802150951e+02
1.766525610654229581e+02
1.808001010469760956e+02
1.792226648650806169e+02
1.758987332553612362e+02
1.784291588179529242e+02
1.825369481449591831e+02
1.785897091484630437e+02
1.782844667318114489e+02
1.817550986480200379e+02
1.799840601793002861e+02
1.796124000145427715e+02
1.829483909404095527e+02
1.754366113705946475e+02
1.810112444431392760e+02
1.790001307151264598e+02
1.779467990988889312e+02
1.789453332440705253e+02
1.824105408995308153e+02
1.776238132892995338e+02
1.789213277655718173e+02
1.802409552871818335e+02
1.810401150988261065e+02
1.818215287947998888e+02
1.808600544349333177e+02
1.766877058890289049e+02
1.747134403473849602e+02
1.788249150116798489e+02
1.786617917483855251e+02
1.737684073040232136e+02
1.756616175386223802e+02
1.779222231983534641e+02
1.771248001569047688e+02
1.808411650965985586e+02
1.752484725775258028e+02
1.796492219393283847e+02
1.741384768351849743e+02
1.763742089968011157e+02
1.791864426583924512e+02
1.789649866118747070e+02
1.835255357733171024e+02
1.774874195605128477e+02
1.813980627413626792e+02
1.796791048217089610e+02
1.781056074923699555e+02
1.748679880913971374e+02
1.848208558523833744e+02
1.823586289737603749e+02
1.762593232664359562e+02
1.826494447443555487e+02
1.839824275056589045e+02
1.783118674314175678e+02
1.796366225725906816e+02
1.810900854548547727e+02
1.810887002783430830e+02
1.794602260088939829e+02
1.780788210747402900e+02
1.807942658389740984e+02
1.833557609966066195e+02
1.749212606580940417e+02
1.751401682978727194e+02
1.798029035507387903e+02
1.808928728832595425e+02
1.792104257131670408e+02
1.808529746039069437e+02
1.817103665354804605e+02
1.806258896630951085e+02
1.712050290104908186e+02
1.773926550673685369e+02
1.813497855877057248e+02
1.837075297556237672e+02
1.781249543391608654e+02
1.803860569709183039e+02
1.814001572445517638e+02
1.824022401360160472e+02
1.786122298789038894e+02
1.792878202608362415e+02
1.788668293387067365e+02
1.815511068097770533e+02
1.811647154148065795e+02
1.823529190883843967e+02
1.805037723571103356e+02
1.797801556126034939e+02
1.766616264511387158e+02
1.804992020021657595e+02
1.789123258084360941e+02
1.755917931115244244e+02
1.767005491650637907e+02
1.768580839490621202e+02
1.818647777980227431e+02
1.812813305872720946e+02
1.806226768077783618e+02
1.807809991644435286e+02
1.782407390523991637e+02
1.778700309648561415e+02
1.780270513789174629e+02
1.800414900856600582e+02
1.788985722415226860e+02
1.798442144623008119e+02
1.733769588371530688e+02
1.812553140563624936e+02
1.784600414213979604e+02
1.818587817792994201e+02
1.756458900991978567e+02
1.787680695366665873e+02
1.844151432241792463e+02
1.809602739649481009e+02
1.812931873757571282e+02
1.824254782042077068e+02
1.796443366358737990e+02
1.814865801273588772e+02
1.807775769159064225e+02
1.848036750842175877e+02
1.780476686927646028e+02
1.831633775189487494e+02
1.781578567222469758e+02
1.803092452267231351e+02
1.793445720747379823e+02
1.731543340417487116e+02
1.758522275957736269e+02
1.775106809725873802e+02
1.789316045500625023e+02
1.756123354223283002e+02
1.775698303676373371e+02
1.830843572252260856e+02
1.821976536668349240e+02
1.793465877647338687e+02
1.808560870658127442e+02
1.788084000059025414e+02
1.794251240094265256e+02
1.754661600589822967e+02
1.801420664363606363e+02
1.808685233641652701e+02
1.836516268756081729e+02
1.768685440879337420e+02
1.760496554564717826e+02
1.797954400427530288e+02
1.808970130257871460e+02
1.748367518317382121e+02
1.799076823762968615e+02
1.738785427024947978e+02
1.807355090859783502e+02
1.733028622081889409e+02
1.769874220718957929e+02
1.770420616683331048e+02
1.813597601327735163e+02
1.806580382003105854e+02
1.776346483083856640e+02
1.792292968436279921e+02
1.808382134555408527e+02
1.827874837903264051e+02
1.798420318543607266e+02
1.749217678663561628e+02
1.773267835214910804e+02
1.806128056073282551e+02
1.784940351231842897e+02
1.793562172441927771e+02
1.808573305426220656e+02
1.770378860898561300e+02
1.809353619849707684e+02
1.781951855365502979e+02
1.811594390945819839e+02
1.765309197007489388e+02
1.800415179592276047e+02
1.761319214211215751e+02
1.822741279951015940e+02
1.780387603696272265e+02
1.774042944972243276e+02
1.780031242463599881e+02
1.779918696456863927e+02
1.787800189612673591e+02
1.815188802514067845e+02
1.799759271133927996e+02
1.794688806267475059e+02
1.801856788874895017e+02
1.773241572671413735e+02
1.816259433507153460e+02
1.755655361230896290e+02
1.751512954002472782e+02
1.789272571096113893e+02
1.835245581079373380e+02
1.794076237125496505e+02
1.769983823558952167e+02
1.813979068645198822e+02
1.812475799183118852e+02
1.783743270548999647e+02
1.770589230643857661e+02
1.818151036892820684e+02
1.817970877908059890e+02
1.829484549060776430e+02
1.768530433194664226e+02
1.816567407408367387e+02
1.788942581616646805e+02
1.764973515282910910e+02
1.756809782974821132e+02
1.789225810626339808e+02
1.818824717384891585e+02
1.800478868884100621e+02
1.757528928337499963e+02
1.826755157905297722e+02
1.815671488140640690e+02
1.813731220311508423e+02
1.788543647132108276e+02
1.779207474836686345e+02
1.805751168412564880e+02
1.795702735451426690e+02
1.781197712106465190e+02
1.828628312387371864e+02
1.800333601737872016e+02
1.768903416341524633e+02
1.808724823645868014e+02
1.768425765677236257e+02
1.798852273935661401e+02
1.769127148651591028e+02
1.744946041821108906e+02
1.769066026854262361e+02
1.827801013014137368e+02
1.784380193918015323e+02
1.786733710926794458e+02
1.778257446636217480e+02
1.789796415434190067e+02
1.754454139580150809e+02
1.733713372545531683e+02
1.803569878017399333e+02
1.786732203853078431e+02
1.829937905677742549e+02
1.762003229650292155e+02
1.763770606279299500e+02
1.798222043123407730e+02
1.780344678667413234e+02
1.815724969009399672e+02
1.813053902288423274e+02
1.781820787767934178e+02
1.792940859374188562e+02
1.760368416186558989e+02
1.785581855209543676e+02
1.761419720562973907e+02
1.771725707257301394e+02
1.775842318611553594e+02
1.762157402166624820e+02
1.778168086062347015e+02
1.762064247191964625e+02
1.771763164361866245e+02
1.782751345539122951e+02
1.825397475614893494e+02
1.760802630868018070e+02
1.779638367061751865e+02
1.764332337308044885e+02
1.826764463900572935e+02
1.829253396212131122e+02
1.795890923443358531e+02
1.790394075486510417e+02
1.799021500193551049e+02
1.796738775982449852e+02
1.801551031727308327e+02
1.792202338653828804e+02
1.800317703018099564e+02
1.813059341953730552e+02
1.763469893263397807e+02
1.764944380671937267e+02
1.785045934964922765e+02
1.794358743781225485e+02
1.738637176736209256e+02
1.800604420718930783e+02
1.804282864012289735e+02
1.776533220756886067e+02
1.774882595323116732e+02
1.759718561945956310e+02
1.811973307917057241e+02
1.810098945009332283e+02
1.798820633335291461e+02
1.816373972860501453e+02
1.777040425079316037e+02
1.759804316355051412e+02
1.789314200918436484e+02
1.832977531844182977e+02
1.796202595179860566e+02
1.781025917495570923e+02
1.789021705815447945e+02
1.753171493534984506e+02
1.790555533062809559e+02
1.804247588871342316e+02
1.796593261511297612e+02
1.821551923620617401e+02
1.796090814377960783e+02
1.818971619802297539e+02
1.752318615252793279e+02
1.779841201457959983e+02
1.751973997882766128e+02
1.816074101434073498e+02
1.782377685815759492e+02
1.761168162691216708e+02
1.793768366427603951e+02
1.811131681368548811e+02
1.777131939976318620e+02
1.790558753842211104e+02
1.815815271913031097e+02
1.834535486985998318e+02
1.749151377895495330e+02
1.820254716349150215e+02
1.807802865880100853e+02
1.814380323478688126e+02
1.815282274945264192e+02
1.792759644943595561e+02
1.770221415792731818e+02
1.763196627726868542e+02
1.769036189801386740e+02
1.813478898031194717e+02
1.805429549897530137e+02
1.770243139265840284e+02
1.808697558437484361e+02
1.803448072708032726e+02
1.779799263621288219e+02
1.749558331291642901e+02
1.770085756285158993e+02
1.790567090364359899e+02
1.805758561190575620e+02
1.796547142295762001e+02
1.776845624301540738e+02
1.765259655707695572e+02
1.772219312268213400e+02
1.778436378195444547e+02
1.788046190266302347e+02
1.815478583048990231e+02
1.817000059958628242e+02
1.794210455701159788e+02
1.770824529761034967e+02
1.819692500620845408e+02
1.786953735427489391e+02
1.774205442184139088e+02
1.839521224624979254e+02
1.801815041353258096e+02
1.819975402992962188e+02
1.801859533746656155e+02
1.830986704255577422e+02
1.805185985882035027e+02
1.779850609698299309e+02
1.797104459100642941e+02
1.731710828428228695e+02
1.774589452810847092e+02
1.795683777412419317e+02
1.768377631888192809e+02
1.779550818174712958e+02
1.744227690074530130e+02
1.854705813361780429e+02
1.784453454122611618e+02
1.798970324690186260e+02
1.777262811813680798e+02
1.784155393108366638e+02
1.813575056101488201e+02
1.793241665329444459e+02
1.775929165745489229e+02
1.778619120474877491e+02
1.765998081839471183e+02
1.794245726331410538e+02
1.810254737072659452e+02
1.814685542697656615e+02
1.787086253218209890e+02
1.730086889522882529e+02
1.768983549733727898e+02
1.795000087889912663e+02
1.751709882368407705e+02
1.747841435260531000e+02
1.745231146020894073e+02
1.795635627858582666e+02
1.825528238802527596e+02
1.798112316759284965e+02
1.779048403212280220e+02
1.763121659476890386e+02
1.794636139000710102e+02
1.750744567274508938e+02
1.772604778870141615e+02
1.762787496957738256e+02
1.797865558724183757e+02
1.798927507043314620e+02
1.812029550254946457e+02
1.753217800544696843e+02
1.820972736631865985e+02
1.837627686961157565e+02
1.807794776864616608e+02
1.790920865695650548e+02
1.813741210195646261e+02
1.764969490134966463e+02
1.808100365699681902e+02
1.786061387321157952e+02
1.766739228385881972e+02
1.802436623721006868e+02
1.783237832989591141e+02
1.793388170702569369e+02
1.805199007178947284e+02
1.786803919635033537e+02
1.806095172646473657e+02
1.773674455541297732e+02
1.824835562263381235e+02
1.803221268480127719e+02
1.772867231458122035e+02
1.793122843092744745e+02
1.763261603166293696e+02
1.787172635245932781e+02
1.781646092528429790e+02
1.768667377581373614e+02
1.801659495204927168e+02
1.786530335800407840e+02
1.807045103770328183e+02
1.789526378750567517e+02
1.741605986634752412e+02
1.754657712558508820e+02
1.775533688935877876e+02
1.783039294578593967e+02
1.766535547616477402e+02
1.775830988897070313e+02
1.797614548099944898e+02
1.786692459153036339e+02
1.759118369857140181e+02
1.776779957162775929e+02
1.750256252247362170e+02
1.826310083914917470e+02
1.774406471121819209e+02
1.773679506131328765e+02
1.781541109336818920e+02
1.818640769166427447e+02
1.781378913366270353e+02
1.789918545636828355e+02
1.765867333154696155e+02
1.816575326816281972e+02
1.824589078124658954e+02
1.811618781558185844e+02
1.797311203568638973e+02
1.763269269226089193e+02
1.772481186811646410e+02
1.791505880155147281e+02
1.799226659366825061e+02
1.795915835638491274e+02
1.764994670584103176e+02
1.771712016502091274e+02
1.786187359681687497e+02
1.806930367210366057e+02
1.769747613522738163e+02
1.786397084609604633e+02
1.764772834390413436e+02
1.798187476843191348e+02
1.796060366445740897e+02
1.785474451008212782e+02
1.780765905537823812e+02
1.799593183132312504e+02
1.787653002000332378e+02
1.746216105674459982e+02
1.725335590571466184e+02
1.791555865731912718e+02
1.798429245490680444e+02
1.793274480028852338e+02
1.792548392172664364e+02
1.859082686532059370e+02
1.789138735027345319e+02
1.831285173412264555e+02
1.822456715204030218e+02
1.821430828350657407e+02
1.805356191578411824e+02
1.790524377099697233e+02
1.793718746306023490e+02
1.786093901060682470e+02
1.768548639647130187e+02
1.807284253641660712e+02
1.801895254610444397e+02
1.798431026761868452e+02
1.822821068893399570e+02
1.811253627105137696e+02
1.805588512779531527e+02
1.808664142198836657e+02
1.788619865167647731e+02
1.785564397909691650e+02
1.820445925966768357e+02
1.769838910641761629e+02
1.802506520405711967e+02
1.804191724741414760e+02
1.805195677843201736e+02
1.734812172852391541e+02
1.834077123483395440e+02
1.755038399700584648e+02
1.827050410575515969e+02
1.843544772252585915e+02
1.795571803219045535e+02
1.777272308592332877e+02
1.829772541612184114e+02
1.785945095944985894e+02
1.807447396818000414e+02
1.783585011029465477e+02
1.760525901686877432e+02
1.770875528238346703e+02
1.762909541480512132e+02
1.753526742904851403e+02
1.828939125709218558e+02
1.835175670926801388e+02
1.806625982967318009e+02
1.787651576930481951e+02
1.817565327481043767e+02
1.766373730238643702e+02
1.764314524650701230e+02
1.798331180654068362e+02
1.770549656086652135e+02
1.826149189130646562e+02
1.802146055512681073e+02
1.829706553128972644e+02
1.821547978171971351e+02
1.793657957919231762e+02
1.806238589149840834e+02
1.808692437305406884e+02
1.784514282117815469e+02
1.787092331441223223e+02
1.772254709266985060e+02
1.843093850226950678e+02
1.771683764175217561e+02
1.813493871035000780e+02
1.798851422892053904e+02
1.784716092176910820e+02
1.817850104541370513e+02
1.806270738794648594e+02
1.832329612090573505e+02
1.817936278242647745e+02
1.831171992332337481e+02
1.822185419015091270e+02
1.789301532566928472e+02
1.784245834744571084e+02
1.817485181336380435e+02
1.779640695546361258e+02
1.783855734549663907e+02
1.816599424689793807e+02
1.827235346830920264e+02
1.787289836290686367e+02
1.809824023721259323e+02
1.811404840448015534e+02
1.790077713369817900e+02
1.801118089817128123e+02
1.792623193630358855e+02
1.749475719493704560e+02
1.802814612004504795e+02
1.758730323848263595e+02
1.788965872885803492e+02
1.844528034959776903e+02
1.770067491513069911e+02
1.785287336863589474e+02
1.784926089052544285e+02
1.813269445240613607e+02
1.763137548821791256e+02
1.781198937483154339e+02
1.803790797472125291e+02
1.843971829112421972e+02
1.792958373994008525e+02
1.766514194731162490e+02
1.826243221987219556e+02
1.782929801936875549e+02
1.804172531112637330e+02
1.778969876393823313e+02
1.788395414493186593e+02
1.797010379964335982e+02
1.789768322165671748e+02
1.804318818660700856e+02
1.828682287139783682e+02
1.821548627639240578e+02
1.785793307028579591e+02
1.743601000009189192e+02
1.770253204412327648e+02
1.757987391117504217e+02
1.791956105778207302e+02
1.746773334729321903e+02
1.808469633498549172e+02
1.731961054938394682e+02
1.720908719348944373e+02
1.812116310415493672e+02
1.787588314727460954e+02
1.772539394551252769e+02
1.768655151107169274e+02
1.792349158678160563e+02
1.757132373007277693e+02
1.773133265804922871e+02
1.765150060148922080e+02
1.815202200601386266e+02
1.790634006842039412e+02
1.830422059369819578e+02
1.817927676132542842e+02
1.793143827120973981e+02
1.772413847012930148e+02
1.780422544886073695e+02
1.813554716539314029e+02
1.787191048925141388e+02
1.806982682835952687e+02
1.751555185020367844e+02
1.786410647888146741e+02
1.796012677640742083e+02
1.782684141536636275e+02
1.794878309183156375e+02
1.769376655060897292e+02
1.785438971748680785e+02
1.757336070184921937e+02
1.807738095016936768e+02
1.775008728381783953e+02
1.783515233328166403e+02
1.812492603377001785e+02
1.764287822150270699e+02
1.735870392107257771e+02
1.810207832651963429e+02
1.799237033167569848e+02
1.822973100144193097e+02
1.773709786199665359e+02
1.760951208187048564e+02
1.760947294781523169e+02
1.760031677440780129e+02
1.790387438349838192e+02
1.801554238462762783e+02
1.810336551044213707e+02
1.838726301821928644e+02
1.787687319302636411e+02
1.786699459740117959e+02
1.758612395575673304e+02
1.799222614347595197e+02
1.796019376519980710e+02
1.761688385762264204e+02
1.754388936141690465e+02
1.777489244086269196e+02
1.778846937122594625e+02
1.821976305871471027e+02
1.791158847872836475e+02
1.792343334317709775e+02
1.841971397899635292e+02
1.810359791873407289e+02
1.798375290214152926e+02
1.782617491478178806e+02
1.738256949708764978e+02
1.778949364774426840e+02
1.804249648167284761e+02
1.766309024683112341e+02
1.798292469961579059e+02
1.830175772343459926e+02
1.774118044895720345e+02
1.746017997775166180e+02
1.808443212901737809e+02
1.777316826583433453e+02
1.808866035432263573e+02
1.824562717834067485e+02
1.779406749285498677e+02
1.793225047148305293e+02
1.796677833296177198e+02
1.778488107075337723e+02
1.767675502798738592e+02
1.785975187215060771e+02
1.765520073379385337e+02
1.776890967855035797e+02
1.814264776390193106e+02
1.816460429184331247e+02
1.791795528871701038e+02
1.768773313104197200e+02
1.829444281526135399e+02
1.793002019504783675e+02
1.807987962497868466e+02
1.817897002589791668e+02
1.793924411819215550e+02
1.751580456357963271e+02
1.767815740252450780e+02
1.771804016472142678e+02
1.820113823310700525e+02
1.809894056030217087e+02
1.835845618097641250e+02
1.785273828788608341e+02
1.797669937112160312e+02
1.811817813680254403e+02
1.786632634891491307e+02
1.826787425564337752e+02
1.791364164026060166e+02
1.795758352367337807e+02
1.810409157574316623e+02
1.784363562501617082e+02
1.804846662019228063e+02
1.750476868887259059e+02
1.780907137316769422e+02
1.809898702225230238e+02
1.796562626359234116e+02
1.774298354325563594e+02
1.806780217720941550e+02
1.785679963529964027e+02
1.774484012508970920e+02
1.799940322042430978e+02
1.816586587503506678e+02
1.783496053983900822e+02
1.822996549364348766e+02
1.795968975883219230e+02
1.823698462434884675e+02
1.755494503533672344e+02
1.806160730759911246e+02
1.843741886874045974e+02
1.841780863391785488e+02
1.763897935249644888e+02
1.835991199643494554e+02
1.803721529177619516e+02
1.772793088999956694e+02
1.785689943883099886e+02
1.798337336557106880e+02
1.790875126859476438e+02
1.776990949269690532e+02
1.805485021949945121e+02
1.804410347695882137e+02
1.787172572451555368e+02
1.747228103069114695e+02
1.781928882837923709e+02
1.774962757246336480e+02
1.805969158492735005e+02
1.767684014573347042e+02
1.763621175943821981e+02
1.829292675151070853e+02
1.807809335840869380e+02
1.770676066314740353e+02
1.802073219793039414e+02
1.802712011064555497e+02
1.809504741025257886e+02
1.829710140887210912e+02
1.770639684375364027e+02
1.827024887017268213e+02
1.774105322684010275e+02
1.789959133018005275e+02
1.846430431249854962e+02
1.796350251262981033e+02
1.755078135137506763e+02
1.792193326546560854e+02
1.781909563214248635e+02
1.740440682150339171e+02
1.795470655182675443e+02
1.788012926342698563e+02
1.798600363231141159e+02
1.791344461965856283e+02
1.767490396814153826e+02
1.742547157935306643e+02
1.792970964394858129e+02
1.789710240455318910e+02
1.790960555568690040e+02
1.800748914177367794e+02
1.807768495826389881e+02
1.813315850555567579e+02
1.793470594971940386e+02
1.791865492545871064e+02
1.757163340269578100e+02
1.808429055139153547e+02
1.843927959212212500e+02
1.762866810142045040e+02
1.809226988666912916e+02
1.829659544571176752e+02
1.747041788746988118e+02
1.789841688834799811e+02
1.782595012840771176e+02
1.791102758928622336e+02
1.800777492018730754e+02
1.792762487996635627e+02
1.789343864848139560e+02
1.809530550981920953e+02
1.770694973795849876e+02
1.800907080219867282e+02
1.807102867609110319e+02
1.807544671467577189e+02
1.795162836657882792e+02
1.776207963966608929e+02
1.800479590447837097e+02
1.836283433791342361e+02
1.806837228467541649e+02
1.821306614828301349e+02
1.783431279928519757e+02
1.797527436647714865e+02
1.774123948649701674e+02
1.746694479063922927e+02
1.792894502481757115e+02
1.836564494730120316e+02
1.797787192910298586e+02
1.832479206661454612e+02
1.814787780223585116e+02
1.780474968300653984e+02
