1.876493785845873106e+02
1.926294298301784522e+02
1.873047569440018378e+02
1.882587763847084261e+02
1.894446838045358277e+02
1.896719808945831858e+02
1.874295155355991938e+02
1.872500726327254768e+02
1.889914498246999131e+02
1.897849012741680497e+02
1.846479337756063330e+02
1.877582180994552914e+02
1.860016971042916225e+02
1.858666947426563070e+02
1.909927829021116565e+02
1.873253446985675339e+02
1.847072366567379902e+02
1.904010417228373342e+02
1.877432971115240150e+02
1.859924851348228856e+02
1.889438951786382859e+02
1.847536875397030371e+02
1.857929920279886176e+02
1.881232784369408364e+02
1.888566455134195508e+02
1.880576469277165188e+02
1.894234594589113385e+02
1.884804664103520224e+02
1.875518087226353714e+02
1.872375546073804458e+02
1.890702655885894785e+02
1.896708039023111496e+02
1.884900885690645964e+02
1.884421423869789862e+02
1.862685989661185317e+02
1.852951279428840508e+02
1.853647240973003818e+02
1.881146780206078688e+02
1.859163748440794564e+02
1.905349844478297427e+02
1.892087455341179520e+02
1.886351414287209991e+02
1.886602108291635602e+02
1.918635132667187690e+02
1.872838548179195470e+02
1.861741606521546544e+02
1.876096558988064089e+02
1.877192581219270835e+02
1.864464629784610565e+02
1.912679111910958625e+02
1.914896155972886334e+02
1.900881453140931967e+02
1.914563133056042830e+02
1.886013412393849080e+02
1.919965867072938295e+02
1.900653980492068911e+02
1.942136813377705948e+02
1.860777804394177224e+02
1.858480620519751767e+02
1.911226207589013200e+02
1.887787777977425492e+02
1.867314334253191532e+02
1.879278127274826318e+02
1.842285797286469915e+02
1.916429979224846534e+02
1.911992134157850387e+02
1.857477713089491260e+02
1.865417443711830856e+02
1.902126679622763845e+02
1.879453404479558571e+02
1.906883569765347772e+02
1.894055788193549574e+02
1.863442890643606802e+02
1.863153302957343840e+02
1.855219193426713389e+02
1.840230747540957452e+02
1.905882478385407239e+02
1.864865839276995416e+02
1.884391926473589649e+02
1.864348481754904014e+02
1.871252278943287024e+02
1.865567424020691192e+02
1.875041184652679078e+02
1.912101519684453876e+02
1.879344134918472946e+02
1.938623031892948632e+02
1.889467084103219463e+02
1.897800933860099519e+02
1.859915441503680142e+02
1.853862615352882415e+02
1.889617365996030571e+02
1.862166145897238039e+02
1.887924299749759598e+02
1.856128909013723103e+02
1.891964772728452715e+02
1.894474596494383434e+02
1.923705497592712561e+02
1.899652237311828173e+02
1.878560465965409207e+02
1.867291459260214310e+02
1.912183785610290556e+02
1.898817056731080015e+02
1.844529226453145725e+02
1.888083336376886336e+02
1.886151740361332827e+02
1.877855770062876388e+02
1.893433419536279132e+02
1.850024886034021563e+02
1.902663054263641129e+02
1.890988638375011703e+02
1.871135355303299264e+02
1.900264840807523683e+02
1.888958488991111437e+02
1.906916957554595626e+02
1.875682631542628940e+02
1.921620373567545244e+02
1.826057264524665982e+02
1.900696973514362185e+02
1.909607298570430771e+02
1.898104854301067519e+02
1.921709771879666562e+02
1.920543974936064444e+02
1.861028522618152579e+02
1.861267614808877511e+02
1.877776720422071435e+02
1.850908544863073075e+02
1.890279937141065147e+02
1.857010322817853307e+02
1.902849901764466836e+02
1.877949717070280826e+02
1.857204815036799914e+02
1.885351380888621975e+02
1.883035028656944121e+02
1.855566401492916953e+02
1.863959635324285387e+02
1.878414303491960311e+02
1.862760237015046414e+02
1.878674614290598868e+02
1.880191249842008858e+02
1.899363595303487671e+02
1.900547833956191255e+02
1.881154360651994750e+02
1.910167500238641765e+02
1.859077352296429240e+02
1.880177915864618967e+02
1.889058204149405071e+02
1.887023415176063281e+02
1.879859706178508247e+02
1.873959046692277184e+02
1.909920104881277325e+02
1.857068202667926471e+02
1.900285910586353850e+02
1.878067295822512222e+02
1.882656052459671798e+02
1.930967677812716374e+02
1.879486272384086192e+02
1.860780888786859180e+02
1.875191888091900410e+02
1.888252903496788520e+02
1.869280208794160956e+02
1.902835942840688972e+02
1.904976148581637858e+02
1.845818328579206025e+02
1.886293377796604034e+02
1.874357895843763231e+02
1.895847095891369065e+02
1.918595778855076048e+02
1.847933605615708075e+02
1.870799500613279349e+02
1.882350305267108581e+02
1.867900994130286279e+02
1.930135574002236467e+02
1.848743311145294115e+02
1.879551806998405823e+02
1.895868105304995481e+02
1.874170176449108851e+02
1.848698219818607242e+02
1.920455108031215161e+02
1.849968324315558164e+02
1.861618409201064424e+02
1.913733718765355150e+02
1.910453431984871031e+02
1.867316668994902216e+02
1.903004025272425110e+02
1.921314110722048270e+02
1.906255648213595180e+02
1.890309655630281327e+02
1.922860303316124373e+02
1.873281112689658130e+02
1.905830898823074051e+02
1.861809216018226607e+02
1.888898918717292190e+02
1.896889487282300024e+02
1.866887848549714306e+02
1.869522009655269414e+02
1.893393780230903758e+02
1.868857814715331358e+02
1.908968777038417102e+02
1.900781297276299142e+02
1.898232518782928935e+02
1.888744315450734348e+02
1.892833168408422182e+02
1.918784657116488859e+02
1.832581531161013686e+02
1.881665175763828586e+02
1.888193012910387267e+02
1.874171160929584516e+02
1.922634931284387392e+02
1.910492910237545345e+02
1.900526067277213542e+02
1.839703442054277218e+02
1.866817927675662361e+02
1.876488919579331878e+02
1.910532006151607334e+02
1.869114705873529090e+02
1.855343866188208324e+02
1.890632391653928437e+02
1.900380601487034937e+02
1.871423270671705268e+02
1.890437440305143753e+02
1.868822705102923010e+02
1.918067966717246406e+02
1.893546339534880474e+02
1.867529070297061935e+02
1.882512515534896806e+02
1.875193152960074201e+02
1.871173436528616492e+02
1.872246656678709087e+02
1.896837845758327035e+02
1.900294720263612192e+02
1.890787631151975177e+02
1.881690144861400142e+02
1.877191870544627363e+02
1.886043204911453017e+02
1.904031300095930419e+02
1.919596423286449749e+02
1.905277384829435618e+02
1.871460633153120057e+02
1.930697376297789560e+02
1.874680121152428285e+02
1.876129792407234049e+02
1.860905755315912984e+02
1.889858179752504270e+02
1.870262417685567016e+02
1.891875739418658213e+02
1.891033806338737975e+02
1.875954821349201609e+02
1.922071183057031192e+02
1.871412609305484693e+02
1.869618469109101397e+02
1.903062672341838493e+02
1.887844478543154310e+02
1.888271045457806849e+02
1.882960797215465334e+02
1.898313570873510230e+02
1.903046162333457687e+02
1.909839638947685785e+02
1.873954134657276143e+02
1.914387654654471191e+02
1.906455104439649517e+02
1.902524467267097066e+02
1.883759437717225751e+02
1.841585375613543079e+02
1.888074450513325928e+02
1.847302670782791552e+02
1.924554133703917955e+02
1.890597143721253133e+02
1.865347563592421238e+02
1.890115839735811960e+02
1.880203455744098164e+02
1.871314925446644111e+02
1.876795475186692386e+02
1.883722418171766435e+02
1.911054731069521893e+02
1.900989116343265835e+02
1.855704462878937875e+02
1.887249206020184431e+02
1.881277817935018675e+02
1.913461338444366220e+02
1.859496505302893752e+02
1.873906852558129117e+02
1.904898038548485601e+02
1.871203217922264912e+02
1.878300823700644742e+02
1.865809033805460047e+02
1.908896543981603884e+02
1.927194508694742865e+02
1.870026600804353336e+02
1.926448849313638902e+02
1.855422455626293186e+02
1.856561000250103177e+02
1.884561229975122103e+02
1.906263633394795818e+02
1.873295586810525037e+02
1.900787394142591040e+02
1.889532359003740112e+02
1.851922553285442632e+02
1.873798918655081138e+02
1.897778255207319091e+02
1.855162320406904257e+02
1.876579874984690264e+02
1.937445924201840910e+02
1.884092050645463416e+02
1.898066875402206790e+02
1.860898835130975613e+02
1.883572929064177686e+02
1.885503272862450785e+02
1.885030723036270786e+02
1.854319506903965475e+02
1.880706374620716304e+02
1.880248207566057204e+02
1.885406098859417341e+02
1.869499553329057733e+02
1.908041922897733969e+02
1.888105033413511649e+02
1.854612236587955465e+02
1.915432352587541800e+02
1.874077074987160927e+02
1.894471005752949111e+02
1.904411890145661062e+02
1.874058307046511516e+02
1.840113942853547258e+02
1.889523952061589114e+02
1.867825708388705834e+02
1.881150025468097340e+02
1.891055579997378118e+02
1.864270570998369294e+02
1.854967296028978012e+02
1.876043624515250485e+02
1.881208035755886385e+02
1.867775107542888691e+02
1.872623205146423402e+02
1.901666719311981524e+02
1.877971682442088763e+02
1.863817236782686564e+02
1.866923233276718292e+02
1.874760556970426251e+02
1.864621702979097790e+02
1.885066183618675382e+02
1.882515398932764015e+02
1.870947040906718257e+02
1.884605535341279392e+02
1.911559821445133309e+02
1.888295350983453886e+02
1.850575614048333080e+02
1.866909658073452078e+02
1.882418211279569675e+02
1.862653686307249643e+02
1.889053529499493607e+02
1.865264562741886323e+02
1.896854686350018255e+02
1.854877531853834398e+02
1.849838423009158817e+02
1.882321713104477965e+02
1.933732042472899195e+02
1.874938891680592121e+02
1.892206636537850670e+02
1.858081292053134348e+02
1.878969328824981346e+02
1.867177084689079720e+02
1.846848114833845500e+02
1.897253293174554187e+02
1.909631581466213959e+02
1.870919581879371378e+02
1.886804561192017218e+02
1.870639328622750384e+02
1.911546226031776143e+02
1.918611769538624685e+02
1.917536528295362643e+02
1.887471332683301171e+02
1.895243549289880605e+02
1.885560515237295078e+02
1.910402355843995110e+02
1.887450439670513731e+02
1.868647550532661228e+02
1.882612121721845710e+02
1.835754065722266830e+02
1.907893878488592065e+02
1.893042871489952290e+02
1.884433993944156782e+02
1.846773195906390583e+02
1.902677689142081192e+02
1.903676006782400805e+02
1.881586613869175437e+02
1.854416785426131469e+02
1.895768591012806894e+02
1.904822762630964519e+02
1.863848874010976999e+02
1.918096402899604698e+02
1.882411923131839160e+02
1.896282438483665373e+02
1.897110886501579614e+02
1.873756760985174594e+02
1.899036694700697296e+02
1.903664695242688083e+02
1.903861176251266443e+02
1.856667021584765394e+02
1.912358191141796624e+02
1.871387752759207501e+02
1.846159554464931034e+02
1.889564949750702283e+02
1.862330491335594331e+02
1.894536519250419246e+02
1.904086723035948410e+02
1.924671963452783814e+02
1.845164589135164874e+02
1.888110952073519400e+02
1.890479688700210943e+02
1.875235440181523359e+02
1.862134100987239265e+02
1.908758929711220844e+02
1.900559236254055691e+02
1.875687151270875290e+02
1.897177674779906908e+02
1.878764893118580517e+02
1.878510299558481904e+02
1.871081761174717144e+02
1.887886423796614963e+02
1.874182322485925738e+02
1.882763402616674284e+02
1.885931670555102073e+02
1.898001258877929160e+02
1.916926194658674092e+02
1.910116743836217950e+02
1.859735307239178042e+02
1.885301571989181753e+02
1.893705669163277605e+02
1.882483257585626859e+02
1.871488658917654107e+02
1.871644359843413667e+02
1.927723224023872319e+02
1.914627609440347555e+02
1.884818043411244162e+02
1.864135974617335023e+02
1.883415636851418924e+02
1.895871886520318128e+02
1.868844272590613116e+02
1.870772580494800934e+02
1.880545673395174617e+02
1.896506273975564909e+02
1.876347315203868504e+02
1.892553334407992622e+02
1.874861738786584624e+02
1.866695913935879787e+02
1.863859589482904369e+02
1.909082948226036649e+02
1.903360749694692231e+02
1.939874206585417653e+02
1.915667687304060394e+02
1.893987555813394295e+02
1.889911560903251768e+02
1.880758136008913368e+02
1.885859834518458911e+02
1.890517941470355083e+02
1.886011299799358198e+02
1.891904733926138249e+02
1.873373695311022686e+02
1.888950045664120978e+02
1.877272647603343501e+02
1.872007268505639956e+02
1.888150072904660135e+02
1.866341276344514881e+02
1.881018242649118406e+02
1.900782368843709946e+02
1.900832567112809386e+02
1.865128339940505100e+02
1.887786462825706906e+02
1.902416426142103489e+02
1.892967882849163459e+02
1.874373034581434183e+02
1.894832311729570620e+02
1.882596044639112733e+02
1.893673857699714347e+02
1.882813756083374983e+02
1.916308596021134463e+02
1.845454651808185815e+02
1.909210458598751359e+02
1.860612967498907437e+02
1.853943217203764107e+02
1.900433280269739384e+02
1.866789457027305161e+02
1.885218814533084526e+02
1.888663789412822211e+02
1.911645680342993785e+02
1.858074768826015202e+02
1.887860244367298321e+02
1.871719022413046503e+02
1.863704331683134683e+02
1.888066943383364844e+02
1.846567269416666193e+02
1.846838588816760307e+02
1.857467058634503871e+02
1.904459652526881257e+02
1.898113167689154182e+02
1.904301053276775804e+02
1.920800303674242855e+02
1.904170793933538732e+02
1.912957779354013894e+02
1.864022514898184113e+02
1.902182008037834464e+02
1.932332487288092864e+02
1.899484151607528020e+02
1.871133445491102805e+02
1.869784659456408917e+02
1.919146412505643298e+02
1.878402634330798833e+02
1.896569945934980979e+02
1.862010666338163674e+02
1.911862452642335768e+02
1.898692327510416931e+02
1.885917544924683966e+02
1.887527647039844680e+02
1.884623579190964620e+02
1.874169203699807724e+02
1.889911517479776251e+02
1.858290134239564964e+02
1.870879346123862206e+02
1.854349362501025098e+02
1.868280238123857089e+02
1.855729058706584453e+02
1.915970557370295353e+02
1.887644486823036800e+02
1.898460823393329520e+02
1.883773692889371887e+02
1.903924939033471446e+02
1.909852949955994745e+02
1.878262775249707204e+02
1.910892855232756062e+02
1.898791979071618243e+02
1.869433040283653042e+02
1.906258216328658079e+02
1.862803267488374104e+02
1.906085802615164937e+02
1.861981680829601942e+02
1.891321120934011049e+02
1.896240254652080353e+02
1.899225254862269594e+02
1.885495853259540979e+02
1.875161712801020997e+02
1.904585190381069992e+02
1.856643540592542649e+02
1.890236117204993889e+02
1.899976213800858034e+02
1.871384089703419988e+02
1.879511702622384917e+02
1.930415642363343807e+02
1.893279076016927718e+02
1.864371853818485363e+02
1.886501865997609002e+02
1.876298941464897894e+02
1.870695151310241329e+02
1.899566189125638118e+02
1.840274718826819083e+02
1.871380851009872686e+02
1.876150153922043273e+02
1.884885039209920592e+02
1.905798683657473589e+02
1.860123420035664026e+02
1.897203571111717508e+02
1.887463024100977691e+02
1.869883447456879253e+02
1.884338282012581374e+02
1.858310228248188309e+02
1.881403417611077771e+02
1.906908901406929999e+02
1.870977778076578772e+02
1.901516358816849959e+02
1.866508622713342902e+02
1.880533415088007985e+02
1.884118782357607813e+02
1.870914203624525385e+02
1.897110461523344895e+02
1.880426472829931299e+02
1.899843569004856931e+02
1.868494043247357865e+02
1.874699947781909657e+02
1.870701420649620559e+02
1.898885503204956819e+02
1.915739623311566220e+02
1.864915300069962711e+02
1.910303442798818310e+02
1.882408763866901324e+02
1.891119079172870556e+02
1.865795535378827026e+02
1.850797504117878987e+02
1.883196615227903123e+02
1.902373018530018101e+02
1.903315114893925966e+02
1.863212129655535136e+02
1.861385215469192076e+02
1.880790516772850935e+02
1.857270199611789110e+02
1.846768674575070577e+02
1.824723884378536525e+02
1.845321560207982827e+02
1.898674616547036464e+02
1.904001732491190637e+02
1.881203947012144226e+02
1.898841284454085212e+02
1.864020603152758611e+02
1.859515717134485158e+02
1.919391420554316596e+02
1.881608206912962089e+02
1.873183109969465647e+02
1.896331203536222461e+02
1.889971642360037833e+02
1.923498861750606181e+02
1.895400036351712174e+02
1.893551714221752889e+02
1.908661415862160311e+02
1.900213924021109904e+02
1.868427747196949440e+02
1.879743650172475498e+02
1.890620068038335546e+02
1.875742650898945101e+02
1.890048780562733555e+02
1.929692663524597549e+02
1.904451284350712967e+02
1.865774948234623309e+02
1.827388814460159949e+02
1.865811808772351696e+02
1.926813857603114286e+02
1.883547344582825360e+02
1.875114815887099837e+02
1.871994750799636051e+02
1.867916013540313713e+02
1.858258315583759952e+02
1.878833289373398827e+02
1.859360505856487862e+02
1.870282156522884236e+02
1.901781736035052290e+02
1.868439168950435203e+02
1.907946340515012764e+02
1.866810327064908677e+02
1.899873365520456332e+02
1.868662563511376220e+02
1.889713081245235173e+02
1.860093490844765256e+02
1.892884483573909620e+02
1.884440810812719462e+02
1.854835272042108159e+02
1.901644986372182586e+02
1.859738576819954403e+02
1.904259004840414491e+02
1.882502932045548221e+02
1.893110884341307383e+02
1.895517317604076197e+02
1.871384195644705244e+02
1.892297211879668453e+02
1.872207217899801606e+02
1.897789918682536836e+02
1.897315144525821324e+02
1.890413211721342179e+02
1.907548672461346371e+02
1.893220527784973228e+02
1.892345025335279161e+02
1.894803310817905810e+02
1.885430765127442783e+02
1.896852997249414159e+02
1.909681681812651846e+02
1.875222867244617362e+02
1.875726155746278891e+02
1.866838254770066214e+02
1.893148749663835133e+02
1.916896056839007656e+02
1.860248423994277118e+02
1.873905274605124305e+02
1.851202146262006920e+02
1.891278350278913365e+02
1.886729763893101506e+02
1.884191453259644220e+02
1.845373075044114728e+02
1.885355997521345444e+02
1.860146828781865622e+02
1.886485955351602399e+02
1.856364023906362206e+02
1.886411996431545219e+02
1.885401218258323581e+02
1.900596205900097004e+02
1.882254060601000276e+02
1.857847815378427754e+02
1.879985950398411489e+02
1.868195983235170843e+02
1.873462639272028696e+02
1.903034147203887017e+02
1.874033394434196680e+02
1.870884682628636426e+02
1.897705521104007858e+02
1.870091114748711050e+02
1.882272254220176819e+02
1.862892163112487083e+02
1.877005186928747094e+02
1.895114585502220450e+02
1.903420760659308542e+02
1.898258024617084629e+02
1.912851139271047600e+02
1.896372795146839110e+02
1.829086466631461860e+02
1.884860253492704487e+02
1.902149468364305847e+02
1.889373197789280425e+02
1.915335604532130560e+02
1.870240419260929343e+02
1.888979964820420037e+02
1.880046162237048861e+02
1.890373050748329433e+02
1.861910931849488975e+02
1.878871949935171699e+02
1.901524170778149596e+02
1.835279322089773757e+02
1.847378981292814615e+02
1.897966821250578278e+02
1.869525514966780406e+02
1.869354530495604365e+02
1.905668311055860329e+02
1.896922899547086843e+02
1.892342522066771267e+02
1.918271618445979811e+02
1.875543640725335024e+02
1.890524425945336304e+02
1.893039933353564095e+02
1.896737097865996873e+02
1.869843287090252772e+02
1.876214794756462538e+02
1.854934651945643225e+02
1.893158560870953693e+02
1.866947212726706766e+02
1.894621351899266415e+02
1.854447556243505630e+02
1.844940909882727738e+02
1.912549795467559761e+02
1.902515951651636783e+02
1.880501882239557574e+02
1.858961355122241628e+02
1.890854786111975727e+02
1.898823460589199783e+02
1.866969209532042271e+02
1.882577689183480629e+02
1.891972149124101463e+02
1.847233485941791571e+02
1.892069116013960297e+02
1.913931143205025762e+02
1.908385750439662161e+02
1.847776021658156083e+02
1.885078328603893851e+02
1.851175670959173658e+02
1.874552932925872142e+02
1.869022357019235585e+02
1.879472230124533212e+02
1.878485376643177460e+02
1.916744594431282565e+02
1.878903176263390549e+02
1.918118508558837050e+02
1.858870246960875079e+02
1.856870176143159199e+02
1.874996866590118429e+02
1.876673499752748739e+02
1.890404889170005447e+02
1.852981866613555439e+02
1.838831294564122629e+02
1.870322853797191840e+02
1.886177146470452044e+02
1.888259950345689333e+02
1.882087645720675653e+02
1.892814585106082177e+02
1.888415433600332278e+02
1.852656824372571691e+02
1.907788805287212881e+02
1.884327141644633912e+02
1.867397654931106672e+02
1.852388257319901186e+02
1.856102801158256739e+02
1.916219001114774301e+02
1.848944900433392320e+02
1.869850032680248830e+02
1.909620245101082219e+02
1.877225470569275387e+02
1.889052229606481603e+02
1.861273634485642106e+02
1.906024025265085982e+02
1.907336757735383799e+02
1.884802593416176535e+02
1.911532893440773364e+02
1.889695525894629213e+02
1.877961477074464938e+02
1.856321434982204721e+02
1.911797639107011264e+02
1.951344272424800010e+02
1.877800511966385386e+02
1.886296120411236359e+02
1.888027677095484194e+02
1.886600144676722834e+02
1.855531177628923842e+02
1.876726829819604916e+02
1.866413438610498758e+02
1.862327703220451269e+02
1.868877215552241182e+02
1.883823064499401312e+02
1.895221186968236680e+02
1.861539848872106120e+02
1.884083441868474722e+02
1.853703304824715019e+02
1.883423237772084917e+02
1.879512307322284812e+02
1.873182608334114718e+02
1.892696395199554047e+02
1.873725617398679617e+02
1.895010083381841071e+02
1.899600577981579761e+02
1.873062734532925049e+02
1.872693515212171462e+02
1.875644951623047234e+02
1.900234884140944587e+02
1.899239932464776075e+02
1.867966289541398623e+02
1.879131911295301052e+02
1.870951754005421890e+02
1.859015250812662430e+02
1.896751160495115300e+02
1.884997880140457198e+02
1.878899556206610555e+02
1.872344920969840985e+02
1.885711873894045709e+02
1.875807438513208751e+02
1.857670133659103726e+02
1.898750394185827588e+02
1.860240391182213955e+02
1.900277149365593630e+02
1.917799242182105672e+02
1.841671505846316279e+02
1.852576032611403889e+02
1.856720363656227732e+02
1.874985604797261942e+02
1.905689066963813332e+02
1.889614195679282602e+02
1.901244103026323842e+02
1.853602042819734947e+02
1.885432552916311124e+02
1.883044018463775160e+02
1.887040988922679503e+02
1.872553310316243653e+02
1.885897739828687349e+02
1.894079045723230195e+02
1.886845187954606047e+02
1.855282699943596469e+02
1.912639177513920004e+02
1.869149628495187585e+02
1.928876789789183306e+02
1.851677006997967396e+02
1.887498118563220544e+02
1.857612452269696064e+02
1.922921503739597711e+02
1.925003523470971061e+02
1.890887746030362564e+02
1.866911566849611859e+02
1.897488168145238205e+02
1.877154863219617198e+02
1.884335152044584163e+02
1.897979935854798441e+02
1.864767545215020732e+02
1.884397860114622461e+02
1.889087094105182985e+02
1.887133731975112880e+02
1.844593446121982936e+02
1.884395147340181609e+02
1.875909842073543246e+02
1.887362093233319911e+02
1.902931704769476084e+02
1.896683776327333248e+02
1.922515598429701527e+02
1.882753691209084081e+02
1.856058206642087498e+02
1.838572724890134680e+02
1.907430332145274861e+02
1.866307226806957260e+02
1.899075416625234425e+02
1.892770801689275970e+02
1.853181557464477862e+02
1.893511425521575120e+02
1.846767149465481452e+02
1.916797949620837755e+02
1.856936772538400930e+02
1.878747189775404536e+02
1.904025591774015140e+02
1.874894283535406316e+02
1.911350820722050514e+02
1.901784652232795167e+02
1.887052941825616301e+02
1.901881323055472137e+02
1.885206403166478708e+02
1.858067130045439228e+02
1.885893538904921627e+02
1.889129207152390677e+02
1.883954366273242442e+02
1.845930137812987368e+02
1.874790474445998996e+02
1.846807776994843948e+02
1.872291390239760460e+02
1.868814161982195401e+02
1.876058641433290290e+02
1.887473590093740086e+02
1.885772728966919374e+02
1.875043349675235334e+02
1.885832841417599184e+02
1.888786517984278248e+02
1.861933928220529992e+02
1.901685141787937994e+02
1.882627917351820770e+02
1.841909073022986831e+02
1.853622129463083184e+02
1.866673985355635068e+02
1.900516357956291245e+02
1.881371561001136854e+02
1.930667624229280079e+02
1.914365207353895926e+02
1.850600569090947829e+02
1.896595605333874346e+02
1.861233617562650693e+02
1.867528863699492092e+02
1.873124831135434079e+02
1.891961261260577771e+02
1.872269172688616550e+02
1.872983842003646942e+02
1.916349497018929071e+02
1.879699938132669104e+02
1.870176708381393098e+02
1.892263488031351244e+02
1.850561614815116513e+02
1.858333417714230507e+02
1.861163891998461679e+02
1.898238236422434682e+02
1.855290047724783165e+02
1.860988604782237417e+02
1.869159991886501189e+02
1.854242401649435408e+02
1.885931765885792117e+02
1.917364724909083122e+02
1.906032209195560085e+02
1.877690207458277314e+02
1.887842524358264598e+02
1.894608997795051550e+02
1.880494778870816219e+02
1.876009830796370750e+02
1.875503664230165271e+02
1.877950145770682866e+02
1.904369040012104506e+02
1.909058526532267024e+02
1.875723115816820723e+02
1.907398209952367552e+02
1.883408058985602054e+02
1.905884420204107244e+02
1.839576366881150022e+02
1.880195953608522075e+02
1.874382595593323515e+02
1.894705976541190466e+02
1.853517606210302517e+02
1.896198824302765615e+02
1.852414592410979139e+02
1.896761167971140480e+02
1.891446916671003464e+02
1.850341447666890247e+02
1.904679324322369212e+02
1.911698403378565558e+02
1.882483739200338277e+02
1.902195482555065666e+02
1.930103318408714870e+02
1.893040564932138921e+02
1.880523857836897150e+02
1.884695480468961080e+02
1.906835390520974443e+02
1.887338751883021075e+02
1.877909647476802775e+02
1.840067589746195722e+02
1.872537556169101549e+02
1.873330033691692051e+02
1.878253589163396953e+02
1.903229302557304266e+02
1.841160674439387890e+02
1.868102982273518933e+02
1.902479434460636298e+02
1.821020624392167520e+02
1.866966114105155157e+02
1.892053480301309776e+02
1.880257049604296640e+02
1.866381809488307510e+02
1.858627210158476828e+02
1.872028635036289472e+02
1.897894636672363049e+02
1.862027962455220802e+02
1.911433178392508410e+02
1.886143513058747203e+02
1.880784930231199610e+02
1.870107259806667344e+02
1.863378582058905408e+02
1.857288501476790543e+02
1.868996009352306942e+02
1.865274945709028884e+02
1.877362224870626051e+02
1.885808979424278391e+02
1.868971283060524229e+02
