8.687997965579587856e+01
8.724878648752991239e+01
8.620755239536391912e+01
8.620022381738905892e+01
8.625216792460503257e+01
8.591484241178889647e+01
8.577641638045463424e+01
8.537233183819452620e+01
8.682224109360505793e+01
8.563285080990647202e+01
8.660193757530490188e+01
8.618565487684630000e+01
8.598350671374238630e+01
8.638138508393936377e+01
8.656969199807872428e+01
8.602900817712318826e+01
8.654014974090240742e+01
8.584145481293438706e+01
8.630257048775425233e+01
8.517546794739075722e+01
8.548001030695995439e+01
8.616691229332333535e+01
8.636606386270241842e+01
8.647092857140722799e+01
8.782982279703347217e+01
8.669588214204767951e+01
8.682011972890022378e+01
8.607177864619211505e+01
8.613460653038309545e+01
8.730361400197320165e+01
8.697980345726543305e+01
8.618903841045141689e+01
8.631495326829279691e+01
8.650155224644863949e+01
8.655884583227295082e+01
8.655495284389304800e+01
8.610695696800500798e+01
8.581587144488520380e+01
8.694588785027472966e+01
8.779716573339302954e+01
8.572326078348521605e+01
8.616914242702252125e+01
8.697353422293458891e+01
8.716161192223621867e+01
8.579313363816432059e+01
8.730877164164314763e+01
8.682006363838587504e+01
8.620144919923031068e+01
8.663588242667896111e+01
8.722456086619311577e+01
8.712276559032163448e+01
8.588276500557059023e+01
8.564164297349407207e+01
8.554737565184238690e+01
8.554703874244283668e+01
8.595014872260976801e+01
8.673237784890172009e+01
8.724918093327954693e+01
8.670891115241163050e+01
8.585557242710243031e+01
8.633479762342403774e+01
8.616940632180759962e+01
8.682365885588642129e+01
8.540337460927177915e+01
8.652871953757347967e+01
8.702051470069747552e+01
8.704585154319799756e+01
8.689011412062954776e+01
8.674813930164465603e+01
8.587415830130828454e+01
8.672796211081065110e+01
8.583232025102719831e+01
8.660961493095315689e+01
8.606967996721559189e+01
8.584256430883738176e+01
8.706542967198630834e+01
8.618345649222779059e+01
8.696392547351727842e+01
8.505554915963185181e+01
8.553471705373151224e+01
8.657085118966232073e+01
8.576640791512683393e+01
8.565326548160285824e+01
8.684617534283947293e+01
8.610852717707827253e+01
8.659016420005090708e+01
8.556095828566260764e+01
8.540877360976655552e+01
8.581880744912663772e+01
8.642930991116080008e+01
8.686461583692515376e+01
8.639904769790585704e+01
8.586775777955206479e+01
8.642353900426863333e+01
8.664607363310858545e+01
8.571305226262728638e+01
8.660262423596822146e+01
8.555556533611030545e+01
8.613994208218699100e+01
8.658081149238022078e+01
8.720027878801830923e+01
8.682252224647116634e+01
8.669722554231043432e+01
8.676213146768857598e+01
8.672569366901605292e+01
8.738985872265493526e+01
8.588884539244263294e+01
8.722028071456281850e+01
8.646156573006483370e+01
8.673512453313337289e+01
8.606773453637427451e+01
8.552888543851732095e+01
8.596625158730894611e+01
8.639894955836456347e+01
8.610622860968429393e+01
8.787697388426988709e+01
8.649707802793878386e+01
8.594524116236905797e+01
8.702351278696831116e+01
8.644460960920868331e+01
8.693180505493374710e+01
8.658374635903649619e+01
8.653955437022041508e+01
8.647172871956915685e+01
8.600322156575258248e+01
8.600729287289736646e+01
8.569896400986813489e+01
8.563780094437889545e+01
8.740689616442787724e+01
8.656298407431665964e+01
8.609992631601609503e+01
8.803856889476095660e+01
8.637613749215397263e+01
8.665058819067733964e+01
8.606810553257638219e+01
8.629282979089978767e+01
8.747871684965880945e+01
8.603094354176204206e+01
8.662997631540869747e+01
8.642101598676966034e+01
8.740355034026052294e+01
8.659711072799869669e+01
8.613696888881324298e+01
8.743529550413840923e+01
8.633776101850403961e+01
8.549080021055574719e+01
8.560102626888603083e+01
8.527426591498138464e+01
8.673290497314799552e+01
8.676279627974393804e+01
8.666262644851255459e+01
8.590423580499441414e+01
8.635693577313945468e+01
8.580862824249703635e+01
8.599421743695226894e+01
8.575142185938271666e+01
8.721200760115559092e+01
8.663904658451663465e+01
8.625339326001041229e+01
8.641239321439282151e+01
8.668330229664226749e+01
8.637235465979307492e+01
8.651734610161653904e+01
8.734863544583527073e+01
8.644150061361955295e+01
8.661648110519330146e+01
8.529156861577537541e+01
8.677131858816777310e+01
8.542819240416058335e+01
8.698648011332498697e+01
8.615420295873067857e+01
8.684875127086617397e+01
8.547343252559444693e+01
8.603304209523646762e+01
8.535400739488854072e+01
8.576700666697719555e+01
8.658227892608978493e+01
8.633300840690934308e+01
8.628720472798993057e+01
8.594523807294133633e+01
8.510565842297251038e+01
8.615162667181036227e+01
8.612727514989565236e+01
8.647668487442716412e+01
8.670745523067668614e+01
8.671065623923898613e+01
8.635913872438538874e+01
8.825225359267371061e+01
8.609883790949599813e+01
8.539644911633446611e+01
8.746581315949649138e+01
8.645264831000335448e+01
8.683575213619236877e+01
8.666758269050080798e+01
8.619186430926434639e+01
8.704715993388485629e+01
8.686054471415077671e+01
8.657843548872260442e+01
8.543805705590544619e+01
8.501054510494473959e+01
8.623443606432249453e+01
8.756662761858331123e+01
8.529771611190257374e+01
8.774444640317173594e+01
8.649782580283299183e+01
8.627096389601206283e+01
8.569699231235166792e+01
8.644280250793563880e+01
8.772050959125253655e+01
8.631357745000373427e+01
8.538562023927013911e+01
8.620479167862679049e+01
8.656045884897264386e+01
8.651078412462911160e+01
8.747831139322774163e+01
8.672577859703146430e+01
8.580073300480549392e+01
8.616186946855391682e+01
8.732378941996435628e+01
8.680327294801439564e+01
8.654392383862344218e+01
8.555353409831408840e+01
8.636586820757405292e+01
8.646094333985506353e+01
8.638692580913020436e+01
8.686210365588790694e+01
8.696457831131415617e+01
8.598443874109175056e+01
8.673286909441188186e+01
8.692644921798171254e+01
8.573435127036347581e+01
8.635585802579369386e+01
8.553619317166692326e+01
8.705627619147387009e+01
8.721675399234713666e+01
8.600767484489423964e+01
8.448148470533536170e+01
8.744599220786894023e+01
8.532678229772325551e+01
8.697004711435751290e+01
8.662936571944361219e+01
8.617302805703938873e+01
8.640139526947031356e+01
8.644403156026137935e+01
8.715534687595103946e+01
8.698753589341370684e+01
8.649245448191666696e+01
8.644998810338933026e+01
8.622491763678884524e+01
8.702560147997503748e+01
8.688903452408861483e+01
8.630849737368713193e+01
8.685144675246313284e+01
8.671901911726126855e+01
8.592630833979930571e+01
8.657457264983156620e+01
8.779920442949732262e+01
8.745692883774917448e+01
8.688192032396598563e+01
8.624809971752307547e+01
8.571125515045474685e+01
8.741238785311429638e+01
8.537824728467809621e+01
8.578587887998872930e+01
8.535674121716957075e+01
8.709859662140161163e+01
8.539166207437367007e+01
8.642791572557999302e+01
8.486880610220474352e+01
8.623862401402074340e+01
8.686506116629313112e+01
8.714690514613441508e+01
8.654487166014773436e+01
8.584197840359239251e+01
8.634255464753300657e+01
8.667370489550758350e+01
8.651882771948879736e+01
8.676311534535102510e+01
8.600866544529837654e+01
8.677730684313827680e+01
8.615705946996894227e+01
8.625027178502180902e+01
8.715082331275347372e+01
8.649383822902996144e+01
8.682831193804445036e+01
8.594230017254953680e+01
8.699082957726150767e+01
8.649090114660016582e+01
8.618397429907335550e+01
8.685544250541396138e+01
8.632808933907959670e+01
8.622855465284260390e+01
8.538097024834976878e+01
8.643582537021343626e+01
8.652674519249468688e+01
8.580741273683777592e+01
8.552619232713138331e+01
8.685729298685578215e+01
8.619379379667337560e+01
8.660319737224602932e+01
8.572335360815105787e+01
8.644420330798897112e+01
8.667391891613915789e+01
8.575504400985397524e+01
8.579909948564294098e+01
8.670383572747752510e+01
8.599618568101517724e+01
8.636215109927644562e+01
8.604040086254529740e+01
8.603101577552018853e+01
8.633222052043403494e+01
8.677606594116352312e+01
8.501517773637178266e+01
8.673310315792848257e+01
8.591236517966704866e+01
8.562900131926470237e+01
8.592256740947541971e+01
8.645518476345222325e+01
8.621204945549645515e+01
8.559286540655138253e+01
8.575370039235934883e+01
8.700165592109399881e+01
8.643479105478226643e+01
8.560384640867066253e+01
8.623528282780029031e+01
8.646650895391110225e+01
8.663091250270512944e+01
8.642125862456586560e+01
8.698217045074113685e+01
8.582651258475516443e+01
8.658314827185559182e+01
8.617918998007701248e+01
8.587468540989942767e+01
8.685072645077185882e+01
8.654086551981144737e+01
8.602317568631848133e+01
8.666769300820591582e+01
8.746728581682478421e+01
8.640538843293420257e+01
8.580387977142788714e+01
8.656824353424373442e+01
8.664485930203902342e+01
8.561307448971899703e+01
8.688452900294853976e+01
8.768626331366883164e+01
8.677009987640583688e+01
8.654926813717685263e+01
8.572398758384586870e+01
8.561767061218269248e+01
8.642724134986474382e+01
8.643741474438614603e+01
8.710450540805604192e+01
8.656343559769830165e+01
8.620971725363914118e+01
8.594698561282046967e+01
8.664900096920109718e+01
8.581874350538399199e+01
8.590125851984448957e+01
8.668081136822600286e+01
8.612932234227238837e+01
8.663977213423332557e+01
8.581598200419087163e+01
8.580496972779405951e+01
8.576593515794337463e+01
8.679837767196708853e+01
8.601551331805617906e+01
8.387629953259866511e+01
8.623980973526462890e+01
8.711425227057456766e+01
8.709962804820135318e+01
8.690173321149983110e+01
8.654515267417232849e+01
8.624607577882838427e+01
8.649727184892698517e+01
8.670174274818290883e+01
8.655605443314608749e+01
8.667215182735921530e+01
8.621348883085821058e+01
8.707915590335207412e+01
8.607129291626249312e+01
8.639322322401372389e+01
8.582819132622209679e+01
8.636366907240105206e+01
8.597541920821097960e+01
8.587093490724261358e+01
8.629895981415153017e+01
8.581571992586906106e+01
8.677945362002870411e+01
8.590104733886545318e+01
8.667879834903065728e+01
8.600969426665479034e+01
8.597382663608277653e+01
8.555531873778208762e+01
8.737062943861029396e+01
8.669414190033027978e+01
8.667497993036218418e+01
8.605567673394463668e+01
8.595514941776713158e+01
8.589211593119607357e+01
8.672453912811765520e+01
8.670354760167342079e+01
8.613161066652507714e+01
8.577835718736658066e+01
8.604676307275460090e+01
8.537650403563553425e+01
8.776771270352868726e+01
8.657069867586426426e+01
8.531806978355821514e+01
8.648817152243593398e+01
8.598420939488923409e+01
8.621064561094912904e+01
8.617959903323436777e+01
8.740757667951008614e+01
8.827115896134883144e+01
8.621047712342206637e+01
8.654408256408957811e+01
8.687694012744887573e+01
8.677621688624864760e+01
8.697523826571897132e+01
8.615804664145709069e+01
8.589157668286986791e+01
8.664071866329052796e+01
8.678711129538000080e+01
8.633957391637521539e+01
8.655007743554394040e+01
8.694632207494758802e+01
8.689466062303463900e+01
8.598786927373207334e+01
8.587163089106805103e+01
8.701237489431302663e+01
8.683029287316129796e+01
8.715580991359131247e+01
8.725976382089297090e+01
8.555566561934536196e+01
8.678511068309086340e+01
8.620425613488352212e+01
8.619408833557746163e+01
8.767801690942438597e+01
8.518584422920108068e+01
8.545514924778846932e+01
8.574495989737485502e+01
8.713826579776556969e+01
8.748372663687642614e+01
8.656501193957541318e+01
8.612117591452752663e+01
8.631722393386699821e+01
8.636854701900487896e+01
8.612905857540567922e+01
8.676519784329144613e+01
8.690592518199228778e+01
8.700190495316563499e+01
8.648471103812684646e+01
8.765149528914668053e+01
8.557539207593967490e+01
8.764530838581063676e+01
8.644619874756732258e+01
8.723156389291294488e+01
8.763338777976279914e+01
8.673611869684569342e+01
8.654268717238133490e+01
8.616844680456645733e+01
8.561279918280429513e+01
8.641533479478778190e+01
8.695996580605802251e+01
8.609268978000037009e+01
8.643569105302293565e+01
8.684515374256956477e+01
8.605967956290498933e+01
8.581288450457630290e+01
8.566587928937975960e+01
8.705368905618556141e+01
8.634740481363286335e+01
8.714198057643852735e+01
8.577285435581104878e+01
8.674003613252760658e+01
8.607974468750063579e+01
8.627757927814167260e+01
8.595115991599067229e+01
8.602983936538468868e+01
8.660843374008697992e+01
8.603042654855099158e+01
8.653497191782864206e+01
8.569766672564249177e+01
8.629336202661042421e+01
8.541124007821079545e+01
8.592416943810511043e+01
8.626949958370347815e+01
8.729831375527346893e+01
8.545163360683852716e+01
8.664892915055345668e+01
8.623652577673982478e+01
8.703275841898542353e+01
8.647057542184549561e+01
8.718633129972833729e+01
8.649013255462583061e+01
8.710615374193969274e+01
8.601347583570901634e+01
8.640445671540813066e+01
8.615135754589420003e+01
8.673486310125900900e+01
8.607132534219856268e+01
8.530667801630838198e+01
8.669792045036153638e+01
8.575885465441558608e+01
8.746171558618016206e+01
8.632871550472968636e+01
8.665675832906795506e+01
8.632361214685160178e+01
8.627821470053261521e+01
8.593369840945142357e+01
8.624196087481824691e+01
8.630841425597878924e+01
8.510784276443098406e+01
8.647060698001131129e+01
8.632947568097151247e+01
8.601543441183218874e+01
8.657186949238941054e+01
8.522615256529215344e+01
8.767918779108124738e+01
8.687728306971449399e+01
8.646334288775146604e+01
8.539629227531581535e+01
8.651877188769356053e+01
8.676875093022377428e+01
8.676327118187393239e+01
8.658390663053118885e+01
8.694675405969387327e+01
8.612600541222927575e+01
8.649055259398944884e+01
8.566758397229295952e+01
8.589223522849459869e+01
8.513822009804431445e+01
8.656607454044804228e+01
8.679124867359342943e+01
8.632402041487780764e+01
8.588704549018233081e+01
8.560054348795543433e+01
8.705735885284505571e+01
8.614179794239339572e+01
8.622998637083490792e+01
8.583119517088636030e+01
8.662021067547496500e+01
8.569370109139694591e+01
8.544826013749965909e+01
8.600457393331117828e+01
8.609721152962610802e+01
8.702361511251157822e+01
8.649517189423238506e+01
8.633600890948247297e+01
8.596994112481667116e+01
8.617998520877236501e+01
8.629271771897553833e+01
8.661500875218385431e+01
8.563026358231618929e+01
8.590199286304414272e+01
8.734468609789830396e+01
8.702200466796399780e+01
8.664147809229591246e+01
8.690260940812113688e+01
8.569211720655840736e+01
8.599757985491962131e+01
8.673462616595969621e+01
8.574107571470948130e+01
8.660346869505157485e+01
8.631459250624460822e+01
8.610747120490195528e+01
8.596410472166638783e+01
8.665444098918003135e+01
8.684429118397304137e+01
8.762547960022720872e+01
8.564567320830441588e+01
8.661057221178948851e+01
8.783208595575065658e+01
8.705306085899641744e+01
8.567999308957719506e+01
8.743452097816349067e+01
8.614625718198720961e+01
8.615210703896511291e+01
8.597060052830502741e+01
8.648346005616302534e+01
8.539294905182487128e+01
8.579347404225997309e+01
8.649012269430373578e+01
8.585953852396335151e+01
8.600780882553041806e+01
8.510178430933970617e+01
8.614310666867466182e+01
8.676875357059580551e+01
8.575118037711875729e+01
8.609798166195989211e+01
8.686808008641270362e+01
8.681528985770941631e+01
8.652330429673884282e+01
8.696891856016867450e+01
8.534114236843142010e+01
8.641549518087376214e+01
8.580020279412246964e+01
8.653383989098115592e+01
8.676775914522823996e+01
8.725823924853639824e+01
8.650679019663202496e+01
8.579527463876696913e+01
8.710878260399496753e+01
8.656804852803686856e+01
8.561653074332075164e+01
8.642130246754480538e+01
8.682852862239730030e+01
8.624097374589740639e+01
8.719573247500645152e+01
8.733759346159726533e+01
8.584515627774676716e+01
8.692555806649765771e+01
8.683653040558871794e+01
8.556861514222197229e+01
8.594289494683749808e+01
8.677376424972555924e+01
8.727815433473560347e+01
8.676553068182884942e+01
8.645959574576755813e+01
8.628811567268031979e+01
8.689557000009595811e+01
8.679962129996167164e+01
8.684871449545259736e+01
8.642591582851346743e+01
8.564373761475187052e+01
8.618792386127188365e+01
8.616422928325401642e+01
8.653892542820970846e+01
8.605976990484536771e+01
8.534974095541957695e+01
8.679907830923306733e+01
8.560602982734650368e+01
8.669393244836287238e+01
8.619191251265392850e+01
8.677110338120358790e+01
8.609077957813174464e+01
8.649861104551935398e+01
8.741805863360268347e+01
8.666106847569142246e+01
8.651045486155716446e+01
8.716503082332499730e+01
8.697047847856367753e+01
8.629938015146764485e+01
8.674081864757158655e+01
8.661693339381308476e+01
8.650617046256290621e+01
8.671150043284107767e+01
8.586583551112319412e+01
8.692390631063102546e+01
8.576557227492205016e+01
8.766364726813769437e+01
8.606412712711153290e+01
8.675008964249271060e+01
8.733095919080905389e+01
8.610316331935656819e+01
8.698664846113855731e+01
8.622683080361495911e+01
8.670625837743247644e+01
8.699872815818800120e+01
8.579762092237272952e+01
8.599009609819006528e+01
8.634597485820557949e+01
8.703431328259942745e+01
8.693381030422612810e+01
8.629121469158451418e+01
8.664768627488496122e+01
8.537712261113256318e+01
8.582434736130606723e+01
8.649345446214709909e+01
8.499611006174649219e+01
8.696935132088106002e+01
8.694804743374947975e+01
8.632744995160085466e+01
8.445218580700252176e+01
8.615791637515296486e+01
8.615976241089846610e+01
8.581258592497738391e+01
8.704951992417744577e+01
8.623365146797864611e+01
8.572951889755522359e+01
8.627038851135580444e+01
8.645653491061149509e+01
8.587895154556395028e+01
8.717761880998563129e+01
8.599718517804356566e+01
8.690740222174859753e+01
8.706784934272496912e+01
8.669872664428737608e+01
8.637489412479186512e+01
8.672469057451399976e+01
8.560390359044406239e+01
8.585013680708429717e+01
8.641137509966583252e+01
8.586328566471395618e+01
8.688100252223716780e+01
8.641060704671991743e+01
8.652787138454205262e+01
8.709930503890738862e+01
8.664908196325146150e+01
8.701310397090276183e+01
8.646743394569745078e+01
8.641754479761138441e+01
8.690820698423691226e+01
8.627254190496050512e+01
8.701167100828806156e+01
8.674198171524503209e+01
8.598441222895056057e+01
8.584371653888641163e+01
8.703768897491261214e+01
8.553478718735362918e+01
8.657796171880180225e+01
8.700159047005557511e+01
8.663940461868622833e+01
8.639000958880880887e+01
8.638851418339289978e+01
8.737587771514755275e+01
8.679770728342593600e+01
8.589063734538994765e+01
8.649410999728486615e+01
8.655330165069815962e+01
8.578315548707853111e+01
8.639718513181200876e+01
8.621970922870295340e+01
8.615704102757371174e+01
8.673812284418623619e+01
8.705242273916775275e+01
8.742267812962703033e+01
8.584690747903616170e+01
8.629591339883461387e+01
8.559051385166569048e+01
8.642115863604421122e+01
8.650188910063575065e+01
8.589750436663348410e+01
8.605599924445246529e+01
8.693860120838841965e+01
8.617890203358783197e+01
8.645723748330925673e+01
8.673174860167809186e+01
8.685736459738885173e+01
8.768322419123678912e+01
8.653103837403018872e+01
8.739138142045635504e+01
8.678091170612054839e+01
8.625866227275702158e+01
8.565295162672299512e+01
8.724977248764656679e+01
8.637663683354297461e+01
8.630975975135771705e+01
8.538727629620321125e+01
8.681089882564640448e+01
8.646331826396770737e+01
8.622462809805539052e+01
8.567342700864837468e+01
8.715731311792733038e+01
8.521348571435235897e+01
8.716438079086030655e+01
8.594047974014641511e+01
8.654517564542705088e+01
8.603334060920033721e+01
8.669686699853261302e+01
8.629459326683364395e+01
8.675503112922189075e+01
8.582462024145867474e+01
8.697771193750617158e+01
8.652755709798303485e+01
8.700045144312841217e+01
8.699254042555125466e+01
8.574002575360199785e+01
8.681451577209192294e+01
8.706729273846802641e+01
8.620235955855920906e+01
8.664411939736397983e+01
8.705973756266386943e+01
8.619094697855915399e+01
8.731173057372542701e+01
8.631076797478057472e+01
8.687927573276847681e+01
8.635550166987104603e+01
8.657280668255467049e+01
8.603541990440061227e+01
8.719180707054408686e+01
8.641777796029248293e+01
8.669401716295054428e+01
8.651207711512509491e+01
8.616330768756881753e+01
8.774954762398172647e+01
8.692436454625359943e+01
8.616917317747444827e+01
8.606915932831201133e+01
8.622668490342374525e+01
8.643343331930451257e+01
8.626331854712398695e+01
8.616883882251610771e+01
8.694297514622184053e+01
8.659793917598594248e+01
8.632033174547080989e+01
8.639981590500012487e+01
8.572915088179574639e+01
8.619753403268046554e+01
8.559295338894200711e+01
8.718886928616298349e+01
8.663918641764732342e+01
8.681520411976191554e+01
8.700921835228164980e+01
8.614046759224304139e+01
8.704101779167618247e+01
8.574525257665438005e+01
8.717832605767674181e+01
8.586955747094444291e+01
8.602892949711014126e+01
8.614672821020987215e+01
8.512153924853669196e+01
8.584195088383759753e+01
8.593439558383006727e+01
8.550600545195274549e+01
8.705432201126545522e+01
8.628402967833545745e+01
8.640494271510138447e+01
8.544964536936566901e+01
8.617049298686156078e+01
8.664707838137626084e+01
8.651185672581080155e+01
8.642720579086170574e+01
8.583886767747735291e+01
8.732895094757351728e+01
8.677076674707041093e+01
8.764249563157267175e+01
8.771685878648189316e+01
8.503000378202746390e+01
8.737906664063490325e+01
8.640209416624746552e+01
8.601214897808404203e+01
8.564460244300060765e+01
8.777218721564595683e+01
8.602684368317149222e+01
8.732308415670999580e+01
8.657809178036345088e+01
8.648656391034367630e+01
8.666449714473976940e+01
8.554579367552375402e+01
8.635624736160599468e+01
8.578998862732281339e+01
8.734797775365059636e+01
8.591870916775391720e+01
8.721359164298233679e+01
8.667087597689014444e+01
8.667535546385271061e+01
8.536583720832665279e+01
8.656504962925932034e+01
8.650924839266832578e+01
8.650980212471972663e+01
8.622258046829203693e+01
8.635775420774409383e+01
8.679700153197042312e+01
8.669598822210497246e+01
8.614543301820575039e+01
8.699957318473501289e+01
8.564148630176637766e+01
8.665077484108665828e+01
8.534706062647546787e+01
8.524086805688179425e+01
8.641302930497630541e+01
8.704131780366324733e+01
8.673920142925526022e+01
8.584522915825540679e+01
8.614555721355941387e+01
8.627612165116950393e+01
8.634021094301677124e+01
8.685181057515629277e+01
8.713784489983625292e+01
8.653003477121963272e+01
8.664986523048223432e+01
8.672583610233186846e+01
8.661884180589544258e+01
8.585087915612140819e+01
8.681862893881148580e+01
8.707043633939935035e+01
8.612803617267633172e+01
8.686490240427339415e+01
8.610072518055496005e+01
8.623139866735343162e+01
8.659949174839098873e+01
8.655628191225329715e+01
8.744961359396333478e+01
8.674024641041404493e+01
8.686348733598677541e+01
8.678460106844933364e+01
8.637334591370107262e+01
8.633358629240630933e+01
8.624366512047565436e+01
8.630579803701670016e+01
8.744800185731929787e+01
8.720958289398762986e+01
8.629589113324571770e+01
8.770305516561452919e+01
8.693550813619991402e+01
8.641642266209086642e+01
8.595652609141093592e+01
8.681263367447552071e+01
8.553066006971225477e+01
8.652877339913936794e+01
8.621569228889156022e+01
8.717210602054461788e+01
8.621444668316020454e+01
8.585054792449632544e+01
8.615749250451014518e+01
8.614103369772681162e+01
8.692313388151634967e+01
8.519631336984727454e+01
8.707550916139203423e+01
8.784683798263618826e+01
8.572112269784494742e+01
8.632751071614720217e+01
8.689162066601102197e+01
8.636761397027049725e+01
8.696903167754558694e+01
8.620004524082254704e+01
8.593084339389999116e+01
8.567291650002320580e+01
8.637569595836812653e+01
8.529972019223554014e+01
8.677487185039169049e+01
8.709550427185590138e+01
8.690271524431499017e+01
8.686078117555189237e+01
8.496093432006438206e+01
8.690003896246365400e+01
8.717775798301492785e+01
8.655430794235969927e+01
8.689382294949116670e+01
8.669087237295292425e+01
8.687476093569569002e+01
8.656439753483138588e+01
8.677612173046020416e+01
8.571268630916068787e+01
8.594614984096902788e+01
8.610361624827170601e+01
8.629971808064804861e+01
8.642921625284495235e+01
8.678139567873643045e+01
8.625066887279893990e+01
8.638172671449741813e+01
8.691077681274910560e+01
8.670724955978668902e+01
8.607081163984010175e+01
8.596122263099029226e+01
8.624117441825056574e+01
8.607108772340519920e+01
8.610437666352950714e+01
8.623215810575841545e+01
8.566498619221771094e+01
8.591393343228449453e+01
8.568821772471792997e+01
8.615486330429877171e+01
8.636608287673406892e+01
8.570900756360339301e+01
8.635041181171271774e+01
8.641820357546200171e+01
8.636485445566309238e+01
8.561099470813712742e+01
8.687559926540630784e+01
8.784226575840230566e+01
8.682403980893747075e+01
8.659000668031552550e+01
8.779460027977123104e+01
8.591825058264728909e+01
8.615259141771475981e+01
8.562830272729812009e+01
8.761353038459812126e+01
8.610854499680368690e+01
8.682010631678917889e+01
8.724566702028657517e+01
8.606622981634691882e+01
8.697921237565638819e+01
8.590619107694669765e+01
8.732952044292026983e+01
8.714842694395098022e+01
8.667899769685863021e+01
8.650725109120588741e+01
8.618822929923814513e+01
8.630663357181065010e+01
8.682986888233030243e+01
8.670337489717674373e+01
8.738390372437403641e+01
8.630677054097733958e+01
8.561470220727750302e+01
8.621156622761132837e+01
8.713757364680866147e+01
8.652625948742137041e+01
8.660349325350175320e+01
8.580184013499774665e+01
8.578203340182429315e+01
8.634052839325997297e+01
8.640663195153669562e+01
8.738986126551694156e+01
8.640604905443983341e+01
8.580025706176714095e+01
8.699108003225882157e+01
8.698184832199495986e+01
8.688953622726521075e+01
