1.107150493453242035e+02
1.099012720731753063e+02
1.172136423481247363e+02
1.149373319834345182e+02
1.155069182016662523e+02
1.116789254657018517e+02
1.163942848681763564e+02
1.140434631911530232e+02
1.131470951839746988e+02
1.088421662405981181e+02
1.149382862315952138e+02
1.140040056066106899e+02
1.186543526434681723e+02
1.116103735315580394e+02
1.118588643582233715e+02
1.159425153791608096e+02
1.151037590866852582e+02
1.164656712415327888e+02
1.154292677435207679e+02
1.125466792988263620e+02
1.159885389079053084e+02
1.178721079356264454e+02
1.169130950261216526e+02
1.124714950628423509e+02
1.154713326719572564e+02
1.147148108070303039e+02
1.144425001974349669e+02
1.166023519588627835e+02
1.144192195489836053e+02
1.169855084553899616e+02
1.135389549825798099e+02
1.149424607897397266e+02
1.156316806017879912e+02
1.166231439837957566e+02
1.107268468767378664e+02
1.131091679305769020e+02
1.119734669588979301e+02
1.113518401554600104e+02
1.163571251543482958e+02
1.122313713186901509e+02
1.123368348884688857e+02
1.145211869750756080e+02
1.189160646504429337e+02
1.159298378477294449e+02
1.169167325684673813e+02
1.155783648484733135e+02
1.139349563526578493e+02
1.146068619534272841e+02
1.108013952718645356e+02
1.172290292441868473e+02
1.174393048671766451e+02
1.165648873025357943e+02
1.125305302228763935e+02
1.158912694166642012e+02
1.147917407573072666e+02
1.125848768643535038e+02
1.113496542068651536e+02
1.128026443335062794e+02
1.113725327638129841e+02
1.191665032615922826e+02
1.152424104142894095e+02
1.097249774481781088e+02
1.149231142083002766e+02
1.184054936934295057e+02
1.151411898042072437e+02
1.150258395888805580e+02
1.171462737179773086e+02
1.145165283164419492e+02
1.130819381825620553e+02
1.144809722662729001e+02
1.152152617527146816e+02
1.154586412939823674e+02
1.139420660692624665e+02
1.124882177807946562e+02
1.158785370211945605e+02
1.122983619233140615e+02
1.172522461651522718e+02
1.159807451968595302e+02
1.158681656586117583e+02
1.143104549634983158e+02
1.094422598687927319e+02
1.121278007565063177e+02
1.077132531199876979e+02
1.120211794424946419e+02
1.094197694559994432e+02
1.104076906022820026e+02
1.105866242516799645e+02
1.125579505658817681e+02
1.129392973437073522e+02
1.131630411887417722e+02
1.128732242027958819e+02
1.161168578839685210e+02
1.162950756922076607e+02
1.150510959824937345e+02
1.142727335930204760e+02
1.121152562943201332e+02
1.132856650327750287e+02
1.160729747894313419e+02
1.124935487397118834e+02
1.164463609161559674e+02
1.176820573168862580e+02
1.134898000842560322e+02
1.198932292961827812e+02
1.170132393715380204e+02
1.138730709170414457e+02
1.132935833569226958e+02
1.156939061364276427e+02
1.153517412997013025e+02
1.120046518690708552e+02
1.126999966004315326e+02
1.122187370962910791e+02
1.125684596112245686e+02
1.197387245013155734e+02
1.129338389548026100e+02
1.150315533459658752e+02
1.128888766629912084e+02
1.124206784863600888e+02
1.148144443718076104e+02
1.138270210088650600e+02
1.161950719897724724e+02
1.113116386931563255e+02
1.143352042590526167e+02
1.105393433853720637e+02
1.176950704659901277e+02
1.130166817562911348e+02
1.137270353095263289e+02
1.151079203736324246e+02
1.170418029526274921e+02
1.158060867284672781e+02
1.168256268028133888e+02
1.168171229719628457e+02
1.149542013542683350e+02
1.104879971933911662e+02
1.147686407044133290e+02
1.116246286344395742e+02
1.140997565829627263e+02
1.121347228904872821e+02
1.115398413361261163e+02
1.169836853898391666e+02
1.141183162604206558e+02
1.135950191685405457e+02
1.099602685822274424e+02
1.147843774631693208e+02
1.157592327081743662e+02
1.184372442392085247e+02
1.172422963659675332e+02
1.179110659813101449e+02
1.155376852212202579e+02
1.131178080749059660e+02
1.102793816304688477e+02
1.126336767039058913e+02
1.133465506140792627e+02
1.174445361681701314e+02
1.128736178267634926e+02
1.163313756418365159e+02
1.180434968638104607e+02
1.166338705221575367e+02
1.114188857675563895e+02
1.130648082945278219e+02
1.132375190165692516e+02
1.119065000972967994e+02
1.154948720024260069e+02
1.163673032199394868e+02
1.131561473195656902e+02
1.148045600874447132e+02
1.121279757709956044e+02
1.117439684052204427e+02
1.159657441529757591e+02
1.140718515815823508e+02
1.176468411210565677e+02
1.162597655604938751e+02
1.167946692037793213e+02
1.148995491120785317e+02
1.163879444244530674e+02
1.132280245813532531e+02
1.132251561941133957e+02
1.187608095035795515e+02
1.149314972292788610e+02
1.147178479355898730e+02
1.102067123969527671e+02
1.116386080580991376e+02
1.173497554434357681e+02
1.115078035940472745e+02
1.131863216711334559e+02
1.138163054881915031e+02
1.144569842354318183e+02
1.142440020777929277e+02
1.124413336972890107e+02
1.128348268802399588e+02
1.144122026488021078e+02
1.152198642588967914e+02
1.175325955505042117e+02
1.182305191523605856e+02
1.179034935873444141e+02
1.166025200005386182e+02
1.109732610091857765e+02
1.126720694021227871e+02
1.152284076235598178e+02
1.164536258393255537e+02
1.146915037240391371e+02
1.154269058705752968e+02
1.160434238717003410e+02
1.132845658614380397e+02
1.172596215398681636e+02
1.155582626323296296e+02
1.130928623316969492e+02
1.127317380958917283e+02
1.154722885101105163e+02
1.156955311359562728e+02
1.165658669112597323e+02
1.173806525651888251e+02
1.161328935049719746e+02
1.175474691947127752e+02
1.143848076996831651e+02
1.140712669685863432e+02
1.125099203827903978e+02
1.109783223452787269e+02
1.170462017090626290e+02
1.129706039463637239e+02
1.124123092229528567e+02
1.143935951681777965e+02
1.160763511149996816e+02
1.173781577924773813e+02
1.125523664925039071e+02
1.155025247365426679e+02
1.140166816620912584e+02
1.142643379460391628e+02
1.119382393485439451e+02
1.115990528113088516e+02
1.159940492838525472e+02
1.129400037140719064e+02
1.145445424544524968e+02
1.163894443491354878e+02
1.172468692564468853e+02
1.135508373765547248e+02
1.166085194087745833e+02
1.167472214983173018e+02
1.127466608886707036e+02
1.166702072148037672e+02
1.129928157717008759e+02
1.140640076377076326e+02
1.162600927497081500e+02
1.148860865379484721e+02
1.158886913902315285e+02
1.180229935445085090e+02
1.158102766886649562e+02
1.135364340775768000e+02
1.149934306754738884e+02
1.167263862708600612e+02
1.107048922207188753e+02
1.151359546709326054e+02
1.102713875190943895e+02
1.148680253713240660e+02
1.128230572945636538e+02
1.147981819412071189e+02
1.105191412120642838e+02
1.131946453481683221e+02
1.151568385985944190e+02
1.150807116901802374e+02
1.166525030201035094e+02
1.132085476267440640e+02
1.113754919536680177e+02
1.149885862716563452e+02
1.128620952182648551e+02
1.141612099143529520e+02
1.167864455510972874e+02
1.115308507855214089e+02
1.146106585369615800e+02
1.136954106792973533e+02
1.121843060746061553e+02
1.159965589891494915e+02
1.193548785640464303e+02
1.122979675195555558e+02
1.174897369918355139e+02
1.129094464057119751e+02
1.121305266318621250e+02
1.132631256298641347e+02
1.160830564289861542e+02
1.150606191403057323e+02
1.147816075049255602e+02
1.155445627314071686e+02
1.142719450991480556e+02
1.163878103635387902e+02
1.135739413864881868e+02
1.147783540358214651e+02
1.156046910909191752e+02
1.153898454633208672e+02
1.168002768960550242e+02
1.135340650248464271e+02
1.126574884905979985e+02
1.136211636823420434e+02
1.163966495141457074e+02
1.140097005099015632e+02
1.148122949344346750e+02
1.132914221591787367e+02
1.116583912129272989e+02
1.115629974503083304e+02
1.161277753344220969e+02
1.086935247979516959e+02
1.108072467073285026e+02
1.136337163165737820e+02
1.130969231813307516e+02
1.171686952640197177e+02
1.143163532427661693e+02
1.132798370900253531e+02
1.099243357002827395e+02
1.115013477969904869e+02
1.131173127018521143e+02
1.168911550186836337e+02
1.147111004745206486e+02
1.110041360893434756e+02
1.134040769857582660e+02
1.138596364687879827e+02
1.124927163334546520e+02
1.160781153462477420e+02
1.131927685209891479e+02
1.191682375362208433e+02
1.154027252487102402e+02
1.123827017555142760e+02
1.120716908305167294e+02
1.140559378687038503e+02
1.101504683600524430e+02
1.164823705974726806e+02
1.097178990295998773e+02
1.146507328646919035e+02
1.157189216692738398e+02
1.133487230585393064e+02
1.120449902765868018e+02
1.142096696666978062e+02
1.143597339464311631e+02
1.145528749276064673e+02
1.150872988482466894e+02
1.121271394862492059e+02
1.101410283108321408e+02
1.102279903866410393e+02
1.161036705756111616e+02
1.121713272970920627e+02
1.121373470400230588e+02
1.102623657692033561e+02
1.169862880274756520e+02
1.150892210355554823e+02
1.131001417989794504e+02
1.146807813012622290e+02
1.104086566343616482e+02
1.141566442071040512e+02
1.149395868522464639e+02
1.141130326460190361e+02
1.134960769229151367e+02
1.173058340710793033e+02
1.144732847206797004e+02
1.131837658044435955e+02
1.151541239147922653e+02
1.148216634262307139e+02
1.164065207561879873e+02
1.113813303647979467e+02
1.111177157467255370e+02
1.165288222185038052e+02
1.152999216396970610e+02
1.177562165249792372e+02
1.193169476729917449e+02
1.150403117786902101e+02
1.132507137808244835e+02
1.170570423598642407e+02
1.174214819043890685e+02
1.160907374277485360e+02
1.163810736838681237e+02
1.167148559652368789e+02
1.126061966742140044e+02
1.110631040830474916e+02
1.126957041922366614e+02
1.174165885616171749e+02
1.121022945303126335e+02
1.113818764172360716e+02
1.124033788934854954e+02
1.137081331040777314e+02
1.183242075971265592e+02
1.155989897423751671e+02
1.132410299328463310e+02
1.193162005170412243e+02
1.159934426602592339e+02
1.141815664526458818e+02
1.114218416196391672e+02
1.112363750059497676e+02
1.140819290377721273e+02
1.162493721299035059e+02
1.173309101383706974e+02
1.153437129395452274e+02
1.137023844613517980e+02
1.097246942494785316e+02
1.135752650031601121e+02
1.147802998000544079e+02
1.129828009114655742e+02
1.144436393170980466e+02
1.172422631945061511e+02
1.085551276015879694e+02
1.125138416491253111e+02
1.125278477459877990e+02
1.131166866294947226e+02
1.148123783150774244e+02
1.174593491480100482e+02
1.160432290754493891e+02
1.162463123445104429e+02
1.181153818051591742e+02
1.135815383325145973e+02
1.175790798492039215e+02
1.137095741325338594e+02
1.115949977711687495e+02
1.124600709386777169e+02
1.101380688126196077e+02
1.123324068971873686e+02
1.139035620347491289e+02
1.153687409511277764e+02
1.126096809512022645e+02
1.098844197005824270e+02
1.165706615688918220e+02
1.147369378325936538e+02
1.145387911607460438e+02
1.157665147572738533e+02
1.149671007181863587e+02
1.157750080225520009e+02
1.117094727095367688e+02
1.108881896689485416e+02
1.191434642416730867e+02
1.132120245912795156e+02
1.147553811029284674e+02
1.132456897059363428e+02
1.141450644053428221e+02
1.127641970158190645e+02
1.125492061027635344e+02
1.120006393183912508e+02
1.207626975591212783e+02
1.108993308755967320e+02
1.151634939682604397e+02
1.173306839081641897e+02
1.116991000153546452e+02
1.125595398872154789e+02
1.172431569426065323e+02
1.125348694683044073e+02
1.128977696512476996e+02
1.155536020783089697e+02
1.166991654826514235e+02
1.121130996747547925e+02
1.157402898661963491e+02
1.135726959617979048e+02
1.106532262452430047e+02
1.107000469021759557e+02
1.182876429376977114e+02
1.132900348041751784e+02
1.082532015158988230e+02
1.107691809004527528e+02
1.142143480811381266e+02
1.140405983995637058e+02
1.139963065287189607e+02
1.136749850922002594e+02
1.133462409654998027e+02
1.107568955677353557e+02
1.113958281918731075e+02
1.163876343616477129e+02
1.147414422570489450e+02
1.137619073820806506e+02
1.135530522330706873e+02
1.193168027353541163e+02
1.108788007732867129e+02
1.126553283490808468e+02
1.180897386524317341e+02
1.146327028611075605e+02
1.128153403310590477e+02
1.178833839056170092e+02
1.174334344553313940e+02
1.178887975225934355e+02
1.105340610956450291e+02
1.121325141199517361e+02
1.172165481498166031e+02
1.160677439239767068e+02
1.136344175811650956e+02
1.113763757737371094e+02
1.152744405353831638e+02
1.156259706946983243e+02
1.127780149046104583e+02
1.155925901136197069e+02
1.111720169552287985e+02
1.127495826076380183e+02
1.124971669337504494e+02
1.184805815053239542e+02
1.156371141793523378e+02
1.149373535730749438e+02
1.130624091186011384e+02
1.167260313400291381e+02
1.175883863534231182e+02
1.145952517329611453e+02
1.154356917134965101e+02
1.164418492212404743e+02
1.155359326767409840e+02
1.155962925554871248e+02
1.197592575682102449e+02
1.135987088525231883e+02
1.110073667859429065e+02
1.139475479045624979e+02
1.183097658747380194e+02
1.181625059317989184e+02
1.122809085847911774e+02
1.110560049531006399e+02
1.150005382800196259e+02
1.151099912629919686e+02
1.146593564895975135e+02
1.174480790509944228e+02
1.127646819995013630e+02
1.122113309693213523e+02
1.116569851539988463e+02
1.137885596936722976e+02
1.152654806883453773e+02
1.158812090293902060e+02
1.114400925219598975e+02
1.139624824408951724e+02
1.173051729027621519e+02
1.150955639634907186e+02
1.143619344163309819e+02
1.162425725776570289e+02
1.135557465613416497e+02
1.134512990527424563e+02
1.108185875464568966e+02
1.173746929543681290e+02
1.142634618293409972e+02
1.105388024820485953e+02
1.136934827415319518e+02
1.164308259136963528e+02
1.155803172665091552e+02
1.117830287067403390e+02
1.120554729333423580e+02
1.159383597474420071e+02
1.132342689492416099e+02
1.175396040430538420e+02
1.110961738245851222e+02
1.166160232586098005e+02
1.157963365030489911e+02
1.137518564667232681e+02
1.166568051971457436e+02
1.147536159819802464e+02
1.156909315507036808e+02
1.117870308568289914e+02
1.109902619587963812e+02
1.162809413673068519e+02
1.118323642304135035e+02
1.173070714262307348e+02
1.148300242525557735e+02
1.147673710666634008e+02
1.152119423425952505e+02
1.120522960193458886e+02
1.114443749677372466e+02
1.125893288808075425e+02
1.153246227490206621e+02
1.120173346230392895e+02
1.177705368379331361e+02
1.148955702406408932e+02
1.126242898595016726e+02
1.105414575948966984e+02
1.123581612514271200e+02
1.153516397410489844e+02
1.077595266431687833e+02
1.155191411236679357e+02
1.145685034933370758e+02
1.117336379822034758e+02
1.111161934884615050e+02
1.154608055834829656e+02
1.144205146286319348e+02
1.123001104611584395e+02
1.174087857819274490e+02
1.141810548491673529e+02
1.193818335396973538e+02
1.130309198653837512e+02
1.132265306853958293e+02
1.146546800714383494e+02
1.176510966864330499e+02
1.145413772932090808e+02
1.080727868044070306e+02
1.138163108250589346e+02
1.178253954097098415e+02
1.124121758913292695e+02
1.143655166253963387e+02
1.106174379372754402e+02
1.162848137639019370e+02
1.124223453512783806e+02
1.156134493112744082e+02
1.125990975077086063e+02
1.152949743560242695e+02
1.180369315179443248e+02
1.141465964849268744e+02
1.158463336148765563e+02
1.173026919034019784e+02
1.137302417889141992e+02
1.165262695848905565e+02
1.152821394207737598e+02
1.107024698944500898e+02
1.127414301865461255e+02
1.200427638490061923e+02
1.130191913890888742e+02
1.146651248108214531e+02
1.152831763126995099e+02
1.160793916294995967e+02
1.107047801173098946e+02
1.165927241559596723e+02
1.157743995469971168e+02
1.096012771080799126e+02
1.137718860267573149e+02
1.096070711216206348e+02
1.147404619928382914e+02
1.096242181797993140e+02
1.127010662937896228e+02
1.172752663967394255e+02
1.138162646378040250e+02
1.154816691336680208e+02
1.135712906921983745e+02
1.137844246001318709e+02
1.134540930089201538e+02
1.180553280037854762e+02
1.127547595023694669e+02
1.144728126652014595e+02
1.117220976343855625e+02
1.153351924934819692e+02
1.173839228848133303e+02
1.139494914829181198e+02
1.169462133116139029e+02
1.121876437104604065e+02
1.111974292611822221e+02
1.102985183536656990e+02
1.152084969263299286e+02
1.098091497894188677e+02
1.151547332261671528e+02
1.155194709391677321e+02
1.114837240767973299e+02
1.143719497462810608e+02
1.111575981393543486e+02
1.144568971873978001e+02
1.114136904683226845e+02
1.159356532809349005e+02
1.166051921110574767e+02
1.129402810642548047e+02
1.161665833666386902e+02
1.162926079186261035e+02
1.180942834842900737e+02
1.190540448028349658e+02
1.150514163613106149e+02
1.135728932197254863e+02
1.176650729179809787e+02
1.158822619397205074e+02
1.124673886550305184e+02
1.150575474727867658e+02
1.141832702461196760e+02
1.122493611958165758e+02
1.210044928814755565e+02
1.130474345056050822e+02
1.139789821458173265e+02
1.116446828829004971e+02
1.099478851166670808e+02
1.169774385943612742e+02
1.086439531692407741e+02
1.128108303589689854e+02
1.085303603615825949e+02
1.171999146683587867e+02
1.126413505821318353e+02
1.154238766574000437e+02
1.140564853475251113e+02
1.178492801770963467e+02
1.145555423105258654e+02
1.107362538548424311e+02
1.130742759545336327e+02
1.104807343051708415e+02
1.119194694198457114e+02
1.113138803139535327e+02
1.085265543380800892e+02
1.158187399064124463e+02
1.115142179218355096e+02
1.155354529102207124e+02
1.124788615724776406e+02
1.128518657534546747e+02
1.158161116777036455e+02
1.148260710459824310e+02
1.141651963027930492e+02
1.149769495703604889e+02
1.158017944095767859e+02
1.097043832951693787e+02
1.167361686551017925e+02
1.145297444588787954e+02
1.148047402121954974e+02
1.160472732872892436e+02
1.129760154055326353e+02
1.166461118267436632e+02
1.163233307220121020e+02
1.142884985466588574e+02
1.169397463711944312e+02
1.124616938641642321e+02
1.156014989625044649e+02
1.159169691144326180e+02
1.117065394409922163e+02
1.133988426525783808e+02
1.151535294063102697e+02
1.140360250233856192e+02
1.133324543719258912e+02
1.147724972656494060e+02
1.158017338264059077e+02
1.152163688425406605e+02
1.116613824265939598e+02
1.168496815621926856e+02
1.140727382445665938e+02
1.143872341033714122e+02
1.121099546079976079e+02
1.154884414741312071e+02
1.133160250682048371e+02
1.202945136604701020e+02
1.147296390190637538e+02
1.124772394852611654e+02
1.135527418044905374e+02
1.130878102149640227e+02
1.107243062920294960e+02
1.164649610627337921e+02
1.177634329927986983e+02
1.104131769821651119e+02
1.131484994391205277e+02
1.132270643546588786e+02
1.129415653806450592e+02
1.140957933020872446e+02
1.113667536535694751e+02
1.112533375857620825e+02
1.150441635071621818e+02
1.139586106092250475e+02
1.145441131538756139e+02
1.143974265889024053e+02
1.104290837985783469e+02
1.157999679462870262e+02
1.167953571782196462e+02
1.175566688283775107e+02
1.136476476312934238e+02
1.165840162492129366e+02
1.152292152609564511e+02
1.187985418994830979e+02
1.121296877948546324e+02
1.130357195342736389e+02
1.154321374303195284e+02
1.139056968144198692e+02
1.133677351524032133e+02
1.148312310445147801e+02
1.170911772053934641e+02
1.140179273360387100e+02
1.137472811154867429e+02
1.154439797901586502e+02
1.190426604343107329e+02
1.102064158772780047e+02
1.157353293771351161e+02
1.111709481392004477e+02
1.176417184828160316e+02
1.160527310692533547e+02
1.119105503711006548e+02
1.131673351512765890e+02
1.157218136575282017e+02
1.123612617915340337e+02
1.172241148456147499e+02
1.151523278588578449e+02
1.153758169195428422e+02
1.166354261413948450e+02
1.132531500735383219e+02
1.126791324960024809e+02
1.141291499381782018e+02
1.149487487237740169e+02
1.114654671509315449e+02
1.162820289313041826e+02
1.177882318114813103e+02
1.154121367470056896e+02
1.126305095710480089e+02
1.124109893694016051e+02
1.131249510269488638e+02
1.110839276367431268e+02
1.149318332002659702e+02
1.139748602745675328e+02
1.137125122252241738e+02
1.181101115404114239e+02
1.128193280146532658e+02
1.184307952300748354e+02
1.135370974814069172e+02
1.159867025410441954e+02
1.142583240100627506e+02
1.121385243830310685e+02
1.164358170461728434e+02
1.143160788230391489e+02
1.129788474606882573e+02
1.180157109582884942e+02
1.094716273396619926e+02
1.116129751609296363e+02
1.122960302445714262e+02
1.135160011747328781e+02
1.131775976272345758e+02
1.147309093886377696e+02
1.164723671634843782e+02
1.173693421076277872e+02
1.112483446029819731e+02
1.087848104179371376e+02
1.153627220554261328e+02
1.138791568504607881e+02
1.177872772740871596e+02
1.143981211085508534e+02
1.143685897177891349e+02
1.115593979846604924e+02
1.176846537942690674e+02
1.167988226435105332e+02
1.120492752783671051e+02
1.149408060906359026e+02
1.141764958833618664e+02
1.184341555350644626e+02
1.157108146456689042e+02
1.140964333484266291e+02
1.159063424561056905e+02
1.151831821589269538e+02
1.163244549417414362e+02
1.165907293536700706e+02
1.101858139623716966e+02
1.121316285417674834e+02
1.138201128358264498e+02
1.104997749980661297e+02
1.120481694377627804e+02
1.117732589497027931e+02
1.116452844049229043e+02
1.103704532668765665e+02
1.164365681223642213e+02
1.131964788636301762e+02
1.135018884113638649e+02
1.146759059937215568e+02
1.153011879475884740e+02
1.200621429514026488e+02
1.182654575740511973e+02
1.147411552132209209e+02
1.116640724699016971e+02
1.159623145271178259e+02
1.155305537465720533e+02
1.147689496019354891e+02
1.127719785040799394e+02
1.164218240929360491e+02
1.182018397368970568e+02
1.115172762466231546e+02
1.150320711363616653e+02
1.170142889286372423e+02
1.149220093579645265e+02
1.155629107912390481e+02
1.178509201209533046e+02
1.121033126627613399e+02
1.136511888387377667e+02
1.126305363245325850e+02
1.091526081253588529e+02
1.108377396673678561e+02
1.144782258864828606e+02
1.131414810952267800e+02
1.152170965118329349e+02
1.160035401652890386e+02
1.103416844602678282e+02
1.216486460821598570e+02
1.153196659117877232e+02
1.147127071060401704e+02
1.166236344167547685e+02
1.151778829489720266e+02
1.096447415898904296e+02
1.126007645122535337e+02
1.076764091318532621e+02
1.136652497966397277e+02
1.146414743540174754e+02
1.138090534422841245e+02
1.159705396759716081e+02
1.179251162606041845e+02
1.169883541854471787e+02
1.165923415553801732e+02
1.168414927662704201e+02
1.139090193011963379e+02
1.152599668938667463e+02
1.167081023772658455e+02
1.162424046374878515e+02
1.140130441582046075e+02
1.104161638581332738e+02
1.131154687277894624e+02
1.125835415361014924e+02
1.154891119084588524e+02
1.207773675699515650e+02
1.157888271120219628e+02
1.156306820331131888e+02
1.153623024805429509e+02
1.102896456393876576e+02
1.158954682784197416e+02
1.158825695265028202e+02
1.154001908277295314e+02
1.177695005376547925e+02
1.139942073890449450e+02
1.143042009068399381e+02
1.181924971871031573e+02
1.136426539987753586e+02
1.144298681043209172e+02
1.128603135542599745e+02
1.178051392711393817e+02
1.127365047222069450e+02
1.135084135215959549e+02
1.157125635810943152e+02
1.142029293232388341e+02
1.160628624313812907e+02
1.140903756304688272e+02
1.163965815579726240e+02
1.117963751164054429e+02
1.128389549746331255e+02
1.107281620962614710e+02
1.119341672577835851e+02
1.139117798015229397e+02
1.164853828478135256e+02
1.157284819726041718e+02
1.149917466796995598e+02
1.114786252814256926e+02
1.137227623098005154e+02
1.102199721139374162e+02
1.128911237357781516e+02
1.151888040837585550e+02
1.147191343306901672e+02
1.158816922675521397e+02
1.164443652326876588e+02
1.133695018173442151e+02
1.159276354026605986e+02
1.147237448151891499e+02
1.108296905769823724e+02
1.127138808726069641e+02
1.148230484958159963e+02
1.184477244332288137e+02
1.161932715915952912e+02
1.154747344917146137e+02
1.108251562566702688e+02
1.137739296595546961e+02
1.123233698918322574e+02
1.156521369878091434e+02
1.132757774600667631e+02
1.170429570691655101e+02
1.124839797464976101e+02
1.160009706852424074e+02
1.129201631352168391e+02
1.120620094254564236e+02
1.183341177698904403e+02
1.147494382368799108e+02
1.116364792609963104e+02
1.162726644064563430e+02
1.155801235856312559e+02
1.163690871771281081e+02
1.150194972991883304e+02
1.148961357474010185e+02
1.156567855157968836e+02
1.151470401173633462e+02
1.121660384917716158e+02
1.117861383641741213e+02
1.165375018143054291e+02
1.111946074394136872e+02
1.168163366110941865e+02
1.164548466414099437e+02
1.140354081074096655e+02
1.138066086135152091e+02
1.130399990759696038e+02
1.123544876423760428e+02
1.147548953230643463e+02
1.124176898195275953e+02
1.109923781211971914e+02
1.148372794354020954e+02
1.110936005721427193e+02
1.147427312254488925e+02
1.157376134692216283e+02
1.145370352404708427e+02
1.153570735562879577e+02
1.124012242901652172e+02
1.146535172974387251e+02
1.143925510882564538e+02
1.127384570008962186e+02
1.093378680288274865e+02
1.194289604522312089e+02
1.115051246489875894e+02
1.124658908950271012e+02
1.185576044095025310e+02
1.155199026312472483e+02
1.131235864472222090e+02
1.125714989873720810e+02
1.119810930835150771e+02
1.177557928917560019e+02
1.121922608497866207e+02
1.148192230282873680e+02
1.134215080790073955e+02
1.165952362891661238e+02
1.143193870416234859e+02
1.146977960074635092e+02
1.135962881397599773e+02
1.163026385890892413e+02
1.146332386931102576e+02
1.186014035324702860e+02
1.157727435977199661e+02
1.124545029848998041e+02
1.145400025156077390e+02
1.153724407072182032e+02
1.138349551166956672e+02
1.168069566841576972e+02
1.170961134549962850e+02
1.153872463602101135e+02
1.176156015153661798e+02
1.137970390175891424e+02
1.107836551645384731e+02
1.124333194926116448e+02
