1.787885984976352631e+02
1.797606654883647934e+02
1.784405984235122560e+02
1.790644437157431241e+02
1.797657781736350273e+02
1.790055498557163105e+02
1.792839219768519285e+02
1.795946793509050678e+02
1.794815452699437799e+02
1.804455993171079058e+02
1.796896355316278289e+02
1.790131453325263351e+02
1.794200225973147553e+02
1.793845190446311904e+02
1.789868012245466673e+02
1.795091591988449693e+02
1.795620816976044125e+02
1.790993034292046104e+02
1.798044463007422564e+02
1.793341632111708464e+02
1.793828046081840455e+02
1.794074728515835773e+02
1.804315046226522270e+02
1.790423315287748380e+02
1.801435729471378409e+02
1.794197450975958077e+02
1.797360171241322746e+02
1.796123908668544118e+02
1.790429576651082186e+02
1.806938625126534248e+02
1.798615385346467122e+02
1.793761650260381089e+02
1.791397416915584699e+02
1.798317031131501551e+02
1.804705379217971881e+02
1.792176629323306827e+02
1.794279112294580614e+02
1.795634291128282598e+02
1.798656316548180030e+02
1.796198681497906477e+02
1.786357971296474432e+02
1.796718658120656471e+02
1.805270129468104585e+02
1.792702045663309036e+02
1.791759353592989612e+02
1.801951034267968055e+02
1.796918291872360953e+02
1.806825216143091382e+02
1.789422763731244856e+02
1.791339288804595924e+02
1.802265504741403106e+02
1.795619941976148652e+02
1.792282108368850402e+02
1.793807764244396594e+02
1.795209344864385343e+02
1.795613890200257856e+02
1.795471089310987907e+02
1.801111211412017781e+02
1.790742289931030768e+02
1.797606744006173756e+02
1.798781463877402587e+02
1.795973768488559585e+02
1.788066861462922645e+02
1.787361445435133760e+02
1.796091255040878423e+02
1.802914249765914292e+02
1.796816805904585976e+02
1.793920629894916772e+02
1.794088856115900796e+02
1.790535253459692910e+02
1.794240756049260312e+02
1.793837929038691072e+02
1.789325915418527870e+02
1.792245471957762391e+02
1.805577010526254185e+02
1.790972884803124714e+02
1.794332485128024928e+02
1.792138690539480024e+02
1.792619512042299732e+02
1.802150192943597062e+02
1.784839823771201566e+02
1.792029490852484912e+02
1.786567894226215856e+02
1.802347028625947303e+02
1.800623064703667069e+02
1.790720759150886181e+02
1.800836861320639173e+02
1.802558895486868664e+02
1.805740622539716469e+02
1.799505462318487616e+02
1.801607382900635059e+02
1.788070133842439020e+02
1.780360218093603635e+02
1.786997815438519694e+02
1.798289693522829680e+02
1.809113002243999233e+02
1.798966240450290854e+02
1.793442310878094474e+02
1.793122924463844186e+02
1.785326376539514399e+02
1.794128146682092506e+02
1.794067881598310237e+02
1.793229030375251227e+02
1.787725192545755704e+02
1.799905476764713228e+02
1.799500746666689679e+02
1.807006257975668291e+02
1.788407828432955000e+02
1.793188607486434023e+02
1.793761798357952841e+02
1.793743245490010736e+02
1.790549695754650656e+02
1.796887023469305120e+02
1.787629841334118339e+02
1.790427345001374704e+02
1.796358767686618592e+02
1.790884296043737152e+02
1.791423324294935924e+02
1.799058661184706978e+02
1.789578731990447409e+02
1.791292317239529552e+02
1.797989839016210283e+02
1.798720331176346861e+02
1.790790611267109398e+02
1.792549058771082287e+02
1.795947147215036921e+02
1.803788842250295943e+02
1.801287165872464016e+02
1.796065215024611348e+02
1.790701949355185434e+02
1.794490365309011395e+02
1.796175122177873504e+02
1.797529564122792181e+02
1.788959687015058648e+02
1.796574815019227742e+02
1.796121435183088977e+02
1.789084829070319813e+02
1.800320636790652316e+02
1.797334868761447808e+02
1.793871704038079997e+02
1.801734642874155554e+02
1.791895561092656521e+02
1.793437948180949775e+02
1.794025538415454548e+02
1.781948925299683992e+02
1.791263951750175067e+02
1.792042183815910050e+02
1.793344514258583899e+02
1.804675487660715305e+02
1.798539574690639711e+02
1.791716964437643185e+02
1.796255129261339505e+02
1.794976635744112343e+02
1.789600302616414353e+02
1.796878022749143895e+02
1.808583220298292531e+02
1.792658003756458243e+02
1.791278152062467086e+02
1.795317406467547130e+02
1.798370754779840013e+02
1.796165410028391989e+02
1.800742389012522437e+02
1.798393425207545420e+02
1.794355022289741726e+02
1.797447878226747662e+02
1.790831640060673067e+02
1.798344162097881451e+02
1.801156466282135398e+02
1.794623860779490485e+02
1.794436202734021322e+02
1.790969330093936946e+02
1.791204742427881627e+02
1.782229612958689131e+02
1.791595682520947719e+02
1.792907887595328020e+02
1.803456972467290313e+02
1.804993647372268697e+02
1.797351392964343972e+02
1.786942701172049226e+02
1.794206839170789181e+02
1.792153873281135645e+02
1.796857480801541840e+02
1.787557403692193532e+02
1.792383417219965906e+02
1.788236423959300225e+02
1.794193888408580619e+02
1.787995342591819394e+02
1.793224261664741164e+02
1.795529919316622056e+02
1.794036358033037573e+02
1.788920579002741249e+02
1.796157052594243453e+02
1.795462210891203938e+02
1.804955954463107162e+02
1.791641192742438591e+02
1.803846668487888678e+02
1.794571980877694557e+02
1.794744669512409985e+02
1.796310128585974439e+02
1.795875840225469346e+02
1.790543652402095631e+02
1.792441757211091442e+02
1.803908083083134954e+02
1.785736371759903989e+02
1.798220752084814933e+02
1.796398847038472866e+02
1.793051712433189380e+02
1.796237282937322561e+02
1.796742397155333038e+02
1.796729977264480453e+02
1.795163751911605914e+02
1.804054757511824789e+02
1.794307132250530969e+02
1.794668727801711725e+02
1.791066647219812182e+02
1.794502922102017521e+02
1.792554903466380836e+02
1.797125254444316340e+02
1.788311233811591308e+02
1.801281788597391653e+02
1.798556812844373383e+02
1.793608323317996849e+02
1.798527674122127848e+02
1.794971783481294096e+02
1.793002236130845688e+02
1.790136300796866351e+02
1.803217058938013793e+02
1.800061173029530153e+02
1.795919695348275980e+02
1.799474550419417085e+02
1.791593151223579241e+02
1.805906496173113567e+02
1.795963496048878199e+02
1.790106162108055514e+02
1.789488709219202747e+02
1.787093341780078504e+02
1.801625143632577704e+02
1.791383546398233477e+02
1.796972851305769154e+02
1.791231604702043398e+02
1.799054840525677150e+02
1.790033427797272623e+02
1.801236423713244221e+02
1.801393169284201861e+02
1.797744392705247378e+02
1.792579622000922086e+02
1.788958210090206933e+02
1.789069951093387942e+02
1.800449064212936037e+02
1.788882180763221186e+02
1.805356787240944811e+02
1.796825890118160487e+02
1.793347076924129624e+02
1.801815299015555354e+02
1.795654781039624766e+02
1.796054705916288867e+02
1.797893762110235798e+02
1.782607389353358940e+02
1.796240579272271134e+02
1.790081760315578663e+02
1.793074071763511199e+02
1.796851394798386821e+02
1.792263471050217447e+02
1.804417330956371472e+02
1.795560254413365158e+02
1.788201888598054552e+02
1.805026675884489009e+02
1.797030299042114336e+02
1.796231666976738950e+02
1.796331923813394837e+02
1.795474686723757998e+02
1.799416241212497312e+02
1.791974916595791285e+02
1.787833958766703688e+02
1.795459602034085549e+02
1.793174657652948554e+02
1.795278325115467055e+02
1.795998541097324335e+02
1.799046122704124286e+02
1.794249843080275753e+02
1.801546873848189705e+02
1.797621323810305682e+02
1.800010686754401092e+02
1.798115525076898962e+02
1.789801032123856999e+02
1.792417693164445041e+02
1.787245065912332223e+02
1.791844584514883820e+02
1.801559733390190274e+02
1.805555567849411887e+02
1.779611104783498376e+02
1.804516048854908092e+02
1.790752442013479424e+02
1.798721530047095882e+02
1.791579847788605946e+02
1.800857224911177070e+02
1.799320447656342026e+02
1.799283834111501221e+02
1.792041892594537558e+02
1.800105488184246667e+02
1.808959679791665565e+02
1.790185579547986094e+02
1.802743445507682907e+02
1.790438620588622030e+02
1.798114798367060700e+02
1.789617410730600398e+02
1.796735834537070957e+02
1.794234869565255508e+02
1.791677824062968511e+02
1.801000832683359363e+02
1.800832205558083672e+02
1.790765271280399702e+02
1.802829044893579464e+02
1.798894255298030203e+02
1.802021302678641916e+02
1.801938425487021505e+02
1.789576060662022599e+02
1.800935386079698333e+02
1.795560834849937066e+02
1.792326232346455583e+02
1.802143294401534774e+02
1.785387516906859560e+02
1.787131313235615835e+02
1.799228133286349589e+02
1.796412270985385646e+02
1.796367584374222304e+02
1.788474643576950882e+02
1.788363098067687815e+02
1.793719936193173226e+02
1.799439455720170145e+02
1.791080398120110715e+02
1.790605521453700248e+02
1.794489332002420952e+02
1.796643046702753281e+02
1.795309662729961531e+02
1.796605516654012717e+02
1.801344557466397589e+02
1.801940320020006538e+02
1.799381770086902748e+02
1.800170605640514054e+02
1.799058588958635596e+02
1.791305162140644143e+02
1.795759014676735887e+02
1.791089672552431296e+02
1.797897804496729748e+02
1.796800935727794979e+02
1.790078036228196936e+02
1.797607100595164695e+02
1.785495981413651521e+02
1.795984718291745708e+02
1.796752351909012191e+02
1.791014298110500533e+02
1.792968176796833006e+02
1.795503787835561695e+02
1.797574698462768197e+02
1.795919942749823974e+02
1.798481548806806245e+02
1.796504541321370709e+02
1.792386121538962414e+02
1.804415565041180400e+02
1.802121846007796648e+02
1.793918951885358126e+02
1.795201047587272853e+02
1.803352317988613720e+02
1.791256100157657727e+02
1.797567503848476917e+02
1.803443797554415369e+02
1.790423642479787532e+02
1.799385305622020894e+02
1.792835769915658091e+02
1.790184658050681321e+02
1.792852605178395891e+02
1.799206287999845699e+02
1.798615595625842900e+02
1.797075709202496512e+02
1.786684334461978096e+02
1.790912708711370556e+02
1.802456030517396357e+02
1.801970093421408876e+02
1.800551313367346609e+02
1.797832798246318191e+02
1.788345168211721159e+02
1.803025265953268956e+02
1.794196726250665677e+02
1.804756511876122147e+02
1.796012902029379177e+02
1.794194365160975622e+02
1.798838035646999458e+02
1.794901572189786521e+02
1.796637501962529768e+02
1.795887147117075813e+02
1.788106195643422325e+02
1.782857997410832525e+02
1.800419715215716110e+02
1.798283653143011236e+02
1.793620002549891410e+02
1.793436619424917069e+02
1.795652897285690131e+02
1.796298030083038952e+02
1.793467412001984655e+02
1.800618512584438804e+02
1.799245189343465370e+02
1.791829837048458955e+02
1.789798416514934729e+02
1.797572301287512744e+02
1.789878718916109506e+02
1.804362095299915154e+02
1.795777773624078009e+02
1.796595984298174926e+02
1.792589244744405903e+02
1.797226566266255645e+02
1.798656809128572149e+02
1.791229634828523842e+02
1.791787886012620561e+02
1.800617651607505536e+02
1.800390532187818451e+02
1.801646569745253146e+02
1.799013128681906153e+02
1.794956586522414170e+02
1.801818868853140145e+02
1.797258014828798878e+02
1.797634214138589641e+02
1.796309495324092325e+02
1.791273155987529435e+02
1.805150358189887072e+02
1.794864031651787002e+02
1.791862527193675305e+02
1.797109429372585794e+02
1.799098007740112166e+02
1.798664211759925138e+02
1.789149248751279799e+02
1.782820929372489616e+02
1.796318948078104540e+02
1.793935755893959936e+02
1.797544991959045433e+02
1.798251235322242110e+02
1.799248701690585506e+02
1.801019184097099810e+02
1.794063524237101319e+02
1.795914296429094463e+02
1.790624449581521276e+02
1.799135828342333241e+02
1.793667347814845812e+02
1.800233292304183408e+02
1.792792305825954884e+02
1.795277633409180567e+02
1.797022017766142596e+02
1.801569379872025536e+02
1.799281911529808724e+02
1.783802737887153000e+02
1.797783755191894102e+02
1.786710412743199186e+02
1.796424636616025055e+02
1.797033233483067249e+02
1.792041186749590622e+02
1.796993031974552650e+02
1.797981981953072363e+02
1.782307857817020817e+02
1.797823637967632067e+02
1.799636124686073515e+02
1.784028320216072530e+02
1.798281095159439076e+02
1.798531938037315001e+02
1.797072261448754205e+02
1.792447414823023166e+02
1.794181246374111538e+02
1.797724114003045202e+02
1.795316860154033520e+02
1.793699609821564138e+02
1.793117716946231894e+02
1.801235613223348366e+02
1.796612818958986395e+02
1.796471312567923349e+02
1.792217671632259339e+02
1.798894463285463416e+02
1.794982958813630205e+02
1.794556943912346583e+02
1.796913873292339474e+02
1.788583579127638359e+02
1.797254987896088494e+02
1.793814409710768416e+02
1.804703312839190517e+02
1.784891614218116160e+02
1.789591557341191788e+02
1.789114822626735304e+02
1.799504303493581006e+02
1.798961914328937155e+02
1.798316579655682972e+02
1.804641109380541479e+02
1.795000968608119933e+02
1.796602924157141956e+02
1.800641061201357616e+02
1.800035081808509005e+02
1.796888004884003749e+02
1.805850640664868649e+02
1.798076325665812760e+02
1.795492813079872008e+02
1.796095069259773425e+02
1.801692525238554481e+02
1.794996549825895329e+02
1.796904659224421437e+02
1.797325924002273894e+02
1.792029176203085115e+02
1.792998782124593617e+02
1.789891463543643226e+02
1.803663172766923992e+02
1.799528166681062089e+02
1.789454191489561197e+02
1.799357168698000464e+02
1.785717691141340140e+02
1.799276786767962051e+02
1.794014758894373358e+02
1.794763720677990477e+02
1.781779374895325816e+02
1.797589889711115347e+02
1.791797254003084845e+02
1.795771712496070620e+02
1.797057087995604263e+02
1.795152514994142905e+02
1.794961761603271952e+02
1.797150219917279230e+02
1.804165333369717246e+02
1.797123491618149842e+02
1.801939227748776773e+02
1.781633253521926861e+02
1.784916565456294109e+02
1.786356296255590053e+02
1.790835791607406122e+02
1.794341191544342848e+02
1.800896759098111204e+02
1.796393239718209713e+02
1.790017061930214481e+02
1.793670559209068358e+02
1.797456185630839229e+02
1.791495442344077844e+02
1.796528537359784252e+02
1.791731292109631397e+02
1.784839719587753564e+02
1.796816445315225792e+02
1.800776056468342858e+02
1.799580644375891438e+02
1.788862315205687707e+02
1.797065002653717443e+02
1.797681159706363303e+02
1.789538290172162647e+02
1.785817696730632065e+02
1.793625051164173101e+02
1.795673308595932554e+02
1.799165990961588193e+02
1.792592205900546674e+02
1.794148152910810268e+02
1.796997747953624867e+02
1.790706137345367779e+02
1.800377823655584280e+02
1.787407235587632215e+02
1.797802483170004564e+02
1.793467894321440781e+02
1.792052978753604862e+02
1.797138047772313314e+02
1.789513371578694034e+02
1.795989296633279082e+02
1.801427405262176364e+02
1.800368721436814496e+02
1.796697358136743219e+02
1.795064836947308606e+02
1.797324557870627473e+02
1.790622639905175220e+02
1.807158360989482730e+02
1.796119148411060849e+02
1.802267371710928217e+02
1.798528490300440978e+02
1.804640873374932539e+02
1.787793857894894529e+02
1.802205628100145987e+02
1.791405632269886326e+02
1.797503895838671326e+02
1.798502127048220132e+02
1.787813620367421947e+02
1.792450250715844504e+02
1.796804837497579967e+02
1.796443415190730946e+02
1.798439897046073384e+02
1.795205758221699739e+02
1.797606884229313664e+02
1.800836129654073261e+02
1.796096664854768505e+02
1.798881639925235163e+02
1.792783388903241075e+02
1.799841302011830635e+02
1.797550369001761794e+02
1.798772670421590760e+02
1.793346529976019212e+02
1.796497165660716462e+02
1.793945954263494116e+02
1.792111069928382392e+02
1.796246596923745358e+02
1.789539285923088130e+02
1.795449163102674959e+02
1.795887218196698143e+02
1.792053603364336709e+02
1.795748442696253164e+02
1.792519779847957295e+02
1.789944956553382838e+02
1.798168096294673148e+02
1.784386721081013718e+02
1.787719969256263823e+02
1.796378229103164017e+02
1.795416650987517642e+02
1.798962673329924371e+02
1.794719364180589594e+02
1.791543462966601510e+02
1.787085608365957228e+02
1.800173842156968078e+02
1.802030420954586702e+02
1.792544819141911319e+02
1.792527787928777343e+02
1.794780714116553497e+02
1.789911833825456426e+02
1.792919340386178533e+02
1.791375206769192516e+02
1.791507252462692747e+02
1.790433166067976174e+02
1.791947084618924748e+02
1.798130728007577375e+02
1.792330578042107163e+02
1.783379908118107551e+02
1.798289180620155605e+02
1.789317049980486445e+02
1.794627011517218023e+02
1.798404843008776197e+02
1.794537615180095145e+02
1.787673634015494599e+02
1.791631751261191425e+02
1.790570714658994689e+02
1.797753798620505847e+02
1.800555166621073511e+02
1.799077862737506734e+02
1.798461210769833372e+02
1.796462259763719089e+02
1.790695975691147623e+02
1.800278463624550795e+02
1.787875294916613598e+02
1.793471928563164965e+02
1.804475061409254693e+02
1.792599479145672774e+02
1.793537781260147028e+02
1.797672229835066560e+02
1.791964304306079612e+02
1.795376193045353546e+02
1.793686494671107994e+02
1.795808548869026424e+02
1.803443849818866624e+02
1.798045619398525901e+02
1.789003228592862058e+02
1.798550844303015595e+02
1.790923368296028855e+02
1.798636403650567956e+02
1.795645550432631978e+02
1.794710146293659534e+02
1.796553414001384681e+02
1.794655433702944549e+02
1.784731889277489074e+02
1.805435526885385400e+02
1.799280613669889988e+02
1.797716530079889878e+02
1.783490473388640396e+02
1.801230795157310069e+02
1.793896876309945014e+02
1.782461819274589345e+02
1.800663114262234785e+02
1.793565099718431668e+02
1.799732580856593529e+02
1.787648124080036496e+02
1.795293240761034497e+02
1.796031448411559097e+02
1.795382529820236073e+02
1.799786830497698134e+02
1.782972088984737127e+02
1.793855557991018088e+02
1.797188321755511993e+02
1.794111128671908375e+02
1.799927269761752768e+02
1.793817772604637355e+02
1.795797347221448774e+02
1.793017606839507891e+02
1.786565284976391013e+02
1.802096517220391831e+02
1.791112896185385921e+02
1.794869290657496208e+02
1.798301476768548639e+02
1.795860770520569645e+02
1.793471203078052838e+02
1.792813369010475810e+02
1.802874444600726918e+02
1.790313335828192578e+02
1.793090935905960634e+02
1.797985939419583303e+02
1.787311624525035541e+02
1.800356753863611345e+02
1.794164551960863321e+02
1.803440138937142763e+02
1.794852977744754412e+02
1.798746802462917174e+02
1.798008475593066748e+02
1.806299571807075495e+02
1.797952393710490639e+02
1.802929851174055216e+02
1.801934009341266574e+02
1.783748914792287792e+02
1.798337067936404594e+02
1.797972760691172311e+02
1.790137748229472550e+02
1.801010274115705556e+02
1.799128184405657009e+02
1.790310216322382644e+02
1.794726064408491197e+02
1.791942610590679124e+02
1.794648172829612918e+02
1.796527326516140306e+02
1.792371132147260653e+02
1.796935394139837001e+02
1.793779547896839688e+02
1.795029726757122148e+02
1.795040691280310909e+02
1.793211049836602058e+02
1.796686914255549539e+02
1.781491593244937803e+02
1.800034659762994522e+02
1.789519908650109983e+02
1.797726851177900755e+02
1.790976736928721778e+02
1.789152125075761433e+02
1.798524232767875333e+02
1.788742321743077355e+02
1.802948052147995952e+02
1.792315853649973860e+02
1.789644203154580282e+02
1.796533383210849593e+02
1.794399024413591235e+02
1.789876464270180065e+02
1.794805508871790209e+02
1.802271616595525927e+02
1.797897009126457988e+02
1.799259970678701848e+02
1.790042508647092347e+02
1.792145500390246013e+02
1.801271441606014605e+02
1.794584749549177900e+02
1.794385052162201362e+02
1.793001327779894609e+02
1.790278466811982696e+02
1.794602399455469310e+02
1.790679173108709676e+02
1.795873475907701220e+02
1.798156254192959693e+02
1.797695328992511179e+02
1.792573264064606064e+02
1.794433717903665979e+02
1.793988203707699540e+02
1.800077115325966588e+02
1.786356115478537845e+02
1.801767715596463972e+02
1.795682277355142276e+02
1.792581583982151869e+02
1.798056428903172161e+02
1.804998221473205433e+02
1.794931396784805600e+02
1.801463131368902282e+02
1.801464643560974253e+02
1.800259585848731092e+02
1.785471101973885482e+02
1.792537024792900695e+02
1.804653713459312314e+02
1.791281356885758669e+02
1.795311834560186810e+02
1.801117196121929567e+02
1.798285317367908931e+02
1.789305701167597817e+02
1.792582228981104890e+02
1.792108089372472080e+02
1.798740821821939448e+02
1.789653693402931367e+02
1.790793435425149198e+02
1.796008184330343624e+02
1.806023554205058588e+02
1.785873964015293609e+02
1.799518847774978383e+02
1.796608002136038351e+02
1.802082876753050300e+02
1.785592944144794103e+02
1.790564338008625782e+02
1.795955035377086233e+02
1.798066182196140232e+02
1.795820707312722675e+02
1.791839889721172767e+02
1.796288650606664703e+02
1.802065578565850217e+02
1.800904121678246668e+02
1.805128776297994477e+02
1.797698897132974594e+02
1.795085492939003018e+02
1.790806278292402851e+02
1.796347773604165923e+02
1.792988865869200197e+02
1.797127410140537336e+02
1.794952938930792357e+02
1.788324029635785166e+02
1.792766901873160350e+02
1.801376368026823229e+02
1.794219180704877772e+02
1.785524346542958938e+02
1.800218384867863222e+02
1.790895657200441349e+02
1.788901530989805622e+02
1.801748545367132408e+02
1.798928595726791855e+02
1.799238140007629454e+02
1.802640038021707483e+02
1.793758634897768331e+02
1.802422336249126431e+02
1.802326788755632094e+02
1.789651145796591436e+02
1.802356338145417567e+02
1.800135857091507603e+02
1.789176652136291636e+02
1.792605153218623002e+02
1.798321990987114134e+02
1.795735092918862392e+02
1.799742452721040422e+02
1.798745057958694247e+02
1.798735599897324278e+02
1.795194931073864666e+02
1.795254180473363874e+02
1.786711315728634588e+02
1.798913169629265667e+02
1.799945149484825038e+02
1.795359071871997401e+02
1.792852068904649059e+02
1.794610591520937248e+02
1.794493017405369812e+02
1.790573921790383167e+02
1.796084413870996741e+02
1.799064544746819081e+02
1.796342591441379568e+02
1.798776873385001807e+02
1.787343909863236604e+02
1.804440712146716521e+02
1.793911491519311880e+02
1.793850324338170310e+02
1.794685287887038498e+02
1.792168794231461959e+02
1.795307596931244234e+02
1.791133699785027318e+02
1.801208154952862230e+02
1.800338311546514944e+02
1.791426898399433014e+02
1.790616936748725152e+02
1.795893438234647022e+02
1.795917977454440120e+02
1.789165906924957881e+02
1.797925560432249767e+02
1.800656492245940967e+02
1.789401143230135176e+02
1.790586668371212227e+02
1.799585487880672474e+02
1.791020012748518013e+02
1.793819059507383713e+02
1.787254631797612490e+02
1.794771476223106674e+02
1.804666838868664342e+02
1.801964289128239329e+02
1.792811099228888452e+02
1.784694884252003817e+02
1.786997063096937666e+02
1.804948089330531786e+02
1.788540647679874098e+02
1.806251805351905659e+02
1.787746878064051259e+02
1.793362625561813388e+02
1.792911103429780724e+02
1.794247616222342572e+02
1.789136724809835925e+02
1.788212457379604245e+02
1.785585736213256496e+02
1.792210010543141721e+02
1.794291457871589728e+02
1.795391002480969576e+02
1.793099686508149375e+02
1.791105663166084980e+02
1.789404484668334874e+02
1.794166086860265352e+02
1.797444649653253350e+02
1.797523350135840872e+02
1.795576808401681319e+02
1.798610857332635646e+02
1.800400923436378093e+02
1.788842203201705274e+02
1.799073964097800911e+02
1.794214232538030274e+02
1.792400686629281381e+02
1.801424776122653668e+02
1.802534627563785818e+02
1.792647304842681706e+02
1.799996140025032503e+02
1.801247444126107666e+02
1.792108991424628641e+02
1.798137391538425618e+02
1.801470435618589079e+02
1.796516190133887676e+02
1.798871785518299191e+02
1.799898264441674200e+02
1.798911594554072337e+02
1.796490664329339779e+02
1.800489039405802032e+02
1.792342346295373261e+02
1.790816693848191790e+02
1.791428647451251948e+02
1.795599318845338246e+02
1.794325615980278883e+02
1.799129314553134691e+02
1.800142213657027526e+02
1.800917648447228316e+02
1.794589171008433937e+02
1.797722785736253570e+02
1.795051708342326720e+02
1.795788906028051599e+02
1.797399899335471218e+02
1.796708605812768837e+02
1.789618376983705446e+02
1.792105388305469944e+02
1.799649614898358152e+02
1.792561062876934272e+02
1.797380786932791352e+02
1.791974667086491024e+02
1.800657415455880539e+02
1.790841141785918182e+02
1.789002025069453055e+02
1.789271252300628134e+02
1.793909941966529971e+02
1.794390438257734672e+02
1.794256263092826771e+02
1.800948239353506040e+02
1.794370564339193379e+02
1.798416031905083514e+02
1.789023262383457222e+02
1.797238614302132760e+02
1.806310063031158109e+02
1.802020346044199641e+02
1.797463886221046039e+02
1.793967544888195391e+02
1.794277536245981821e+02
1.795621218099836369e+02
1.795375821740672393e+02
1.798091751947418970e+02
1.792426870161350223e+02
1.799954710649471110e+02
1.800826671633364811e+02
1.790100899025788692e+02
1.790032614693034816e+02
1.804891222655898844e+02
1.795768757729796334e+02
1.799801189671227348e+02
1.799577485866319932e+02
1.785572835610343816e+02
1.802776856839275297e+02
1.801398784316765216e+02
1.796450238975649256e+02
1.799808354124894834e+02
1.799310182002534475e+02
1.798848284819850107e+02
1.808029734112230926e+02
1.791601162617354817e+02
1.799677460909590820e+02
1.793523837276575250e+02
1.798539311214369718e+02
1.789828477034843104e+02
1.792814328095073506e+02
1.795256869483653475e+02
1.801182376453788834e+02
1.794863082300602173e+02
1.798548969995435414e+02
1.800089282162137181e+02
1.800277393776902670e+02
1.796188588734713960e+02
1.796357733950512454e+02
1.806637612003390245e+02
1.788022837472025515e+02
1.792405323681367690e+02
1.799545710303480348e+02
1.791513275311606890e+02
1.802726260753427709e+02
1.793222682669587584e+02
1.795215011236648763e+02
1.794122886121068632e+02
1.797367057753254187e+02
1.798195744754526686e+02
1.790552354245962761e+02
1.791703766658026780e+02
1.793491710886609667e+02
1.793089447392803777e+02
