1.096589983453901453e+02
1.074146888727214559e+02
1.150768997026590483e+02
1.104272938468082685e+02
1.083099402341176756e+02
1.096014288266321017e+02
1.070571047945135490e+02
1.063293581871249813e+02
1.111674123840895732e+02
1.104515257654231704e+02
1.061787543984306836e+02
1.091490671835716881e+02
1.069097120029478987e+02
1.107424396803918398e+02
1.145659316848090015e+02
1.113434576477151126e+02
1.101595280740567091e+02
1.083569712038253670e+02
1.108252393096449140e+02
1.119862143070261311e+02
1.091124918611663048e+02
1.105648536536646418e+02
1.103158604621846877e+02
1.073429443219302470e+02
1.093916652811185770e+02
1.112051166035490013e+02
1.055692077444917913e+02
1.109380653745701721e+02
1.093514032593210459e+02
1.064315416407827399e+02
1.067486990833846789e+02
1.126133425208979588e+02
1.095765153363357882e+02
1.132052919256570647e+02
1.108990736746196291e+02
1.094126726204487596e+02
1.092165900391109261e+02
1.075013185284113888e+02
1.085632298574807635e+02
1.057824302801496117e+02
1.106118554616784166e+02
1.050138000106417735e+02
1.055556846334301042e+02
1.100657692115065771e+02
1.068376840303189113e+02
1.103839118547289360e+02
1.087912935303460387e+02
1.071261757574576734e+02
1.095144124564759380e+02
1.086958550274078164e+02
1.123224227227258041e+02
1.115001590457110439e+02
1.106800597984549341e+02
1.123771526666647986e+02
1.081561537608557444e+02
1.071586437270783136e+02
1.085697844468193409e+02
1.064311031010758626e+02
1.091631032461631179e+02
1.069928947830786399e+02
1.101228899159711432e+02
1.083900783712492455e+02
1.078711360203342338e+02
1.107008904245691241e+02
1.101781405410033869e+02
1.102347688491299920e+02
1.089878634412776677e+02
1.082377029891822104e+02
1.069256395222711689e+02
1.091413888620003831e+02
1.090183051952780318e+02
1.076355624164768869e+02
1.073974231533872796e+02
1.074496724455112826e+02
1.095246583611188242e+02
1.095993660833267285e+02
1.101348943027229126e+02
1.118826600811823937e+02
1.128498902044721888e+02
1.082425565807266423e+02
1.112033149198652922e+02
1.101693126689554845e+02
1.120540849241563421e+02
1.080219172949884268e+02
1.129710367200599848e+02
1.089690956971379308e+02
1.110364896671007102e+02
1.067097358636416971e+02
1.090047110679262374e+02
1.092860908524630332e+02
1.101738988066881717e+02
1.124772878003898455e+02
1.105895290037735492e+02
1.090484886286746189e+02
1.084981090607966223e+02
1.088959187561519997e+02
1.085005904509667403e+02
1.099271987886456117e+02
1.115415175812178177e+02
1.095659990145930891e+02
1.095653290172260910e+02
1.106267793910057264e+02
1.125677346712620448e+02
1.066130130722247173e+02
1.073404166914842506e+02
1.083198986996939936e+02
1.071581722737822133e+02
1.079232300023877116e+02
1.092496904919173772e+02
1.103104938724588351e+02
1.109034934415907827e+02
1.081150443635804663e+02
1.114763430333972281e+02
1.116657181054108889e+02
1.060847939224832146e+02
1.071050451137480763e+02
1.112600892309698111e+02
1.088292662088267377e+02
1.111291481764559990e+02
1.123316657890517547e+02
1.132407333855798868e+02
1.103360864853305685e+02
1.083786434034856541e+02
1.135721484452291037e+02
1.080410520712910198e+02
1.121637638898268392e+02
1.111220865745531228e+02
1.103837774446004403e+02
1.076342179564189507e+02
1.104358271347754652e+02
1.114708636578582457e+02
1.120756357234548375e+02
1.121424330180523583e+02
1.074978777591565660e+02
1.098452417800850469e+02
1.097872270790397806e+02
1.117002496223040424e+02
1.079877534739963494e+02
1.092772117032822763e+02
1.077246357486508970e+02
1.104809072703577328e+02
1.067521895959828271e+02
1.108303600986017017e+02
1.081565499960356362e+02
1.083957006870885778e+02
1.141183879568368980e+02
1.085758946715111506e+02
1.084458816482983394e+02
1.112047940493553426e+02
1.085546976326393462e+02
1.071852852088395736e+02
1.094392255923255135e+02
1.094109934401378013e+02
1.069191258255165309e+02
1.110101414630601653e+02
1.066374651709365224e+02
1.111168756530835537e+02
1.109305634351389926e+02
1.102601462566009616e+02
1.068155992935023306e+02
1.070604579315039331e+02
1.111671081899150550e+02
1.106025872659238871e+02
1.107805442454267393e+02
1.093999632103317055e+02
1.106111012851033877e+02
1.104207109126241306e+02
1.115368819597480439e+02
1.117906974548059651e+02
1.124086719931805050e+02
1.067179616733945267e+02
1.094203154815498209e+02
1.089830593220660120e+02
1.067684662548844443e+02
1.123969206316187552e+02
1.104414185552592897e+02
1.109950602031291140e+02
1.073810781184135408e+02
1.130660820799139827e+02
1.118550412061179884e+02
1.103329423259481388e+02
1.115840694155445618e+02
1.158314227887697996e+02
1.122724777541992012e+02
1.063827536071339637e+02
1.084644089312607065e+02
1.154269859001494183e+02
1.111214959109292835e+02
1.080112966309577729e+02
1.123392379763210585e+02
1.086024461075338223e+02
1.085460455784531035e+02
1.111011649128350030e+02
1.076107823200320155e+02
1.094847163147141913e+02
1.081685551844070403e+02
1.098873796513801295e+02
1.094359468022593518e+02
1.067389016630969394e+02
1.073960361254346481e+02
1.119535497313236192e+02
1.080335663192103652e+02
1.071691628625618193e+02
1.116691891271791945e+02
1.129878632541769576e+02
1.084642364280636002e+02
1.096425454580135153e+02
1.122944139855214587e+02
1.117544452176892946e+02
1.087221379974852056e+02
1.075488243454500008e+02
1.055866639857856342e+02
1.072129315596102259e+02
1.135641507452419603e+02
1.084522047329806895e+02
1.055001460756017480e+02
1.093299285585958671e+02
1.098893455280643678e+02
1.078854102800925006e+02
1.134134436226279234e+02
1.101076489071980973e+02
1.064956879022122251e+02
1.153071033821692453e+02
1.093229348783161612e+02
1.135239772124937048e+02
1.077609224243428088e+02
1.110533954390520677e+02
1.101225410894950869e+02
1.089704094979157531e+02
1.083860741426350671e+02
1.110328131505972635e+02
1.099097005324271095e+02
1.101730505994284499e+02
1.099869836768552886e+02
1.079590104618292088e+02
1.129262935216328998e+02
1.111905979515543237e+02
1.102062979273580368e+02
1.043692118215243170e+02
1.098511275860651040e+02
1.090344296357936571e+02
1.080368385890487986e+02
1.094045272632155701e+02
1.119781439275070625e+02
1.095745020804036756e+02
1.100683284387162360e+02
1.064263632890886271e+02
1.069037839495232873e+02
1.119189984096161510e+02
1.102651207499572621e+02
1.068375615547145259e+02
1.083676074990291767e+02
1.104476876674180801e+02
1.106540376721901708e+02
1.077034582621058263e+02
1.076391407495711121e+02
1.096109612022331135e+02
1.086518906648414458e+02
1.102777766361223541e+02
1.094195419443183823e+02
1.115212135392400796e+02
1.091626057162207815e+02
1.104331679272781628e+02
1.086704635594473558e+02
1.122741414364729451e+02
1.099315709498953026e+02
1.110583895245357127e+02
1.100192321881648212e+02
1.080316757606314155e+02
1.121485144040168649e+02
1.072731676150113458e+02
1.122014789753487918e+02
1.069644612825056242e+02
1.103956107955837211e+02
1.100349505417375440e+02
1.100964145567792656e+02
1.123370522852979292e+02
1.122076129857607043e+02
1.076317684267806669e+02
1.105274141669741539e+02
1.066442147919374719e+02
1.118475942694394405e+02
1.101989575622720992e+02
1.070603380850290876e+02
1.088945766634022903e+02
1.106175956075056490e+02
1.135124191007650865e+02
1.096761205278637874e+02
1.097446563762440945e+02
1.099690743112780780e+02
1.118522581657854289e+02
1.085527969990485389e+02
1.106496400527006898e+02
1.109369289163543044e+02
1.080125094484162815e+02
1.096883238835338545e+02
1.066879475614066877e+02
1.116948537188851844e+02
1.098159292639513183e+02
1.095997678980788237e+02
1.112476890924992148e+02
1.126292476640030600e+02
1.065353458583010848e+02
1.127271831972176983e+02
1.106180401133574804e+02
1.095302668915678623e+02
1.076190636006411694e+02
1.091889708191990422e+02
1.125240917619624099e+02
1.075829347889327323e+02
1.103468057233178570e+02
1.100436341229470116e+02
1.118869044768201775e+02
1.083691813499390264e+02
1.107740862501356958e+02
1.119361832453166272e+02
1.091767587436786329e+02
1.123464205555529816e+02
1.141942834342848414e+02
1.095066365037567664e+02
1.073034299324580019e+02
1.075972840448965115e+02
1.081618735561958857e+02
1.062309300958491463e+02
1.064024548214197097e+02
1.045778225024968577e+02
1.078739948514810152e+02
1.107008694945288312e+02
1.118112062577844625e+02
1.066704416622902869e+02
1.114148699947187708e+02
1.104146901405842982e+02
1.115447525087037803e+02
1.099508455385877852e+02
1.110233971046512949e+02
1.110082114448741777e+02
1.091993299112812821e+02
1.135252458342216357e+02
1.116704106079241683e+02
1.136645385346197514e+02
1.105891453198809273e+02
1.102976356415156260e+02
1.080622532772761843e+02
1.074759206610161328e+02
1.092917626789780456e+02
1.103493391760289484e+02
1.056193798356119515e+02
1.119463942395046558e+02
1.122094047540119135e+02
1.072832982364478625e+02
1.106409607687999852e+02
1.122077309360169295e+02
1.033840304207720067e+02
1.097819173714792811e+02
1.125037866723819207e+02
1.133840101525820501e+02
1.089703382469969881e+02
1.044855923391919390e+02
1.069934946859109601e+02
1.091780502509197106e+02
1.095717698425269901e+02
1.096468970709235862e+02
1.103840983796879271e+02
1.086975532819556491e+02
1.100650460603797001e+02
1.123957522481181854e+02
1.116691526890030133e+02
1.113292382786722641e+02
1.086184489589448248e+02
1.083131708956987325e+02
1.084110291298610207e+02
1.094769522752407340e+02
1.096735650396365855e+02
1.105139903476261765e+02
1.055310207708664763e+02
1.078288622815853302e+02
1.115365635062701983e+02
1.074331280553509629e+02
1.120235233963902317e+02
1.040250689165981868e+02
1.103624647802543279e+02
1.101638844056452911e+02
1.096176586675303355e+02
1.116698488186165008e+02
1.086758214942881722e+02
1.110745249251862674e+02
1.100323922121689151e+02
1.109910690318602207e+02
1.082207447961953193e+02
1.114380568211536229e+02
1.089723807380307505e+02
1.131170937564252910e+02
1.080487878816353771e+02
1.141245958561139844e+02
1.081640386891123455e+02
1.083490206141049299e+02
1.104752419494806475e+02
1.097807228664422610e+02
1.082060786554541778e+02
1.128276750160685822e+02
1.101844864245697124e+02
1.091588536991980192e+02
1.075698060293521365e+02
1.083311570163718045e+02
1.086276197820912159e+02
1.096260643684044567e+02
1.053371363592353589e+02
1.092461495975801853e+02
1.060735255512315547e+02
1.119537189997082720e+02
1.092851385729922953e+02
1.112696879609909359e+02
1.090044255507329467e+02
1.101621825049040382e+02
1.103217255991743286e+02
1.099528505824309832e+02
1.066573790365599592e+02
1.082366031777404061e+02
1.079104355694439334e+02
1.098886813026155522e+02
1.061120975515561611e+02
1.093980277182804173e+02
1.086341580805226670e+02
1.069928767877687363e+02
1.109625847428391694e+02
1.067014485707940850e+02
1.134765421483706831e+02
1.085369031053193680e+02
1.027995234087232745e+02
1.060119903572442155e+02
1.122128511835245774e+02
1.118133567602303202e+02
1.050823961179218031e+02
1.086462671254206214e+02
1.102764808482502161e+02
1.070880973301976127e+02
1.084190890080934935e+02
1.104519853376972662e+02
1.092629372647138126e+02
1.071535035753693990e+02
1.073912724744462253e+02
1.090841728855735226e+02
1.140015062928920599e+02
1.059797913421913620e+02
1.124013258285142030e+02
1.101741635817176075e+02
1.092370299521166288e+02
1.089230150009064886e+02
1.068912077350996412e+02
1.126694682300677783e+02
1.097095307761569245e+02
1.108136425380421457e+02
1.123031192279305799e+02
1.086954941926573071e+02
1.103316285185933339e+02
1.114239903716963624e+02
1.099027922294890942e+02
1.117837618879100035e+02
1.056533886603012746e+02
1.101163606489247400e+02
1.105342353812081200e+02
1.117893072593602710e+02
1.109554598616165748e+02
1.106663985716202347e+02
1.084966592187122529e+02
1.093767137417183903e+02
1.108133895217191451e+02
1.108385645996103790e+02
1.093127030572393323e+02
1.066401325832278388e+02
1.121330786955184351e+02
1.122111481765496279e+02
1.112193979358838476e+02
1.096401408763078678e+02
1.081474145271621836e+02
1.073787474977723662e+02
1.101069345077288659e+02
1.086376995479778174e+02
1.104180267776225577e+02
1.078983931959837861e+02
1.083160994736584684e+02
1.123221673108669592e+02
1.060123117018514307e+02
1.089210575450673133e+02
1.049186058415389908e+02
1.099482774816055581e+02
1.075458661645780296e+02
1.084255259033458003e+02
1.088704937281243446e+02
1.065110238853089868e+02
1.069175830191612704e+02
1.076066904518537513e+02
1.067292442963986332e+02
1.096234251547357132e+02
1.111940714168295159e+02
1.125577320011249753e+02
1.109132305645890142e+02
1.087296173857435662e+02
1.077855039450398067e+02
1.097600453064911221e+02
1.126891590503454523e+02
1.064116435701857029e+02
1.081227453619697485e+02
1.066216939265803489e+02
1.101430994480571712e+02
1.112177377819649138e+02
1.129864005384176835e+02
1.078303339771254201e+02
1.068212068194128079e+02
1.100221873345562642e+02
1.095835762240832878e+02
1.121594598669705647e+02
1.102013974073812648e+02
1.088247787044898587e+02
1.080430365976374247e+02
1.106182138165349187e+02
1.096553483803259041e+02
1.119109560727240904e+02
1.084933616286698452e+02
1.116235397594910381e+02
1.119912615819828972e+02
1.125853724572187957e+02
1.076944399091708675e+02
1.120293221284143357e+02
1.056695918817567588e+02
1.113175924938610137e+02
1.040367273711651990e+02
1.107212028634949093e+02
1.091382220771316867e+02
1.085626624690449518e+02
1.123540266500958751e+02
1.115266823129028353e+02
1.086516788566657112e+02
1.073885140635948972e+02
1.107895824315687037e+02
1.113439257906072157e+02
1.093885306425798518e+02
1.133756145065095495e+02
1.099368574895069770e+02
1.090639583948280631e+02
1.121939018451371339e+02
1.079253684075343074e+02
1.116997609990726232e+02
1.086302014591522749e+02
1.093214119184226973e+02
1.111693499092025661e+02
1.127325356589106633e+02
1.105362048072809529e+02
1.097876637317936570e+02
1.112810227664929528e+02
1.093502274397564804e+02
1.090108892654282329e+02
1.053829679402368100e+02
1.079115630015472078e+02
1.082077910845044926e+02
1.106518112074391382e+02
1.084502293717216901e+02
1.079137616658705667e+02
1.084906059358020087e+02
1.044620650572242795e+02
1.098774889712805418e+02
1.065003542810722053e+02
1.060832247161806521e+02
1.092617310614596278e+02
1.094699694731045412e+02
1.124354089017419511e+02
1.113306554003506506e+02
1.126951268542020017e+02
1.084903198780588554e+02
1.058384025531999413e+02
1.125323721073068270e+02
1.091509797147555929e+02
1.073872171171402101e+02
1.106012893389426210e+02
1.128175412600001124e+02
1.110054978489510233e+02
1.102221978945151051e+02
1.067037280906263277e+02
1.088243353612457724e+02
1.073771903171666366e+02
1.105067273550931048e+02
1.096576877621636044e+02
1.082052525474707778e+02
1.070954094601324300e+02
1.099891183864755675e+02
1.063770577679750033e+02
1.091054517558493728e+02
1.086867709935653465e+02
1.096502978713674565e+02
1.109321481293360137e+02
1.081672694291716965e+02
1.085146015618325777e+02
1.102676021046136299e+02
1.069681589190382880e+02
1.091772177102987911e+02
1.074644340633898594e+02
1.069305528933320062e+02
1.100990500081635588e+02
1.087454734093604571e+02
1.077463630672341566e+02
1.107609864663467221e+02
1.098099256648801259e+02
1.069069958217866088e+02
1.095182600957346324e+02
1.100971983597250414e+02
1.078110133963717203e+02
1.069540330111393160e+02
1.067033437506765381e+02
1.078646752965517948e+02
1.109463194286296215e+02
1.120476748033117929e+02
1.103619000152325640e+02
1.083969106399836164e+02
1.082173978010723232e+02
1.088812407972219063e+02
1.110665292635900983e+02
1.075380702121330643e+02
1.109402424315785538e+02
1.081840421102155858e+02
1.110874578071042720e+02
1.095226522365066018e+02
1.086429795331821424e+02
1.055103592526447756e+02
1.103641741414061528e+02
1.098918227480262999e+02
1.114125843863620986e+02
1.103415903752411822e+02
1.154202373923696854e+02
1.067158705699255421e+02
1.097804217118996917e+02
1.097185522653318088e+02
1.057883531981266572e+02
1.084602405157228020e+02
1.123665192425902291e+02
1.074662614382963994e+02
1.109864774765185160e+02
1.052794148789445359e+02
1.081110690087143951e+02
1.080316387681943837e+02
1.087873452056605288e+02
1.103262911355565876e+02
1.094667374468487964e+02
1.101675875881259401e+02
1.099325799120157967e+02
1.081209563581505222e+02
1.100493901450894754e+02
1.151387580114526372e+02
1.125419268274903857e+02
1.127525666372670088e+02
1.112768374361032357e+02
1.065204322680244928e+02
1.069655462966863695e+02
1.067945244469600681e+02
1.082946873420530238e+02
1.120279216952427674e+02
1.118663513896513280e+02
1.051312823345058121e+02
1.062765308635090804e+02
1.142661059058046362e+02
1.089334066280737261e+02
1.129928327715578575e+02
1.087590888034159349e+02
1.108725313487365156e+02
1.113070087600855231e+02
1.099859584628683677e+02
1.082838119808671564e+02
1.102663314652799613e+02
1.092885093062134700e+02
1.117510678194241791e+02
1.105733412150171802e+02
1.091655340689750631e+02
1.093942170493342161e+02
1.065107028671008464e+02
1.093471257806236565e+02
1.105029032204772506e+02
1.131140269806487026e+02
1.084884278017936481e+02
1.094173016687446989e+02
1.082892432009540329e+02
1.082268973698668049e+02
1.125678342727097458e+02
1.105647503048024447e+02
1.084776650975091457e+02
1.090897452234232645e+02
1.069004890358816766e+02
1.082061223436022885e+02
1.083176369920877704e+02
1.095440923719368271e+02
1.100488981617010040e+02
1.089283937955783585e+02
1.031455712085011811e+02
1.091455320726899174e+02
1.096319775869099686e+02
1.067887283939462293e+02
1.102593535059942838e+02
1.100673976820599620e+02
1.077321521766163102e+02
1.087346243160515655e+02
1.100838301093684777e+02
1.080182858672803405e+02
1.066334651498187327e+02
1.104006476968158807e+02
1.084051174874256276e+02
1.127092589111732082e+02
1.076830932807199304e+02
1.070681697343922423e+02
1.086113918606862825e+02
1.086118211082931708e+02
1.102339307574333134e+02
1.082803606691671376e+02
1.076995602058265575e+02
1.109659994692482741e+02
1.118986698852250612e+02
1.070689700123218699e+02
1.110546652020646690e+02
1.063386592753133613e+02
1.101629750249685173e+02
1.083486009247663446e+02
1.118847279159731869e+02
1.088793215941626329e+02
1.083673335329094272e+02
1.052392900273460725e+02
1.102219539115191083e+02
1.116028669841818868e+02
1.125475267553439096e+02
1.112634016812802287e+02
1.101711733425557753e+02
1.104081495877462089e+02
1.128240411171318982e+02
1.083841764919683044e+02
1.096819516713376714e+02
1.081458490826636876e+02
1.081828713835694060e+02
1.069705895443706964e+02
1.085192703738141944e+02
1.105207093579653588e+02
1.104998347176297244e+02
1.099463621408626608e+02
1.084916444115975906e+02
1.117418009857332208e+02
1.102966368596287481e+02
1.090661923922262986e+02
1.076186150786620033e+02
1.143725311374536773e+02
1.128685960363899454e+02
1.086417633373325486e+02
1.093901620631230998e+02
1.079491804330993290e+02
1.084816125089578662e+02
1.102817671964308772e+02
1.092453516869687604e+02
1.067781408784925361e+02
1.098632842837966876e+02
1.097810831775978073e+02
1.140586356099472169e+02
1.071348258131313713e+02
1.058828209331727948e+02
1.062397740901734551e+02
1.092506594606200565e+02
1.065878898325126869e+02
1.108161793158226942e+02
1.078357679531004862e+02
1.046376235406134612e+02
1.081633023016644444e+02
1.129453636841387976e+02
1.130000638237515602e+02
1.067285942638249168e+02
1.076003767588113647e+02
1.111896463851116863e+02
1.087012442437991382e+02
1.071718461874887396e+02
1.148605349741250308e+02
1.065544200624372309e+02
1.115723077023309742e+02
1.125675197236635370e+02
1.079189184558919550e+02
1.064117539489322439e+02
1.070292330535933161e+02
1.092527829397595980e+02
1.084184497521960395e+02
1.114239402805972645e+02
1.062250910719184560e+02
1.059634596924915257e+02
1.086635455298063277e+02
1.115768693001600269e+02
1.109905844544239670e+02
1.068274012502948977e+02
1.071792912856406161e+02
1.091664237822288754e+02
1.093629409588910733e+02
1.111465719275839916e+02
1.072658085334434759e+02
1.110559772016205073e+02
1.092986979055332739e+02
1.131587145717566045e+02
1.110818171797399856e+02
1.101912203666044121e+02
1.085769131565258334e+02
1.064997229293802548e+02
1.093053559029504527e+02
1.109165831537330149e+02
1.082951524671873500e+02
1.067557725641982103e+02
1.079528149000928181e+02
1.096314281153839261e+02
1.100122109632411735e+02
1.142697368433978369e+02
1.085287722783157989e+02
1.127239120959031595e+02
1.085662625771696668e+02
1.084390434225920927e+02
1.069948725913351808e+02
1.096828699944037879e+02
1.073857766258937119e+02
1.119282701943242131e+02
1.086475075185866643e+02
1.073168878997696254e+02
1.050155417730480707e+02
1.081355058757261105e+02
1.119064421338542274e+02
1.117100858583923468e+02
1.051476439341530664e+02
1.076370253957054928e+02
1.107327227615729015e+02
1.057814229902977274e+02
1.110413775777516889e+02
1.078069139069928184e+02
1.113067991188511314e+02
1.132749936707725453e+02
1.121150338957349533e+02
1.107837005435165452e+02
1.064887957876755422e+02
1.069801146179457305e+02
1.116647688644874847e+02
1.080510550652047925e+02
1.113282588367839452e+02
1.100824040068209086e+02
1.121065711972378267e+02
1.087111443046339616e+02
1.108144961181770469e+02
1.061118728983553723e+02
1.095103099936088284e+02
1.081090766276609827e+02
1.087985893689777441e+02
1.076610160722163840e+02
1.092145124058581871e+02
1.097804513982744652e+02
1.111905993565734008e+02
1.087406624228694056e+02
1.103076227652874906e+02
1.104365518237362522e+02
1.101075413792513302e+02
1.060296273514504861e+02
1.058333542730260746e+02
1.056318857636649966e+02
1.084583523871880288e+02
1.143950758267473589e+02
1.074066583366964096e+02
1.066867033844287107e+02
1.155613959795340691e+02
1.117549156805255421e+02
1.096262419428796306e+02
1.078976606590677818e+02
1.108293858395499143e+02
1.057204975786517451e+02
1.086085790943516685e+02
1.115745356077431722e+02
1.083816201155412386e+02
1.095361765388919082e+02
1.122206067481683078e+02
1.052616820826461179e+02
1.029068557281005667e+02
1.122772701830519395e+02
1.099192346215634615e+02
1.101339954193998665e+02
1.096519950933876260e+02
1.069394016432174084e+02
1.123667636804596697e+02
1.074858484247734651e+02
1.086711272728729654e+02
1.097957375536291522e+02
1.102979870643419531e+02
1.100546767092473601e+02
1.083858845415197294e+02
1.111738179371924247e+02
1.065430658271601345e+02
1.092198891270389822e+02
1.130214970630501341e+02
1.086121872921164595e+02
1.085128138640085069e+02
1.148642052750135605e+02
1.124108483907331788e+02
1.077621570009508076e+02
1.099330972498656962e+02
1.081039686768487371e+02
1.121406737014201269e+02
1.101169523525035601e+02
1.116484418364289013e+02
1.065270323431663826e+02
1.112792735486528386e+02
1.091173221176395032e+02
1.096706638843132140e+02
1.120709699561880655e+02
1.089054573353677995e+02
1.114730809380364178e+02
1.105552895866125596e+02
1.096598658030079889e+02
1.132331820823601021e+02
1.089266097140074265e+02
1.060855651884213557e+02
1.062792213140612461e+02
1.069931159799285751e+02
1.093466622122746230e+02
1.089457372052947193e+02
1.067849407931059602e+02
1.068224846645043016e+02
1.098394314015922220e+02
1.091917474152481589e+02
1.067985243851694008e+02
1.137099807733557668e+02
1.072925584789438602e+02
1.079406032848796713e+02
1.087391274380339183e+02
1.095448472323420930e+02
1.079091816766812144e+02
1.099264009268367062e+02
1.121297908004306692e+02
1.081863164767135004e+02
1.075231561811854988e+02
1.091044717332138561e+02
1.081049425340018217e+02
1.101316347379836174e+02
1.091989896797701221e+02
1.079513486699301126e+02
1.110316233028998454e+02
1.094614120555296068e+02
1.078986277796374793e+02
1.101637003901665395e+02
1.089556225531416231e+02
1.110931535697854571e+02
1.081380156273584987e+02
1.075978966524870941e+02
1.126021839166353118e+02
1.097185620874211480e+02
1.102005868412630605e+02
1.101060407382395709e+02
1.108371792212603708e+02
1.113840111175842225e+02
1.112451785568260192e+02
1.108435107827665291e+02
1.068406251722427953e+02
1.123343152908413458e+02
1.070608441623190430e+02
1.107540703784703311e+02
1.132113866266154218e+02
1.078476884257143524e+02
1.102261022993775157e+02
1.146275806845683150e+02
1.106475021539992269e+02
1.098804122102658880e+02
1.092564124542260799e+02
1.094883828613881178e+02
1.094979516257017309e+02
1.107039887368943738e+02
1.098173372291489898e+02
1.081324444507012572e+02
1.063295736440382768e+02
1.099569715107153201e+02
1.123605850005090190e+02
1.138645498024161071e+02
1.082603763331239719e+02
1.091696014053179482e+02
1.095098629481589541e+02
1.116638534059015342e+02
1.057373105328407803e+02
1.086182994016195380e+02
1.096407715009327148e+02
1.115716787756232975e+02
1.064330337679409553e+02
1.073936720065735528e+02
1.076727598061504239e+02
1.100608745231401144e+02
1.079074933941345904e+02
1.067264963930424955e+02
1.073442307979277643e+02
1.083107583541724352e+02
1.096571332633685927e+02
1.118238396940415385e+02
1.064269112436540468e+02
1.082429362127111432e+02
1.097089282333272848e+02
1.102545939790758069e+02
1.098266463753317908e+02
1.069825494805420760e+02
1.073269594251546124e+02
1.066834308543139826e+02
1.087700065942604084e+02
1.126462018829261353e+02
1.106820126197106617e+02
1.100245957129365308e+02
