1.402238277261949406e+02
1.412872488589376303e+02
1.405445646525829204e+02
1.404891178143184050e+02
1.379603031418710941e+02
1.408374684477375069e+02
1.375830251627349128e+02
1.394157409419384237e+02
1.389831800802371049e+02
1.391939568025333358e+02
1.423793276958927549e+02
1.416997033144542399e+02
1.394303939355444584e+02
1.390921384038510951e+02
1.402361856690082220e+02
1.410972224745898416e+02
1.368565317205671477e+02
1.408441463852357174e+02
1.409716206809757182e+02
1.420338370049947230e+02
1.383059289225778059e+02
1.401779255193212919e+02
1.398662818079361898e+02
1.412406629547258774e+02
1.403118438738763700e+02
1.378888273041956438e+02
1.395222399095109154e+02
1.403397254950228046e+02
1.404389804021696762e+02
1.414354973866719547e+02
1.408919895921297325e+02
1.390791319824191703e+02
1.413064645939468846e+02
1.406813625094303859e+02
1.405395032049259783e+02
1.404889571876609295e+02
1.420125226991750935e+02
1.398415668553365663e+02
1.399462801058796515e+02
1.392372424645382125e+02
1.396546872326071878e+02
1.403688375999588516e+02
1.375991948735745325e+02
1.412242551984834051e+02
1.389024877527228909e+02
1.412508822587228678e+02
1.388657741991156342e+02
1.392772106227430129e+02
1.395148136760003013e+02
1.395010328478352051e+02
1.418087440542661000e+02
1.414394338537018427e+02
1.391265182372583524e+02
1.395903065160981384e+02
1.405335407214545285e+02
1.399716554237610637e+02
1.393042235904815129e+02
1.419783159915474755e+02
1.409420776516173248e+02
1.410386501628310612e+02
1.384494274053328979e+02
1.395741051132879988e+02
1.395913891424651752e+02
1.406500537281978893e+02
1.409153933266362344e+02
1.393642923888821485e+02
1.402532886311560674e+02
1.394659614752968366e+02
1.402971128730015948e+02
1.401246304461788839e+02
1.415965678215821981e+02
1.417906195891789025e+02
1.413063403918554002e+02
1.409912601782458239e+02
1.400081636747707137e+02
1.404832205520079640e+02
1.374840294854488718e+02
1.411495420715172884e+02
1.392400252673731700e+02
1.388939766767586832e+02
1.416130660405081869e+02
1.416343533663342669e+02
1.405419931962442490e+02
1.400409537253036092e+02
1.387485478942315922e+02
1.414574227255707513e+02
1.419521448398372172e+02
1.403120461269206771e+02
1.407107648497488697e+02
1.405240281329756726e+02
1.380173270294333747e+02
1.402265179902828436e+02
1.397802790116935796e+02
1.408729458120295419e+02
1.424816450032722628e+02
1.412711342800869261e+02
1.407187392455961117e+02
1.401906478663317728e+02
1.394320480352374716e+02
1.379478838238850074e+02
1.396873260663840313e+02
1.406795619069766303e+02
1.388614999798141412e+02
1.419737191517441204e+02
1.402973478835529875e+02
1.407939449686815010e+02
1.395436377471044409e+02
1.390748623173052181e+02
1.412873304076341014e+02
1.397697683663771784e+02
1.405014382088641582e+02
1.402178976587176180e+02
1.389094052819403657e+02
1.379376771786651545e+02
1.390726119794873341e+02
1.411687808282558763e+02
1.401202819019047467e+02
1.411791842942205903e+02
1.394004769329717419e+02
1.407262607231990614e+02
1.384030078898475722e+02
1.393412869190364063e+02
1.405419488416676472e+02
1.393794353288500929e+02
1.364271214203702414e+02
1.388562614164166007e+02
1.385862984350424369e+02
1.401135317777909961e+02
1.377823393393108518e+02
1.385566429112256230e+02
1.394223492215697036e+02
1.416246188183060610e+02
1.407259823199415507e+02
1.413540750873148966e+02
1.386774144418515107e+02
1.403049615703082225e+02
1.387554685598274773e+02
1.408814515451278169e+02
1.380463212553397909e+02
1.419074294114282111e+02
1.408717476284418240e+02
1.427304481672056511e+02
1.397281909408891067e+02
1.390781488724591100e+02
1.404790106725272381e+02
1.408341047966835049e+02
1.405383816235970755e+02
1.377988016356638639e+02
1.378933765841830450e+02
1.398402940454292889e+02
1.392606855318939267e+02
1.428933420176083473e+02
1.401407744111735099e+02
1.374270437544282117e+02
1.397575778448092478e+02
1.382279950335042713e+02
1.386536711030232425e+02
1.406698241481426521e+02
1.421523578102296312e+02
1.415092186038450279e+02
1.396830853055252817e+02
1.387768767844078752e+02
1.398543691315971955e+02
1.398705996025485945e+02
1.395101991598291988e+02
1.394294436779883597e+02
1.392445997487421891e+02
1.412070465987284820e+02
1.400906549333737416e+02
1.420965639987832674e+02
1.410866342112649079e+02
1.415089461537154136e+02
1.383610579703812391e+02
1.408480703727882997e+02
1.385514810330102478e+02
1.390599108160918149e+02
1.392825416041564495e+02
1.391521201250113222e+02
1.390635342008122564e+02
1.396533615765081038e+02
1.380850632148763566e+02
1.386745714522891717e+02
1.414919034469388350e+02
1.400654145323697719e+02
1.413042338361686632e+02
1.393595180527707384e+02
1.392565184079143137e+02
1.417966309627013288e+02
1.415450024510639935e+02
1.405798841371953358e+02
1.405579874698482286e+02
1.400557535867817194e+02
1.390520405967557451e+02
1.405281955297339209e+02
1.405499037949413719e+02
1.387115411564362830e+02
1.401928208014753920e+02
1.417318949347033481e+02
1.411810566722322164e+02
1.383957911447461981e+02
1.389294277671581028e+02
1.418505101018559742e+02
1.418538445312018439e+02
1.402129237383740019e+02
1.385346741715463565e+02
1.391668620321840990e+02
1.388845531842266610e+02
1.407929326332637743e+02
1.390296970290925174e+02
1.388059493884607605e+02
1.413292692837943889e+02
1.376411147943377955e+02
1.374320740823796427e+02
1.413035388104697461e+02
1.399311099039313433e+02
1.424831839261278503e+02
1.400646198569192507e+02
1.412376764050511895e+02
1.416988165922212488e+02
1.399530701774981196e+02
1.388730953311802523e+02
1.398121185196763179e+02
1.400923778931332606e+02
1.410230393878383097e+02
1.419915964570907647e+02
1.406527333253725374e+02
1.401216907948551693e+02
1.407250050251527114e+02
1.424636377686205151e+02
1.390279413276559524e+02
1.389739159635275314e+02
1.404209443220249227e+02
1.396320869063064549e+02
1.412993111121553227e+02
1.388797320310183352e+02
1.406492738336704065e+02
1.409842600417691756e+02
1.389660304351636455e+02
1.400069325905057269e+02
1.389486876664774684e+02
1.402470421248935963e+02
1.420516195788062248e+02
1.419816255550366009e+02
1.409421088866305354e+02
1.379872711190486712e+02
1.374338054972365626e+02
1.384877504216739226e+02
1.379314034109374916e+02
1.394350583906905001e+02
1.400616192215035767e+02
1.409312585429709941e+02
1.407631117844662469e+02
1.403455083843025193e+02
1.419877687285673744e+02
1.405303106236841870e+02
1.410010476229957703e+02
1.387962909422638518e+02
1.434250223726403419e+02
1.389942071310237282e+02
1.379315651590462153e+02
1.403637205781149930e+02
1.398019263125519274e+02
1.404031235982713497e+02
1.407698677999522090e+02
1.386101747290664434e+02
1.404423611205361340e+02
1.416172118404201115e+02
1.404087159251619426e+02
1.400030889511032512e+02
1.402982846473984466e+02
1.394009645005335187e+02
1.385051469831545887e+02
1.420820413453794799e+02
1.394942173407650330e+02
1.394021876122376113e+02
1.375905877571552480e+02
1.395211850022824649e+02
1.391301655731181199e+02
1.412755270093360878e+02
1.382654840671116574e+02
1.411237288074420064e+02
1.407094008247769921e+02
1.382039121525502878e+02
1.420339696497427724e+02
1.383000970001378107e+02
1.382523678862708039e+02
1.399795644186788195e+02
1.407286124630552706e+02
1.403818387931720224e+02
1.381627125278451729e+02
1.385482999891229383e+02
1.387281470511178156e+02
1.402280740988819332e+02
1.406355160433250546e+02
1.399359600594351605e+02
1.363148885359767917e+02
1.399387796685457204e+02
1.406100246457518494e+02
1.401516798926334957e+02
1.388081331800959788e+02
1.398187531816433307e+02
1.413115067184885163e+02
1.407740950543067413e+02
1.418629609300439256e+02
1.403113304621289501e+02
1.390618384656548301e+02
1.409644753746899823e+02
1.431014010473663518e+02
1.396551583526210436e+02
1.400541563489139776e+02
1.385344302872651383e+02
1.410604583923116309e+02
1.411167519245398125e+02
1.371024286498891627e+02
1.409148541085166357e+02
1.398831610205268134e+02
1.398436677503031262e+02
1.382903528125016805e+02
1.419560767549927505e+02
1.412868333838002854e+02
1.401419027526284538e+02
1.394468792218272881e+02
1.393855770668590708e+02
1.397184143778121950e+02
1.405100718404090969e+02
1.418227248358337249e+02
1.401606781303494245e+02
1.381404415030322923e+02
1.404057702252580953e+02
1.393441511035299243e+02
1.388668256931259748e+02
1.399200506881960280e+02
1.398526530350875987e+02
1.407837817747307838e+02
1.393842183313491034e+02
1.402467450452713535e+02
1.392126826114381970e+02
1.404148203828912926e+02
1.407135763343886765e+02
1.407107439661598391e+02
1.418631652606344744e+02
1.387006104901904848e+02
1.385795252079090574e+02
1.398367639612952473e+02
1.403738926659655704e+02
1.394123569866797254e+02
1.401950844282408184e+02
1.406807728443687040e+02
1.421534443257368707e+02
1.371882882562215968e+02
1.404963301575638468e+02
1.395229310156734073e+02
1.420404940278579318e+02
1.399290702733740375e+02
1.403252985423192172e+02
1.406332959640096192e+02
1.389166590421399974e+02
1.408744324048185206e+02
1.397228970590193171e+02
1.399565281635572944e+02
1.392580189751930959e+02
1.370880969492597501e+02
1.409214561811686508e+02
1.403150106455618982e+02
1.393619215153264292e+02
1.405221846825169791e+02
1.392321091146872334e+02
1.400693122119450891e+02
1.419384948493451759e+02
1.413988666962386276e+02
1.408797026735671807e+02
1.388873303131196337e+02
1.424814858698389628e+02
1.396541295663641904e+02
1.407937458533206438e+02
1.400113408896732778e+02
1.398897581031334028e+02
1.393240006702715164e+02
1.406869615553156621e+02
1.399533033680046401e+02
1.407368536643046184e+02
1.397389327725923920e+02
1.406961644756163139e+02
1.394549733029751621e+02
1.405894173999859902e+02
1.390697181562030380e+02
1.411909528254940369e+02
1.378602984397512330e+02
1.385390932828453288e+02
1.404405489025451175e+02
1.409978603174853333e+02
1.415217597460536183e+02
1.426205890160163960e+02
1.401435819574006700e+02
1.418016785494562271e+02
1.407834050673361332e+02
1.393115915277077761e+02
1.410407409646845451e+02
1.403624173098278902e+02
1.397032900534390478e+02
1.399115923847034821e+02
1.410409823992292218e+02
1.387642556932031823e+02
1.402107060459252637e+02
1.389866590350877971e+02
1.398621214828164341e+02
1.400240297899320012e+02
1.414627431226900853e+02
1.385056602534635886e+02
1.401819583690511593e+02
1.407946532363677079e+02
1.393113077068728103e+02
1.410617955555153742e+02
1.403916495305035426e+02
1.413087644880370419e+02
1.378034844957273322e+02
1.398425652452188217e+02
1.407106773050452944e+02
1.404759396144710308e+02
1.393870303535746871e+02
1.367895183722004617e+02
1.402362348651001014e+02
1.405127874383407800e+02
1.407255413025494590e+02
1.418254469598518881e+02
1.399198748671503836e+02
1.400616048252231565e+02
1.378982757675689186e+02
1.410742964812689593e+02
1.400373842144796868e+02
1.385466218421566964e+02
1.412341104985781612e+02
1.380639757191189290e+02
1.403605235879593636e+02
1.424537321880803802e+02
1.393879023664322290e+02
1.374866089843076509e+02
1.404581087282314513e+02
1.400916253212924403e+02
1.381370835060504874e+02
1.404966631004019746e+02
1.412425007251972886e+02
1.383707248593318013e+02
1.397812995187332490e+02
1.393130558016721920e+02
1.388046919887962929e+02
1.407938650109743719e+02
1.403679392321412536e+02
1.382877462887869910e+02
1.405795570131749344e+02
1.401320630187137226e+02
1.412421766256660476e+02
1.378086497529214682e+02
1.384339676261133434e+02
1.418705228793951960e+02
1.393855850072797011e+02
1.375790774642448753e+02
1.390774277367328011e+02
1.412679918057304747e+02
1.393302024126037679e+02
1.388900236681543845e+02
1.391603078246941436e+02
1.416516916036629254e+02
1.417089201595635473e+02
1.415025575040440344e+02
1.391357470409386394e+02
1.382322277031988449e+02
1.406066845602805984e+02
1.394285110180734648e+02
1.407441579708587938e+02
1.407787149947132832e+02
1.401732785301773276e+02
1.406307406870333807e+02
1.386940892807996022e+02
1.401241885049721532e+02
1.403015336598578529e+02
1.413993713863331720e+02
1.393642196302307639e+02
1.398887126322087227e+02
1.407942657450671504e+02
1.380929876608280722e+02
1.402528968787683255e+02
1.399730665366896858e+02
1.400651303619751786e+02
1.397529921416902994e+02
1.409619719794264938e+02
1.404073216141900105e+02
1.399107660156255406e+02
1.385908642289295472e+02
1.385276825238604772e+02
1.404167977100071596e+02
1.385408451884369470e+02
1.389452254802294817e+02
1.391004612458145004e+02
1.393495321989260276e+02
1.412013659786646826e+02
1.402934435085670373e+02
1.405368363104614957e+02
1.405060103323517069e+02
1.395361182866020044e+02
1.399495607883016532e+02
1.374732796722914543e+02
1.391780600629072921e+02
1.404310888366184713e+02
1.403562193865913628e+02
1.400673016255944390e+02
1.399288173362450038e+02
1.398666702512497579e+02
1.385562671433104072e+02
1.398662416788992289e+02
1.401145346991702354e+02
1.379443516265138499e+02
1.406852012527267846e+02
1.399579745941788360e+02
1.401699969285682528e+02
1.385578174498703277e+02
1.412898488305892784e+02
1.392773944665151760e+02
1.432918205210804388e+02
1.421468160136853669e+02
1.402972915338419853e+02
1.400158244049787015e+02
1.430107074381170946e+02
1.388659388708697122e+02
1.393538330311933748e+02
1.404715820881331751e+02
1.396321029696993605e+02
1.385046601394242032e+02
1.401677653205152581e+02
1.404346254332270689e+02
1.395855991667899616e+02
1.411889812448721102e+02
1.407470995021759848e+02
1.403469153606003772e+02
1.412040829802467670e+02
1.381705737479269374e+02
1.410132461332062803e+02
1.411131922583700486e+02
1.410675521014972844e+02
1.404227323887635919e+02
1.392084801520292672e+02
1.394151910386314626e+02
1.402839727003987775e+02
1.386203424947509006e+02
1.385979358049820291e+02
1.393877332888312139e+02
1.411289808130564438e+02
1.400676780280400635e+02
1.394280498642278303e+02
1.421134412516741463e+02
1.401483976918858048e+02
1.404492527846213648e+02
1.407718318228100998e+02
1.397871729746122753e+02
1.407839509016164357e+02
1.400442771534819713e+02
1.390132174798438882e+02
1.386118771649593953e+02
1.391303769006257482e+02
1.388374965524457707e+02
1.409908960595836902e+02
1.399757396789844393e+02
1.402705267413265346e+02
1.406238373768353540e+02
1.408181080064015873e+02
1.395262690598882500e+02
1.417464591165878289e+02
1.393636359097388606e+02
1.383710305784453283e+02
1.398499241849246175e+02
1.390771647188518045e+02
1.398100585532835680e+02
1.399464186312360710e+02
1.411046316482366194e+02
1.397205886029873625e+02
1.414938134940299506e+02
1.412414670127488421e+02
1.415434282568959361e+02
1.389419297413573418e+02
1.411638650134620718e+02
1.383350055018929936e+02
1.404083867725353230e+02
1.403036942893519665e+02
1.410134393442788792e+02
1.413492855799439951e+02
1.392521336532182374e+02
1.417941977818443036e+02
1.387177632041130835e+02
1.402128201836612504e+02
1.392764130219647427e+02
1.411584126107762245e+02
1.407942051401248875e+02
1.383971737884620552e+02
1.417485836991714052e+02
1.403809654142383465e+02
1.404731883504461223e+02
1.410727090254646896e+02
1.396066448457231957e+02
1.409222155173132478e+02
1.406596892684420084e+02
1.395495342883123158e+02
1.393684014720797393e+02
1.393591137528622426e+02
1.421423315754742589e+02
1.406776153663016089e+02
1.406608600241251850e+02
1.405655556185688511e+02
1.398840368365465565e+02
1.405149713524648689e+02
1.404932883783856710e+02
1.380835364989928848e+02
1.417543751425722860e+02
1.413706211660624774e+02
1.424907745507626657e+02
1.370984938977453567e+02
1.412289094077452205e+02
1.381217311297824040e+02
1.397148376796253615e+02
1.391096191595309506e+02
1.402680305238479548e+02
1.421915728645476520e+02
1.388992771353456419e+02
1.409281455932502070e+02
1.392928396927591166e+02
1.404596847535640904e+02
1.399816791877447884e+02
1.396502952475597112e+02
1.400715646311290641e+02
1.425877346570090651e+02
1.413949578608845741e+02
1.407816928337562672e+02
1.405166280211311971e+02
1.418454027239710911e+02
1.418582615716784403e+02
1.407555861976177880e+02
1.400241184390540923e+02
1.407385667431729530e+02
1.394135950767885959e+02
1.385000665813877561e+02
1.376224778370325623e+02
1.402993511709572658e+02
1.394385806418131892e+02
1.404317543670197779e+02
1.400356123311474619e+02
1.393774537542400935e+02
1.387747291024132608e+02
1.417087744894099046e+02
1.407623396487504124e+02
1.389033842533237930e+02
1.392066042457442450e+02
1.388168403265618451e+02
1.400133036237993167e+02
1.393583800954913556e+02
1.411818441305689475e+02
1.388891650115547804e+02
1.402834847766149267e+02
1.379460214538564173e+02
1.378118123540414217e+02
1.403557038750776087e+02
1.412219239782574220e+02
1.415011599845366561e+02
1.406450879222711876e+02
1.396311741038365426e+02
1.395756586230591552e+02
1.387358129808870046e+02
1.399618467346021760e+02
1.402552007043387619e+02
1.403593888351200860e+02
1.386958635008449221e+02
1.402355710780473999e+02
1.416173927950812299e+02
1.391320652188912845e+02
1.387005123116796028e+02
1.398986859203799042e+02
1.401487899399598405e+02
1.415575090269294947e+02
1.397298734544594652e+02
1.414478039607652988e+02
1.395185180685480759e+02
1.396532122457555545e+02
1.422068588949681782e+02
1.417758210306306808e+02
1.400919294202696506e+02
1.398746255567330365e+02
1.401237818165033957e+02
1.412047188172069241e+02
1.390761842957099930e+02
1.398301914876582259e+02
1.411788228642135152e+02
1.379621117063974225e+02
1.402371637215976534e+02
1.403051439672632910e+02
1.404816278080307370e+02
1.386892505874066330e+02
1.404404542022972748e+02
1.385325506942149616e+02
1.395113228814644231e+02
1.392845517586271455e+02
1.417974238549960262e+02
1.401567437721519696e+02
1.399552048708528957e+02
1.388053326348058931e+02
1.402117044166001563e+02
1.403165871984330124e+02
1.401528166552284347e+02
1.388665758024465049e+02
1.401406988416662784e+02
1.413523414699658360e+02
1.409703955746582551e+02
1.388879445225962002e+02
1.392783265162180442e+02
1.399569735317425057e+02
1.419894703177107260e+02
1.411641216082687720e+02
1.410077186021456441e+02
1.411766030618376249e+02
1.393666540335240143e+02
1.395813187398108823e+02
1.409604761499963388e+02
1.405580962602122952e+02
1.387835583052170136e+02
1.388759266539493922e+02
1.399423248165809639e+02
1.428710688985043475e+02
1.380361675778106587e+02
1.404027290447339453e+02
1.396928381505325945e+02
1.395333861576611980e+02
1.381937128545330324e+02
1.398164033118513601e+02
1.424660776238543747e+02
1.398524772886778749e+02
1.413208071553846423e+02
1.409737645501176075e+02
1.390540043031488722e+02
1.398999682720654789e+02
1.412493831759517775e+02
1.406234749295553570e+02
1.387044740122582596e+02
1.402081598709708601e+02
1.376402879631814926e+02
1.408543512339533379e+02
1.413704889646048741e+02
1.395528298250102068e+02
1.401878816016955511e+02
1.391195595119758650e+02
1.393451639343099089e+02
1.401101023537824517e+02
1.397340610539571060e+02
1.409288523925652044e+02
1.411409765643835499e+02
1.407398203047047787e+02
1.406235367228001110e+02
1.396248318722390707e+02
1.389838901416617034e+02
1.376412699746068427e+02
1.392239865557646112e+02
1.403232713400236946e+02
1.404853213580907152e+02
1.398915147666415351e+02
1.400218757675939685e+02
1.407819507401356418e+02
1.417723628809801539e+02
1.396783629084935967e+02
1.391151213253575634e+02
1.393080336760828004e+02
1.402560418271966398e+02
1.394646477756512866e+02
1.405949912253591378e+02
1.384744118344917467e+02
1.389800227479152568e+02
1.411562345903729465e+02
1.404664150479219131e+02
1.389169580760265603e+02
1.404571774639145474e+02
1.384303967774201567e+02
1.409821507401017016e+02
1.386063703340409177e+02
1.407926183620313623e+02
1.394083126627872673e+02
1.408292654788493223e+02
1.415931459391505598e+02
1.409423459105618122e+02
1.405773934129929614e+02
1.411563568052581559e+02
1.397185985312937646e+02
1.394021875242945043e+02
1.394440676812496918e+02
1.395570236193327958e+02
1.395655513984482923e+02
1.411567595044748487e+02
1.405483252306875954e+02
1.403689674339821352e+02
1.401723767052791629e+02
1.410627357552506567e+02
1.418859783222616215e+02
1.386569837114791994e+02
1.417043557501525584e+02
1.392639008872677664e+02
1.390468282388921750e+02
1.399460239603500895e+02
1.396002306104671220e+02
1.401815937903657243e+02
1.392257173367333110e+02
1.400767430048788356e+02
1.401380834259062169e+02
1.410515500380475089e+02
1.416613505182614006e+02
1.388934070544035535e+02
1.393330833465381886e+02
1.408832834649990957e+02
1.395455807201813059e+02
1.400279018252884100e+02
1.412398110189625982e+02
1.404885877569681725e+02
1.423465537948435440e+02
1.389589987561970474e+02
1.390651713444483164e+02
1.397560995611205783e+02
1.405041967163433014e+02
1.420528128475951064e+02
1.399047883344696288e+02
1.393383660269783775e+02
1.407271905089862685e+02
1.413617219029057424e+02
1.377332758689085495e+02
1.407761290372981478e+02
1.402677444481790303e+02
1.420137413863932920e+02
1.402363569415185793e+02
1.399397024624859682e+02
1.386297154615948557e+02
1.416511168848060720e+02
1.397563845091868018e+02
1.379316910320437159e+02
1.411836309343409823e+02
1.398506540884526146e+02
1.396380935238543373e+02
1.414408384013555633e+02
1.369707050067921159e+02
1.401871785903376235e+02
1.389558010051100609e+02
1.398936503408138776e+02
1.383542571397958909e+02
1.410551416784148842e+02
1.397564580887935790e+02
1.408109897008720850e+02
1.416226881332067364e+02
1.398188468983213966e+02
1.367882893652637790e+02
1.386376889426930745e+02
1.404504148187193380e+02
1.381334710312652874e+02
1.399484013758211916e+02
1.415849488826674474e+02
1.395748613550964023e+02
1.390475695758244399e+02
1.411946546774900071e+02
1.397977577729255927e+02
1.392943627758344007e+02
1.413777781121453074e+02
1.394508273136839307e+02
1.381591561038031841e+02
1.396504236365125564e+02
1.389436406162163564e+02
1.407866441103882664e+02
1.386816270071303450e+02
1.399699232276654470e+02
1.397672997287575640e+02
1.405971136231479761e+02
1.401294244190879112e+02
1.418080356150695991e+02
1.395584998584918708e+02
1.405115704500665004e+02
1.378613999409566020e+02
1.391796647046997180e+02
1.398658908397650862e+02
1.400893585333453757e+02
1.406105195116122957e+02
1.402821689007151349e+02
1.412347465701872125e+02
1.395243164874480044e+02
1.393349898384391850e+02
1.399739541890125167e+02
1.409125237813638023e+02
1.373495681851082963e+02
1.410715968065757977e+02
1.379219626140414903e+02
1.386775591098924849e+02
1.389772645082311726e+02
1.411195392500285948e+02
1.389878771136023374e+02
1.401219761683746299e+02
1.386811133413474124e+02
1.405322530266598449e+02
1.403853428770534890e+02
1.385653206581164625e+02
1.407372125227310278e+02
1.395059437340784712e+02
1.396524127232808610e+02
1.421291112274065824e+02
1.393878101962739606e+02
1.388279205494256985e+02
1.407125734715394856e+02
1.402907281416148351e+02
1.406027917164954602e+02
1.411324501570876464e+02
1.399136947878014041e+02
1.411655051486357877e+02
1.395903065207817235e+02
1.398950668532771715e+02
1.418609385003359762e+02
1.404256096601969830e+02
1.407228085725218136e+02
1.408272501762203035e+02
1.393667771598825880e+02
1.396847627389047659e+02
1.395669402034524182e+02
1.378725115187461085e+02
1.391031928327118408e+02
1.418862831664675070e+02
1.407774949007379348e+02
1.413399413158144569e+02
1.393972383510683528e+02
1.399064687509143425e+02
1.401780797243093843e+02
1.408764722386614494e+02
1.402364485031656329e+02
1.415233714930611484e+02
1.392990031571663394e+02
1.397518339188432037e+02
1.418293198042317727e+02
1.399225797739730126e+02
1.400039196463915516e+02
1.420196298800954366e+02
1.422134555090602532e+02
1.386764232251508986e+02
1.409441482381091930e+02
1.397335530635622831e+02
1.409223336882393767e+02
1.400114521463826804e+02
1.394340921704645382e+02
1.390565566857238196e+02
1.393549990239647229e+02
1.400691839592176393e+02
1.394363231874366704e+02
1.379944595179412659e+02
1.377647045511456838e+02
1.393603207334631975e+02
1.407174683652025919e+02
1.388357144492354962e+02
1.415893652481097718e+02
1.385032493951895560e+02
1.407373174817784047e+02
1.381286085927470992e+02
1.405921210680175761e+02
1.423483396923249700e+02
1.412363601382881200e+02
1.412715472986161274e+02
1.407840367573991216e+02
1.402518795309070754e+02
1.397609483822924403e+02
1.409499403565739613e+02
1.414527845274998015e+02
1.406881858662025309e+02
1.415513498783075761e+02
1.382123411542755775e+02
1.381258733583511003e+02
1.415716219979955213e+02
1.392726500159774616e+02
1.427114850189025503e+02
1.394203647457091506e+02
1.386859476905100905e+02
1.416784668070023656e+02
1.391616302184299343e+02
1.415722121394210262e+02
1.381603659107743169e+02
1.399001249769917763e+02
1.377199480206265036e+02
1.391441288447907709e+02
1.418262858757608456e+02
1.396276037893105411e+02
1.399838945080890653e+02
1.395146115620627256e+02
1.418746849192500008e+02
1.412597880616798420e+02
1.398523680187653611e+02
1.401954606299218256e+02
1.409909124344515021e+02
1.392192773094083122e+02
1.386611097196808089e+02
1.393317096096934620e+02
1.381322005382212410e+02
1.397065538695447628e+02
1.405758290246792228e+02
1.404439257543848498e+02
1.379165083087332278e+02
1.395854751769524285e+02
1.377331367646554554e+02
1.404087740326015989e+02
