1.318260648794290262e+02
1.378978605871405136e+02
1.347165716964796047e+02
1.325860857529069676e+02
1.310824896809323548e+02
1.301975469589547174e+02
1.337187572020633866e+02
1.318260837856406624e+02
1.297162838390862589e+02
1.285747416555566645e+02
1.303864433193010086e+02
1.282772965088971091e+02
1.322994439688044395e+02
1.293722838320891242e+02
1.313517948590406377e+02
1.304062571254195007e+02
1.324000156713167087e+02
1.348556798200025639e+02
1.339330154797436307e+02
1.311078698778153466e+02
1.373577522466139555e+02
1.288668649551314047e+02
1.366797623549421417e+02
1.298891031185545728e+02
1.341573501165533457e+02
1.303286048751413375e+02
1.293968766026070227e+02
1.329303110647215647e+02
1.286723401789321599e+02
1.318243739656687410e+02
1.334337534836392081e+02
1.323308257735361622e+02
1.287804741087079776e+02
1.336850446280515996e+02
1.326490127166365482e+02
1.311058693845890275e+02
1.322800032444957878e+02
1.311481102280490347e+02
1.335221709268215875e+02
1.320667590600749293e+02
1.312791375880119915e+02
1.296351102251217924e+02
1.317305298939756710e+02
1.356996650436464620e+02
1.301358035611040975e+02
1.311702618878865678e+02
1.331359881865644752e+02
1.333968033580033818e+02
1.319585387437263932e+02
1.301150811614277245e+02
1.325605303815157754e+02
1.327971535539572585e+02
1.366749362540009827e+02
1.347155615802367663e+02
1.326471699374766047e+02
1.306949768954545732e+02
1.312817073530127345e+02
1.302349162367573285e+02
1.282133423031915243e+02
1.285092735804000768e+02
1.320236554738780228e+02
1.335945005925194096e+02
1.306805245538734539e+02
1.303998132497022482e+02
1.282989623157867243e+02
1.318150313762311612e+02
1.277649186624824296e+02
1.292558744155564625e+02
1.334697355503619747e+02
1.296551606410955344e+02
1.277726309147881807e+02
1.289428280722337661e+02
1.319682643056326299e+02
1.304283540836026418e+02
1.300326518840201970e+02
1.310085498991144277e+02
1.332047295732993462e+02
1.334812056094568220e+02
1.318898029464617707e+02
1.331823332899750767e+02
1.347969605998662814e+02
1.291223907357497467e+02
1.282869124254135897e+02
1.293291953184967156e+02
1.304511138030825066e+02
1.333193972459747840e+02
1.348354681546084066e+02
1.343359833777319352e+02
1.314842326498556702e+02
1.351671964453178418e+02
1.327296829319624010e+02
1.339367613087855204e+02
1.327794511901127805e+02
1.340943950252805337e+02
1.311311650438701975e+02
1.308472117924159477e+02
1.299864755493191808e+02
1.364505735982976375e+02
1.292531090457600840e+02
1.279906147293216918e+02
1.348757617692511417e+02
1.281042695901039110e+02
1.309892296942267365e+02
1.294143183724762594e+02
1.276976362540005283e+02
1.330766497230670211e+02
1.342705946800096513e+02
1.284001591972781569e+02
1.295644296291550290e+02
1.325976055632364705e+02
1.386488748967768743e+02
1.323112337409544921e+02
1.328347312373140312e+02
1.314305372205617743e+02
1.312025649209066387e+02
1.328169358589957199e+02
1.286952456217940437e+02
1.328654899286856050e+02
1.315167401268872709e+02
1.308542128153080455e+02
1.336949279704529090e+02
1.297348239301814203e+02
1.295250102959090555e+02
1.313620796157675841e+02
1.315837172582330652e+02
1.302259854314000904e+02
1.362282581469003162e+02
1.290879881481772884e+02
1.321816538449501195e+02
1.307447171008035980e+02
1.297923409267962711e+02
1.262818445626088817e+02
1.327704033137803776e+02
1.308791385643152978e+02
1.320126297075424020e+02
1.333589508268550787e+02
1.328734119902456712e+02
1.319619881285787812e+02
1.328527881622700022e+02
1.333770296898276513e+02
1.320615437300603219e+02
1.291619507486767020e+02
1.288170870015169385e+02
1.316430194207100612e+02
1.326290674699183114e+02
1.328421675052378248e+02
1.325006797689375162e+02
1.328172930298890151e+02
1.307014406217716100e+02
1.320283875041207580e+02
1.319330035617413728e+02
1.339476683881581778e+02
1.337294288239514515e+02
1.332090098837898609e+02
1.320592177046698055e+02
1.275168384458317661e+02
1.351521735944688203e+02
1.309054170560895329e+02
1.290108338302751179e+02
1.290553550280927482e+02
1.327184207454884870e+02
1.278647821374368476e+02
1.293374570484420758e+02
1.306079784262718988e+02
1.331604289772502625e+02
1.373846198002558197e+02
1.292708149693387440e+02
1.325280415484727143e+02
1.280796860217956521e+02
1.344708655994682545e+02
1.283846464847883055e+02
1.373877947344957988e+02
1.303646844083835958e+02
1.307645460928213765e+02
1.343765807790955193e+02
1.330603274596640802e+02
1.367350526320896904e+02
1.310923712315439218e+02
1.377235975060119699e+02
1.322477543312227226e+02
1.321767869387921621e+02
1.315715359937380242e+02
1.322000659963004239e+02
1.296493226976335222e+02
1.305588827290343659e+02
1.338880368734177182e+02
1.364453018594307991e+02
1.343537328223540328e+02
1.268115263033251807e+02
1.302237969549061916e+02
1.341308994339536866e+02
1.314536558735146343e+02
1.332136609425941458e+02
1.322553668778435849e+02
1.359778743316552720e+02
1.287674253989042654e+02
1.337296339694302389e+02
1.255414171649273953e+02
1.312816384427016771e+02
1.307510571401979007e+02
1.336305393343264996e+02
1.334637178224514855e+02
1.331300487223467997e+02
1.305508273842891356e+02
1.356203667940194464e+02
1.342246529037491882e+02
1.299600232247159397e+02
1.311983926615036182e+02
1.322452969080356411e+02
1.346809555833916932e+02
1.317513316656812492e+02
1.297873887386600984e+02
1.305605454145241140e+02
1.326087426166474756e+02
1.297559836700697815e+02
1.325093933882444901e+02
1.328162096879493959e+02
1.302241874210679669e+02
1.341686123651946048e+02
1.328781067158076610e+02
1.313104811558452809e+02
1.283014364419349533e+02
1.323954626384864639e+02
1.287080269193658353e+02
1.317942953464359732e+02
1.330005128582957923e+02
1.317700677170132906e+02
1.388869685598497199e+02
1.282627414022403229e+02
1.293417682803768400e+02
1.322767728452700737e+02
1.289542751445065392e+02
1.330202127242489780e+02
1.307480876708040967e+02
1.345748120246168469e+02
1.316478345140756403e+02
1.306403063939114304e+02
1.331122245606245542e+02
1.273906409295165929e+02
1.307771483414452405e+02
1.334738486793389711e+02
1.304060243265727479e+02
1.312858583714272243e+02
1.345143930296486587e+02
1.289793854625202414e+02
1.302684188747094822e+02
1.290150043698288869e+02
1.313500872714042202e+02
1.320594300782804282e+02
1.336445189920233929e+02
1.279182140989580887e+02
1.284284485277301258e+02
1.325791663276153827e+02
1.324033772064656773e+02
1.342373862880754416e+02
1.332905100945489210e+02
1.333496860187571258e+02
1.337311536941057568e+02
1.344400241889731262e+02
1.342188533840303535e+02
1.309524778265095506e+02
1.295078971128306193e+02
1.311336558670976729e+02
1.294802505748069734e+02
1.304014389645404322e+02
1.261267223341234143e+02
1.338485203504655487e+02
1.296482110033484787e+02
1.298206336256946827e+02
1.290141287883660652e+02
1.317476787970643102e+02
1.327205716048898125e+02
1.328564025267640432e+02
1.322803287100749401e+02
1.309918348816118225e+02
1.311161458337011823e+02
1.347301124058352002e+02
1.325520176597761122e+02
1.328609948071103304e+02
1.318678065435366307e+02
1.332353376307022756e+02
1.331395443327010071e+02
1.327141540530630266e+02
1.303844808946714409e+02
1.311989594229948750e+02
1.286414613417027795e+02
1.312742453667619316e+02
1.285215213358784183e+02
1.300173938074318869e+02
1.293961601882082562e+02
1.291005630543035636e+02
1.315360568924733968e+02
1.311670480894923401e+02
1.304689226411022389e+02
1.322632020207084054e+02
1.293002446471539884e+02
1.322194510007231543e+02
1.284216077546656720e+02
1.307188573678973853e+02
1.343521480789858060e+02
1.312928915139321191e+02
1.333680705954787697e+02
1.354444990355941343e+02
1.319405315622847468e+02
1.347639579990188281e+02
1.360173265614407967e+02
1.356757920890404989e+02
1.306773296853405100e+02
1.365534288123365911e+02
1.299818023858983054e+02
1.297954728934175250e+02
1.361756921166140160e+02
1.324192764824740323e+02
1.337854269256862949e+02
1.316536356785239263e+02
1.286817526840778214e+02
1.314443376750069774e+02
1.306099387518447088e+02
1.339425864600422926e+02
1.334704456619312509e+02
1.318057032998696343e+02
1.353505690033724420e+02
1.313559213886553891e+02
1.359816983990264987e+02
1.309356352549774556e+02
1.278684539229237345e+02
1.263635241686023107e+02
1.318596538932977751e+02
1.313100908121266457e+02
1.345615413315028377e+02
1.326108832830117024e+02
1.327006024453166049e+02
1.325553699520413602e+02
1.355135469036340794e+02
1.312712380079109380e+02
1.344187814939686234e+02
1.312494981828414780e+02
1.251888676396617512e+02
1.362140968956687175e+02
1.317210510166306108e+02
1.317385850289276448e+02
1.298303152741787017e+02
1.287443003847368459e+02
1.305984460529092814e+02
1.312953373939108417e+02
1.282845774272079780e+02
1.303426000051389337e+02
1.293690108826801861e+02
1.279489928429454864e+02
1.309990728991005540e+02
1.294953531552398829e+02
1.334232119646447927e+02
1.314007690303105562e+02
1.314441054601484780e+02
1.299994571999492905e+02
1.356993857484048362e+02
1.340972490498811567e+02
1.299494233126773395e+02
1.325505091821625001e+02
1.310356223521260972e+02
1.328916686674167238e+02
1.331237162153278746e+02
1.283770903014800524e+02
1.312318918084391726e+02
1.305881192349266939e+02
1.327656874381495413e+02
1.334158998008514914e+02
1.305313434703882081e+02
1.346637052899309310e+02
1.303132659069606518e+02
1.274140859671623502e+02
1.324701347535034586e+02
1.324609842698896784e+02
1.327504283316238798e+02
1.338306687113613407e+02
1.340535139654537318e+02
1.340636888875313844e+02
1.350202938016358303e+02
1.330560437460337937e+02
1.317442879179723434e+02
1.295000890164797340e+02
1.351084138263377667e+02
1.280628265131533112e+02
1.335448841275038490e+02
1.305383422241430083e+02
1.302828577172231235e+02
1.320193954298929668e+02
1.337744190293044539e+02
1.326737958620066422e+02
1.301674279503416471e+02
1.310922154372378543e+02
1.318457340422003767e+02
1.295176173940091928e+02
1.324347652614347908e+02
1.333220908738626065e+02
1.323600804955496528e+02
1.327921508848115479e+02
1.311254791263386039e+02
1.315307545410869068e+02
1.292972233686912489e+02
1.345915701463488290e+02
1.296437472878575363e+02
1.324551903844584615e+02
1.305933708343995079e+02
1.357987497698946981e+02
1.332011307634328148e+02
1.364701325887494647e+02
1.304394913609983462e+02
1.315490404487063074e+02
1.284191168111710795e+02
1.315521396209757938e+02
1.336717533248902328e+02
1.317020000325837259e+02
1.288120623564092568e+02
1.308875577480597769e+02
1.307164783126432042e+02
1.294400721845128430e+02
1.354699625051756868e+02
1.325806887001996301e+02
1.322116325743060941e+02
1.369218913485413793e+02
1.331593904346954389e+02
1.291163941604214358e+02
1.321680835965604786e+02
1.344995909473936422e+02
1.310087341440842579e+02
1.344339318683080933e+02
1.321197041334261542e+02
1.326504502423084091e+02
1.323325244584874554e+02
1.320508262681109670e+02
1.329344677743443413e+02
1.293481095098269407e+02
1.320874976596135184e+02
1.313720503440031280e+02
1.302959219610106061e+02
1.298406626789552263e+02
1.316723658646964736e+02
1.298544430507207892e+02
1.331762710114200559e+02
1.306735058224421664e+02
1.327668516319702405e+02
1.320175550944767338e+02
1.343920972707759347e+02
1.283900609899920369e+02
1.325748016854699927e+02
1.305800863240759497e+02
1.335510618902697502e+02
1.292372012760038729e+02
1.308716936923611058e+02
1.319013165231281164e+02
1.354663674106275266e+02
1.404595635502479922e+02
1.328702083367734303e+02
1.335578337933854698e+02
1.330214609647442501e+02
1.329300745682051286e+02
1.331119389129356421e+02
1.287839964596240350e+02
1.327964682796016120e+02
1.302819362141888462e+02
1.309468129242948180e+02
1.319450249074236581e+02
1.255945265700311069e+02
1.352095598208803153e+02
1.357986700935547901e+02
1.288066389797749878e+02
1.319806084346041359e+02
1.344998616554198350e+02
1.295636387570537806e+02
1.279344445266468000e+02
1.358411236466158414e+02
1.347487234727580301e+02
1.351596336255554718e+02
1.324099913388744767e+02
1.310969641229947911e+02
1.307303553632638398e+02
1.370879628663896597e+02
1.306635995956652323e+02
1.307027035251851430e+02
1.301002103976050819e+02
1.307720839495869427e+02
1.316130176798538116e+02
1.327327009851304638e+02
1.310287126126692385e+02
1.309738426372105096e+02
1.315103956620401675e+02
1.303261504174882646e+02
1.283030133094140979e+02
1.283457511575908541e+02
1.349516662313139648e+02
1.316758310724318903e+02
1.342391229840692688e+02
1.303391544571807685e+02
1.331715359238183964e+02
1.318068810576652368e+02
1.297900628239077605e+02
1.319685947474956151e+02
1.343802380668036278e+02
1.301253525558891511e+02
1.348138443401402355e+02
1.325393715572987787e+02
1.334265758744599850e+02
1.315585552526805202e+02
1.350895759154402924e+02
1.310192340040492240e+02
1.348595849647784348e+02
1.312213418963806362e+02
1.308577636159280075e+02
1.343093403146373532e+02
1.323679779025084429e+02
1.320763835377624673e+02
1.324934776740971358e+02
1.335862325138050437e+02
1.257037101695186152e+02
1.317946714301961890e+02
1.308229769898661630e+02
1.314445547068278017e+02
1.334319556727998304e+02
1.332942661699562734e+02
1.327637423166335111e+02
1.303410939069310643e+02
1.311536972208041050e+02
1.323859769290715178e+02
1.318844273769608719e+02
1.301958813085968245e+02
1.301243067126307551e+02
1.330771471815985763e+02
1.310654355430846181e+02
1.295247913623647662e+02
1.319364123346986162e+02
1.347120149342489697e+02
1.377101400217775335e+02
1.335110053767414229e+02
1.298367440568164284e+02
1.314709225851715360e+02
1.310768170906304988e+02
1.308776017022936173e+02
1.322259423986532170e+02
1.325413259329430105e+02
1.316078495478074331e+02
1.366941940856976032e+02
1.295027270214654891e+02
1.328552602910578742e+02
1.268219309463767814e+02
1.337678717131662722e+02
1.355727126752962874e+02
1.299478328604092496e+02
1.313309638801550250e+02
1.354106780300940329e+02
1.341967143703336092e+02
1.269423575025096795e+02
1.324671489241912923e+02
1.314001335906505119e+02
1.323244999069816856e+02
1.277894425455691163e+02
1.308341955170783990e+02
1.323859228432271493e+02
1.353262735999346376e+02
1.330320270442876165e+02
1.366675200501046845e+02
1.316446799725887900e+02
1.281231361967610667e+02
1.309298288561987249e+02
1.317921811360259596e+02
1.311909400254633624e+02
1.314811127737473839e+02
1.272431199657351186e+02
1.322099515225346522e+02
1.325361519015124543e+02
1.325611067362289646e+02
1.302137026687844639e+02
1.276499044616159466e+02
1.300680481240472375e+02
1.300227546169026311e+02
1.337676379018811872e+02
1.345499946818252397e+02
1.293066196966951509e+02
1.309509527393507540e+02
1.319452817710895545e+02
1.283816380322811312e+02
1.316679233913957319e+02
1.347031492876624270e+02
1.305342342414732570e+02
1.311662559188334853e+02
1.314541937911834566e+02
1.324481137436732467e+02
1.335979259435330846e+02
1.351198477865810617e+02
1.254723866502164498e+02
1.312497632963881813e+02
1.282077384297008109e+02
1.302269304196123869e+02
1.309928156899556484e+02
1.327137990991299148e+02
1.318331254553449980e+02
1.348213788167580276e+02
1.323158359926987373e+02
1.304799014683668759e+02
1.296993058820080762e+02
1.314906232746417913e+02
1.335744365333402754e+02
1.311492758710214162e+02
1.329706549404558302e+02
1.331716208014854601e+02
1.318435809855504885e+02
1.345619152598130199e+02
1.319353860633275417e+02
1.303149303175181046e+02
1.348315139580810467e+02
1.259375822756265535e+02
1.313801056046186204e+02
1.334414516175967549e+02
1.316834577563010953e+02
1.296612830760293491e+02
1.358323392975283355e+02
1.307389599297062546e+02
1.313563818937482779e+02
1.305798166845569881e+02
1.284972216685443414e+02
1.337487216106301560e+02
1.293366714380431119e+02
1.313105144720519206e+02
1.322837840928626463e+02
1.344804806404093256e+02
1.343995028835087453e+02
1.322200555299963298e+02
1.291460088763048759e+02
1.318638458092391375e+02
1.306514679363519633e+02
1.321697747662165909e+02
1.306451733731015281e+02
1.315662138481160355e+02
1.333503206687251463e+02
1.342689303251767114e+02
1.266320961967984999e+02
1.309143611708834101e+02
1.310942401683704759e+02
1.339422451946975912e+02
1.304854535451272852e+02
1.297011158530505668e+02
1.334938540009692360e+02
1.335649111415385164e+02
1.299318085253577237e+02
1.288566285243563243e+02
1.293911461566777064e+02
1.318947868751440637e+02
1.336063431958990009e+02
1.305405310474367582e+02
1.321770516142383372e+02
1.302569417088124339e+02
1.294004830896854514e+02
1.351056056449163520e+02
1.282172333878784229e+02
1.316026439812651461e+02
1.284462614363293085e+02
1.359640706295191421e+02
1.314183266835521522e+02
1.326275830023189144e+02
1.317221420347545120e+02
1.355572987558931572e+02
1.314373368740947683e+02
1.327327967550022549e+02
1.322148336305819214e+02
1.305899711831222021e+02
1.337479960499798324e+02
1.330804659908979204e+02
1.296002043620791255e+02
1.350919171647653911e+02
1.333939065637078443e+02
1.288268085196251889e+02
1.315072911452258779e+02
1.319838703766123160e+02
1.274309386029429021e+02
1.271141833899836371e+02
1.341675714298390290e+02
1.296895665662121928e+02
1.338066653891402495e+02
1.324329780158573726e+02
1.306981042413439980e+02
1.325835579791568080e+02
1.357630467011531437e+02
1.297373921446520626e+02
1.284463869461675642e+02
1.307394345151687105e+02
1.268183101881610497e+02
1.301996683242689983e+02
1.358754278464429603e+02
1.323861869020290101e+02
1.292359268082806807e+02
1.376227492998516766e+02
1.329923432018710230e+02
1.329903690497436628e+02
1.356485429879533058e+02
1.314289456540052470e+02
1.287346302588707943e+02
1.349220531926158344e+02
1.310305050124639763e+02
1.340177723210159684e+02
1.305433477354054901e+02
1.294568257152893125e+02
1.300923239641834925e+02
1.329551331674661583e+02
1.289353504725039841e+02
1.309073215584875243e+02
1.320537321961652140e+02
1.335482080068366884e+02
1.334973252157975026e+02
1.344839006441950460e+02
1.327192549778669388e+02
1.312485689038409191e+02
1.316690783139304415e+02
1.285536925033121065e+02
1.286499550301679164e+02
1.325337872876513927e+02
1.324457618394450833e+02
1.305768881051037908e+02
1.350084651751888316e+02
1.274839737010360068e+02
1.277487043209210213e+02
1.284092574763844823e+02
1.320046522375741347e+02
1.314817819759903443e+02
1.321927888183892605e+02
1.331032699295552959e+02
1.317270759640830988e+02
1.343005584268386201e+02
1.296586976829573246e+02
1.313003226105672070e+02
1.318308170880152090e+02
1.300285422749494444e+02
1.309071734476505355e+02
1.331173867395503692e+02
1.345726817630958578e+02
1.296899674182830324e+02
1.318122662192585040e+02
1.322523946838054201e+02
1.365295637816123815e+02
1.332037635107911626e+02
1.326836006716337693e+02
1.336818326636148413e+02
1.292649628373899588e+02
1.303413214860773053e+02
1.282810737794938234e+02
1.315874716321993674e+02
1.321043511767445580e+02
1.347996780507238554e+02
1.307782229794017326e+02
1.305165435145447645e+02
1.328204158143078075e+02
1.318010077364553467e+02
1.299887767754626964e+02
1.250616907676934204e+02
1.326764512510165446e+02
1.285565689447080047e+02
1.381185234510213320e+02
1.329817861087232131e+02
1.318765543751913754e+02
1.320976991699489815e+02
1.319454586324083039e+02
1.280300319374073865e+02
1.300016769363949720e+02
1.327635548844131961e+02
1.327382025051377923e+02
1.316684682628039980e+02
1.309170544461122745e+02
1.293758971891590477e+02
1.290398178633385271e+02
1.318439477700325995e+02
1.299651318745131618e+02
1.314567244012759772e+02
1.336656497462503239e+02
1.325110446395140116e+02
1.334508330045638900e+02
1.319624086466078268e+02
1.308100357963925546e+02
1.280114389520964266e+02
1.320805422656030714e+02
1.294821971147930526e+02
1.321265213681446937e+02
1.314779099314004043e+02
1.317121821721568153e+02
1.289717248036280353e+02
1.293356989794887681e+02
1.319600024000201586e+02
1.285982570819756745e+02
1.320161218792117666e+02
1.313535605084607880e+02
1.331252850040135911e+02
1.332226415499315237e+02
1.343320213618512184e+02
1.357369407730591320e+02
1.357782770893518602e+02
1.325033009781119233e+02
1.342028406474363180e+02
1.294746658085502702e+02
1.334545505713143143e+02
1.341141912873231661e+02
1.300248927436352346e+02
1.316242912739601536e+02
1.285097765742853824e+02
1.341006891137361379e+02
1.332336592341873427e+02
1.352008285845227817e+02
1.315704631016926101e+02
1.289777156651137489e+02
1.315760187013291613e+02
1.349409857638745223e+02
1.312830291617921716e+02
1.302234374198123703e+02
1.281887264055351352e+02
1.313276808133726377e+02
1.319654488651738120e+02
1.335501322372560367e+02
1.293925564696172046e+02
1.300465153029978751e+02
1.311375102808111990e+02
1.347621714663996215e+02
1.319727437051475079e+02
1.359268714265795666e+02
1.366297975991703879e+02
1.313847828232694610e+02
1.288523090751077973e+02
1.290182746265239473e+02
1.332236051507586581e+02
1.315048554780842096e+02
1.302543514913912759e+02
1.355115994089598246e+02
1.373148694766103688e+02
1.317179637941106591e+02
1.348594215219762020e+02
1.283473264718534494e+02
1.369461988660133898e+02
1.253222565009262439e+02
1.278910685911178291e+02
1.326720409521446129e+02
1.323053448565109136e+02
1.327166440745042166e+02
1.325620749733726029e+02
1.305575766401205442e+02
1.334329066955760368e+02
1.341365855597378527e+02
1.291207802842936871e+02
1.314046915601454657e+02
1.338393135786142238e+02
1.330206656749118110e+02
1.328855306078612557e+02
1.376873204069240728e+02
1.344165717226676406e+02
1.368684306431676987e+02
1.356798084647267899e+02
1.318583267555125644e+02
1.305032236537008998e+02
1.312719607031096132e+02
1.306992739936774512e+02
1.302151360256751218e+02
1.290260437830449689e+02
1.298962758886996198e+02
1.293150301733097081e+02
1.282376311141815393e+02
1.285513917290997483e+02
1.309047520396646007e+02
1.325637304928371805e+02
1.303624126985150440e+02
1.313583887202329379e+02
1.340466632489043661e+02
1.307794277261202467e+02
1.340456498725411336e+02
1.310132397296833631e+02
1.331254183979137053e+02
1.295844702022246508e+02
1.332563546013740563e+02
1.302712041711537836e+02
1.304769948937448589e+02
1.336230002983555210e+02
1.286213933386238750e+02
1.313899881704707298e+02
1.300109491468163014e+02
1.298225782109545321e+02
1.326748700096974858e+02
1.321429015448543964e+02
1.323998875705237310e+02
1.284316150101552410e+02
1.300950164213197127e+02
1.355647592109571349e+02
1.282887820073841851e+02
1.348422992459565251e+02
1.257417136888046656e+02
1.325103973951797798e+02
1.333332248208422754e+02
1.334203756788629676e+02
1.347812581780814298e+02
1.334456319804560849e+02
1.316258420706811592e+02
1.307569200195403027e+02
1.332323264952310353e+02
1.305725458844511309e+02
1.315497877392128032e+02
1.332724303985347092e+02
1.309229852164527586e+02
1.349795069044830029e+02
1.337938176610755079e+02
1.311243162166359753e+02
1.314772072199192223e+02
1.314003126294330457e+02
1.330439790838349268e+02
1.295258975301439079e+02
1.268985465771166758e+02
1.299370259614496206e+02
1.324203960357716312e+02
1.321857942447271910e+02
1.307463319743022510e+02
1.324407303991038134e+02
1.278269552781201241e+02
1.275101731931461444e+02
1.292642567919967860e+02
1.300679955885755419e+02
1.329619224250567413e+02
1.368653678439434884e+02
1.348456808245374248e+02
1.361189443053918069e+02
1.360639974730680422e+02
1.285715954173192870e+02
1.334338164116961423e+02
1.295544178502335626e+02
1.340396010371127318e+02
1.318534715649504392e+02
1.353212866198938400e+02
1.344141033218372172e+02
1.337939736873702543e+02
1.318136698510625138e+02
1.298464206344833087e+02
1.332119992065069027e+02
1.324190230345663792e+02
1.313147180514616252e+02
1.357469003093061701e+02
1.260412442791984802e+02
1.287509399626079016e+02
1.294614326760560914e+02
1.327037335647301006e+02
1.348663955495912319e+02
1.336843950553298441e+02
1.300085908755245612e+02
1.322165733322471510e+02
1.325667480267225073e+02
1.308934808097183122e+02
1.341689216096650910e+02
1.342595341433488727e+02
1.341969376331341834e+02
1.319326248156027361e+02
1.322896996390375079e+02
1.294634868121194131e+02
1.292700706167331077e+02
1.293820673352000483e+02
1.320339060886243487e+02
1.327080435219737637e+02
1.292965195563730276e+02
1.345676235683760638e+02
1.315531358148671188e+02
1.309182791656214988e+02
1.307695486627115997e+02
1.356075132258491465e+02
1.339074285311994856e+02
1.316485573660769717e+02
1.299994883268321075e+02
1.312841704955291675e+02
1.328995244203750303e+02
1.301391136609460375e+02
1.338515075731858701e+02
1.290394427257472501e+02
1.340844731347001471e+02
1.277363101905706486e+02
1.338380982916827406e+02
1.340336816620656748e+02
1.301677481329819273e+02
1.331199864339446037e+02
1.279232987523421770e+02
1.283500837584851979e+02
1.299954287016031174e+02
1.332349684085866670e+02
1.310947062476471103e+02
1.365378256972138047e+02
1.297030452158543596e+02
1.309478430181538329e+02
1.289433621017265921e+02
1.328546362203391880e+02
1.306130305093317361e+02
1.319665113413300901e+02
1.310833212993817654e+02
1.327723685873489217e+02
1.306452835852025203e+02
1.332832366563303879e+02
1.322625531713589737e+02
1.280358798170429395e+02
1.280035788663881533e+02
1.351386061397550407e+02
1.341045166040683512e+02
1.349990313885780608e+02
1.292639678472844480e+02
1.329789228838513964e+02
