1.422347119527476025e+02
1.420045844313883094e+02
1.422656831191412437e+02
1.462422562376677888e+02
1.452186423800028194e+02
1.448073953834365284e+02
1.422970121692638372e+02
1.404027897026309972e+02
1.461910071782683360e+02
1.419015361740021319e+02
1.441331647319239835e+02
1.429349979751313811e+02
1.459407483831473655e+02
1.434401839578397642e+02
1.444500732417183997e+02
1.442972289456547514e+02
1.450089793975939187e+02
1.427940137689118387e+02
1.437471121159665302e+02
1.459540368527085832e+02
1.464620703439766771e+02
1.438715084554712007e+02
1.393092799790007632e+02
1.391136978006457525e+02
1.486282304443374187e+02
1.426091943641556554e+02
1.397126104250204719e+02
1.461906491377673092e+02
1.445635591990425439e+02
1.393584115513896222e+02
1.467365647909763027e+02
1.414468990938887885e+02
1.461832647401111558e+02
1.440477345067918122e+02
1.423636205291449812e+02
1.456090230568803463e+02
1.440789992219480951e+02
1.438764746804936294e+02
1.411168630717263852e+02
1.454960394448050920e+02
1.440373877362485189e+02
1.464614289604379564e+02
1.430631567822062493e+02
1.399633141011009059e+02
1.453455413376460683e+02
1.506906339710405405e+02
1.463600905413992450e+02
1.446154048096797169e+02
1.454496210870143216e+02
1.433119736453098483e+02
1.430873989164808791e+02
1.449593854225049085e+02
1.463979509049072192e+02
1.479645742846639962e+02
1.418864309026818091e+02
1.430791821837300120e+02
1.447210185085947387e+02
1.438257156811546338e+02
1.420428642402843593e+02
1.432871557128155473e+02
1.430153037038562900e+02
1.468305739656133255e+02
1.429366454595703999e+02
1.454697728084061623e+02
1.432823308939385356e+02
1.436915010459372297e+02
1.450620150687424541e+02
1.432027480852215149e+02
1.439395234470635216e+02
1.439609114261940590e+02
1.427745294542400813e+02
1.467825404727618661e+02
1.433298207499245223e+02
1.455388453532541178e+02
1.421161943986811593e+02
1.475129616999803375e+02
1.433331113704936115e+02
1.470384507051125240e+02
1.450408090139414128e+02
1.432008929139337283e+02
1.438219081744988159e+02
1.410664752714195629e+02
1.427813488181540720e+02
1.460640787327358510e+02
1.448450488860219139e+02
1.460958623021868164e+02
1.434747327971755055e+02
1.426086004304742119e+02
1.416608109432833373e+02
1.434259900135738803e+02
1.441987689064849860e+02
1.484713598760773152e+02
1.436191888533870440e+02
1.466796827185405334e+02
1.466918159455648265e+02
1.430127808030887024e+02
1.492721970325689540e+02
1.449325698391792798e+02
1.446684574101631426e+02
1.442446864531416111e+02
1.413919525437028426e+02
1.451707557544091287e+02
1.444683311585791330e+02
1.480713252356785858e+02
1.446881258088371283e+02
1.461661382037875399e+02
1.420794175884121557e+02
1.441129385417673348e+02
1.454728072866124364e+02
1.464580039511914435e+02
1.455271139754057401e+02
1.476386174864145175e+02
1.436845938353424401e+02
1.384987804060554026e+02
1.477335076859701815e+02
1.441549528103275577e+02
1.455756494060744615e+02
1.433787712641840528e+02
1.428835035523658519e+02
1.456269097671376471e+02
1.449966502797960572e+02
1.435441710967300821e+02
1.481552305867078303e+02
1.432744034037266943e+02
1.457590227547251231e+02
1.446288473027480848e+02
1.464679535047120282e+02
1.469451284414493273e+02
1.436180384417265259e+02
1.434048249747448267e+02
1.408168093385464488e+02
1.447806578187296509e+02
1.416810267893329751e+02
1.455552202227729026e+02
1.436755492276571431e+02
1.437666409092634296e+02
1.448814132418291365e+02
1.468567418259377746e+02
1.466857164468147801e+02
1.424011789662816057e+02
1.451744956743420971e+02
1.422376728202685285e+02
1.415806938251005249e+02
1.428308509586540254e+02
1.450832728279199557e+02
1.387463566085318973e+02
1.457895549735021632e+02
1.450682169454786958e+02
1.418652412468992452e+02
1.394992612765877027e+02
1.444450534578317047e+02
1.440820929222046516e+02
1.464157585205374801e+02
1.448486617898637974e+02
1.394607068126979641e+02
1.444909929185792237e+02
1.449263759399478886e+02
1.451019499287514236e+02
1.452303288495258187e+02
1.439856157121435274e+02
1.450258511733245541e+02
1.453737848172235942e+02
1.439595580735054057e+02
1.437260668307011144e+02
1.461592831133104085e+02
1.437807056399255430e+02
1.443027450346820615e+02
1.449553309019651692e+02
1.454458353200076886e+02
1.465178488366202316e+02
1.455797905679014548e+02
1.457031665976161605e+02
1.477918513272134078e+02
1.399489572551449044e+02
1.405285838621405787e+02
1.424499573382446158e+02
1.426585467597996626e+02
1.451353096044210531e+02
1.471951410506075604e+02
1.495876076594509527e+02
1.453174091057121871e+02
1.463883292135279817e+02
1.435542218121942426e+02
1.487134308802829139e+02
1.443964588578481028e+02
1.424859372706854970e+02
1.460085879972709790e+02
1.430301724595339579e+02
1.433101557751353425e+02
1.456003208584923811e+02
1.470721642439229981e+02
1.460386562098420313e+02
1.459759555559338651e+02
1.435694512299482142e+02
1.483336723837199713e+02
1.386770751972377411e+02
1.428500427219297819e+02
1.428112938386281314e+02
1.465974430619199893e+02
1.450023392183626640e+02
1.472691028108268938e+02
1.478483875754709516e+02
1.433867804462310858e+02
1.425939002730497123e+02
1.426388713273477720e+02
1.434191583258157436e+02
1.442566626475228873e+02
1.431560154081295195e+02
1.474361463566081909e+02
1.445454537398468062e+02
1.411945731375321316e+02
1.452998766217331763e+02
1.437784750466658181e+02
1.426449240496538096e+02
1.472509482811111354e+02
1.457505218860421223e+02
1.452291309749353161e+02
1.447922642424973390e+02
1.431762659869623349e+02
1.451362383971183760e+02
1.424587266846991440e+02
1.418576417790215487e+02
1.480518894454194196e+02
1.456053132620395729e+02
1.409469883382234627e+02
1.469153348621213127e+02
1.467689562740314955e+02
1.447354237791828950e+02
1.452894116058362215e+02
1.461336728401552705e+02
1.445770568885801026e+02
1.440777204259291011e+02
1.470454861403660232e+02
1.426787591348947615e+02
1.436330885132489641e+02
1.424360243983400380e+02
1.413166701938179983e+02
1.429637863290356847e+02
1.483312783495882741e+02
1.414494823038312177e+02
1.424941404673093359e+02
1.445932357066940028e+02
1.464808543012903783e+02
1.472953959997897755e+02
1.478989278070281443e+02
1.462230513723478111e+02
1.478755588148039237e+02
1.406912445355794432e+02
1.428166789185989956e+02
1.464781286400965143e+02
1.463074758214326039e+02
1.447905044495408902e+02
1.455539889552100021e+02
1.434637794556528263e+02
1.501783876785547420e+02
1.432440522504102489e+02
1.439597220438421914e+02
1.411843861889260836e+02
1.459033018876106098e+02
1.405081078188939898e+02
1.417965588271079582e+02
1.427550295860839071e+02
1.441039850328248235e+02
1.447980360738587251e+02
1.437581176801469098e+02
1.412800473117311810e+02
1.448147172593814105e+02
1.424343791123909000e+02
1.433020649310525414e+02
1.454454580508651986e+02
1.494031785637687619e+02
1.443159329579778785e+02
1.438406575928486006e+02
1.444134637248430408e+02
1.414718354565829657e+02
1.510067407675510083e+02
1.422907845000586349e+02
1.421998016713380650e+02
1.484649814067281000e+02
1.398521281007808454e+02
1.446688466689009545e+02
1.455865315198435326e+02
1.465201445410938845e+02
1.443541467227282453e+02
1.437129675771384143e+02
1.452251737753680061e+02
1.447965241678638222e+02
1.427862430359661516e+02
1.470317477334072294e+02
1.459050868481075725e+02
1.417700059406607238e+02
1.425026202486735372e+02
1.452432804912128006e+02
1.445983592600959469e+02
1.440009144140215369e+02
1.432560196733948317e+02
1.423961171073340211e+02
1.428295436442087407e+02
1.439504382232480850e+02
1.420804740229169170e+02
1.458778017967694325e+02
1.480140693627525650e+02
1.443551641153478613e+02
1.444349939285104654e+02
1.457068404130749002e+02
1.476092132437120767e+02
1.458000940495028317e+02
1.471827471263191853e+02
1.436719329364494513e+02
1.453985351470142575e+02
1.443566113251225715e+02
1.450655534970753990e+02
1.435283801189891904e+02
1.446584849621274884e+02
1.459019418901981169e+02
1.475922748137244866e+02
1.449273558927553438e+02
1.421467796737887568e+02
1.410060632968959453e+02
1.435600903694387966e+02
1.452113229652244968e+02
1.420857745110029668e+02
1.422385065329733322e+02
1.446467337114712564e+02
1.462035966059333987e+02
1.464504990330627834e+02
1.450417404574941713e+02
1.442312075925857471e+02
1.412785579957945572e+02
1.460947788196422437e+02
1.456612307471751251e+02
1.408246982654632120e+02
1.448660184582285240e+02
1.479785422172514870e+02
1.443080772100827289e+02
1.421369202592764509e+02
1.451552136672883648e+02
1.449162259935041561e+02
1.471558595474533035e+02
1.450187209530181747e+02
1.414126661174483672e+02
1.432889648374759872e+02
1.440283574581419259e+02
1.481879148600176563e+02
1.464303830599924368e+02
1.438210743477647782e+02
1.447728011442860634e+02
1.477456689718347320e+02
1.439403687700982744e+02
1.485899300695543843e+02
1.428978653152538527e+02
1.471637388711226890e+02
1.470972789904366209e+02
1.472860588621967395e+02
1.445854079135301617e+02
1.468981837804322197e+02
1.454779944846777937e+02
1.434949583866644218e+02
1.419379997885648095e+02
1.444103139938238201e+02
1.415714022726762096e+02
1.460233766536444762e+02
1.454493725127073276e+02
1.459844907818425384e+02
1.521760774070661739e+02
1.458027494724774158e+02
1.477668809857891290e+02
1.450300887632292017e+02
1.448927083661257029e+02
1.417945177864782238e+02
1.412033270943368564e+02
1.448039151054511819e+02
1.470242480044170463e+02
1.455013707170957673e+02
1.460496761195626334e+02
1.431898235078560049e+02
1.467727683167493637e+02
1.430258964170739944e+02
1.438762648479287805e+02
1.452991457710983241e+02
1.420944454107799970e+02
1.416842003059682611e+02
1.449001490980931237e+02
1.476067781348666870e+02
1.428959861632982893e+02
1.433718087168903139e+02
1.439262155987084100e+02
1.483217237276615492e+02
1.440027881486843455e+02
1.475991311538789148e+02
1.452013569571112725e+02
1.461258618345478055e+02
1.408823035498283218e+02
1.389663584927431259e+02
1.461899100538888945e+02
1.457221472065322416e+02
1.458056846426118227e+02
1.423201708003699650e+02
1.450389908129984633e+02
1.438405613156183733e+02
1.431754356629084270e+02
1.435830377895229049e+02
1.420795555826516079e+02
1.467524503320900635e+02
1.431758479163626987e+02
1.428952643697759584e+02
1.417350597829912431e+02
1.444556199835434995e+02
1.420725379392158061e+02
1.440805973128408652e+02
1.435186058342568742e+02
1.462586996015511716e+02
1.454745966210631423e+02
1.417510408417358576e+02
1.434353826325308319e+02
1.437206974326834370e+02
1.471736157137973464e+02
1.455561686321010200e+02
1.430897268492682031e+02
1.448966323284806492e+02
1.456348064948362833e+02
1.466615555751645559e+02
1.450493379934978009e+02
1.434646166465042825e+02
1.442944786283686369e+02
1.449660674027996095e+02
1.447233036491549285e+02
1.444410489466332592e+02
1.406942668844324089e+02
1.439550092296283310e+02
1.457245051797277995e+02
1.454489849998018656e+02
1.419798971207485465e+02
1.470126934664085354e+02
1.436696731716836837e+02
1.486175453250962732e+02
1.433403460531685880e+02
1.478325524417286374e+02
1.439977559438540311e+02
1.477888159353688877e+02
1.387244951616901290e+02
1.452906104577953101e+02
1.434064451184901827e+02
1.443282790473068928e+02
1.460607782017007139e+02
1.434393047893954360e+02
1.427832447661613742e+02
1.464989965165169110e+02
1.447736614948735507e+02
1.378157471779183538e+02
1.425742866985953299e+02
1.467791912819832305e+02
1.446827281881168972e+02
1.447043888835987673e+02
1.432422452810205300e+02
1.450382648002536712e+02
1.427655023244213339e+02
1.407958772414476982e+02
1.455492684217596775e+02
1.450439975034575468e+02
1.442022233067090440e+02
1.418454056746834056e+02
1.452169097783230143e+02
1.451810866390008243e+02
1.406922851620588801e+02
1.440713759751774887e+02
1.423401527009503127e+02
1.433529409990363774e+02
1.446153667081057108e+02
1.448011577998354369e+02
1.434506238059321390e+02
1.446303335138687487e+02
1.455416869495396668e+02
1.430911822323193121e+02
1.418681036324105662e+02
1.452206626824965099e+02
1.442597654405915932e+02
1.443302939779221390e+02
1.468943254676343599e+02
1.454942176787326389e+02
1.449670068557739171e+02
1.446936917269811147e+02
1.457534515114463147e+02
1.405687587847868372e+02
1.438574320212957502e+02
1.483851170048284303e+02
1.405303999495859273e+02
1.449985491232708341e+02
1.417726122991777515e+02
1.431496690330579611e+02
1.458268633823922471e+02
1.468827267038331001e+02
1.410852338607811021e+02
1.448251651696174918e+02
1.463003575536738197e+02
1.440778261122569859e+02
1.435499050598917563e+02
1.415079545221836952e+02
1.482050818516244419e+02
1.425835425909034768e+02
1.477193773717104932e+02
1.470205091862837321e+02
1.446138789804321334e+02
1.443697559401030048e+02
1.431212441078134532e+02
1.426767699872316371e+02
1.442715970104249266e+02
1.460463773381376029e+02
1.428891924113806056e+02
1.396155804390590731e+02
1.484759685312852469e+02
1.425713168841243146e+02
1.462643653055720847e+02
1.462489450349182789e+02
1.455428629278762287e+02
1.403524199069055669e+02
1.491126810801987403e+02
1.427102538890450205e+02
1.430349425968542221e+02
1.445290563145178169e+02
1.428677688886703550e+02
1.435588968908843412e+02
1.428321724692698069e+02
1.439731118512305557e+02
1.491430448681714154e+02
1.434775433961363831e+02
1.408603915984105299e+02
1.452532834250495171e+02
1.414707682498971053e+02
1.421681856495545446e+02
1.432894580327254630e+02
1.430053641988469053e+02
1.483359161695675823e+02
1.449039638700895978e+02
1.434531500960927985e+02
1.458249430942788081e+02
1.493672567335318320e+02
1.413108694294379291e+02
1.448547039247242196e+02
1.453262518239684198e+02
1.417079125203912895e+02
1.414915209399727303e+02
1.435087340701557537e+02
1.434926481402513900e+02
1.457934891444297705e+02
1.443172375144969806e+02
1.462178522328833026e+02
1.405969520642499901e+02
1.450796574349616037e+02
1.414364155733061352e+02
1.449599092058519432e+02
1.474484113711266673e+02
1.456806945650398575e+02
1.445060425252116829e+02
1.446802557062214021e+02
1.444166368037764414e+02
1.442011389204622560e+02
1.429979085295342429e+02
1.430831082584406317e+02
1.433346517443247592e+02
1.457898934872806649e+02
1.429843871066887004e+02
1.415582308731137005e+02
1.411308257998570923e+02
1.458411941469366866e+02
1.451498515883680227e+02
1.451926524140962442e+02
1.414743111253292511e+02
1.452128789067425600e+02
1.415386796588847744e+02
1.405633486541682657e+02
1.433618205370157170e+02
1.407837902606458158e+02
1.465360246488142195e+02
1.421160407080868993e+02
1.425332883105379551e+02
1.443009782221947148e+02
1.477707845818167698e+02
1.462540282158464038e+02
1.446450260819470657e+02
1.418667229313893756e+02
1.458507146260294292e+02
1.438157287988033772e+02
1.470737550819448813e+02
1.475179012870768815e+02
1.465892538312023703e+02
1.454128517082679934e+02
1.430826636817039628e+02
1.411038413156029492e+02
1.443162363902185632e+02
1.490177299139000411e+02
1.426224937442728447e+02
1.458069193422809349e+02
1.465931653844172047e+02
1.423581403366231939e+02
1.464156771783646320e+02
1.400059095867999019e+02
1.456659923283709759e+02
1.466626572097848964e+02
1.422104749816612639e+02
1.452012609210779317e+02
1.456928754968589033e+02
1.449296290469527264e+02
1.462785324954028283e+02
1.437685605796927462e+02
1.445983919131871005e+02
1.453744396728447725e+02
1.428173063959632714e+02
1.407646695415229487e+02
1.460404789353713113e+02
1.445504793545804318e+02
1.506543077535193902e+02
1.441562161408151610e+02
1.477149550751661593e+02
1.435932840044110606e+02
1.422337046633893181e+02
1.447037335075502256e+02
1.462681282264809965e+02
1.495075748706171623e+02
1.449267406361166195e+02
1.512658702695649424e+02
1.439375939338921739e+02
1.424033771968779547e+02
1.441877706937772246e+02
1.429432775066514978e+02
1.418577701453123154e+02
1.434707715959387144e+02
1.453312145247428475e+02
1.434384034787361770e+02
1.449521555749234949e+02
1.462145505996046779e+02
1.448651078456481400e+02
1.462597654139573251e+02
1.436698063377818073e+02
1.455192629677268030e+02
1.454660616666106705e+02
1.460898619183762435e+02
1.443086409529267087e+02
1.434719395761419207e+02
1.427435910605742606e+02
1.439954798087286179e+02
1.442291680884647462e+02
1.469463604587386953e+02
1.479103067035286756e+02
1.480443250038612746e+02
1.419732228149567277e+02
1.430578836446109676e+02
1.419374299852688353e+02
1.429514514713995368e+02
1.448695923198513071e+02
1.416985522493554299e+02
1.426685368516610879e+02
1.430870367378504682e+02
1.425448693858453453e+02
1.448353903908651148e+02
1.423169881889101873e+02
1.435199997347542649e+02
1.438088037242477242e+02
1.479289064175948170e+02
1.454323598533637778e+02
1.459724713097899382e+02
1.463777668275954795e+02
1.463000263900770506e+02
1.444463948492889074e+02
1.453699571249615872e+02
1.447819853889627950e+02
1.426573150955154858e+02
1.470545729822248404e+02
1.406416370148143073e+02
1.469664600669832737e+02
1.427994034087243449e+02
1.483294202928806840e+02
1.429471566112960375e+02
1.403794696822785681e+02
1.482830534810813674e+02
1.456844012343315740e+02
1.453495054722134228e+02
1.419042734421900320e+02
1.458283236604724777e+02
1.436703749285720733e+02
1.461722172379001279e+02
1.459080764599100632e+02
1.453764787337036068e+02
1.442012679640497197e+02
1.457437985634167603e+02
1.464716890733026844e+02
1.451736507282078605e+02
1.463447400427649256e+02
1.449659502993403635e+02
1.404422019954848508e+02
1.437545313651580443e+02
1.481508654465835093e+02
1.465583710136717457e+02
1.466749367504175439e+02
1.459460941097250384e+02
1.444817548633009778e+02
1.449417601818551589e+02
1.434846072395090459e+02
1.430031322227619057e+02
1.430167745669152168e+02
1.442678092044371567e+02
1.483673713152229823e+02
1.464585235607784455e+02
1.456862006178450031e+02
1.447044953664909031e+02
1.442008053436485966e+02
1.472364271255894153e+02
1.436208280796065822e+02
1.419631972845661210e+02
1.441853791857223825e+02
1.449191778881409221e+02
1.487141653024789321e+02
1.460456849535515857e+02
1.466363483565593810e+02
1.464402607610783491e+02
1.446014476085058220e+02
1.424622732272747214e+02
1.400893597133083688e+02
1.460507593986451980e+02
1.470352340470296610e+02
1.441054026048256560e+02
1.444563428415818578e+02
1.462739027897832784e+02
1.446735418031230722e+02
1.428441870321067029e+02
1.473212941957571047e+02
1.444523874258352691e+02
1.457947885285441885e+02
1.442083041860226160e+02
1.464893254184287912e+02
1.456453570675599281e+02
1.467313959693709933e+02
1.478669521656845802e+02
1.393000765979373341e+02
1.421470872952222635e+02
1.422922151276511613e+02
1.429415914132316345e+02
1.396616527409492505e+02
1.469570351854954140e+02
1.485697992472806277e+02
1.477612524022000002e+02
1.479933677544910609e+02
1.434200374713888948e+02
1.459906728008744210e+02
1.427576670397343719e+02
1.487362623778448665e+02
1.423109245990775094e+02
1.460509829446393724e+02
1.426788158862147782e+02
1.506654341242416706e+02
1.482242966585031638e+02
1.452187948027057018e+02
1.407306062927038965e+02
1.396691437646495331e+02
1.450509844087369231e+02
1.441789269344092759e+02
1.454227355513411055e+02
1.467794373772280494e+02
1.437234185954778525e+02
1.418578603439971175e+02
1.449841557894673656e+02
1.470111383252652502e+02
1.428742635632152940e+02
1.439872493052917548e+02
1.446942511852549842e+02
1.426568245977819629e+02
1.460596322958371331e+02
1.454971537526780025e+02
1.434921249317069112e+02
1.430502478578985404e+02
1.443805748214815878e+02
1.442091243712857533e+02
1.444077701304045434e+02
1.412963658664702962e+02
1.417024113125245890e+02
1.427033574844963084e+02
1.437679971870481381e+02
1.432162262836690729e+02
1.400434497726755581e+02
1.440153932505832870e+02
1.464389299315071469e+02
1.407872336848797090e+02
1.438867098885493192e+02
1.427958695356117573e+02
1.431317273127384908e+02
1.462135248619054266e+02
1.455393068075538281e+02
1.460388119608547299e+02
1.453281629325030906e+02
1.492949729817936770e+02
1.437704042011711749e+02
1.449537976925064982e+02
1.428985025850747093e+02
1.446500246350582302e+02
1.444940513646974978e+02
1.402968654231117682e+02
1.447975536269592283e+02
1.441047507153555784e+02
1.422198292330548668e+02
1.463466214353856287e+02
1.407968727715766022e+02
1.456773302035427662e+02
1.442476450788152533e+02
1.429688084007414091e+02
1.457108578883949406e+02
1.424548663267515280e+02
1.465510831838978163e+02
1.411685386149474084e+02
1.437885079128885195e+02
1.421996616928039145e+02
1.399135687448316503e+02
1.466150344449836211e+02
1.452748242760020503e+02
1.478266067711315941e+02
1.430206256587076439e+02
1.440726464054663438e+02
1.435786066345712868e+02
1.463102421378488032e+02
1.449370684845251844e+02
1.443080456978392760e+02
1.440255507383769213e+02
1.441941378410872119e+02
1.460937833733806599e+02
1.458137525274152608e+02
1.467538427791772051e+02
1.452159355228469053e+02
1.430248761723298685e+02
1.474935520473566157e+02
1.436556512212726489e+02
1.428380159158848812e+02
1.420325787794321286e+02
1.438412051350690035e+02
1.480310517845515506e+02
1.463194455756306525e+02
1.414799451932910586e+02
1.417292971263545667e+02
1.439309451514809552e+02
1.419104681248710733e+02
1.449896142920653972e+02
1.484049997054127914e+02
1.457982670419198712e+02
1.428889470968913713e+02
1.463330779913315212e+02
1.433099594676556023e+02
1.443884851429113496e+02
1.400228344457338494e+02
1.427653774350376636e+02
1.452381500583241518e+02
1.429912063328581837e+02
1.446836968023210090e+02
1.439729216794398496e+02
1.443823541929041312e+02
1.414531646832825516e+02
1.459788643297647468e+02
1.431500096633617716e+02
1.430611283180234352e+02
1.449896626867275415e+02
1.461188635605065542e+02
1.466977891152309610e+02
1.443637617476858566e+02
1.482035141378666196e+02
1.467856243380818455e+02
1.399110254251170886e+02
1.432055821611089641e+02
1.471001748357688541e+02
1.509860709463176249e+02
1.442469908101820693e+02
1.439988004150640677e+02
1.437978303053201614e+02
1.409406306025103959e+02
1.444751643525463294e+02
1.483459832549899886e+02
1.465652730733492604e+02
1.469371434549759954e+02
1.439678360205816148e+02
1.431448947921422814e+02
1.443387802322655489e+02
1.429053523679461648e+02
1.458799056227677795e+02
1.430329256213771885e+02
1.450384172518235744e+02
1.409009847352012628e+02
1.493680571069295695e+02
1.440167863939243773e+02
1.437150368020785720e+02
1.455769017471964162e+02
1.476999776777622344e+02
1.453608687917357258e+02
1.451635498495131458e+02
1.447914358277222391e+02
1.466699517989267179e+02
1.426114753366680077e+02
1.396020885213059444e+02
1.457651030325787644e+02
1.475827069706662087e+02
1.449651097656329739e+02
1.462723246694558270e+02
1.447253333568590108e+02
1.435825729727836517e+02
1.452349163525332756e+02
1.457663814570643979e+02
1.419322392116893354e+02
1.456352250500437435e+02
1.424638757591064291e+02
1.423145446540682997e+02
1.457369200348369134e+02
1.472979785850056089e+02
1.429165993496150691e+02
1.437715301486313422e+02
1.455821666279202589e+02
1.449954830018690757e+02
1.440770465177562301e+02
1.440842474341427817e+02
1.400386287457148455e+02
1.426371973290184201e+02
1.437695913396419201e+02
1.399509648066361649e+02
1.429967905106515786e+02
1.459179240863903999e+02
1.457857199194767190e+02
1.506548909122729754e+02
1.464857057381347261e+02
1.438011222777065541e+02
1.424569597920437332e+02
1.467845307166869588e+02
1.483879939557058663e+02
1.454788525864376538e+02
1.435588233609705071e+02
1.426333584600216398e+02
1.445606734359476491e+02
1.457990295051824887e+02
1.444755789465283158e+02
1.393625753437934236e+02
1.453496080225475851e+02
1.445999946546811827e+02
1.418310455220101858e+02
1.439646049330395385e+02
1.439005378350392164e+02
1.438452917764027177e+02
1.458222020929103735e+02
1.461199366650489253e+02
1.429672613106411063e+02
1.462344942067933573e+02
1.421022404899734397e+02
1.462157774254681897e+02
1.401928063252804577e+02
1.426853357268590798e+02
1.467260111264753846e+02
1.430541764622766436e+02
1.429387935265637282e+02
1.471569634529057851e+02
1.428086646607263788e+02
1.432363755598176454e+02
1.384375405928959140e+02
1.421842627676043378e+02
1.455948573448476395e+02
1.459274373186742082e+02
1.402689647674076809e+02
1.436764389297437958e+02
1.456654773315361240e+02
1.430123251849277608e+02
1.454650322986105095e+02
1.438234668992392358e+02
1.465826431071079696e+02
1.455665598433148489e+02
1.429512816383374343e+02
1.428812093456286334e+02
1.431723967163587190e+02
1.448018132158336755e+02
1.419065414334224329e+02
1.453283957113451663e+02
1.490235335568381743e+02
1.451692868083680423e+02
1.470005706167064545e+02
1.441574383835497883e+02
1.439876364532443631e+02
1.451921363433181682e+02
1.451524085160821187e+02
1.435349032327804366e+02
1.434890235013022561e+02
1.454846986896559144e+02
1.470085570998742526e+02
1.415530649105455154e+02
1.481559296230724101e+02
1.424959359641660228e+02
1.470552452604808593e+02
1.458267482163137174e+02
1.464416858822568770e+02
1.402948183382690672e+02
1.483139635897960886e+02
1.425308794012708518e+02
1.435479109890912639e+02
1.474453718922287067e+02
1.425080053830885447e+02
1.450216517973707369e+02
1.470777255678819984e+02
1.452600966723588272e+02
1.424527261962502678e+02
1.435779128363796815e+02
1.402002505962074963e+02
