1.628728373576655031e+02
1.585469879693017106e+02
1.604330398241993691e+02
1.606519019691754977e+02
1.562404093870228508e+02
1.648895397625327064e+02
1.596749959370862086e+02
1.601396309346166049e+02
1.550472451644164380e+02
1.627887587173428585e+02
1.611841648162361480e+02
1.606577732614730394e+02
1.588678333541490417e+02
1.646677870201889959e+02
1.553391464376181546e+02
1.584096169129261398e+02
1.606868054786270932e+02
1.572271477431608560e+02
1.601531017986623624e+02
1.617366019013648497e+02
1.597756306542041216e+02
1.578911604287469856e+02
1.567058910842367538e+02
1.601494338135678106e+02
1.578249547017577470e+02
1.577903454928944313e+02
1.655144495296609932e+02
1.594685126894646601e+02
1.609920141498851365e+02
1.605615395088071296e+02
1.587490862399268678e+02
1.593236243211712804e+02
1.585387404902751882e+02
1.580650721970430368e+02
1.600969865917490722e+02
1.596566370694706620e+02
1.545039593735847916e+02
1.565151582130460497e+02
1.601960827496886282e+02
1.589462713596966523e+02
1.618327068974803353e+02
1.602347388880945687e+02
1.617878261643366784e+02
1.586329967073740477e+02
1.566928155485681202e+02
1.596691269946207967e+02
1.564012037317297086e+02
1.603317771172006587e+02
1.605080012286796318e+02
1.626663289562240777e+02
1.626133823987626386e+02
1.618427370280906246e+02
1.610635414229584228e+02
1.590145615223786990e+02
1.534752848436209831e+02
1.633021647406192187e+02
1.582634802217512515e+02
1.563556378273870564e+02
1.586110519682104893e+02
1.609841922331011688e+02
1.611365460102456950e+02
1.567508313491250647e+02
1.581691443450008023e+02
1.595431559088250424e+02
1.615511697634161976e+02
1.586022378966198971e+02
1.596762576993468201e+02
1.626865350390690423e+02
1.643623406180744269e+02
1.609791939553631437e+02
1.574240320343812130e+02
1.603999115294207343e+02
1.631124931435827818e+02
1.620274819394019801e+02
1.587617543442329975e+02
1.556724781234342458e+02
1.598297397878791344e+02
1.521663389661672170e+02
1.583040111406648975e+02
1.601695245846170224e+02
1.551049430738855790e+02
1.580621234296400814e+02
1.603863168204165959e+02
1.554946581656153910e+02
1.611782929607939252e+02
1.579616717687113692e+02
1.589381471711992333e+02
1.574225804378547480e+02
1.584978897228815811e+02
1.594497113198214322e+02
1.557295672542475984e+02
1.567869978460440166e+02
1.618331952316342210e+02
1.570217566146682486e+02
1.580060314504598864e+02
1.578381964597963929e+02
1.612199869153147915e+02
1.640778323482952032e+02
1.562977906783156072e+02
1.616787353978563715e+02
1.569810149662037588e+02
1.533362224386627872e+02
1.616222150525664745e+02
1.584705771871946069e+02
1.582548130558884623e+02
1.594781986725849663e+02
1.553864013367861219e+02
1.519107293193305850e+02
1.601971058123177158e+02
1.577045293856150465e+02
1.553214719320451707e+02
1.653328065596947454e+02
1.632306919360834456e+02
1.596544464013232982e+02
1.542015150895183524e+02
1.590830368981649769e+02
1.594915157339178791e+02
1.576801701744733748e+02
1.681074080951664200e+02
1.593431006648405344e+02
1.558507186763868901e+02
1.591576899320194514e+02
1.584710244768262726e+02
1.597591711166143114e+02
1.611471880911592791e+02
1.603380167521564488e+02
1.570461693697097587e+02
1.534380149796465673e+02
1.643474517183555292e+02
1.592416774602235421e+02
1.607747153270146612e+02
1.565124865083479051e+02
1.597943360211473873e+02
1.542244392084198807e+02
1.580372919251193196e+02
1.603001997066965885e+02
1.635700030186011986e+02
1.576990387248383740e+02
1.571310640468748261e+02
1.566669051606765777e+02
1.544627676009853303e+02
1.599703623922239615e+02
1.641578712021419051e+02
1.571543297301061557e+02
1.605856965132340690e+02
1.595694487539609554e+02
1.584452426051616669e+02
1.609777882794051891e+02
1.608462493620980069e+02
1.613511298570706742e+02
1.593127457229621768e+02
1.590506992525022270e+02
1.572647311345546939e+02
1.610858419644382309e+02
1.646023167183169846e+02
1.649919632388132413e+02
1.580624502853563627e+02
1.588902132985461151e+02
1.557904353778968698e+02
1.601272979838436470e+02
1.570059756160709128e+02
1.607758203881364523e+02
1.602506969895705708e+02
1.579624297865204312e+02
1.589076936238935787e+02
1.637268999501122266e+02
1.585802043875070808e+02
1.616266841403757724e+02
1.591622505304164861e+02
1.565800002867219121e+02
1.594088962138656029e+02
1.617127999301290231e+02
1.580487068465926654e+02
1.544317672197113893e+02
1.600742264350606661e+02
1.585456252739682839e+02
1.591140884112432445e+02
1.626273323568341311e+02
1.576030041922928149e+02
1.616234527380846373e+02
1.571251226412629762e+02
1.603815745396408659e+02
1.637993825878841960e+02
1.589266497092224029e+02
1.575181060332924403e+02
1.590366796758576413e+02
1.607729936034356513e+02
1.591069921620466232e+02
1.636337913634428105e+02
1.605285257285335092e+02
1.614658638335308751e+02
1.568365285685270578e+02
1.606880820164999193e+02
1.588995758389276887e+02
1.621113071960122340e+02
1.641617544891915941e+02
1.626543052604169191e+02
1.587974352451473408e+02
1.652159348571152293e+02
1.617380941125410345e+02
1.537042783608871730e+02
1.547681559466533088e+02
1.614565277893326254e+02
1.560172550230854256e+02
1.553900615864685051e+02
1.614963507086949903e+02
1.589125593375393635e+02
1.584659739363276856e+02
1.590388647150477368e+02
1.608617221095235550e+02
1.595804820483234039e+02
1.592133394098936776e+02
1.606175275081768916e+02
1.599559321371074532e+02
1.598270378701915604e+02
1.591840729695470031e+02
1.579282798501120624e+02
1.618881122470076264e+02
1.564539013537452661e+02
1.603731698673684889e+02
1.567826473841662960e+02
1.596400201219909718e+02
1.616461922826846660e+02
1.609017757689186112e+02
1.630724630743411296e+02
1.594011534993480552e+02
1.556330098836035063e+02
1.602565275374480507e+02
1.598510234261204346e+02
1.614173534575557198e+02
1.570695621632253847e+02
1.609077631978959744e+02
1.587233409012698928e+02
1.564696681710388191e+02
1.608862222275579086e+02
1.556325042460482564e+02
1.575157175877072859e+02
1.579959252231817288e+02
1.615551442965541753e+02
1.613536243122379119e+02
1.558135174306499380e+02
1.610937241042304322e+02
1.621986030249626651e+02
1.614940489193951407e+02
1.623754527509809975e+02
1.594170424242543618e+02
1.546071583133513059e+02
1.634091093773091359e+02
1.599835058694498287e+02
1.608176830871388461e+02
1.605158164964372247e+02
1.627704028951106920e+02
1.607492758756417857e+02
1.645725123099427663e+02
1.600897874485901866e+02
1.593064688353384213e+02
1.618104900356831592e+02
1.606769852603427466e+02
1.579157858532468310e+02
1.598123531578026757e+02
1.628385698104738992e+02
1.609229794306645829e+02
1.566953417948353149e+02
1.642935916291196179e+02
1.599084929066580401e+02
1.624570395104464353e+02
1.520778323826350231e+02
1.546632364102185875e+02
1.547511619299924064e+02
1.584944314938986736e+02
1.594489855775773890e+02
1.654189653696576841e+02
1.610031239189406165e+02
1.639831943694728693e+02
1.599211080476427753e+02
1.588739885198534978e+02
1.628654125026161239e+02
1.609425389958487926e+02
1.579649621325355611e+02
1.589002651344005983e+02
1.572619790640288784e+02
1.607587123494514287e+02
1.583923843441844497e+02
1.614516806045188844e+02
1.563459023350418988e+02
1.608792982996951650e+02
1.576202339643161281e+02
1.613550965699564301e+02
1.613753960593129193e+02
1.571164976525111570e+02
1.624689527337756942e+02
1.624944068730765423e+02
1.620512434589010411e+02
1.580784317179641789e+02
1.562144096851989445e+02
1.592015922449465393e+02
1.638151331039780700e+02
1.612727971637893916e+02
1.602402878422497565e+02
1.588245408297828760e+02
1.609840090939569279e+02
1.604117957699800741e+02
1.567102762750258478e+02
1.609748927114546859e+02
1.598126252183096483e+02
1.618367023524182855e+02
1.599997640958864054e+02
1.585921266365425311e+02
1.580881769467279412e+02
1.583445838148024052e+02
1.551889479355185699e+02
1.606962871011037350e+02
1.588173362704665692e+02
1.619000618669343794e+02
1.583781914502303891e+02
1.594698619365680088e+02
1.570847760277298164e+02
1.628569296379601212e+02
1.581394125504218948e+02
1.575726307836609124e+02
1.593061735703756483e+02
1.592626736985309321e+02
1.575558342088898769e+02
1.606670612480667444e+02
1.572965301980575532e+02
1.604689995982830908e+02
1.595843151715327792e+02
1.589906354071039232e+02
1.588689579276643258e+02
1.587604059793345641e+02
1.574318050851198052e+02
1.603550163122493473e+02
1.612323893223164077e+02
1.575538733606501296e+02
1.593793190968823694e+02
1.575840531675078182e+02
1.631509200326208031e+02
1.566338229256185741e+02
1.617249122133854087e+02
1.612501561771798322e+02
1.571381519403510936e+02
1.551335668038682627e+02
1.565934703811464601e+02
1.619049619318781481e+02
1.586350607935528387e+02
1.540541236359741788e+02
1.538113829762919806e+02
1.638209494765281420e+02
1.614720371509367283e+02
1.592925200219636679e+02
1.545640230773866790e+02
1.647282624200551311e+02
1.617866089107008634e+02
1.625389351503763464e+02
1.585408644147630639e+02
1.610330388842407388e+02
1.584269038521827611e+02
1.610158876027007011e+02
1.602973181526998019e+02
1.620678561684639476e+02
1.619468312890305697e+02
1.596850020417541316e+02
1.633009487153022974e+02
1.600824026035182328e+02
1.617047158258513093e+02
1.550098530345987342e+02
1.576242748278077670e+02
1.599916059718397037e+02
1.571185139453468196e+02
1.594376005974795589e+02
1.611745943481476218e+02
1.572768473247614622e+02
1.618683909816546418e+02
1.622280150927109901e+02
1.594790802471225675e+02
1.570877075771511500e+02
1.620194995232765507e+02
1.670683493702786961e+02
1.631848058104624499e+02
1.617451624898747298e+02
1.595102557727268504e+02
1.549765546514912273e+02
1.594529829724961871e+02
1.563220545954559668e+02
1.631380345789533806e+02
1.588768037028884237e+02
1.598863311751109393e+02
1.547854321642235504e+02
1.600677493992974405e+02
1.602607304897388474e+02
1.583970078044380045e+02
1.591864484274589699e+02
1.592092239341114350e+02
1.606779570841977431e+02
1.604237657461824256e+02
1.602461220421564576e+02
1.627249322314233098e+02
1.582900704688526616e+02
1.601208927223638909e+02
1.607695900940836680e+02
1.585608609780657332e+02
1.635395406702803882e+02
1.596698140082934287e+02
1.543005509296003197e+02
1.619702138438205168e+02
1.613149172702848375e+02
1.606932349444363410e+02
1.606050270398479540e+02
1.577370712520678353e+02
1.639140396216267845e+02
1.613872470122664708e+02
1.579602822530758317e+02
1.592380153812539447e+02
1.588761363257837900e+02
1.634556603378956652e+02
1.608013864445714773e+02
1.542383645110859334e+02
1.599814865402507849e+02
1.592537898414090591e+02
1.606159768353441564e+02
1.577682110138527207e+02
1.604093011839227643e+02
1.598461827059979896e+02
1.575637157966206701e+02
1.618553039853684936e+02
1.603434385906051034e+02
1.579389362698795765e+02
1.597374224778502025e+02
1.595335643772547201e+02
1.609603518011236929e+02
1.590543146888385877e+02
1.634052035158028673e+02
1.567991854436639017e+02
1.629201605006806517e+02
1.650160439665005185e+02
1.556349269320202779e+02
1.570215899389568790e+02
1.584034791868752734e+02
1.630987413699762669e+02
1.638931589979643206e+02
1.530550697932796993e+02
1.604668024048645520e+02
1.614599135866177164e+02
1.550867342474998338e+02
1.619377477287486897e+02
1.597635970342221299e+02
1.560340042268605600e+02
1.577453202557359475e+02
1.581916439927176157e+02
1.576292645542270350e+02
1.596994673363073503e+02
1.575705583769688189e+02
1.585629614565390852e+02
1.598263912629725496e+02
1.580448847386410023e+02
1.604427087171510777e+02
1.614702928521376748e+02
1.587748767247194905e+02
1.562316290596343720e+02
1.572634981114111383e+02
1.606264810034322750e+02
1.612540582727515073e+02
1.580541001567873991e+02
1.602726330360430609e+02
1.583354612585777659e+02
1.556127721187923214e+02
1.607761199293586287e+02
1.573635339573324927e+02
1.604113148463920595e+02
1.581521146557466295e+02
1.560578097672619435e+02
1.654579327461153468e+02
1.598352673329634399e+02
1.638056640711034788e+02
1.579901549500445981e+02
1.560866444195386293e+02
1.594646462519525016e+02
1.596742067881527873e+02
1.585129283317193938e+02
1.601456064876637129e+02
1.572469143156316136e+02
1.595205569259787524e+02
1.631187203847949263e+02
1.613896915570854560e+02
1.596058144715884737e+02
1.621476932160576894e+02
1.592603314623705160e+02
1.589945808670549070e+02
1.574504645817796700e+02
1.596880920235203973e+02
1.615190280477966667e+02
1.621413082629537996e+02
1.562166528125420655e+02
1.587136915354047346e+02
1.592102273069208991e+02
1.559998572115339357e+02
1.604730622068918251e+02
1.592676908021578299e+02
1.586879343257862729e+02
1.556710138917522954e+02
1.583888391543370631e+02
1.607779464239325478e+02
1.613255886619670036e+02
1.591261107203721110e+02
1.617750107887319473e+02
1.567084961970276993e+02
1.608187117293400377e+02
1.586853111197971202e+02
1.613091784582694288e+02
1.549851048301934213e+02
1.605466086159255497e+02
1.575442016010338193e+02
1.606456162879109115e+02
1.597111298825463166e+02
1.588256631434181543e+02
1.596016234928214885e+02
1.575298207412352269e+02
1.560033192815759833e+02
1.606146299778537809e+02
1.565576056026931155e+02
1.577345362476856110e+02
1.617584622654841553e+02
1.551591556981198039e+02
1.601619302552447550e+02
1.607356400974547341e+02
1.588612956308035677e+02
1.583133305792879071e+02
1.600489212197614393e+02
1.577380082291049916e+02
1.596420052082397660e+02
1.597456083805533353e+02
1.590137387608956487e+02
1.643780102172724185e+02
1.551265320941942889e+02
1.612750672652195192e+02
1.603636618395755988e+02
1.595532298778507823e+02
1.633593451202176823e+02
1.572803487225031631e+02
1.602166028612701894e+02
1.550944247423047386e+02
1.609417966086971319e+02
1.597841434611285649e+02
1.570576200229081110e+02
1.627477590938683818e+02
1.641866483789980009e+02
1.631560660904185340e+02
1.591888019114366557e+02
1.621386055403944226e+02
1.546983563759694391e+02
1.592394437767097202e+02
1.604936795724217973e+02
1.608787247155850366e+02
1.616839470771524816e+02
1.561384472274689301e+02
1.600269665307390028e+02
1.635581232235106484e+02
1.593585183167484445e+02
1.563811201290780843e+02
1.604665563461372528e+02
1.575749937225427857e+02
1.602115969780445539e+02
1.561967918051603021e+02
1.610096456905615980e+02
1.606245647475161888e+02
1.590120850750962518e+02
1.606944037630999844e+02
1.628105233341061080e+02
1.576247129607412205e+02
1.616785205186932046e+02
1.555198235866003529e+02
1.587328450191867546e+02
1.596172122490909828e+02
1.573889076843558144e+02
1.561702481340896327e+02
1.611804988918728156e+02
1.607974581935871470e+02
1.577914852679394642e+02
1.569782904603287648e+02
1.591439279784777057e+02
1.581014170955672000e+02
1.597602707673263751e+02
1.607593356972101333e+02
1.626493677702691230e+02
1.633891801202159400e+02
1.612844761316910080e+02
1.594288286961809717e+02
1.530194182326883094e+02
1.565865315512342306e+02
1.597091189160337592e+02
1.635853076351076822e+02
1.650213134220349787e+02
1.570479400120360651e+02
1.600838493568859633e+02
1.618063383108374182e+02
1.618412090504025116e+02
1.630929603734121258e+02
1.581982909644107451e+02
1.574092647709838957e+02
1.599665334614578853e+02
1.567470344790722834e+02
1.564984435378470380e+02
1.667202054017137698e+02
1.589324855746893945e+02
1.607220503958394886e+02
1.541386631977058244e+02
1.592158084830512337e+02
1.556208684475082578e+02
1.606989595158490545e+02
1.554685997233846422e+02
1.631887491245546471e+02
1.637723143806733788e+02
1.608465171153156348e+02
1.604974784350211792e+02
1.581505974842760054e+02
1.578418083554515476e+02
1.562366316264260320e+02
1.577393370763639382e+02
1.555830540370068320e+02
1.610274559656764666e+02
1.580049939528130949e+02
1.610994522257582844e+02
1.590207460882537589e+02
1.626169307072494519e+02
1.548477639953381697e+02
1.619681667803021128e+02
1.592651148489967170e+02
1.569279044735231992e+02
1.598979183325118072e+02
1.604883413053192385e+02
1.582754288284275219e+02
1.573262785868825233e+02
1.589001561368987439e+02
1.637523318972543223e+02
1.622188892674923295e+02
1.628248448597037168e+02
1.609230151188507705e+02
1.641242136611898843e+02
1.596267945557107453e+02
1.573916226609928231e+02
1.582815220816268891e+02
1.579097313185770872e+02
1.563324500465144240e+02
1.582058877038373623e+02
1.592975933037838558e+02
1.594817767586388015e+02
1.598187109331098839e+02
1.633849909565607277e+02
1.563268049420113925e+02
1.571996397681336362e+02
1.580830415894092198e+02
1.573938481885578824e+02
1.544781783349928617e+02
1.610532199967469751e+02
1.603915642438537645e+02
1.578979014463934902e+02
1.584481826034657672e+02
1.569127097235046051e+02
1.604500887762755497e+02
1.583147052734848899e+02
1.589718844863063509e+02
1.631257535217544330e+02
1.591325845871382114e+02
1.599884781996896095e+02
1.580297121978328789e+02
1.578528278732875378e+02
1.611528056661184394e+02
1.614662460267843755e+02
1.560890355608188997e+02
1.561919451898126567e+02
1.587686418390809990e+02
1.614724302576952084e+02
1.599150082805383875e+02
1.581122565449399531e+02
1.617554421443882973e+02
1.635865216983687560e+02
1.599914096175378120e+02
1.589324901439200630e+02
1.560253255759113813e+02
1.594480777802419880e+02
1.617585517758333253e+02
1.588323048243036908e+02
1.603392394111602641e+02
1.587740163757065091e+02
1.593391297829685413e+02
1.593676839993713372e+02
1.578725922878927008e+02
1.587561006138701885e+02
1.617280284634344980e+02
1.629379733257205487e+02
1.598773495342059334e+02
1.556999578084644327e+02
1.608797415882812629e+02
1.598610426268847391e+02
1.609751010457857774e+02
1.632766858858949490e+02
1.599860457364678155e+02
1.659474735327459314e+02
1.586231511321200003e+02
1.582920927481860076e+02
1.629312157863581376e+02
1.553706099784176331e+02
1.613020707370835680e+02
1.614545925841107419e+02
1.631062421569173466e+02
1.628826223363120107e+02
1.625931301626322352e+02
1.592313978670811423e+02
1.593266055759764015e+02
1.583315051741653292e+02
1.608154876836724156e+02
1.590847312692784215e+02
1.571793843336888870e+02
1.571743446783695788e+02
1.606660756482046963e+02
1.594463687600741366e+02
1.578354517225121754e+02
1.606012877327947876e+02
1.636791889081694649e+02
1.602195783744148514e+02
1.626374278520461019e+02
1.578116617567512492e+02
1.605761620904199276e+02
1.602182719077299566e+02
1.630607805121236424e+02
1.580287919808681352e+02
1.614577215877974652e+02
1.631106331945595969e+02
1.589940000385980170e+02
1.611628504253544349e+02
1.627358466606921752e+02
1.624861441281192924e+02
1.577102801657328826e+02
1.577951217631998588e+02
1.635518408607249228e+02
1.597891355019369257e+02
1.590527698215259420e+02
1.547737900134222571e+02
1.595496093367129902e+02
1.603776568537818719e+02
1.622823251027813853e+02
1.540116810371027896e+02
1.627144373730681650e+02
1.603255340482636200e+02
1.560078635788862300e+02
1.605115420615437074e+02
1.586638424367982054e+02
1.589180452650906545e+02
1.572311268251679621e+02
1.595790397511837000e+02
1.587259458460464145e+02
1.556648680055459408e+02
1.592922566999884850e+02
1.586342846492971717e+02
1.614287603139095495e+02
1.596969619652717824e+02
1.558126043659807749e+02
1.578274734684418661e+02
1.574806423121156911e+02
1.612053606257060778e+02
1.600037723550930764e+02
1.600182660529207226e+02
1.577942595676671260e+02
1.589461721889472017e+02
1.596808325644713591e+02
1.605439557774525383e+02
1.624972528205742321e+02
1.569447169799253743e+02
1.574603975925381292e+02
1.611994245517967101e+02
1.564379909811136429e+02
1.596389895798672285e+02
1.615302505393282217e+02
1.595004093317434979e+02
1.632947199378862706e+02
1.587476926974446769e+02
1.580324242675265225e+02
1.548709214950403918e+02
1.607718248732714414e+02
1.590969369096161188e+02
1.628114080405178754e+02
1.602350534361995926e+02
1.584074828382725570e+02
1.557595696979455795e+02
1.641418028161023699e+02
1.593371866854872110e+02
1.577996980479162517e+02
1.590077476854808651e+02
1.569318565827719851e+02
1.564007028440442753e+02
1.582405324384524192e+02
1.636024727706848125e+02
1.598635984245774466e+02
1.550912707159203876e+02
1.580203695336463454e+02
1.589042381591268622e+02
1.621329574398443469e+02
1.626053587474073368e+02
1.567405204598159401e+02
1.620931015739055283e+02
1.599618990481397134e+02
1.613985828094708381e+02
1.585371497537973937e+02
1.560170854440225128e+02
1.616568683281146264e+02
1.589088541084456097e+02
1.600505017097035250e+02
1.586396490344775998e+02
1.591001293414591942e+02
1.619682504518845008e+02
1.602059464090552865e+02
1.558256988595125563e+02
1.616325317865280908e+02
1.606966102449233631e+02
1.630060343860255045e+02
1.567203520420411849e+02
1.593154773593475397e+02
1.577135125570369496e+02
1.604095286796404594e+02
1.599691234134857893e+02
1.561423731275978923e+02
1.582946566220203408e+02
1.634509750331802991e+02
1.609825040367099120e+02
1.561107653047953647e+02
1.614558239003863775e+02
1.605638216797729854e+02
1.551131484658131683e+02
1.610275293137762844e+02
1.537236834438713515e+02
1.530885231216660713e+02
1.552082156224571463e+02
1.589849762903236297e+02
1.585887639068862711e+02
1.577201731269111917e+02
1.554761323561334336e+02
1.588201061595132444e+02
1.547992667167912089e+02
1.585714935345544063e+02
1.654994154821493737e+02
1.621358076490367353e+02
1.587967232824922235e+02
1.579473663108941253e+02
1.585989174232552159e+02
1.590128731041060917e+02
1.601725373764988944e+02
1.619340299919852271e+02
1.600687476567364627e+02
1.593818992937613075e+02
1.618592465001203493e+02
1.595048713136467597e+02
1.586195269186218866e+02
1.583929720814869313e+02
1.630425307134114519e+02
1.616882229702349036e+02
1.619500708026939151e+02
1.576427213719868234e+02
1.568326987539941513e+02
1.593271559105177744e+02
1.597506555878312895e+02
1.591755241296714587e+02
1.612449492587648763e+02
1.605602072486382212e+02
1.596603335940064881e+02
1.587333869109817499e+02
1.596338314060553216e+02
1.591208175767838782e+02
1.604975895292678274e+02
1.609904016149733081e+02
1.618394049768163256e+02
1.584492445024789617e+02
1.612244262237305747e+02
1.579190844346757956e+02
1.610621084275213661e+02
1.614543098662756790e+02
1.610117767087306788e+02
1.536091611711075871e+02
1.550868747731030339e+02
1.595937057844849392e+02
1.637724258117385716e+02
1.619053844604863173e+02
1.598590050042470807e+02
1.587496734396906675e+02
1.617267300801711656e+02
1.592120220240846038e+02
1.614953098217245326e+02
1.570726669426857143e+02
1.639811853383288849e+02
1.592327435403169318e+02
1.587028091472649010e+02
1.591359131405214100e+02
1.583405313831484307e+02
1.592458695727766838e+02
1.578905856728201513e+02
1.586792158504074450e+02
1.613538292968332826e+02
1.591729152955759048e+02
1.609604477915770531e+02
1.591587494847606763e+02
1.589526263126852257e+02
1.537136479625103220e+02
1.592794325883149611e+02
1.583106758282835074e+02
1.619344198878158352e+02
1.584576352380035473e+02
1.599265704776717598e+02
1.583510138688958477e+02
1.619267019009107855e+02
1.585318353872396528e+02
1.582811523454649034e+02
1.596450462037303168e+02
1.643512143536057408e+02
1.620309244393903896e+02
1.595912951452674520e+02
1.598132234742848539e+02
1.644614973612981430e+02
1.620319214318380432e+02
1.586009992775843216e+02
1.589527185401696556e+02
1.629570270128028255e+02
1.592004218611977251e+02
1.634190419771016423e+02
1.616314580448224945e+02
1.598422434469160578e+02
1.560775073013172118e+02
1.576693048082006783e+02
1.636423016083044786e+02
1.557259346067140484e+02
1.625396113736676966e+02
1.552587763897209356e+02
1.569086213362257070e+02
1.580101925367723084e+02
1.633333657903808103e+02
1.578121830640255325e+02
1.596394249303105255e+02
1.638743487321066539e+02
1.553217209055432306e+02
1.588534804774803320e+02
1.609912428577900414e+02
1.566633047005302330e+02
1.575217127032283315e+02
1.583611244603713430e+02
1.586773975283595632e+02
1.570831087232271273e+02
1.615610929265350819e+02
1.597820563451116982e+02
1.574665743271161773e+02
1.571603039109608630e+02
1.565349861408949153e+02
1.577154242492096614e+02
1.604636385927492199e+02
1.590266629901034037e+02
1.609600332718779896e+02
1.575023610309660569e+02
1.549993224895491437e+02
1.602183458967458876e+02
1.598222663980555183e+02
1.588933535173201506e+02
1.611653471091182723e+02
1.631798956026686653e+02
1.594553048244125648e+02
1.588922358859105941e+02
1.636958745036996277e+02
1.588445876632562772e+02
1.606926794164207308e+02
1.558028289444236805e+02
1.579795925013216049e+02
1.597791946142199606e+02
1.576831260100342433e+02
1.639564431581565600e+02
1.591789290566683803e+02
1.610114257143692953e+02
1.590809054693948497e+02
1.577557549273749657e+02
1.584017510616789934e+02
1.637166552260214303e+02
1.594042204165851331e+02
1.632626665159889114e+02
1.620385088972710435e+02
1.589857993197466328e+02
1.564310969044222759e+02
1.586878083705543929e+02
1.552941928437166723e+02
1.601956837428214442e+02
1.563828211559339252e+02
1.614584990062706709e+02
1.579125823803873629e+02
1.617433395761067914e+02
1.591895301589298413e+02
1.564606802273062556e+02
1.596775210388459811e+02
1.607702339807387659e+02
1.585057182404373179e+02
1.617686624127365462e+02
1.570520116968407081e+02
1.616387834128711063e+02
1.575357847663308348e+02
1.622202564665589932e+02
1.603130693168000107e+02
1.621822104787727312e+02
