1.964567188719023250e+02
1.978563891331777711e+02
1.990384539250261184e+02
1.969922770155012586e+02
2.000928075339458019e+02
1.972797726805298737e+02
1.986180697606267813e+02
1.982886459237937800e+02
1.964794237318697867e+02
1.978079305365535845e+02
1.995244840007241578e+02
2.008532101303812567e+02
1.988927885647891003e+02
1.981404689201147562e+02
2.004558454940328716e+02
1.972640773360630249e+02
1.996522275671354123e+02
1.979369188238203208e+02
1.999600302126962390e+02
2.013900904286863636e+02
1.984277261876198395e+02
1.975194657453635898e+02
1.947202854916103263e+02
1.989820321014881870e+02
1.963838617208582491e+02
1.969478878666650417e+02
1.999468160385037834e+02
1.955400028026738255e+02
1.994683930420978868e+02
2.008736646417753491e+02
1.993435183982329022e+02
2.004803809522891243e+02
1.988278175580076095e+02
1.956562430083030222e+02
1.971127834303795794e+02
1.989273529790941666e+02
1.928886910794614948e+02
1.972004827447816808e+02
1.976903308913476849e+02
1.972321330859037687e+02
1.996545662879390477e+02
1.965467927629097460e+02
1.989211207824330643e+02
1.972442928329016922e+02
1.964428725953650883e+02
1.970967110918116418e+02
1.972016623680226246e+02
1.996273617845308763e+02
1.944524015858940515e+02
1.986729682671312105e+02
1.964302811543105634e+02
1.986932881062898844e+02
1.949952752019638069e+02
1.952295994969073831e+02
1.964302122156936434e+02
1.964178749728142748e+02
1.980228728325558052e+02
1.975331162751609497e+02
1.995455866688417359e+02
1.935404959024380673e+02
1.977576478091474712e+02
2.009781013089859130e+02
1.965441483777930785e+02
1.995222829268177236e+02
1.978331624614203577e+02
1.970983057132852423e+02
1.960762511141525124e+02
1.984540391934057766e+02
1.962500526644664660e+02
1.970369990557715880e+02
1.995909588762929161e+02
1.979188562706774235e+02
2.004530638956603639e+02
1.986670747701197399e+02
1.988613557140546959e+02
1.952785879308849246e+02
1.974062837868458757e+02
1.936148498311271737e+02
2.009016667231215365e+02
1.962969376274636772e+02
1.990164198987511384e+02
1.979555957260758419e+02
2.009288812847622694e+02
1.980037450946450690e+02
1.991481809298966823e+02
1.980135458988564494e+02
1.970480156666939422e+02
1.979718555292054418e+02
1.971261041930349620e+02
1.999385754562464683e+02
2.008338125430132948e+02
1.951805599087793723e+02
1.965318482646965492e+02
1.970499609017332432e+02
1.954543527824096714e+02
1.972160457637288289e+02
2.017742097745699539e+02
1.947259143380928208e+02
1.980415872529614205e+02
1.967212010496802748e+02
2.006944883006551095e+02
1.954342214651260008e+02
1.951001344685053880e+02
2.000111106634423948e+02
1.975216823009469351e+02
1.998607999035212401e+02
1.960937516836492591e+02
1.959309434651631250e+02
1.977721193211566231e+02
1.968624118552865809e+02
1.973979865980523414e+02
1.975245368900703227e+02
1.950286570518971700e+02
1.981643298443435697e+02
1.970567636122295880e+02
2.001269761135255862e+02
1.986271948454962626e+02
1.968804402013802530e+02
1.982254335659392837e+02
1.965027440050395739e+02
2.038293579242476312e+02
1.977544381196032930e+02
1.953906548483679728e+02
1.996495738439648164e+02
1.929665014639234073e+02
1.980632581500838398e+02
1.965681396379932266e+02
1.947139246514757360e+02
1.965065741551293286e+02
1.986424326269217033e+02
1.994798779036263454e+02
1.958831726450216593e+02
1.986521421136710330e+02
2.022601244930244206e+02
1.947605685901867787e+02
1.945392727572510978e+02
2.010637451422861375e+02
1.964784972173182211e+02
1.959160932934894390e+02
1.931826868002477511e+02
1.966413537474372504e+02
1.977104251027216435e+02
1.995014248170203928e+02
1.973517679778104537e+02
1.978313180153383257e+02
2.014616066385160025e+02
1.967027974884602202e+02
2.002095673690789113e+02
2.008427638782993370e+02
1.953846312538040024e+02
1.978910178861643772e+02
1.955802869931622183e+02
2.011542251217025239e+02
1.974658470049249388e+02
1.961426378161551156e+02
1.970317829397374680e+02
1.984333976605509804e+02
1.994709364988261200e+02
1.940022408411774393e+02
1.970860350612128400e+02
1.999705152446484817e+02
1.987662349217463600e+02
1.976635903664231364e+02
1.982255071591167166e+02
1.987175493872756249e+02
1.981636146087047621e+02
1.974332555117154016e+02
1.991914781331023505e+02
1.970903863042272235e+02
1.998761825235393417e+02
1.990031348132374660e+02
1.972062635304895366e+02
1.967273413972924061e+02
1.972224360473420006e+02
1.981666313411792544e+02
1.967347305795448733e+02
1.961144718440310157e+02
1.984073224395064585e+02
1.968996066889819190e+02
1.932379554605610394e+02
2.006723951021930361e+02
1.974143223684097563e+02
1.992438144630492900e+02
1.971606156595406389e+02
2.004894231314341084e+02
1.991091109648749296e+02
1.975265486736064702e+02
1.980269995157968026e+02
1.962732150223066014e+02
1.997078409654867812e+02
1.980323742933056224e+02
1.989657209889413139e+02
1.916126918193685640e+02
1.981940820428127097e+02
1.986804656386225645e+02
1.982088000428084626e+02
1.990156474992499511e+02
1.960916397882970443e+02
1.958543892801747290e+02
1.964613727836771204e+02
1.988372027071210937e+02
1.993608106633265891e+02
1.970637819870833880e+02
1.973812031457819387e+02
1.964391459153972903e+02
1.971115955313968300e+02
1.979898435840569562e+02
1.976236297208208157e+02
1.980128303032914232e+02
2.008910769657287574e+02
1.977194698229979224e+02
1.943128571686346220e+02
1.957523556310443951e+02
1.998527879880313662e+02
1.954130106635298034e+02
1.972279564767185889e+02
1.989937548884945500e+02
1.969673445147417965e+02
1.974146902187412991e+02
1.963418058035688034e+02
1.993916050796941590e+02
1.990801863674466290e+02
1.999496499015901634e+02
1.994807091569977047e+02
1.926793379754399211e+02
1.961496990083164746e+02
2.009707170910627667e+02
1.969832994448521788e+02
2.011058638831875385e+02
1.990919987140318312e+02
1.987081297690257315e+02
1.981946054927629177e+02
1.999111213309247432e+02
1.975702408538264194e+02
1.938636715441203933e+02
2.011056534941882887e+02
1.966563610537097873e+02
1.985769819246850716e+02
1.969672351494575366e+02
1.975935711729872821e+02
1.991838771073605869e+02
2.010607551582540680e+02
1.954085916381198444e+02
2.000663104985513598e+02
1.978590601689329844e+02
1.984250163923943830e+02
1.975004549689986106e+02
1.945370345649370165e+02
2.003527479832513336e+02
2.002262327512668207e+02
1.992381059536015471e+02
1.964901739922992192e+02
1.974664159845675897e+02
1.998744539647016438e+02
1.982669706302678776e+02
1.999154852831269693e+02
1.960798122078131200e+02
2.004771176517575668e+02
1.957645277998154825e+02
2.009106891831669088e+02
1.974814097306724250e+02
1.993190687801985348e+02
1.985032596747948901e+02
1.970321604140241902e+02
1.972339302442214830e+02
1.973927624987691729e+02
1.985014850077086237e+02
1.945907806213596700e+02
1.999366746852026324e+02
1.967802689445890962e+02
1.984197447069509224e+02
1.991742691728899501e+02
1.967271576772190258e+02
1.965618673976284754e+02
1.988347337944974527e+02
1.978770073457538103e+02
1.966238007258351388e+02
1.957331666033425392e+02
1.967786162960971410e+02
1.958741792015930798e+02
1.979453603288914962e+02
1.973863606791978498e+02
1.993960786234870284e+02
1.942284642490882618e+02
1.962347644005981238e+02
1.966105837528183997e+02
1.934025555334640956e+02
1.997297754937722516e+02
2.003532572187469043e+02
1.978170479578020888e+02
1.969912106894197450e+02
1.964636207222241921e+02
1.958582775019896758e+02
1.995789465412183574e+02
1.975709968355278647e+02
1.988304737291706203e+02
1.992710860327611329e+02
1.992425383555553822e+02
2.001560184802947902e+02
1.989244425313059708e+02
1.975448373388400114e+02
1.980790348901713287e+02
1.984333236986348084e+02
1.951061811727391841e+02
1.975671906708304846e+02
1.971920320331514347e+02
1.975272113577709092e+02
1.996588722729397034e+02
1.988328274038846075e+02
1.955948186114522684e+02
2.001789295591384246e+02
2.001463904586697424e+02
1.990273280927577275e+02
1.965604271761669111e+02
1.949821748700499313e+02
1.978247503138707373e+02
1.959519443290157312e+02
1.956825230374649891e+02
1.955457779193825729e+02
2.003948194177461062e+02
1.990594826306163441e+02
1.982040854865298343e+02
1.961062305783921431e+02
1.954267833249009243e+02
1.949861149157925126e+02
1.956207613274603716e+02
1.970755352524622026e+02
1.986684186152813538e+02
1.967299035025314708e+02
1.968879697908429023e+02
1.949605535061203057e+02
1.957550694146192143e+02
1.975231988644914907e+02
1.989890615642179341e+02
1.982909452446986052e+02
1.981458041969695216e+02
1.980284673198069640e+02
1.961669104219622852e+02
1.966690752159915121e+02
1.981301535506865150e+02
1.965741840260904780e+02
1.988001504611259804e+02
1.980146548576183250e+02
1.992110354419314149e+02
1.980451070474215953e+02
1.964646988598723567e+02
1.963002143989087358e+02
1.983917151203703497e+02
1.942381518118336032e+02
1.973617668571163790e+02
2.007123538024520144e+02
1.977220502168839857e+02
1.992390084783495752e+02
1.985718264471789212e+02
1.987964361706645491e+02
1.972187895559771675e+02
1.978024678274502719e+02
1.985742571221237540e+02
1.977096999792859151e+02
1.980284728742639970e+02
1.982591521091965490e+02
2.002079776182744695e+02
1.978760441368995657e+02
1.966097214851370154e+02
1.991884399465276942e+02
1.969919198666839861e+02
2.012104528611038461e+02
1.983916775072576968e+02
1.973222622212266231e+02
1.961481557629056738e+02
1.986191371418019287e+02
1.948560177514861778e+02
2.015140786460890752e+02
1.966439932607930245e+02
2.008273655612381390e+02
2.031869632402511456e+02
1.965249423944571276e+02
2.043246775365669521e+02
2.021797551317044679e+02
1.979442232520746074e+02
2.000251115565833686e+02
1.966925025301966627e+02
1.976202577079985190e+02
2.024083960869784846e+02
1.941614795596047429e+02
1.985239043424202237e+02
1.972360453432183647e+02
1.989723954113258344e+02
1.997405021637209188e+02
1.994381676692080418e+02
1.971452536253879941e+02
1.988337132494465038e+02
1.996315323077355117e+02
1.966360729299035484e+02
1.950808059364327391e+02
1.975626471662899064e+02
1.962039351265883909e+02
2.001885628156653070e+02
2.023242576774938470e+02
1.968532884694025711e+02
1.972623514347695846e+02
1.939856409672330244e+02
1.954358059433615153e+02
1.956433567505416420e+02
1.962774165879067141e+02
1.999496570552032608e+02
1.981002526494595770e+02
2.003170411018566028e+02
2.004718275013826201e+02
1.959547865434547873e+02
1.965908890899474954e+02
1.979664628350296027e+02
1.982884465248344839e+02
2.002912673741789433e+02
1.965656015280143833e+02
1.972197552327833137e+02
1.979504554607603097e+02
1.981413651579395889e+02
1.999282353498772125e+02
1.993890112235314405e+02
1.959926335769578145e+02
1.973384184033321844e+02
1.968825582534160787e+02
2.001829503594310324e+02
2.012782380184225417e+02
1.973109712046148445e+02
1.974359323820378336e+02
1.970608279650781753e+02
1.972808500274749690e+02
1.978218239283642106e+02
2.008793061759011209e+02
1.974445220314092921e+02
2.008111651888516178e+02
1.962254602234784500e+02
1.969254779627716232e+02
1.982773671964768880e+02
1.972483381223876506e+02
1.988655116906405169e+02
1.976708826671113854e+02
1.978804149108385673e+02
1.979870850979533827e+02
1.989609387639458191e+02
2.000590802718140822e+02
1.940626402354929780e+02
1.976048823172983759e+02
1.974425845258828645e+02
1.967691452094852025e+02
1.999522314163465353e+02
1.978113163716768668e+02
1.965483440322272202e+02
1.956001332472820593e+02
2.004964679756021440e+02
1.979778102332498406e+02
1.973551311713932250e+02
1.954679674156453757e+02
1.979934493011900827e+02
1.983095009061566998e+02
1.978719516528307736e+02
1.967361635687313708e+02
1.959875443668746584e+02
1.990155493089104937e+02
2.006943542909236839e+02
1.936207330230766388e+02
1.970610881005953274e+02
1.951229834770390426e+02
1.992159421005837316e+02
1.962611779059988351e+02
1.940356730730145500e+02
1.954472251418618214e+02
1.976923655270547044e+02
1.980058551986939221e+02
1.948882811173566267e+02
1.977015794797064530e+02
1.997992342542465565e+02
2.013142321758008109e+02
1.976757119886563885e+02
1.942942285317096776e+02
1.990310624968362276e+02
1.972757956532703361e+02
1.990348720178740791e+02
1.959377930237985197e+02
1.993992985700177485e+02
1.991547548007868045e+02
1.978354864581058905e+02
1.993650983760617521e+02
1.948152174690142999e+02
1.977708332681370109e+02
1.963379376316514708e+02
1.998772379706833249e+02
1.985808507831505665e+02
1.995875033985787752e+02
1.944887883131086141e+02
1.954384586305631331e+02
1.984629800025738007e+02
1.988695278601412895e+02
1.969244232175948923e+02
1.969801811685465509e+02
1.989818789372205856e+02
2.023498298362733863e+02
1.982402135669363190e+02
1.965039997487334347e+02
1.983563783917490184e+02
1.958133221538751627e+02
1.980173270360265860e+02
1.962537379355688643e+02
1.983146198703568359e+02
1.965198790579931654e+02
1.965942537129886318e+02
1.966510105463531204e+02
1.986486052623691876e+02
1.958905862885269471e+02
1.964475548151146427e+02
1.977394267745129355e+02
1.972493223516521823e+02
1.996560612519649567e+02
1.969183286507247317e+02
1.966858376911146706e+02
1.983667062459784631e+02
1.978982677344445449e+02
1.988867948480682060e+02
1.992309116715290145e+02
1.971069681465970405e+02
1.970993585798541972e+02
1.955651328724429163e+02
1.965425518417846433e+02
2.001022826120725142e+02
2.002099179696448061e+02
1.979757638730302745e+02
2.015411287519906125e+02
1.990146530486256040e+02
1.990665812504262249e+02
1.989835443766304195e+02
1.994615505577021111e+02
2.001203692556876206e+02
1.983220409746681412e+02
1.998272151441758240e+02
1.975780291566871654e+02
1.982961635804007017e+02
1.982032512677785405e+02
1.946452043967881309e+02
1.973219032497362093e+02
1.975910958427747914e+02
1.976054837297348854e+02
2.004012006472602252e+02
1.974431278669429446e+02
1.993092097486950252e+02
1.976953317516472168e+02
1.977319478584225578e+02
1.993996033574213413e+02
1.987474058488122068e+02
1.991284714885014182e+02
1.978792980453895893e+02
1.951460358920197677e+02
1.993892319860565578e+02
1.993332939541391795e+02
2.007793517221839465e+02
1.993517140673146741e+02
1.956020332703993176e+02
1.979047620908679335e+02
1.947402849726126703e+02
1.977076493257012544e+02
2.000732297563355075e+02
1.974422502537361197e+02
1.990282672618556035e+02
1.992280925357652848e+02
1.970164860095075596e+02
1.990026843509515118e+02
1.971845200400945828e+02
1.943590230747007865e+02
2.019363888741568758e+02
1.991799780402491535e+02
1.982301772318845678e+02
1.967536826859609675e+02
1.995185247094769920e+02
1.965572783426374599e+02
2.014688696085096637e+02
1.964115189947627869e+02
1.962648329557007116e+02
1.974538685020955882e+02
1.997141473791611759e+02
1.947973087454279266e+02
1.968403128319437769e+02
1.994222177432816352e+02
2.017351328376091999e+02
1.971628054830076451e+02
1.964442744916900665e+02
1.967915654701968151e+02
1.986525020178952445e+02
2.007000166369349756e+02
1.963982823794084993e+02
1.997893837876624161e+02
1.967869265153954359e+02
1.984847788756111413e+02
2.001738797355647250e+02
1.975982952799748489e+02
1.969573785676047635e+02
1.979357002532466367e+02
1.953768896966579973e+02
1.973168770929775917e+02
1.984276111423409645e+02
1.986770034208925324e+02
2.014462788606410868e+02
1.993349367927918934e+02
1.981130642898922360e+02
2.027849392648861340e+02
1.910979138602480987e+02
1.984511360921023027e+02
1.962585449697357092e+02
1.965267848721552753e+02
1.963186386391650160e+02
2.002349512633755353e+02
1.975457013671685615e+02
1.953829551636941915e+02
2.025641169797926295e+02
1.962687382128811748e+02
1.963068520353769202e+02
1.969858635117093399e+02
1.956957464316942605e+02
2.003907309748664716e+02
1.995526307182937558e+02
1.980248922468925343e+02
1.991101971871499074e+02
2.000247019684965437e+02
1.970081206176960791e+02
1.995271501596020869e+02
1.971857653112799937e+02
1.963748565952497245e+02
1.968273118913327551e+02
1.980635417111372476e+02
1.986859335323135554e+02
1.988090023981958439e+02
1.962321620065523007e+02
1.975271228093118623e+02
1.976337881151489455e+02
1.986483333154743036e+02
1.990827606343074194e+02
1.984453112889829924e+02
1.988472127016961792e+02
1.958545311948369090e+02
1.982755764316439979e+02
1.971227372835239464e+02
1.950612234826439817e+02
1.960358078825663597e+02
1.981816939410681186e+02
1.960284396122324324e+02
1.980053351714361725e+02
1.989962843856017116e+02
2.007773553267373359e+02
1.978105112983550669e+02
1.985023162654376563e+02
1.985837151894876627e+02
1.983792964908801366e+02
1.973561592022768707e+02
1.991368949253527489e+02
1.984482542211140697e+02
1.981687383418469892e+02
1.975245237369212816e+02
1.977082292032147848e+02
1.971665608609998515e+02
1.981626222952806984e+02
2.002184206988813457e+02
1.953410759939928312e+02
1.984514967968933092e+02
1.953139321215281257e+02
2.001632321653984263e+02
2.004335958677922065e+02
1.987340379183047787e+02
1.986398759797284868e+02
2.005250813080559169e+02
1.952321171357885987e+02
1.984343205803649823e+02
2.009190985183597604e+02
2.005205005202145969e+02
1.991803417844099613e+02
1.991735395976240568e+02
1.963864780077138903e+02
2.017180596067429121e+02
1.963625317585945993e+02
1.952463237187832306e+02
1.976500031734927632e+02
1.996534000094135308e+02
1.955761824542643126e+02
1.992130704249203461e+02
1.981505387757906078e+02
1.992881416492028563e+02
1.965566219858168893e+02
1.963303435683653788e+02
1.955620243772300739e+02
1.971443028140374452e+02
1.974705541432392124e+02
1.976980935483073836e+02
1.992644897993956761e+02
1.993890503726595966e+02
1.977530238056304768e+02
1.962942158867034834e+02
1.982154763221259657e+02
1.926486284023603730e+02
1.966646550466482779e+02
1.980140539468377767e+02
1.991923164997510582e+02
1.979085058720009442e+02
1.980398073554998462e+02
1.974207677532700416e+02
2.004677818927802946e+02
1.950855925066699115e+02
2.011199198731629281e+02
1.997932162203822202e+02
1.966828133803083176e+02
1.942786494166844022e+02
1.928801728607262760e+02
1.983685811815989268e+02
1.975155363304438083e+02
1.978688568125600966e+02
2.002230373056335964e+02
1.963236008546342362e+02
1.963076999107080667e+02
1.974543921722759023e+02
1.981892732005610185e+02
1.979581339716716570e+02
1.986935832201450864e+02
1.985609528120279492e+02
1.970885914352437283e+02
1.982161487105340711e+02
1.977194397643709181e+02
1.938229625163935168e+02
1.968588826540938612e+02
1.971435404646724123e+02
1.987295602840633251e+02
1.968053054673677877e+02
1.950824923651363179e+02
1.984997340281178708e+02
1.992783724404657164e+02
1.983799299218064789e+02
1.993576023611851724e+02
1.993009360433899531e+02
1.979863745062251326e+02
2.031860723593307512e+02
1.982273793215590558e+02
1.971571931337318517e+02
1.967355923142733900e+02
1.952998578506473280e+02
1.973018312550522637e+02
1.973273107447495534e+02
1.988011031929463002e+02
1.964222922506335465e+02
1.982040192562773200e+02
1.976558518359102550e+02
1.974021447671021292e+02
1.966109090336739200e+02
2.005649633400254288e+02
1.984599122007806216e+02
1.968465959333815647e+02
1.966493208363146437e+02
1.947742334055061519e+02
1.967045432210300362e+02
1.988443784448191138e+02
1.973041004887525958e+02
1.994413603488974047e+02
1.954545265707511987e+02
2.008760239400479861e+02
1.966576191307225656e+02
1.952345860310449268e+02
1.975155416409868110e+02
1.981730938377292262e+02
1.995947838091535687e+02
1.977471159217644754e+02
1.980736391600167394e+02
2.011153235705621114e+02
1.988918289678017004e+02
1.969092505730385199e+02
1.966999126805487776e+02
1.979335868093578767e+02
1.957833478428385092e+02
1.992209505056698617e+02
1.979324042279905314e+02
1.980408852573555407e+02
2.002807783100902554e+02
1.965626924151968353e+02
1.989604092585636010e+02
1.990947577068474459e+02
1.990876594364524124e+02
1.985669694511561261e+02
1.968531513389756356e+02
2.001402410578369881e+02
1.972313675114092462e+02
1.989304481313529607e+02
1.980283465907108393e+02
1.975101643602048114e+02
1.971655047110722307e+02
1.960852107629234240e+02
1.989004656382272742e+02
1.973863512576247672e+02
1.968810675478837311e+02
1.947186343201605609e+02
2.009857724525152491e+02
1.966524889344875930e+02
1.993772204002770820e+02
1.982228118884898720e+02
1.958704390569195084e+02
1.984150983663566308e+02
1.985555369120874332e+02
1.979507172287226240e+02
1.995352699161902876e+02
1.952385829406138100e+02
1.994503939448162555e+02
1.980620774737352576e+02
1.987244580044863653e+02
1.988812823871339219e+02
1.990448146568462562e+02
1.955270971509346225e+02
2.010914161208487201e+02
1.998686218825268668e+02
1.982298089401267589e+02
1.981889333548937771e+02
1.993846043114058375e+02
1.990905553576789941e+02
1.962990808668418197e+02
1.954757511078314849e+02
1.966828048162012408e+02
1.959634099226412332e+02
1.998648155505350985e+02
1.972731225686494838e+02
1.989608175468169975e+02
1.990603754768728777e+02
1.985694500676556800e+02
1.968106679890686337e+02
1.971808296352220395e+02
1.976439026851630842e+02
1.992767173510240184e+02
1.999271082003977256e+02
1.964042536229735560e+02
1.995725133342136530e+02
1.999243816825380406e+02
1.985350910952740264e+02
1.966153430186534194e+02
1.987967628046371544e+02
1.998996554428054537e+02
1.966169908554747110e+02
1.992722581880707935e+02
1.952286762790910473e+02
2.001325906837080026e+02
1.972339126805417209e+02
2.000062305858801608e+02
1.999555257679219267e+02
1.979233544674740699e+02
1.950524358759001586e+02
1.972836669283744300e+02
1.975062093502496623e+02
2.009299172724926450e+02
2.012016896894562592e+02
1.969344816738164354e+02
1.990649800667901843e+02
1.975654771251356578e+02
1.992160071636747318e+02
1.979932456245868480e+02
1.984210553184001071e+02
1.983769964940300952e+02
1.991747266817152138e+02
1.948212041905116507e+02
1.961651804476595089e+02
1.984973653491858556e+02
2.003817913520449281e+02
1.979304216999085781e+02
1.974538268870078923e+02
1.981293830250784538e+02
1.979532069447793390e+02
1.979153132865845635e+02
1.963473921569351148e+02
1.998671188420294129e+02
1.984602812437524335e+02
1.982812587229292660e+02
1.962944177309332190e+02
1.971444466200690044e+02
1.960520931038633137e+02
1.966886169745993982e+02
2.008961928089696585e+02
1.992501295235505836e+02
1.965963894410674015e+02
1.972317210007955737e+02
1.956999484194488161e+02
1.953321917880009551e+02
1.973291812757469188e+02
1.995084323931664017e+02
1.991465116922127834e+02
1.973843683331415662e+02
1.994185256198432796e+02
1.927078579896703445e+02
1.982949566882518866e+02
1.974098237297912704e+02
1.976086201236805948e+02
1.981900937363811579e+02
1.939267465901889693e+02
1.964118576926713331e+02
2.006998976480346641e+02
1.985457945132227167e+02
1.991103833630395457e+02
1.977623963085588912e+02
1.985565391016499177e+02
2.004423849154576942e+02
1.941496212733003972e+02
1.980396434308215419e+02
1.956056557898150174e+02
1.993368071978092644e+02
1.948485382629717151e+02
1.972303858795393126e+02
1.978579017164738616e+02
1.962298840363843624e+02
2.009660887190844960e+02
1.956012562707297207e+02
1.961119965598101942e+02
1.983590993647933658e+02
1.996090441001824729e+02
1.978757804125141320e+02
1.940906134006608852e+02
2.006634058696890293e+02
1.962624855268082342e+02
1.991060907469266112e+02
2.005879313431600224e+02
1.975831248500116430e+02
1.981965134470274563e+02
2.007043496434413328e+02
1.975518900074865201e+02
1.969742048764480842e+02
1.990798209051725962e+02
1.979913639870858333e+02
1.974900254818877272e+02
1.974933372002957697e+02
1.991026648878238348e+02
1.981163241560685435e+02
1.986294493374281842e+02
1.986363733540114254e+02
1.989675113398959070e+02
1.966010181934828722e+02
1.945500019775217595e+02
1.998812249025453127e+02
1.974273470111255051e+02
1.978183257690064067e+02
1.955571293705054643e+02
1.992978047073140431e+02
2.008735901794009351e+02
1.973615625138704388e+02
1.955722383122091799e+02
1.993715975390989854e+02
1.981483580107761497e+02
1.992413357662117903e+02
1.978664171511447876e+02
1.976238375720845113e+02
1.987437182948799261e+02
1.966081292147293880e+02
1.979963351435538925e+02
1.948947931586319839e+02
1.972365356747568796e+02
1.993112620444486822e+02
2.000015183783549446e+02
1.974358659014197031e+02
1.979417546805857455e+02
1.976216505532142946e+02
1.998731344126186968e+02
1.958304499348616616e+02
2.001744383137296950e+02
2.006849611163674751e+02
1.982235554924114354e+02
1.985935018934025322e+02
1.973493083250173186e+02
1.989021862687803832e+02
1.987722142618559076e+02
2.002584914216855623e+02
1.970758239894307167e+02
1.982776887620385935e+02
1.994905036379574881e+02
1.969808722974497641e+02
1.989921516736157230e+02
1.982363237469550086e+02
1.961346911675705371e+02
2.013753318156394130e+02
1.970958543445153737e+02
1.940321386734519251e+02
1.988097480520304146e+02
2.006457369575639689e+02
1.992273074515545659e+02
1.967636379216027365e+02
1.963044014334682288e+02
1.992361811317825584e+02
1.990756210130605268e+02
1.966774539271096955e+02
1.962489820357076269e+02
1.964035070104801832e+02
1.980957109190692051e+02
1.979524474011348332e+02
1.980762916596270315e+02
2.005515574253919340e+02
1.977268199026122772e+02
1.985509823036606178e+02
1.995884726130807394e+02
1.967393509244572840e+02
1.949775781019207841e+02
1.983093254833565595e+02
2.006542282055459054e+02
1.985615325082603988e+02
2.004500558124336465e+02
