1.069655515687893512e+02
1.017607794744559868e+02
1.039033890183832227e+02
1.019447541134821762e+02
1.035639713471129681e+02
1.043690499418709834e+02
1.099934771715634270e+02
1.088028267444372545e+02
1.120152234850909707e+02
1.063493166828929049e+02
1.090027676522966686e+02
1.088095753529358234e+02
1.068430910146099677e+02
1.144299982823809074e+02
1.052292471589732941e+02
1.066857783405817628e+02
1.085775500079718796e+02
1.064082925008490434e+02
1.114977724129135908e+02
1.092152168145608471e+02
1.040197018545307515e+02
1.062859345741526482e+02
1.046788631136972612e+02
1.066300885702030001e+02
1.040484916222603999e+02
1.101701271144683432e+02
1.057504121139929225e+02
1.073169437313217998e+02
1.035257207608686656e+02
1.022988858384948259e+02
1.094361920944506608e+02
1.103267368439746008e+02
1.032790841221086851e+02
1.026123648016235137e+02
1.093055680539093260e+02
1.068039566916256007e+02
1.016451186654428653e+02
1.061602756198478801e+02
1.044195142445552165e+02
1.106716294339317699e+02
1.095769568371496092e+02
1.142270954485933601e+02
1.074045090769055264e+02
1.040814515219613128e+02
1.058580058002542046e+02
1.091243803329427067e+02
1.123273717806472263e+02
1.096629731724854082e+02
1.078787338663069590e+02
1.031240638070948847e+02
1.013747393210887253e+02
1.032915891067503082e+02
1.092303195871747477e+02
1.080734224918445534e+02
1.025492720760391308e+02
1.030284326987042220e+02
1.096126174031234655e+02
1.005651066735039478e+02
1.053566647350550625e+02
1.047939555883785374e+02
1.083715351201355759e+02
1.135869045054643038e+02
1.067004124583027220e+02
1.088295232641400503e+02
1.087890772411529241e+02
1.074652853003449593e+02
1.033548438979745612e+02
1.055571078490775250e+02
1.060305617780703784e+02
1.050220993785166144e+02
1.069013253498579985e+02
1.041716766495102178e+02
1.078330706455976156e+02
1.008590609473282171e+02
1.082923362391278346e+02
1.050344990254739344e+02
1.144964412419960951e+02
1.075822140961772533e+02
1.029518276469822951e+02
1.025339960215505073e+02
1.061957981174953858e+02
1.106897432307665383e+02
1.043493485497750726e+02
1.040163380751107951e+02
1.047806096347080711e+02
1.083758973023434748e+02
1.059396321157279743e+02
1.085266921504225479e+02
1.065023704589038971e+02
1.058425184756513602e+02
1.005329692032792082e+02
1.110012075746661537e+02
1.050812763112942889e+02
1.077059867530545318e+02
1.147217811684555642e+02
1.059727333891096208e+02
1.042261056008190820e+02
1.104637618165819362e+02
1.057214378898889322e+02
1.054958608968366036e+02
1.119749811471768624e+02
1.074793144252204655e+02
1.131261568020337194e+02
1.113812533188509661e+02
1.123179197688560862e+02
1.056350623654481069e+02
1.087551661869618727e+02
1.071157109767511599e+02
1.071009125346655253e+02
1.090744103890871770e+02
1.043390339875006276e+02
9.660167968923454396e+01
1.032998654387410369e+02
1.096763346642580359e+02
1.063916590439658592e+02
1.131150804129351712e+02
1.067977196768211599e+02
1.120651515566276686e+02
1.078049341136891144e+02
1.061414176392976572e+02
1.049904136726916448e+02
1.091900545489365584e+02
1.049989803638267460e+02
1.063678940862388060e+02
1.039847029799523028e+02
1.015498592275583860e+02
1.068553877631103290e+02
1.087696754938680357e+02
1.046463585724211782e+02
1.076609705257847196e+02
1.032408034155428425e+02
1.026028939952229564e+02
1.038363412309900013e+02
1.061806942596447243e+02
1.090109205441275009e+02
1.088005234638323770e+02
1.096271040442716611e+02
1.098130270030870577e+02
1.055074368145884733e+02
1.038184529616222846e+02
1.027498685894122730e+02
1.129345386064464094e+02
1.074034852894314724e+02
1.047167798925203215e+02
1.025502043837679906e+02
1.065772250445386078e+02
1.069912330065019859e+02
1.065219632080578123e+02
1.040528893823902337e+02
1.051992454391531879e+02
1.107884913509239055e+02
1.019601629264827807e+02
1.078956601638420665e+02
1.099340562517042912e+02
1.056923762482591513e+02
1.025711404562980533e+02
1.026600194458947044e+02
1.074185595321429929e+02
1.059030567610438140e+02
1.081996068114492573e+02
1.063460839991113431e+02
1.052245944246049163e+02
1.101646058602481304e+02
1.066670427252382467e+02
1.112773034854814256e+02
1.110714646068137483e+02
1.008241204661702000e+02
1.021207411471111897e+02
1.118984403168032173e+02
1.052947465656365011e+02
1.053811830770354305e+02
1.120190677298144522e+02
1.069965886090317042e+02
1.035169130116193088e+02
1.023187904013479255e+02
1.008044732124801186e+02
1.032430581517933064e+02
9.818865326453602904e+01
1.113786323235854496e+02
1.055981090164083298e+02
1.069691707833240031e+02
1.063340102912406735e+02
1.090773944185229567e+02
1.068176634820994906e+02
1.009746316508501707e+02
1.104984787395320893e+02
1.078442480904414964e+02
9.631007491422884925e+01
1.041506202223708470e+02
1.078611433321981394e+02
1.056319309053741762e+02
1.069756764204798429e+02
1.118330523057201020e+02
1.055262708917983048e+02
1.082831956500009625e+02
1.041070863426850366e+02
9.713282782038757546e+01
1.042347480652839664e+02
1.039140315780919650e+02
1.038706345859805964e+02
1.116111494378965858e+02
1.067205426928390182e+02
1.041185175302910153e+02
1.052180256413559505e+02
1.043626214242463845e+02
1.016767860855842684e+02
1.080609949118789217e+02
1.081055174021554564e+02
1.047474487096340425e+02
1.058550767110824893e+02
1.055146526159832945e+02
1.110821336770333829e+02
1.076950153867773707e+02
1.084709015496947444e+02
9.660502183835700407e+01
1.055795225356498435e+02
1.151778380070206538e+02
1.013185185320063511e+02
1.039432977478967217e+02
1.057566707957601437e+02
1.161336747683873654e+02
1.015000116991875672e+02
1.112057626652550510e+02
1.036744251982252507e+02
1.010330315147201929e+02
1.073129059298487391e+02
1.094781198559489894e+02
1.088523648889847095e+02
1.030715296936458145e+02
1.079110719042839435e+02
1.080675855096437203e+02
1.087018299440648548e+02
1.042293478330276884e+02
1.066911532113114589e+02
9.900897940392997043e+01
1.030484180926168278e+02
1.037845363936909422e+02
1.086851361495937311e+02
1.044784086860690593e+02
1.113459135915824021e+02
1.072551361444193816e+02
1.105010896876669619e+02
1.075621757001779031e+02
1.091132659212187406e+02
1.059660381628659991e+02
9.978086172875578086e+01
1.097976527569466754e+02
1.058403514232397100e+02
1.093742152042194107e+02
1.104643790291528092e+02
1.030049126459022659e+02
9.958905458332942828e+01
1.106021066675781981e+02
1.075506703105178730e+02
1.010765226594936337e+02
1.080140276962358854e+02
1.029605725274352039e+02
9.832271073736427525e+01
1.074708512677681682e+02
1.069461705220658700e+02
1.038784486823369662e+02
1.020092525731204063e+02
1.064590852776760102e+02
1.122217802488914060e+02
1.051477607330717632e+02
1.101042211366672774e+02
1.148232438438268446e+02
1.060721503152218474e+02
1.068175067404580005e+02
1.028109996404034234e+02
1.047017852817846233e+02
1.117184011656330682e+02
1.123336969602980133e+02
1.086722529622591509e+02
9.990109525675680402e+01
1.130726419880182334e+02
9.608288685757646874e+01
1.110328900613053236e+02
9.716234364891253961e+01
1.089838505932748802e+02
1.000194365195960984e+02
1.122033918871495217e+02
1.040028552692848223e+02
1.070841337505720929e+02
1.109815717498747745e+02
9.944278966926665930e+01
1.061248653523419136e+02
1.098255320853519095e+02
1.041641332941793792e+02
1.074888688619503228e+02
1.092622875141418604e+02
1.077991485147623081e+02
1.022689512820213196e+02
1.090567783808757412e+02
1.093683243340179416e+02
1.040858420052565521e+02
1.012599358706456059e+02
1.016922918962372933e+02
9.974993179913246877e+01
1.061648449606182965e+02
1.011653438168442278e+02
1.129806310550169002e+02
1.015238689616349745e+02
1.092666717689104559e+02
1.079726533345593111e+02
1.010481268642161155e+02
1.136968351807605302e+02
1.128993393844760504e+02
1.081446492776306059e+02
1.116969967746089196e+02
1.105256571595314767e+02
1.039551772965573520e+02
1.025396941217007338e+02
1.024187291994129936e+02
1.063685520601335099e+02
1.051822805737765805e+02
1.087319032950422439e+02
1.087471229796073402e+02
1.045401824260716239e+02
1.089625097789414809e+02
1.100028100484423561e+02
1.092836114460297523e+02
1.008925697016990171e+02
1.090483496909293279e+02
1.036646410207478368e+02
1.116197192106397154e+02
1.093469495597660881e+02
1.094478124358251279e+02
1.096442068797070561e+02
1.081009280237654622e+02
1.079246132910184031e+02
1.004745631168181887e+02
1.081988623486450223e+02
9.689297185088868503e+01
1.063103511204971028e+02
1.085988613300365984e+02
1.054201600081144079e+02
1.132929930587798708e+02
1.041677528462866889e+02
1.116233485576536566e+02
1.063886806014314601e+02
1.142258146326718560e+02
1.021564153580185490e+02
1.057887391779494664e+02
1.049893547920807180e+02
1.085397699822674156e+02
1.030575707050086010e+02
1.008147889882126691e+02
1.090017891751844559e+02
1.013837460374108872e+02
1.041739693262754827e+02
1.089888641600257131e+02
1.121628434900934934e+02
1.036227457973793094e+02
1.061854793541583035e+02
9.993852871051618081e+01
1.113323172874795262e+02
1.045119421675296252e+02
1.110853820771103102e+02
1.014475958199236061e+02
1.056232642406005482e+02
1.060689728291939531e+02
1.047414812688578820e+02
1.054597375102221974e+02
1.045354785208644728e+02
1.030561466205340651e+02
1.052639003549620753e+02
1.137158691599642708e+02
1.119986315901972063e+02
1.047850353584706511e+02
1.094604602027852138e+02
1.046781534440693946e+02
1.076007847938478790e+02
1.097383341683152054e+02
1.006673433615217164e+02
1.028604852368340943e+02
1.056077669845679736e+02
1.062553802585433118e+02
1.035061536268660944e+02
1.035805520115687841e+02
1.042229233012727860e+02
1.097364736137215147e+02
1.052358390647674327e+02
9.801381294948403422e+01
1.080087509472366776e+02
1.052726194648753335e+02
1.038328566844029268e+02
1.032656104119897549e+02
1.153546888819382872e+02
1.093073234035546477e+02
1.103511828896598246e+02
1.021279242737678032e+02
1.047676523302546627e+02
1.022270916352331085e+02
1.124028759115603719e+02
1.047667600801463124e+02
1.001990336441995595e+02
9.984140099166619109e+01
1.081625757307283209e+02
1.067451329800964288e+02
1.059785776008075970e+02
1.088615852923791039e+02
1.120585412706502950e+02
1.004053787966774962e+02
1.090258030972670724e+02
1.090326538190820429e+02
1.071523778126071562e+02
1.064422399845981460e+02
1.102683475868969936e+02
1.041722433968867563e+02
1.120687976739556575e+02
1.064955590151791398e+02
1.072481366282154767e+02
1.069446033919756900e+02
1.064168017458881366e+02
1.052355172203301663e+02
1.119919328447408873e+02
1.026891409697928594e+02
1.137078344175990168e+02
1.083116435317196675e+02
1.073758428669405163e+02
1.070795933475960737e+02
1.089674894354167236e+02
1.092026266274169899e+02
1.037353057637118354e+02
1.031716678497509605e+02
1.060478748109352125e+02
1.042733775238786222e+02
1.057259532877256447e+02
1.049546568734417349e+02
9.860491503399168778e+01
1.088896864023642621e+02
1.050869413851726932e+02
1.073155483653076203e+02
1.079734940776290415e+02
1.043500454429027400e+02
1.122772554330540800e+02
1.121233522160985530e+02
1.069848864577177352e+02
1.076951217246631813e+02
9.897535400680580153e+01
1.114990723182784507e+02
1.098269074703272992e+02
1.037636653566484171e+02
1.096916335749853033e+02
1.078371127737403157e+02
1.099096038667511408e+02
1.023309195058006793e+02
1.049387449879360048e+02
1.089970928447528706e+02
1.096827454391543597e+02
1.084347684539761616e+02
9.734597173781624235e+01
1.102705683690428771e+02
1.071086971330523880e+02
1.064084464489267816e+02
1.089910489195119823e+02
1.049917174181659476e+02
1.015581546435707452e+02
1.069807960179091992e+02
1.089283121555992864e+02
1.007305879840880039e+02
1.098999058233317356e+02
1.042788344204916058e+02
1.096554503856733618e+02
1.101931412939311343e+02
1.059674997816318296e+02
1.100951746505912467e+02
1.116982672443709674e+02
1.053657583783816420e+02
9.897712476875976506e+01
1.019063173946771457e+02
1.091585690407661104e+02
1.070576369142617636e+02
1.052500822300718966e+02
1.117711527499421180e+02
1.055054216393831581e+02
1.012980383064306977e+02
1.110306511211646949e+02
1.070181221136917600e+02
1.073183435318357652e+02
1.095785055402184156e+02
1.075097903988842631e+02
1.037924077575634243e+02
1.067328347205322387e+02
1.053478865734206806e+02
1.065009435739290637e+02
1.087066116963523115e+02
1.065624036535553500e+02
1.082843547577062253e+02
1.134114393668345713e+02
1.056638065069379309e+02
1.164332111979497881e+02
1.088165493235535024e+02
1.037661952809733350e+02
1.093749857672895871e+02
1.090381303835773537e+02
1.062488341152069751e+02
1.077608153380483458e+02
1.078499752713718323e+02
1.101880641985272149e+02
1.055443817460570557e+02
1.066970425313325137e+02
1.053710998347079624e+02
1.134665126600626195e+02
1.067147523793129409e+02
1.003923856476743026e+02
1.025788214910002125e+02
1.052838380627803900e+02
1.092862010949615126e+02
1.058835534763451562e+02
1.020594587670830151e+02
9.975318825899012154e+01
1.053798136249993576e+02
1.084179127901091277e+02
1.062720420909287071e+02
1.123167583574605572e+02
1.132766638646554043e+02
1.036970297798671936e+02
1.133889293665689308e+02
1.029148696769005511e+02
1.045484521835973624e+02
1.090945576710685145e+02
1.036373040368114289e+02
1.079953943186004750e+02
1.114918633851621053e+02
1.020503362182317062e+02
1.082852621942061546e+02
1.027397715961703568e+02
1.090809118376397606e+02
1.080581547961713085e+02
1.118570729139094624e+02
1.155238079769809616e+02
1.095083227264508992e+02
1.118027795275904737e+02
1.087608718427017465e+02
1.055214640521227523e+02
1.058273535409983879e+02
1.077955269007496923e+02
1.068573326116098912e+02
1.089437498921545284e+02
1.115576414240541681e+02
1.104993670418398750e+02
1.100235530286027910e+02
1.018654430093449719e+02
1.087980944130115972e+02
1.050921499326422861e+02
1.119607953146810360e+02
1.051305884062405198e+02
1.070866380124420374e+02
1.112622722845964915e+02
1.018435940378598872e+02
1.101274801413828897e+02
1.136172245310503257e+02
1.080345563535167770e+02
1.081375859665439521e+02
1.070746815174677806e+02
1.008597913990813026e+02
1.117265899252623598e+02
1.037737121911989249e+02
1.028970354431549765e+02
1.040157211737469964e+02
1.053721498226247490e+02
1.038087384496049879e+02
1.022618932952537278e+02
1.040463939508306339e+02
1.016280502469365956e+02
1.059954871913846546e+02
1.087819983579910286e+02
1.093431604163413340e+02
1.139472495673987567e+02
1.035654435271338230e+02
1.122081854847621116e+02
1.062939150219782363e+02
1.033389519259044249e+02
1.053543484369643011e+02
1.038737878627911897e+02
1.114404066149666193e+02
1.044914853838289588e+02
9.978325626832722151e+01
1.087381010845042510e+02
1.071361797346515061e+02
1.076209412923181930e+02
9.814311295966402326e+01
1.091886194480673140e+02
1.053235771742795919e+02
1.126885416468294352e+02
1.074325987590709417e+02
9.879298646210467894e+01
1.106601789179433695e+02
1.077605397166922927e+02
1.147899098499126040e+02
1.059828418160086159e+02
1.088237107567893815e+02
1.098398882855667011e+02
1.086606305213655048e+02
1.054421776830960340e+02
1.125821765806190911e+02
1.023356989157590391e+02
1.030792521504031214e+02
1.082738487058123127e+02
1.124693100852651924e+02
1.010738660460073106e+02
1.090399487126800153e+02
1.095249553930258770e+02
1.160384756684423735e+02
1.072775865481840896e+02
1.067542708063773773e+02
1.054990282353689111e+02
1.060940321976302556e+02
1.089440151988137444e+02
1.058562095814848902e+02
1.092126819456335625e+02
1.034417306499524045e+02
1.047084519074872873e+02
1.071997556425151856e+02
1.036007456930749839e+02
1.099069038297311920e+02
1.107474606233725041e+02
1.047393589655572583e+02
1.094438836406301334e+02
1.045191938059326304e+02
1.105277046023155378e+02
1.117969019363603422e+02
1.134558922760798225e+02
1.080264404391034674e+02
1.046679575949688825e+02
1.037763567187447649e+02
1.047982421187887638e+02
1.064255925290102738e+02
1.074069105331929848e+02
1.033330652231178135e+02
1.044648198051874601e+02
1.114845037381949169e+02
1.095617681079796597e+02
1.013130559341899186e+02
9.803941160526065346e+01
1.128646460787954595e+02
1.024858992698820543e+02
1.101035506609835011e+02
1.131319004753104025e+02
1.058142494814808572e+02
1.084530881739673305e+02
1.038634785443894941e+02
1.123240628924497742e+02
9.726322301864504993e+01
1.147417508453846011e+02
1.097354576887870223e+02
1.073161035869218409e+02
1.085365407964559523e+02
1.086951093946733380e+02
1.127935014513465006e+02
1.071194784086717533e+02
1.073410982565709020e+02
1.055950397015078153e+02
1.062592593591005112e+02
1.061663715612119461e+02
1.113115697695639312e+02
1.060264348116028685e+02
1.057903596985072596e+02
1.085297578238765226e+02
1.016346520037228913e+02
1.105785419533729339e+02
1.113098418749084288e+02
1.035994519047150675e+02
1.158670171051000466e+02
1.044716020101038083e+02
1.115949703710269318e+02
1.052966212933680055e+02
1.070174034989485392e+02
1.064144729551968709e+02
1.065647947856340494e+02
1.085561830132686225e+02
1.030437565105273734e+02
1.049776439800128998e+02
1.072127833374041614e+02
1.129533152748397953e+02
1.044276473812996073e+02
1.044930195445509185e+02
1.037232248060363560e+02
1.141335249994315717e+02
1.061829005677068523e+02
1.133481546201238928e+02
1.055846052291139046e+02
1.033813231808203739e+02
1.068187260392965214e+02
1.102390284290852094e+02
1.085675981965416241e+02
1.077040591046929308e+02
1.114148308107471905e+02
1.111226949507502013e+02
1.090201920123756452e+02
1.035647217936667346e+02
1.026022098638661646e+02
1.145807646469091026e+02
1.076453387313004981e+02
1.024232981891055232e+02
1.066035674797211215e+02
1.066680915652026584e+02
1.127795630926541008e+02
9.868311635653708436e+01
1.071316639740817322e+02
1.051959114749217434e+02
1.099004488790804288e+02
1.029347073710199254e+02
1.078757330346755765e+02
1.103495914912909512e+02
1.038640269480324179e+02
1.034391966905309630e+02
1.046270469910811869e+02
1.147815618294221025e+02
1.098408829731748284e+02
1.112423204632634679e+02
1.044525834617195414e+02
1.080099861999214568e+02
1.097996340691322814e+02
1.098086659739554278e+02
1.063417390864644290e+02
1.105054482663894930e+02
1.079563572869736561e+02
1.079411446842570115e+02
1.067451815726830091e+02
1.037431592711153598e+02
1.081549332186511236e+02
1.027762498208230824e+02
1.098035954616421463e+02
1.083143063581671584e+02
1.020100767882194219e+02
1.032652179814319027e+02
1.033769500577806895e+02
1.120926213206052466e+02
1.066367726291320963e+02
1.069733100205309171e+02
1.023765512949677685e+02
1.112331597284758686e+02
1.073212892129471925e+02
1.024774420428760919e+02
1.089946152090956133e+02
1.075973279757464667e+02
1.071106297477584377e+02
1.038746023516439010e+02
1.125739713675189506e+02
9.745157155658237969e+01
1.072642315929945056e+02
1.089906008493794900e+02
1.067357624443790627e+02
1.078949568656565532e+02
1.011912780689000755e+02
1.063823422464130743e+02
1.046066816551022072e+02
1.061762395935700738e+02
1.081337933421045818e+02
1.070738235091793484e+02
1.128517242415501158e+02
1.073868364393746191e+02
1.047147129381872901e+02
1.076823976324912735e+02
1.088774572108990952e+02
1.051431160990096174e+02
1.036585760359287747e+02
1.086656674111758889e+02
1.074589927766053563e+02
1.033434982256959671e+02
9.793333425347501020e+01
9.958389580806492347e+01
1.080814677249360471e+02
1.083994706048788572e+02
1.123066245793403510e+02
1.045715338046291976e+02
1.021590053854341278e+02
1.047925720726154140e+02
9.996178009366109052e+01
1.104913955677720310e+02
1.094563063431800174e+02
1.093497022649420529e+02
1.104481335098882511e+02
1.063238890121581761e+02
1.085681191215308274e+02
1.125915490491952795e+02
1.057385171917223374e+02
1.005857215283956521e+02
1.113600717206385866e+02
1.131027827947371520e+02
1.041132078392846978e+02
1.071677980038664657e+02
1.037364103982021248e+02
1.087255166555681285e+02
1.080455737642809453e+02
1.063977930599724715e+02
1.110547051040909423e+02
1.088410532597184783e+02
1.049526684495948672e+02
1.081513578192809746e+02
1.144157881918555972e+02
1.107363440789104914e+02
1.097064083427554806e+02
1.103070056973205624e+02
1.114139152103665538e+02
1.081332626232022562e+02
1.079811399769417761e+02
1.085014160376388048e+02
1.054331803527611697e+02
1.042785903050075547e+02
1.059380918550861566e+02
1.115797169660159085e+02
1.041048102578696586e+02
1.047906081407572287e+02
1.019293440567865190e+02
1.062009431961582067e+02
1.064850134471576695e+02
1.088400087849479405e+02
1.084479930865041837e+02
1.056852034787136745e+02
1.053277159748771794e+02
1.111394558153274232e+02
1.063877686851527784e+02
1.069362137130819548e+02
1.074288472714052034e+02
1.072614238341227804e+02
1.087511410529497624e+02
9.911200842296294411e+01
1.072141190343189123e+02
1.033158552048132748e+02
1.083466147242315287e+02
1.090787753139362906e+02
1.090173887631026304e+02
1.133754690548884128e+02
1.099970381812878202e+02
1.030644949602058773e+02
1.084302245792497530e+02
1.070274092844683622e+02
1.014645565344431333e+02
1.042185002635619639e+02
1.070888644586064800e+02
1.055150329717195206e+02
1.057254542877026466e+02
1.097625139143973456e+02
1.020733774510666194e+02
1.023700728728406801e+02
1.069537016871669408e+02
1.025366671543486206e+02
1.061938275234112155e+02
9.437974371768672199e+01
1.141228465020905674e+02
1.055971777670385023e+02
1.203418814977821967e+02
1.057310802064153421e+02
1.050451113695525862e+02
1.048936800848676540e+02
1.038150106497375020e+02
1.040410106660502692e+02
1.065447665839383404e+02
1.012355200592526359e+02
1.073964026650879902e+02
1.101374538327860222e+02
1.065042015935910911e+02
1.015597143859337734e+02
1.068993966974641552e+02
1.042725602558171971e+02
1.043423285567173338e+02
1.067678800112110480e+02
1.024467214343608674e+02
1.167515015793636053e+02
1.096311954466412857e+02
1.096998007932239432e+02
1.096842603674584069e+02
1.142181882765780472e+02
1.061398847305844413e+02
1.062882026510270776e+02
1.107663400655677322e+02
1.046335191626612584e+02
1.093359150945614431e+02
1.045225972740096836e+02
1.003184319344878048e+02
1.050250059437254038e+02
1.112137403461581755e+02
1.091162943632964897e+02
1.078997704825347341e+02
1.081527812842527680e+02
1.064243643369775469e+02
1.113514552475124901e+02
9.946515098678484890e+01
1.062719873394523233e+02
1.105442164426192164e+02
1.041404943160078744e+02
1.083691618418729661e+02
1.021402815588954240e+02
1.049568228227432343e+02
1.056011066454710488e+02
1.058951095490859871e+02
1.120519853815629574e+02
9.986976044593089341e+01
1.062713182897099387e+02
1.138343389299193262e+02
1.033971367591581725e+02
1.076609758015026443e+02
1.055357624476071692e+02
1.050153779871959188e+02
1.056690828584851971e+02
1.057629156197802160e+02
1.040439338702075673e+02
1.112956260579954915e+02
1.084243348301575054e+02
1.066807807587381376e+02
1.015999981637993272e+02
1.069551240185549545e+02
1.058541961999722218e+02
1.063570482312474041e+02
1.061861909933982702e+02
1.062993530573613157e+02
1.055050736059696703e+02
1.056468880943792925e+02
1.064424506904676235e+02
1.006611724282797411e+02
1.017678057526375142e+02
1.039369194460536932e+02
1.088893418879604411e+02
1.042380357061364293e+02
1.038878241492555645e+02
1.063139254986702724e+02
1.045182134568889865e+02
1.069260066213047224e+02
1.010577947659489837e+02
1.087998372311396622e+02
1.072726717256287543e+02
1.030568629066100357e+02
1.097015361127621844e+02
1.085714348250802885e+02
1.080641278713585649e+02
1.139927104089327941e+02
1.038631551965585942e+02
1.000892446668574109e+02
1.043486977700813156e+02
1.056770223080921340e+02
1.022174497066859971e+02
1.009988737001516057e+02
1.124991779445808078e+02
1.031362814164793491e+02
1.074760763758535234e+02
1.065906681528364572e+02
1.069237371691290406e+02
1.019810978596487843e+02
1.114195845350323282e+02
1.079923415908761086e+02
1.048209855613042691e+02
1.088989180657729747e+02
1.092322587594785261e+02
1.048502925283495699e+02
1.035064106325165483e+02
1.060384856999674668e+02
1.138272907367392577e+02
1.093335918594307543e+02
1.093431054471726895e+02
1.105307643741728043e+02
1.013211402949828255e+02
1.041966886071612635e+02
1.094351599984102847e+02
1.074773479288741811e+02
1.055127771588653047e+02
1.024321598055976352e+02
1.062762977593465195e+02
1.038823269988799467e+02
1.104940046327303520e+02
1.035118932872531303e+02
1.066571557920872237e+02
1.079314443191929911e+02
1.045644811588077232e+02
9.988982876977820524e+01
1.047302856858268143e+02
1.018482572272458810e+02
1.134690298559652177e+02
1.027422627283085461e+02
1.094425277738934739e+02
1.047152796045739933e+02
1.102029522438921276e+02
1.075084510833295894e+02
1.056705296112057084e+02
1.011605027429485375e+02
1.054082168595842717e+02
1.071474062319236964e+02
1.019712467025040610e+02
1.075291823735308725e+02
1.073940673393829854e+02
1.026537745983633840e+02
1.095034638552122033e+02
1.062699356075156629e+02
1.029800964782610606e+02
1.002109662630031863e+02
1.114033630181479282e+02
1.031719788461589644e+02
1.094574995514905567e+02
1.040178755728511391e+02
1.113656974106406352e+02
1.041371894255410240e+02
1.021715013025953027e+02
1.065578652238815920e+02
1.124450611515326841e+02
1.035783630500118164e+02
1.089195920484440734e+02
1.103335819642404658e+02
