1.544775376760538279e+02
1.550608842703469747e+02
1.582293602988762871e+02
1.572287172357232521e+02
1.541377440371906005e+02
1.574491741529220974e+02
1.579452633762076346e+02
1.529904970853467603e+02
1.532682795590203852e+02
1.562422912662506462e+02
1.576071759642107963e+02
1.543182883579632403e+02
1.548431165343652083e+02
1.591211851749133075e+02
1.531648660868079332e+02
1.531177432383454970e+02
1.569292029328907745e+02
1.561780614598789327e+02
1.608707916636866173e+02
1.530458972224136858e+02
1.551817758563866789e+02
1.533604569827805335e+02
1.522989758814758545e+02
1.554985290535478555e+02
1.586725375335880130e+02
1.531075863991670758e+02
1.587108297699806485e+02
1.561845121074123881e+02
1.569961052393112482e+02
1.588487032805254842e+02
1.550932859067974334e+02
1.543333704546186027e+02
1.553512128057934092e+02
1.562294669563266893e+02
1.555794132102382150e+02
1.559022471598791526e+02
1.516113465137104583e+02
1.541373319368135810e+02
1.561193356975810786e+02
1.575469417861164061e+02
1.516236811721095705e+02
1.551484997644837733e+02
1.535506240848848165e+02
1.548725012543916080e+02
1.572226339381107607e+02
1.526156696649583182e+02
1.534985232779540070e+02
1.510392945699340146e+02
1.536103016189248365e+02
1.560252501152853313e+02
1.580458394219581351e+02
1.577170519053813678e+02
1.559472002281470111e+02
1.534307296429105918e+02
1.542644613921970347e+02
1.544598337676548567e+02
1.545554267866011173e+02
1.577718024016670597e+02
1.602149915215402984e+02
1.548764671555970267e+02
1.509498001309627853e+02
1.522175153869650899e+02
1.579883206636334876e+02
1.508859940698138757e+02
1.567002765186961426e+02
1.542838733974962224e+02
1.572917559074824680e+02
1.552806579244206944e+02
1.514448555805826686e+02
1.570923457198664153e+02
1.560730021531877298e+02
1.582932168252375789e+02
1.538189033195583590e+02
1.544284433594502559e+02
1.595201002578448310e+02
1.588563937479387391e+02
1.524474456863601688e+02
1.545187712065364849e+02
1.555732503740153163e+02
1.535781651407304196e+02
1.568350565894263582e+02
1.554867058970069706e+02
1.518187591499080895e+02
1.545021246444644873e+02
1.574843097259435467e+02
1.585664765827213500e+02
1.576424841332845119e+02
1.587198405366760312e+02
1.543672247531146411e+02
1.498612363563441079e+02
1.530524002822338900e+02
1.592773606260644499e+02
1.553500364376244534e+02
1.553073670009306397e+02
1.552398821017695525e+02
1.531269398423980306e+02
1.551622047449409081e+02
1.581751296581232396e+02
1.544907889326558745e+02
1.584886928811715165e+02
1.545245888341645184e+02
1.566040310798030930e+02
1.545182190029795493e+02
1.495251304050952967e+02
1.564298569493887499e+02
1.577039372369742125e+02
1.549012791480946873e+02
1.557080982689878397e+02
1.533347310190014809e+02
1.571482934534304832e+02
1.534710824965673339e+02
1.542536057989934193e+02
1.552103989470591614e+02
1.601046830138558903e+02
1.535933919613596856e+02
1.516707675972662059e+02
1.556621007845265297e+02
1.531882827102137981e+02
1.557861561228085350e+02
1.542267140789263351e+02
1.544026976908606628e+02
1.567218194617269091e+02
1.616038744365795878e+02
1.516372600860493094e+02
1.590834019888954742e+02
1.537394324958462448e+02
1.567307675299009020e+02
1.505469715021372394e+02
1.494624904391712050e+02
1.562270419105095414e+02
1.552385596850924117e+02
1.559886096450410946e+02
1.623935094392271310e+02
1.567935266982450173e+02
1.581011589093097882e+02
1.558499079603998041e+02
1.574928512961581077e+02
1.559861919068046632e+02
1.541477063218558214e+02
1.544592901741836215e+02
1.561283569171747274e+02
1.564952145309409559e+02
1.547258928888620915e+02
1.525299409182430281e+02
1.539640994579913524e+02
1.616915731732655104e+02
1.543196907480128175e+02
1.564394694604772269e+02
1.556281921128804697e+02
1.559781183778231082e+02
1.499616972117048874e+02
1.556527023444276381e+02
1.567160373900266563e+02
1.534048158882043822e+02
1.541311667030800834e+02
1.542097317627973325e+02
1.536428400380964661e+02
1.560577034363448092e+02
1.525929018705529359e+02
1.569551910488620763e+02
1.582906804760413024e+02
1.562196448104462547e+02
1.571502886455956514e+02
1.520262238191737652e+02
1.563196458144913095e+02
1.587093881629772056e+02
1.585109172839365783e+02
1.557167166831385998e+02
1.517753359003683613e+02
1.518264357510527418e+02
1.577064528098703704e+02
1.607130662067335152e+02
1.588703902193601607e+02
1.606186871944512404e+02
1.573272896412844659e+02
1.561029848460520952e+02
1.587446999737254885e+02
1.532154965173349410e+02
1.598015223579158146e+02
1.601270503908682485e+02
1.556526649109742948e+02
1.532371592912104177e+02
1.590283762615078729e+02
1.575504805846677812e+02
1.492487290192655678e+02
1.516022943249930108e+02
1.557814818036103190e+02
1.550521780861088814e+02
1.557096350506509452e+02
1.543641435418687990e+02
1.551829205352673000e+02
1.587461006387658244e+02
1.583838048882540761e+02
1.566098275866567633e+02
1.542595463188551719e+02
1.544149887586068814e+02
1.577339725326835094e+02
1.584881063578461067e+02
1.557083643084446578e+02
1.588720113050427472e+02
1.525579766228343033e+02
1.581138790710253090e+02
1.586221464599490787e+02
1.526813835002273549e+02
1.582333062967788351e+02
1.572687776609779746e+02
1.520454977580069738e+02
1.533079661465750974e+02
1.561463400476815480e+02
1.533145467926338199e+02
1.508838484325133606e+02
1.538720025272682221e+02
1.540633806194482531e+02
1.574246718124842346e+02
1.565062721568222628e+02
1.526148024472924192e+02
1.551028688047287005e+02
1.636796522003940311e+02
1.553278268955714907e+02
1.561971995613034210e+02
1.551747686991916453e+02
1.605324845264836142e+02
1.527663354227560433e+02
1.565515896177168997e+02
1.587989343595356786e+02
1.567044467307046318e+02
1.550409361403507944e+02
1.511947546517147885e+02
1.574793177835680069e+02
1.547613504061708625e+02
1.560359913715377331e+02
1.510197057911469187e+02
1.556353728459245360e+02
1.522522974727451697e+02
1.570573476506499446e+02
1.539760963723243776e+02
1.545973868788553887e+02
1.540775811714293013e+02
1.538578967675628348e+02
1.580392897019463874e+02
1.567202903454007981e+02
1.577945083568871780e+02
1.560222878644886180e+02
1.536893527267185959e+02
1.553281818986988299e+02
1.579979724581621383e+02
1.568002685919724684e+02
1.562259208315483079e+02
1.570293201746454770e+02
1.532543187038911014e+02
1.581952472011513748e+02
1.515604614497976570e+02
1.524391067961629744e+02
1.581345418668847458e+02
1.543495050099243429e+02
1.567635562983962814e+02
1.549532711276801251e+02
1.544198268113754864e+02
1.532296822832982741e+02
1.566262523100999431e+02
1.554843672335142628e+02
1.576509642213389668e+02
1.548239916854674902e+02
1.530287150570629251e+02
1.529811010042112684e+02
1.610190015954671878e+02
1.582814226776506530e+02
1.525542733702533553e+02
1.548603464108879564e+02
1.539634486044228083e+02
1.554028792212057226e+02
1.516297713487610110e+02
1.610572790856063534e+02
1.515479733112959480e+02
1.542832086028802223e+02
1.562076901644426528e+02
1.556922347916504066e+02
1.541771843190772699e+02
1.562079472226491532e+02
1.601604908077224252e+02
1.530374155859016980e+02
1.567532622356069396e+02
1.559495585113096467e+02
1.571157431243553049e+02
1.556093506711405325e+02
1.592508681325481348e+02
1.588717507521594996e+02
1.570022648585063507e+02
1.585887677664773321e+02
1.518711819210077749e+02
1.541420388503887864e+02
1.525720775631213826e+02
1.576650415104638228e+02
1.559114345923789529e+02
1.556785661891879045e+02
1.537309992712183373e+02
1.524344707076340910e+02
1.554266293927316269e+02
1.595570256719666702e+02
1.563855686543211050e+02
1.535649661537456723e+02
1.532367181677311976e+02
1.590024699687587884e+02
1.545118028545118420e+02
1.526000469127612860e+02
1.640684062476177019e+02
1.569512964278355298e+02
1.553687004398169336e+02
1.553012035568840190e+02
1.544789802671644168e+02
1.550469715148421130e+02
1.563008433559782873e+02
1.563062242156811408e+02
1.541782926648643866e+02
1.541129039569958934e+02
1.548721672710256030e+02
1.553999220266640862e+02
1.547515449401500405e+02
1.533486915503037267e+02
1.563917703501281267e+02
1.556781886109233426e+02
1.570849127794562605e+02
1.508344415121275404e+02
1.553232474202439732e+02
1.572026720778016227e+02
1.572053139898121117e+02
1.523988966114616233e+02
1.540650308309235186e+02
1.578497704990157899e+02
1.575152261500490170e+02
1.544057746455373774e+02
1.555724254996120806e+02
1.556523635670290560e+02
1.522325543569700699e+02
1.577848477885110583e+02
1.525780447443752905e+02
1.573122580561453958e+02
1.522247344905660782e+02
1.562404079281908196e+02
1.585416067786673011e+02
1.571876396289727893e+02
1.547542264410331825e+02
1.569854908209011057e+02
1.594295774048545127e+02
1.536979776074187498e+02
1.552187002754312175e+02
1.536015212331808755e+02
1.578371947658536953e+02
1.586981775448544454e+02
1.580800688667370366e+02
1.526003115258729110e+02
1.584101806021923835e+02
1.570911069101045427e+02
1.567713435974055471e+02
1.550869265401390749e+02
1.553464954098165265e+02
1.592280253738492206e+02
1.572889126604206069e+02
1.621629971853641905e+02
1.570107529222598544e+02
1.592747561593899945e+02
1.549901723290159339e+02
1.593293870222242390e+02
1.564381749407188238e+02
1.565255092038671307e+02
1.568148162689985838e+02
1.538795807621669098e+02
1.558439485896566339e+02
1.573819184709078911e+02
1.591032230183391221e+02
1.544869441927695846e+02
1.587576520671385936e+02
1.586343068377485963e+02
1.587772714357629695e+02
1.567193428482931665e+02
1.526658422942589937e+02
1.565255881454239670e+02
1.584485552797549417e+02
1.578066509495851903e+02
1.631275157264562949e+02
1.532521254513197277e+02
1.550943492377836321e+02
1.531581285295862642e+02
1.520445936005234557e+02
1.597454867317362925e+02
1.587975164561469796e+02
1.528600181952000128e+02
1.531255889021626899e+02
1.555545272574630076e+02
1.536841803988452853e+02
1.516294823175182103e+02
1.559201508654170425e+02
1.562385701332395058e+02
1.563452825835578324e+02
1.579477069655269474e+02
1.537826082627310313e+02
1.539864407926736192e+02
1.551306951479483303e+02
1.620742373440820643e+02
1.525388833933484420e+02
1.528820936387301970e+02
1.531670656783987567e+02
1.563344669772560280e+02
1.564443780603894822e+02
1.552662168539193033e+02
1.546586498887324410e+02
1.577950986125565009e+02
1.591197779566101360e+02
1.520427892790243902e+02
1.578160882920253982e+02
1.517440427789331068e+02
1.541974023767565711e+02
1.542037849980847568e+02
1.539132231520142398e+02
1.581543432304156056e+02
1.579346146539216420e+02
1.538401583223340481e+02
1.552642057650845970e+02
1.544899139890544859e+02
1.536920832184212031e+02
1.588677788580479273e+02
1.590355389926365035e+02
1.563255607378295053e+02
1.550689902269438392e+02
1.554512789948830118e+02
1.548122285379303094e+02
1.544500527015250100e+02
1.528416087267422654e+02
1.558900923632647562e+02
1.547568823452434401e+02
1.559634652910004036e+02
1.582915671267520565e+02
1.577309540634914242e+02
1.535310378924013150e+02
1.602884297900857860e+02
1.582727436996029269e+02
1.544732412455941528e+02
1.532372021216556561e+02
1.507057002184078840e+02
1.599626445516889817e+02
1.581315779852156709e+02
1.521537967485963350e+02
1.535828127209133243e+02
1.559207594840193281e+02
1.562437770313335932e+02
1.580928455093598473e+02
1.562110854190241582e+02
1.578932027877162909e+02
1.533700073538305446e+02
1.568079557991864306e+02
1.566908221851640803e+02
1.598051939232871064e+02
1.548252518206077752e+02
1.563152834901527513e+02
1.580512621918718139e+02
1.551959540698157980e+02
1.597886009072609284e+02
1.595468093128106659e+02
1.596071338885306830e+02
1.586585145989561738e+02
1.584942842793245177e+02
1.566960857921751256e+02
1.579759541990140690e+02
1.530468338589496113e+02
1.597169391852621345e+02
1.571694384200089587e+02
1.557710500712505564e+02
1.548091191468390377e+02
1.569323812786527697e+02
1.581684404737873990e+02
1.518004533421608073e+02
1.539520410995242514e+02
1.603679587762853203e+02
1.521654144284644872e+02
1.564552008724839993e+02
1.525810802223762437e+02
1.534854581652159879e+02
1.591981288069810319e+02
1.576470581305119367e+02
1.586972548471104858e+02
1.536522624925094647e+02
1.613290703122099501e+02
1.565962544287881144e+02
1.626174528995828723e+02
1.577979181455508808e+02
1.560153384920342035e+02
1.549397106773311350e+02
1.542476556345712311e+02
1.516186216312430872e+02
1.546507875747624610e+02
1.592030158889303948e+02
1.523552636984267394e+02
1.598592641785725732e+02
1.555015408073466290e+02
1.622966136507269255e+02
1.548007942948217988e+02
1.551214376391905034e+02
1.562925715937062137e+02
1.614021749594261905e+02
1.537422665757626135e+02
1.555484983361534717e+02
1.550672106036854245e+02
1.576355636421369866e+02
1.604114645360395741e+02
1.563451823583768032e+02
1.503159513365227724e+02
1.522786179753206284e+02
1.557516224235314724e+02
1.563272922387745325e+02
1.532720017572038955e+02
1.541481976757051484e+02
1.587785302693679057e+02
1.519138116665909877e+02
1.579651432057532077e+02
1.542121922633146482e+02
1.575980704637736380e+02
1.509247906251204654e+02
1.565951620264519022e+02
1.531195820485588399e+02
1.550605357842040064e+02
1.553985491427318948e+02
1.573479256089424325e+02
1.532623792069254307e+02
1.555650153105567881e+02
1.573992168316096070e+02
1.539431455260177870e+02
1.543533222368490385e+02
1.555637880980651175e+02
1.557413287781905353e+02
1.587722583032544037e+02
1.566591203984968672e+02
1.586553989762377910e+02
1.503254655473162700e+02
1.552219513653839726e+02
1.541363980996498242e+02
1.547032493115846137e+02
1.573242384523496185e+02
1.564191100244124755e+02
1.546709395244770633e+02
1.543290502407680265e+02
1.586478375335642568e+02
1.538493882264043577e+02
1.540851551898340688e+02
1.508822502558418819e+02
1.574619729163663351e+02
1.597927267437197543e+02
1.554385286117828855e+02
1.535883039567291632e+02
1.573653834167972718e+02
1.531351261471453142e+02
1.514799109653065443e+02
1.550993354374472517e+02
1.541944655284110866e+02
1.592573278631800520e+02
1.552677573051701359e+02
1.550493757978133544e+02
1.550317404412703013e+02
1.533602040687809733e+02
1.575995802518074811e+02
1.556350233004399399e+02
1.557573182211489495e+02
1.560665535715085923e+02
1.607857884275198046e+02
1.610058861878716812e+02
1.536627887044605814e+02
1.549667285397140688e+02
1.545137384492685726e+02
1.565655910607825660e+02
1.579135108837266159e+02
1.576724576821463017e+02
1.556759721145031961e+02
1.522510113970925829e+02
1.565898209686850464e+02
1.586557409629544964e+02
1.549227888773782524e+02
1.601612533783053038e+02
1.566609423448466885e+02
1.572943892162960822e+02
1.584656901868585805e+02
1.524211509145451942e+02
1.570226858869465616e+02
1.554788974544946427e+02
1.518738617511361895e+02
1.569495960652571966e+02
1.589726800475122275e+02
1.549682350348955140e+02
1.554872472054753985e+02
1.554177240293296052e+02
1.552340549421010110e+02
1.552118969520253700e+02
1.572455030477499065e+02
1.574400092833566589e+02
1.563117487574077700e+02
1.541191990207353228e+02
1.569891859559518537e+02
1.538538370445431269e+02
1.483516893014568723e+02
1.539969384884082615e+02
1.572013534021278076e+02
1.570686105461791158e+02
1.542786534119871362e+02
1.487302635978252567e+02
1.588737501105517538e+02
1.529352815219332342e+02
1.540195504594929901e+02
1.548906489554761094e+02
1.576179498774004628e+02
1.556887691270789276e+02
1.511553472275321610e+02
1.557880351377465331e+02
1.541538073799432027e+02
1.544313115746177516e+02
1.568291232340403951e+02
1.566173745604307612e+02
1.518606656567386040e+02
1.525821890940164565e+02
1.547892203204121415e+02
1.499438476078292410e+02
1.514749903167380864e+02
1.513784034409960100e+02
1.546717316568843330e+02
1.553752688363614709e+02
1.537223723043516657e+02
1.573090846204954119e+02
1.553747613748726621e+02
1.495907730691915560e+02
1.526354342682330412e+02
1.520992212736020406e+02
1.584835497009449341e+02
1.557675873614440150e+02
1.509840550868750881e+02
1.573329240406170015e+02
1.532866887882409230e+02
1.572560413877411634e+02
1.594008730343673506e+02
1.567595276077255164e+02
1.572136099771453814e+02
1.501901135157656881e+02
1.517662487545670160e+02
1.581338977589552144e+02
1.539871394916509075e+02
1.598156777496487564e+02
1.600745356142343780e+02
1.581096885152349216e+02
1.579094674550648563e+02
1.541118482417955704e+02
1.507199949717451091e+02
1.529339159111800655e+02
1.552016329325757908e+02
1.587569282946578824e+02
1.560966823347586114e+02
1.506002468279381503e+02
1.596174894029439884e+02
1.577241237655503880e+02
1.523853837846709496e+02
1.598229574247785081e+02
1.535644933222240240e+02
1.564226520713002060e+02
1.589654504380494302e+02
1.581453674151763380e+02
1.570807687978692968e+02
1.582087598423705685e+02
1.563544434022206246e+02
1.586363483040830999e+02
1.564045067546374241e+02
1.588836938174494264e+02
1.572698837743338345e+02
1.543865251306734478e+02
1.562388602435268297e+02
1.565408989229905501e+02
1.587143401746288589e+02
1.541449299905038686e+02
1.554649285587981353e+02
1.532270054897981879e+02
1.580446944467595358e+02
1.563488278431501897e+02
1.526054384651505700e+02
1.551495866632601235e+02
1.589468969107708460e+02
1.560905008190095486e+02
1.537862164764756585e+02
1.535499156693196596e+02
1.576698747902855757e+02
1.549095936087477696e+02
1.533856251801493329e+02
1.555530780500236574e+02
1.547576776081037337e+02
1.566338829664953494e+02
1.565733124628483210e+02
1.551117796819870591e+02
1.598502220488331318e+02
1.537746286146582975e+02
1.520789779703593751e+02
1.570639564707029479e+02
1.535975411325632081e+02
1.602064684172581508e+02
1.542338451374455701e+02
1.592897583830633153e+02
1.535882897981105373e+02
1.629257042222780854e+02
1.529413423438216455e+02
1.533382452935839524e+02
1.518941608847209181e+02
1.617517626737152909e+02
1.528090014057505925e+02
1.610194571605348983e+02
1.524069985923655111e+02
1.569664620803480091e+02
1.615316679892996490e+02
1.543407957208033565e+02
1.568269377528270638e+02
1.571280639874159988e+02
1.566661262252064830e+02
1.560016603275002467e+02
1.545259950144972549e+02
1.582801111610192777e+02
1.538934499391759800e+02
1.569911615933460212e+02
1.536444199770352554e+02
1.564672283330074265e+02
1.577623689320028006e+02
1.530684070797383640e+02
1.546480552923563891e+02
1.549562057873401102e+02
1.568995095365466454e+02
1.557177467530294450e+02
1.573815110473429684e+02
1.579144489447874378e+02
1.525690713696709224e+02
1.524248410796080293e+02
1.552378802177507282e+02
1.562223709763106001e+02
1.548624841978750055e+02
1.556390829305423722e+02
1.577683475633715204e+02
1.537870072550639691e+02
1.566655238248559670e+02
1.531650620943456147e+02
1.578613404326333978e+02
1.590638270509658128e+02
1.538690340602011588e+02
1.526753291254304372e+02
1.549610471364660782e+02
1.576075035842252703e+02
1.573163958381752821e+02
1.583248915302452247e+02
1.575178044216449962e+02
1.578028265857774386e+02
1.557222396385967613e+02
1.549468935214425471e+02
1.561280041393964666e+02
1.506485552006447222e+02
1.565240212776531621e+02
1.573657506258302590e+02
1.600426753004856550e+02
1.628253923907384433e+02
1.575356716434973237e+02
1.529797562612662318e+02
1.520866701665006531e+02
1.543459200259985664e+02
1.510151369841900646e+02
1.597018131911779903e+02
1.552900449511564602e+02
1.538214106991098049e+02
1.542075989443503659e+02
1.586996553092090210e+02
1.552207339274845310e+02
1.549445548945110147e+02
1.521968248572582354e+02
1.516419129705724345e+02
1.534596022094527825e+02
1.576579722199988396e+02
1.568656354402026238e+02
1.570669226776163896e+02
1.597161228461251881e+02
1.547463535197613851e+02
1.530180951714902733e+02
1.534695645423037149e+02
1.528298006556042026e+02
1.574587145136899551e+02
1.591085128398162283e+02
1.549088188487502293e+02
1.541538980030706796e+02
1.554192202542509733e+02
1.573746777185306200e+02
1.610545262278103564e+02
1.541538935911185035e+02
1.552669376710138351e+02
1.495930951767759041e+02
1.547316031032237618e+02
1.507357424108104738e+02
1.543840309475939989e+02
1.578888602612815362e+02
1.559499472220414873e+02
1.589433806569387855e+02
1.600352604586227869e+02
1.560413247761431990e+02
1.563370425154914756e+02
1.551900952725956984e+02
1.526797510338969630e+02
1.528100436083738600e+02
1.524973193837257668e+02
1.539418938992875496e+02
1.547090228807525136e+02
1.528667752811518028e+02
1.570161432872978367e+02
1.557523232785083849e+02
1.545164277350131101e+02
1.536114466890808785e+02
1.576840963680851360e+02
1.581871143636391821e+02
1.541579839248003907e+02
1.527635788803953858e+02
1.573204799080892542e+02
1.530115091731391033e+02
1.540752576979807031e+02
1.532453759060221330e+02
1.565212642037558624e+02
1.580595618062028507e+02
1.591172481792272322e+02
1.554358985865628142e+02
1.563791458161068135e+02
1.569796407011737926e+02
1.547903644762514261e+02
1.570258104285752836e+02
1.564790716885692063e+02
1.583684974207023686e+02
1.510596282864393061e+02
1.555795229262097905e+02
1.535955094627041433e+02
1.539925643011225134e+02
1.541964068826409289e+02
1.609934385012242615e+02
1.534839952144654944e+02
1.568571762728850274e+02
1.586641948928356385e+02
1.547503584660651939e+02
1.575574586618446347e+02
1.576669499938012393e+02
1.604773313439187916e+02
1.566856522064482533e+02
1.542673613673227635e+02
1.601021242482972013e+02
1.512683882662311987e+02
1.564563171390566083e+02
1.581345951574458297e+02
1.530572742822654106e+02
1.526039586723362618e+02
1.521398227727201800e+02
1.545277760368038571e+02
1.589793440570650205e+02
1.577558545531879020e+02
1.535392774764919750e+02
1.563050068508519530e+02
1.536121104266251791e+02
1.569246186842653117e+02
1.560136189549847927e+02
1.566055699021440262e+02
1.585098723437833144e+02
1.577626075538322254e+02
1.566020521201992040e+02
1.553278084540051225e+02
1.585262575679802808e+02
1.556494852876825519e+02
1.547877174019705819e+02
1.575018759269519819e+02
1.582733058384863511e+02
1.528841221028030475e+02
1.574243982464512044e+02
1.543055065295887971e+02
1.543564556013344315e+02
1.567280483546880987e+02
1.582565267243830931e+02
1.536822093163292493e+02
1.581262299500054382e+02
1.561140466430756817e+02
1.522935567289768528e+02
1.539914630220181095e+02
1.540446401248329096e+02
1.563193552253620453e+02
1.534378982551463650e+02
1.579163064553414415e+02
1.570193676618641803e+02
1.608006986698144658e+02
1.539882969932608319e+02
1.609750012218984807e+02
1.559106606829658688e+02
1.566203946525752997e+02
1.558649691246615703e+02
1.555986062188782455e+02
1.485440309491051210e+02
1.552462757355386316e+02
1.573583450952852729e+02
1.505818408189650484e+02
1.545977102871709974e+02
1.553501769100957688e+02
1.580404981890408465e+02
1.550695501222015764e+02
1.546404628736322593e+02
1.496792308879361144e+02
1.553058329643726836e+02
1.580634237368466870e+02
1.568190285252035778e+02
1.543936464818584113e+02
1.554251743806471211e+02
1.535506408502725435e+02
1.534828720705370984e+02
1.534421426857639403e+02
1.582167840653133624e+02
1.509360879242653368e+02
1.551200810322079064e+02
1.559663568598633958e+02
1.566248283943012609e+02
1.565331555907323207e+02
1.570054919481906097e+02
1.538981022548227031e+02
1.545201275367234928e+02
1.541763685776662101e+02
1.559552027872578321e+02
1.549236315604944707e+02
1.570352235632180111e+02
1.568222315028057210e+02
1.581513596973412064e+02
1.581260692989442589e+02
1.600944702645284963e+02
1.554541810654245353e+02
1.552034348667849599e+02
1.544088572771321708e+02
1.647895019066639293e+02
1.554220668379842039e+02
1.552803254109141449e+02
1.578230254374748256e+02
1.524917635235403282e+02
1.601458831555972324e+02
1.590949156432328380e+02
1.578756298913121725e+02
1.530074928687219540e+02
1.549381882605431997e+02
1.588925907388991732e+02
1.584817232706005257e+02
1.557315675743350027e+02
1.549039304606955056e+02
1.561682094345719349e+02
1.514241133335216318e+02
1.555813452368538776e+02
1.575557005795212149e+02
1.574936112536024666e+02
1.508390900672820010e+02
1.542220985097304151e+02
1.556078708562877750e+02
1.565975713345209215e+02
1.566089591394845115e+02
1.560827529107399130e+02
1.578453461290214932e+02
1.548221673678945081e+02
1.553182162956340449e+02
1.585058432425047954e+02
1.597096175426385116e+02
1.579042326783636270e+02
1.568660114894631477e+02
1.561754452235615815e+02
1.598508770019913641e+02
1.601285326802071154e+02
1.587982450183843071e+02
1.558849856733146169e+02
1.567438864139200518e+02
1.563019501998466865e+02
1.548214286016051346e+02
1.547926863315536536e+02
1.548728746529863542e+02
1.562043376090452114e+02
1.583769647704163788e+02
1.569777937056737187e+02
1.588992893001494053e+02
1.531486266072563467e+02
1.560143322624057305e+02
1.548165812468870683e+02
1.532052239698009544e+02
1.586318731871183729e+02
1.573062481947156073e+02
1.548053487684348113e+02
1.534460121573660274e+02
1.539986188109004956e+02
1.501279466185733895e+02
1.549058711325279205e+02
1.592691560843895218e+02
1.587330906278020564e+02
1.568861956071743577e+02
1.561787053074263838e+02
1.559078061900580394e+02
1.558050796226220882e+02
1.566937169378788326e+02
1.563511423362986363e+02
1.571091325044180849e+02
1.577599471097544210e+02
1.558927675280361598e+02
1.542886298055303200e+02
1.603519822775236605e+02
1.524098245499851600e+02
1.565678527992003524e+02
