1.838726491452099765e+02
1.861124353677010106e+02
1.822893753635343330e+02
1.826521066275873011e+02
1.807207844071428724e+02
1.813179292743964481e+02
1.836085944555987624e+02
1.806955480412727297e+02
1.833758927392673286e+02
1.830240996733474503e+02
1.857934664389159707e+02
1.789995154156827937e+02
1.821536917005219323e+02
1.840775919177528408e+02
1.822740771314337280e+02
1.826298102456405559e+02
1.823657774850992155e+02
1.801796227522189611e+02
1.818882066402266560e+02
1.833356266489751363e+02
1.827006050147884650e+02
1.838266190168581886e+02
1.846193989638607320e+02
1.836146214975598241e+02
1.833385980427075594e+02
1.855640899298439308e+02
1.831699105146902298e+02
1.826896494660477970e+02
1.842182032668270608e+02
1.812534069547658078e+02
1.835502710187669777e+02
1.828375620658816558e+02
1.803667896840610183e+02
1.809517547709038752e+02
1.824752220172408386e+02
1.845648878000580737e+02
1.845540804078542862e+02
1.821033984344804821e+02
1.790381341712431720e+02
1.803943630958780204e+02
1.827583707111691922e+02
1.839519642671422162e+02
1.858717015302908067e+02
1.858016334280575563e+02
1.836966132087227948e+02
1.808063831317326162e+02
1.826511893523671404e+02
1.816664400755535951e+02
1.799634884169572899e+02
1.820734669483879316e+02
1.789757075972547113e+02
1.792382941332507187e+02
1.807919589111902781e+02
1.832554797624690934e+02
1.846030845039532551e+02
1.837994273475077875e+02
1.842083357934369872e+02
1.826789098236273219e+02
1.813811187735672661e+02
1.798686369648395385e+02
1.799176388950573653e+02
1.811594832926764127e+02
1.812441669138484031e+02
1.802354417677578340e+02
1.801796622620202299e+02
1.848862655250686657e+02
1.825629822042473620e+02
1.817681000224023649e+02
1.821638310939178780e+02
1.846385085806988968e+02
1.821606629052208746e+02
1.826990834576762381e+02
1.826405717545587208e+02
1.831607967156106156e+02
1.821615399381673512e+02
1.837020793015734625e+02
1.809188050006443405e+02
1.828126235332078124e+02
1.865139001016268310e+02
1.808265602117441517e+02
1.834160863572091387e+02
1.816324815332569642e+02
1.810925376368920752e+02
1.829685939680030629e+02
1.814585234393703956e+02
1.808951004252056691e+02
1.859459678326945209e+02
1.846521700636820640e+02
1.787437625709061422e+02
1.802694013622420641e+02
1.819364923211059875e+02
1.820485450404638925e+02
1.817866809357886666e+02
1.807891241812779697e+02
1.819198191641443145e+02
1.832434883559892569e+02
1.809062447059510532e+02
1.829240091624631077e+02
1.851374173390200042e+02
1.844856733612454889e+02
1.856652355666233802e+02
1.795259267876217280e+02
1.815553198399056782e+02
1.809600711078167024e+02
1.810505447649104838e+02
1.822180063843314315e+02
1.833063227301161078e+02
1.849290682426135959e+02
1.792800924248877266e+02
1.828014136527836513e+02
1.821543302018601480e+02
1.834141140864887518e+02
1.817991767616720153e+02
1.815206453953326786e+02
1.777064007435882047e+02
1.811473494882920079e+02
1.832000356661511660e+02
1.819082445800902121e+02
1.794538248737445087e+02
1.850005207943269170e+02
1.793678929533730582e+02
1.810928843496496370e+02
1.865283000381504621e+02
1.855268036012121797e+02
1.813764446336565186e+02
1.843476765437313247e+02
1.796011144247575828e+02
1.807272533068464782e+02
1.837945111979356909e+02
1.845821455796606756e+02
1.837515455663273656e+02
1.827823856245878460e+02
1.832301297628842178e+02
1.828550337937053314e+02
1.822467427204340424e+02
1.802689840846127822e+02
1.826223682163808917e+02
1.805964484893378881e+02
1.822003389751761233e+02
1.805294063084981246e+02
1.830006740036149040e+02
1.816233565344919043e+02
1.831302391375569982e+02
1.809937265563103779e+02
1.846852273973356660e+02
1.828080589575309034e+02
1.828257872878983505e+02
1.817189387537537186e+02
1.809241292407164963e+02
1.806635930026171195e+02
1.833600476591089716e+02
1.811121641594845642e+02
1.847697943187100122e+02
1.831475683375104211e+02
1.852673741673399661e+02
1.839761536302812033e+02
1.794891050070540643e+02
1.810858996008033444e+02
1.821919342005367071e+02
1.783759655737361243e+02
1.794495476818450470e+02
1.803701424822489230e+02
1.826959931965151611e+02
1.821021856175473204e+02
1.858914290997480805e+02
1.834793968588690518e+02
1.849449056648454075e+02
1.812436942646255034e+02
1.849061674363661893e+02
1.797350572884400037e+02
1.806584466440989729e+02
1.802107522818276664e+02
1.801573445225096748e+02
1.880876287069754653e+02
1.819290922873410636e+02
1.797547834586441979e+02
1.788264659571669881e+02
1.846512022604287893e+02
1.804085769629200229e+02
1.829877736320417796e+02
1.769847228032050737e+02
1.827474808048730495e+02
1.851371228138562799e+02
1.797801450508111429e+02
1.826489093823220173e+02
1.830064834077859359e+02
1.835602465097500726e+02
1.814409406975085517e+02
1.817611095543066426e+02
1.764732089431379904e+02
1.858227163356403651e+02
1.800669697868076753e+02
1.851666843846359143e+02
1.857133357472927457e+02
1.844932711206115243e+02
1.837857683861081739e+02
1.814501167516065436e+02
1.816460027343391914e+02
1.833846955284937223e+02
1.800899262784235191e+02
1.835941547366432189e+02
1.840755550827190916e+02
1.818951138939766281e+02
1.831588053999865338e+02
1.827180227184766466e+02
1.806817581812411504e+02
1.772094467557890312e+02
1.807358803647817638e+02
1.870436609442210738e+02
1.821803902543674099e+02
1.800001231466131912e+02
1.779818332505047351e+02
1.806717502604361982e+02
1.817030818200562408e+02
1.841454667952675095e+02
1.834399023758714122e+02
1.786074980319976078e+02
1.817549079744837570e+02
1.791154530484769793e+02
1.837928663133997702e+02
1.850912601340214394e+02
1.821376386703206265e+02
1.818074447820990542e+02
1.827725803499934898e+02
1.796388037479624415e+02
1.861420172998044791e+02
1.817468066264076754e+02
1.866716226470347237e+02
1.852623801758442141e+02
1.813348320812389147e+02
1.811354007101236334e+02
1.824751172524874505e+02
1.853959502484231905e+02
1.839043589478754370e+02
1.791331712150235660e+02
1.823258275971070645e+02
1.802203524874583707e+02
1.849938790216935161e+02
1.849798578893743013e+02
1.838225860735598189e+02
1.812910565401389533e+02
1.797978832660937485e+02
1.823506985715384303e+02
1.829069760201319639e+02
1.769839064756962159e+02
1.814108033790140269e+02
1.806707667211479702e+02
1.838649422147183827e+02
1.829241608769378615e+02
1.812228269587782847e+02
1.875942874398018319e+02
1.828702648932603836e+02
1.845340328972378927e+02
1.820724382103337291e+02
1.813584882104548512e+02
1.829283992828964927e+02
1.831348927182551733e+02
1.823381149255206424e+02
1.787663694157040766e+02
1.836728326432915992e+02
1.806463768701731283e+02
1.822619810269668221e+02
1.830508098914667698e+02
1.828178430654079705e+02
1.792039334059731175e+02
1.833536967982806516e+02
1.832266085994278626e+02
1.826156460968282715e+02
1.802108085140184244e+02
1.814269018971113780e+02
1.821031384745787136e+02
1.845562926814222067e+02
1.836159508628513777e+02
1.812437202746096432e+02
1.786708647194879802e+02
1.833503760515442309e+02
1.840082106035149252e+02
1.763878415614511539e+02
1.833972527303226343e+02
1.813087989675454992e+02
1.814513345735337282e+02
1.804224631116663602e+02
1.823579150105598501e+02
1.825577638023017073e+02
1.821534552056340317e+02
1.820340117137544382e+02
1.807935620547979738e+02
1.844522553168755223e+02
1.826973741432754252e+02
1.829450123802363350e+02
1.825970733929553660e+02
1.790487793355860049e+02
1.868477868473721060e+02
1.818349022826220676e+02
1.809293520587414150e+02
1.810776702601774559e+02
1.827629809483582903e+02
1.802633904008873174e+02
1.828198857770722157e+02
1.810415775074042415e+02
1.812952820071660653e+02
1.841469987497986835e+02
1.856139570473167169e+02
1.819523130144425238e+02
1.801513477792975380e+02
1.816453682863020163e+02
1.823521121818238555e+02
1.813016515147309917e+02
1.813945778852629473e+02
1.839818392781177181e+02
1.842323150289488467e+02
1.825137862148014563e+02
1.826086017229809784e+02
1.874244206817513430e+02
1.826474616127578656e+02
1.798564736909383441e+02
1.828011282388278573e+02
1.824014195761203325e+02
1.814081295879848028e+02
1.830519974451626410e+02
1.809834301299107153e+02
1.822056692704811951e+02
1.859375596220451143e+02
1.820017888174453162e+02
1.834839767164102398e+02
1.807029448553328734e+02
1.819834489764573959e+02
1.798976200797916931e+02
1.800417916851371842e+02
1.841572785350716970e+02
1.831160635934912477e+02
1.840739738277601134e+02
1.826591773018703861e+02
1.838614931738690075e+02
1.809264106459556558e+02
1.819047134472808978e+02
1.834425679073163735e+02
1.830907303823334189e+02
1.839250935743741309e+02
1.845996901624461941e+02
1.810821757241451735e+02
1.827043881382883797e+02
1.854211229459521348e+02
1.816889785071157064e+02
1.799857245771758301e+02
1.825994603126234210e+02
1.809195963684072979e+02
1.813784569111690530e+02
1.847960077210769612e+02
1.824285280228081660e+02
1.792533013234313160e+02
1.814821447835070671e+02
1.835324083292937303e+02
1.809022345015804092e+02
1.799374278776797951e+02
1.824660151993741692e+02
1.834526996632197324e+02
1.834965708939991771e+02
1.818395045168004742e+02
1.799894869551178829e+02
1.791390548790416517e+02
1.799784679911911383e+02
1.768462881209994180e+02
1.835223637872779818e+02
1.820287302777828131e+02
1.778852362725695286e+02
1.834429144222551713e+02
1.819204158447144835e+02
1.791208485790352540e+02
1.791639347940763116e+02
1.804370352192021869e+02
1.815147872725404170e+02
1.801106116434262105e+02
1.841903205625690703e+02
1.842811664466172488e+02
1.832087206608802035e+02
1.795616552699803776e+02
1.812722620022513524e+02
1.800425650248778311e+02
1.844578794349825159e+02
1.823824800525688374e+02
1.780779172482575348e+02
1.834958092334817081e+02
1.848076205980313489e+02
1.821279681798264392e+02
1.827321047400492944e+02
1.816697753329983982e+02
1.836451501121762249e+02
1.791302289159595773e+02
1.789451936202156332e+02
1.863492420872376840e+02
1.806666741370386831e+02
1.803914840588686559e+02
1.834419775134687143e+02
1.819711207110580062e+02
1.813731715684435812e+02
1.804801341062614597e+02
1.818318870566984060e+02
1.807870990140134495e+02
1.840529745359827416e+02
1.843423634693843951e+02
1.831109211584195577e+02
1.805233379897888710e+02
1.837751413537445444e+02
1.826313086600251552e+02
1.820871272092044535e+02
1.840913876727837817e+02
1.861031929972710657e+02
1.819679815417041482e+02
1.796003684762848138e+02
1.830820705768336722e+02
1.817047081642003832e+02
1.824938541401569410e+02
1.833093876333436754e+02
1.846958972315880771e+02
1.844707655763125729e+02
1.792881975740892813e+02
1.825330112590092142e+02
1.822917256314414658e+02
1.836673438068329176e+02
1.793249325521115338e+02
1.834833386493326941e+02
1.826694802287225912e+02
1.796176228381088436e+02
1.788720230213091327e+02
1.833160086649120615e+02
1.840534229480726651e+02
1.824455690659488596e+02
1.799036145667249400e+02
1.841497429043152749e+02
1.845029375750963538e+02
1.833296521234077261e+02
1.840381796688012628e+02
1.864809352341046065e+02
1.848245383581590602e+02
1.763059938034279241e+02
1.882414058244278863e+02
1.813807587275779838e+02
1.802054799034072801e+02
1.816074681700100655e+02
1.791431705370670500e+02
1.757044997994198638e+02
1.837362424652372397e+02
1.845265665306340281e+02
1.833004101092261919e+02
1.814293027513040499e+02
1.847734098407067904e+02
1.832785787610068837e+02
1.787434328290854353e+02
1.768000870970739982e+02
1.813597073935465005e+02
1.828640378478776825e+02
1.845645423839199850e+02
1.831548918944458535e+02
1.850189969715686686e+02
1.793722924687882880e+02
1.842085013212717683e+02
1.827994454155370363e+02
1.801962868443794150e+02
1.839092544268769132e+02
1.809362156613104560e+02
1.809487574867673345e+02
1.825020017340990250e+02
1.823560064231358240e+02
1.882371960276700520e+02
1.823167839773204264e+02
1.825828492145996051e+02
1.833915760769591259e+02
1.801382230020660131e+02
1.802439103880090840e+02
1.808563584100189985e+02
1.823397197151101636e+02
1.827486330037866935e+02
1.796436966436237981e+02
1.814105768556763394e+02
1.821152871834192979e+02
1.855098468626401313e+02
1.856896591581877374e+02
1.840943989882977689e+02
1.795209992815190105e+02
1.808421183740755396e+02
1.814021078080737368e+02
1.799907289086166600e+02
1.846045908031100851e+02
1.839049954632232584e+02
1.857682814817685539e+02
1.832994682013691943e+02
1.809003622326902416e+02
1.813589625816753141e+02
1.863257423958154391e+02
1.781770320554670946e+02
1.835669339174701804e+02
1.866836892082163502e+02
1.787800834975091391e+02
1.860492676600928235e+02
1.848861526049101656e+02
1.839222321097210227e+02
1.831372089579864735e+02
1.818926674573549462e+02
1.859929893720466509e+02
1.830729361236828368e+02
1.819957268593984736e+02
1.803077475455820888e+02
1.841760859948118139e+02
1.822662173022521586e+02
1.807890426951655343e+02
1.814600336682920272e+02
1.820289374584250481e+02
1.799346966700479697e+02
1.822133665269554683e+02
1.845088037269728716e+02
1.847726383007241111e+02
1.835528008896430947e+02
1.833724386777305142e+02
1.848224437155383271e+02
1.850345750680346271e+02
1.764624482389911009e+02
1.807275280275976286e+02
1.845649839607775107e+02
1.826570314524905712e+02
1.836128241118165647e+02
1.823426448445714527e+02
1.782092642145060779e+02
1.826884311037374857e+02
1.839062583195628520e+02
1.802566391081322763e+02
1.816156362464219001e+02
1.822501247611056101e+02
1.856796489441298093e+02
1.869275595977722162e+02
1.844287998130954804e+02
1.818396564322035260e+02
1.759629633936044968e+02
1.780097737883942557e+02
1.815505105143877813e+02
1.838305421204921686e+02
1.755481197927059043e+02
1.855099962417180564e+02
1.814801410239057304e+02
1.794001614004025100e+02
1.802208383284703359e+02
1.835753568982328261e+02
1.783026990135292920e+02
1.818760024610745063e+02
1.843938460838632807e+02
1.830610299864055150e+02
1.790793713681665906e+02
1.842086739437039569e+02
1.823583839912222686e+02
1.806676891020460971e+02
1.847337780368811195e+02
1.829825663190844125e+02
1.816692705611933718e+02
1.858228516471787373e+02
1.805860232431119528e+02
1.777414039189825985e+02
1.844636670855419425e+02
1.859476377890809999e+02
1.834785235927698750e+02
1.864664184212913085e+02
1.829730180820894248e+02
1.811872084881053411e+02
1.826643205267212977e+02
1.820718737081948859e+02
1.838161288690676827e+02
1.818312647964598341e+02
1.815515971982901249e+02
1.821259108942914224e+02
1.809356639341945368e+02
1.883701645193887089e+02
1.778499223605816155e+02
1.844705708991249651e+02
1.838592074046922278e+02
1.823870512568348374e+02
1.814800715013954857e+02
1.826260660186557914e+02
1.833177227868919488e+02
1.844704689106183650e+02
1.830016363617480977e+02
1.824278315559778605e+02
1.809514959783871575e+02
1.820440666837642993e+02
1.837057455506045471e+02
1.815911257810380448e+02
1.780505726503520521e+02
1.868839817646015149e+02
1.794902366142325718e+02
1.813995166030761936e+02
1.806118269553684570e+02
1.835690194941490461e+02
1.805642592708313146e+02
1.820740220400743112e+02
1.855438367794920964e+02
1.822488557025729108e+02
1.805798853608071397e+02
1.807312759558431594e+02
1.841374111268709157e+02
1.807293221066965998e+02
1.794447707705012363e+02
1.850425825829755411e+02
1.810324957208711112e+02
1.833134433087730599e+02
1.831410121169772935e+02
1.825646292923497924e+02
1.865410942940737016e+02
1.796291750533260654e+02
1.819465386631352146e+02
1.831505541582608316e+02
1.822379088000294303e+02
1.825717431848417220e+02
1.817926755676320170e+02
1.830697297539704209e+02
1.833694673714151691e+02
1.841928172121048419e+02
1.847568841984858921e+02
1.838489540859592637e+02
1.851795508611052128e+02
1.814682474041241278e+02
1.859559382578108000e+02
1.841857628519384491e+02
1.827016614200636582e+02
1.844483977993516532e+02
1.820895565369971223e+02
1.829730158639417539e+02
1.827950351192731659e+02
1.789614294876898555e+02
1.780042557639181382e+02
1.803688600591644615e+02
1.900611612096380725e+02
1.850295554647971983e+02
1.803918231249820394e+02
1.843503585384517578e+02
1.834661056270287816e+02
1.810104884572679111e+02
1.829456672689357788e+02
1.825467928006303566e+02
1.822505717105580345e+02
1.837094586372579386e+02
1.801704811914057132e+02
1.884559634039178206e+02
1.817102921365065811e+02
1.793190491155051518e+02
1.792942022221993739e+02
1.799629405576155250e+02
1.822462928542900613e+02
1.796009265376304143e+02
1.849218917287305999e+02
1.810665258822746750e+02
1.805768306513830908e+02
1.829484980310965057e+02
1.842592256772760209e+02
1.809327235576224950e+02
1.852327476649879543e+02
1.813246749756035854e+02
1.813867284937854265e+02
1.843049778974466619e+02
1.787566217069649213e+02
1.804153920397521915e+02
1.808313458852587132e+02
1.794804332969314373e+02
1.754193069248357233e+02
1.841340459130470322e+02
1.832042842163928356e+02
1.805672545501047637e+02
1.799253074930537366e+02
1.816472814190549911e+02
1.819376065766645638e+02
1.853693003529550367e+02
1.831090900183553458e+02
1.815040015538874911e+02
1.814217469107784950e+02
1.791421662953347322e+02
1.792990836541450790e+02
1.826320411078360735e+02
1.815222041449498249e+02
1.804440765608906929e+02
1.873170524707753373e+02
1.790151559297694916e+02
1.798395126844853564e+02
1.800991310570753683e+02
1.802542134963147475e+02
1.808908052144870453e+02
1.850878843109620959e+02
1.854708079769430071e+02
1.859710386333186420e+02
1.795641152654309280e+02
1.798484436746144297e+02
1.843803129174026196e+02
1.799455339386124422e+02
1.851373193517942752e+02
1.840498236019182912e+02
1.845752695579811302e+02
1.864230632127469960e+02
1.809922082083654402e+02
1.792056663750565804e+02
1.813286661548737300e+02
1.865838276504556177e+02
1.815781684659650921e+02
1.855264997096458046e+02
1.826360764678858004e+02
1.778416090524683000e+02
1.829008611258090298e+02
1.815790163425384662e+02
1.813944292191351906e+02
1.849093381150828748e+02
1.840372283265073179e+02
1.839167919540822140e+02
1.804688365063733784e+02
1.846842914666890465e+02
1.813152287120325923e+02
1.828347300307368641e+02
1.811204401623467675e+02
1.798137878952305755e+02
1.849170630150189822e+02
1.791396205752629385e+02
1.786899360792161815e+02
1.816916146795767588e+02
1.852969194599126865e+02
1.834710511910318758e+02
1.798739608033463924e+02
1.804732484989241641e+02
1.836038139585293152e+02
1.833118554878776649e+02
1.811380550059759571e+02
1.853712982546186367e+02
1.857292490041504607e+02
1.851422039267119430e+02
1.796999307061045954e+02
1.817006185487102528e+02
1.782033434708646666e+02
1.825154840080620602e+02
1.835478874755929155e+02
1.808921589400862331e+02
1.794544773275783598e+02
1.786444310221704370e+02
1.824477534293168333e+02
1.792873829206651237e+02
1.804505523479830629e+02
1.815562064460371516e+02
1.856966770531636257e+02
1.837530686259831896e+02
1.846638501303507951e+02
1.836010031761748280e+02
1.838644769643659629e+02
1.803928492709743523e+02
1.855752227139851698e+02
1.813141501075125746e+02
1.821633404834474277e+02
1.808594991784896990e+02
1.803895151977725106e+02
1.845801195067844276e+02
1.771818018534598025e+02
1.791550266608810205e+02
1.840237187960857170e+02
1.807844657348954058e+02
1.840186171061904759e+02
1.788356275964382291e+02
1.811404708052255330e+02
1.814664842359662487e+02
1.846560342926072167e+02
1.845396856497537499e+02
1.808021951165824532e+02
1.823420718578326785e+02
1.832122687572441748e+02
1.815622818237258684e+02
1.848462584869762679e+02
1.872357090177300449e+02
1.837210386250895056e+02
1.813360168358734086e+02
1.808195664152045765e+02
1.843415827673789806e+02
1.846635340770977507e+02
1.834146172963447441e+02
1.815606270056420328e+02
1.780255481066161281e+02
1.819301856454184190e+02
1.828021458135767148e+02
1.833761505210588041e+02
1.821227965781130251e+02
1.830592744945016932e+02
1.852318445376552916e+02
1.834903818588181821e+02
1.837118334600330627e+02
1.894683270146104803e+02
1.827674862677015426e+02
1.819220866462953836e+02
1.820049776759544784e+02
1.825747303597669600e+02
1.857154648452706169e+02
1.781595709633460842e+02
1.822002703418948215e+02
1.816382491584836885e+02
1.864803017148346100e+02
1.811280356248712735e+02
1.814870714341044788e+02
1.812573107230616927e+02
1.796180095277410089e+02
1.819049160967580860e+02
1.830153047891165841e+02
1.798069538525348889e+02
1.814101960062213834e+02
1.855470825341419356e+02
1.770259576039867113e+02
1.822051071598439762e+02
1.813159922966846409e+02
1.781483532792862547e+02
1.873103821736231396e+02
1.834178157396428901e+02
1.822523027344792013e+02
1.783401556589580821e+02
1.842384848778437743e+02
1.787909635974988021e+02
1.816154774608803280e+02
1.876011315342717864e+02
1.831936286944600454e+02
1.819364494106262100e+02
1.848054530326225802e+02
1.788514896195190147e+02
1.811545458261521162e+02
1.800802991019634192e+02
1.781551208520468776e+02
1.848801595935025261e+02
1.817104379278302417e+02
1.817982459816199423e+02
1.807215641971975515e+02
1.838333137184455950e+02
1.792618835962238393e+02
1.851287597414279560e+02
1.839193376522550238e+02
1.835025646206568410e+02
1.854409109367911412e+02
1.825777826172315770e+02
1.842738722934017517e+02
1.822522400728211380e+02
1.803577671424293669e+02
1.812812613172323211e+02
1.863313580378759866e+02
1.814270329407819702e+02
1.788881404165898346e+02
1.814931939253502833e+02
1.783951189704979470e+02
1.846852497061967995e+02
1.842338969552523054e+02
1.800243556163507606e+02
1.828581177386263334e+02
1.790245013675218217e+02
1.866789380718324480e+02
1.823577624425392116e+02
1.822370626423403621e+02
1.795171918990891413e+02
1.807640172533785972e+02
1.830453617008585638e+02
1.849747033492845674e+02
1.837883264725156778e+02
1.853032600383814099e+02
1.806372978143456010e+02
1.837684354884767970e+02
1.791035251026708579e+02
1.813109470003483352e+02
1.840419349573877241e+02
1.795006050978391272e+02
1.819207798292229370e+02
1.847490991621032776e+02
1.814671986896503029e+02
1.799653729782725691e+02
1.838720364402982739e+02
1.874717998986600662e+02
1.825742179174501700e+02
1.832746033992142429e+02
1.803466030941298754e+02
1.802414998683024407e+02
1.807655956061840072e+02
1.837340540524248524e+02
1.800569189390621148e+02
1.850078013660681506e+02
1.841161689950943412e+02
1.816675251692440440e+02
1.860166660011480531e+02
1.828072577620552011e+02
1.823872746258033999e+02
1.829535947066418089e+02
1.827339805989847434e+02
1.815952811041819643e+02
1.812592572055020241e+02
1.820957204984423754e+02
1.834123132186439875e+02
1.800211186381489483e+02
1.839450118845644795e+02
1.785189400367096368e+02
1.781163296077779989e+02
1.829506707944455002e+02
1.795987834597896722e+02
1.818677008250985239e+02
1.826241912249116979e+02
1.784292022977393515e+02
1.822269169798341295e+02
1.820293754039985856e+02
1.824889429784474544e+02
1.784744424897756687e+02
1.800807746456238476e+02
1.826195946177521421e+02
1.790512911338959157e+02
1.801986644491393577e+02
1.809460914232459743e+02
1.815780239696092906e+02
1.822221526832197753e+02
1.806086096887247265e+02
1.784826649960519376e+02
1.750510555204683953e+02
1.790987048335197755e+02
1.830372210496846890e+02
1.824175751043465539e+02
1.865411119336091588e+02
1.796617579035348911e+02
1.821856450641888046e+02
1.794413931170527974e+02
1.807707045554643059e+02
1.808614246640858596e+02
1.823119268085008287e+02
1.833860407467618643e+02
1.842272736674865996e+02
1.844155399423075892e+02
1.841271551118982757e+02
1.805423848472551356e+02
1.820069451199574360e+02
1.827666254155946035e+02
1.802505916159724393e+02
1.841045837462513646e+02
1.835332863436776165e+02
1.812339312626086780e+02
1.804350004428764578e+02
1.826765083248616008e+02
1.809322211871341324e+02
1.807604149887280869e+02
1.821678234761336341e+02
1.827096975201441182e+02
1.805501997626311947e+02
1.828868178623330607e+02
1.810753155583056468e+02
1.842090413302263983e+02
1.828107523944440231e+02
1.836390290551605631e+02
1.821410562997468219e+02
1.807871584486481424e+02
1.851672529010543542e+02
1.857836146963859392e+02
1.822993607481614902e+02
1.850969157541014454e+02
1.824218067121679496e+02
1.831110509049921120e+02
1.789691319258120927e+02
1.755417747573286817e+02
1.823292435058278613e+02
1.843847092804403474e+02
1.820432051947834964e+02
1.797896513399288381e+02
1.810563608609849382e+02
1.800073863726956063e+02
1.816643221119153679e+02
1.819166970243256571e+02
1.854411906575994067e+02
1.796184267508168091e+02
1.869126824868624510e+02
1.814350948920451856e+02
1.793646028637489280e+02
1.820367140426491517e+02
1.828664992464979093e+02
1.834005019389688300e+02
1.870126316730816427e+02
1.807757155825065638e+02
1.832113544837981749e+02
1.826911298413826898e+02
1.856148423901890112e+02
1.830083291981753746e+02
1.830381428327412721e+02
1.815714686309791830e+02
1.797240944960972513e+02
1.834723047012545010e+02
1.769621894695893047e+02
1.837683897339336170e+02
1.801204511515701938e+02
1.790333175305080147e+02
1.783958256730316236e+02
1.796297655526818460e+02
1.799221561827006326e+02
1.848710278629074537e+02
1.843835913789172594e+02
1.814369560396195595e+02
1.850208240884228132e+02
1.800958070180447521e+02
1.775438201434873520e+02
1.848683202642023673e+02
1.805362580760244384e+02
1.822310549052865838e+02
1.862954809141108399e+02
1.814052189988323107e+02
1.835990416706647466e+02
1.808491778899358451e+02
1.797635715281268460e+02
1.832710843210478231e+02
