1.927470178047105946e+02
1.935451155748055783e+02
1.936487617027346744e+02
1.887928586353141895e+02
1.970553754459543825e+02
1.897250615812043861e+02
1.943484761075635561e+02
1.944076587137102763e+02
1.959909938355392853e+02
1.950477728353215525e+02
1.941445592990297371e+02
1.932060984716283656e+02
1.943128630046998921e+02
1.926954600163226132e+02
1.952316429058370204e+02
1.945547638545027667e+02
1.916452473631447333e+02
1.910144723541399685e+02
1.947124409491203210e+02
1.934943544506415947e+02
1.935953072183266670e+02
1.933186759805895178e+02
1.932302801631076647e+02
1.909645848458331443e+02
1.936530542349352970e+02
1.932208270519616633e+02
1.946692306895645572e+02
1.939395446697173782e+02
1.959492642118092647e+02
1.895183112571025958e+02
1.959787342638841210e+02
1.901094118909394410e+02
2.004351926657999741e+02
1.957260051957116502e+02
1.951621828182294394e+02
1.946504390410148062e+02
1.969213405423489860e+02
1.927960838595411985e+02
1.935198336386960136e+02
1.952412015380934918e+02
1.913041318014593628e+02
1.934138729716868852e+02
1.975501594004848869e+02
1.936584859061564146e+02
1.939631796752349544e+02
1.928103541963806435e+02
1.957493173510657982e+02
1.926476828961273213e+02
1.911420632193864719e+02
1.908319645671587352e+02
1.940796669679340027e+02
1.944255808498370754e+02
1.944646200803993281e+02
1.924044181709091959e+02
1.920222519346168042e+02
1.922574957978123109e+02
1.944632946562767870e+02
1.961432045413614844e+02
1.908872891075582174e+02
1.917846816272478634e+02
1.922987676944166537e+02
1.920838790359897530e+02
1.946637721674760542e+02
1.927752209218935775e+02
1.961260851863565620e+02
1.934602750274908658e+02
1.948212276484636618e+02
1.935574121136058920e+02
1.957825226719578779e+02
1.924598421580857632e+02
1.918442054512995867e+02
1.915468315172057316e+02
1.948675471002912047e+02
1.902366053125238068e+02
1.923299110536016485e+02
1.938353434832714584e+02
1.912233997587100873e+02
1.965950799636798365e+02
1.935294519494464396e+02
1.990947363200559721e+02
1.938380997928464353e+02
1.924653762267208776e+02
1.943042109394663157e+02
1.918707970476164064e+02
1.928138256513671536e+02
1.928259864515044626e+02
1.962910034689426766e+02
1.908401870075919078e+02
1.910049443006952004e+02
1.939696533379048162e+02
1.952982113977629410e+02
1.938023612392385644e+02
1.970636404105974009e+02
1.913754691786322724e+02
1.924934738082246781e+02
1.917036483547623504e+02
1.944506986458870017e+02
1.936612779012986891e+02
1.937011086160873674e+02
1.939817772242588205e+02
1.953562565881472324e+02
1.985485803551844697e+02
1.933727504341173642e+02
1.887472279037993701e+02
1.926995016674263468e+02
1.913761503227059961e+02
1.913714663059314773e+02
1.957286224011420472e+02
1.917154156759415571e+02
1.973188879123000277e+02
1.939827437674641999e+02
1.951941669618641413e+02
1.958038390473093955e+02
1.933668220252635308e+02
1.934365811482781226e+02
1.927527727870445915e+02
1.923526501871884307e+02
1.947806201948890816e+02
1.961211881668428987e+02
1.953953689525352786e+02
1.932123590592027824e+02
1.931062264486026550e+02
1.981275578497225922e+02
1.936236921000261475e+02
1.926876537160665919e+02
1.934801877488592652e+02
1.923922946425924181e+02
1.961435729772613286e+02
1.917937893303713111e+02
1.963409823489353414e+02
1.911538061814926834e+02
1.911247015424401070e+02
1.936538392685086762e+02
1.913073130670345563e+02
1.937526196316917719e+02
1.954187264677902931e+02
1.930381222048054326e+02
1.925171374006045255e+02
1.917561873414486513e+02
1.988091430310859096e+02
1.967622725844971399e+02
1.933445019416591322e+02
1.936060504340596822e+02
1.950408177470505962e+02
1.954632639794928082e+02
1.905490189740355902e+02
1.949696685620261007e+02
1.950537912945733865e+02
1.939280809993801711e+02
1.937261442675255978e+02
1.945367172788988057e+02
1.926773830549594777e+02
1.959786711434277890e+02
1.953775018985400891e+02
1.916162608408553183e+02
1.958321883797885334e+02
1.897878451087596545e+02
1.946113791959137700e+02
1.941659725319293273e+02
1.932086963019646078e+02
1.978134311443757269e+02
1.925993465581049691e+02
1.966854583769223552e+02
1.906055895412063421e+02
1.923596082774613194e+02
1.919470406489113827e+02
1.954240420081517584e+02
1.911607786615566624e+02
1.933147859725613671e+02
1.952686669672184507e+02
1.921142650597582815e+02
1.923998570042602694e+02
1.963727671164340052e+02
1.959228380384699904e+02
1.925348501130055467e+02
1.918134843289494711e+02
1.935287650295370270e+02
1.919533323315979771e+02
1.913395739119438304e+02
1.939595286890375689e+02
1.946503949315391253e+02
1.957821769947944404e+02
1.939035474780870345e+02
1.941210100731416048e+02
1.894635195244893566e+02
1.940107885058205568e+02
1.936116906248918497e+02
1.969625058565049756e+02
1.929061686774320208e+02
1.894158233180571358e+02
1.926015218064635803e+02
1.906378897609606611e+02
1.963269834926059616e+02
1.944291993726946828e+02
1.947267276837747829e+02
1.925264055332708892e+02
1.920504430385256001e+02
1.908861876809070282e+02
1.931525534568135640e+02
1.947510891389939900e+02
1.910904101364550058e+02
1.910992112996632102e+02
1.925056174499666213e+02
1.942499727748509315e+02
1.915138495789668127e+02
1.959940548303929404e+02
1.945991595936152123e+02
1.954688263934124848e+02
1.931330965028704156e+02
1.952938642574110304e+02
1.914532280877323558e+02
1.916316449445272951e+02
1.925397379983470785e+02
1.937984232671588529e+02
1.875013541941480639e+02
1.910979666175647367e+02
1.938009004107779560e+02
1.966611427688155231e+02
1.949290266993526757e+02
1.940854185282886135e+02
1.923730045416652956e+02
1.919545721274504899e+02
1.948591009923210038e+02
1.925002916853916020e+02
1.901464918944477063e+02
1.935287882225203475e+02
1.945266681665313229e+02
1.920941597310236375e+02
1.892736106702720917e+02
1.952148905393681559e+02
1.914859898477814113e+02
1.955862023284680049e+02
1.969607995188260077e+02
1.944344147455366851e+02
1.927119336673807481e+02
1.924113827440996261e+02
1.916886499762154870e+02
1.897744084399933513e+02
1.910925140289132287e+02
1.922433769626484832e+02
1.920796102862869361e+02
1.927680391447914587e+02
1.949136306351843189e+02
1.953420763452382971e+02
1.897848921617218991e+02
1.904202996164191291e+02
1.962520757104765039e+02
1.922068931867754600e+02
1.911182065632368676e+02
1.877656981644362872e+02
1.909438900896409166e+02
1.922838479188640122e+02
1.924381761898406467e+02
1.942028291903949366e+02
1.935109047610760058e+02
1.965524139359480102e+02
1.939994665112626535e+02
1.949629685951746865e+02
1.929833090321796760e+02
1.922489877498844351e+02
1.917755455634423924e+02
1.885822537842217343e+02
1.941203580673948181e+02
1.971042284815486880e+02
1.925860618676960598e+02
1.919307254471788724e+02
1.956108039446773432e+02
1.966535674950307566e+02
1.945787240229215627e+02
1.917703320965816545e+02
1.947715477383810310e+02
1.908222488413451856e+02
1.912906107046557054e+02
1.951922366965875426e+02
1.922426252386785848e+02
1.913495369063863905e+02
1.912958867131525267e+02
1.910057225614272625e+02
1.942320056518903471e+02
1.936606838481538659e+02
1.913838974807571844e+02
1.933225094900571150e+02
1.925681439967352446e+02
1.953891197837878337e+02
1.951033348281001736e+02
1.941525421313500317e+02
1.935446756762885059e+02
1.901358355467231149e+02
1.947119561861428849e+02
1.908183540654865737e+02
1.934836674004825170e+02
1.904010201743813582e+02
1.954470609625168720e+02
1.911101218760098561e+02
1.965307987909453686e+02
1.919456742927595201e+02
1.926150694642652468e+02
1.918273706656914328e+02
1.925160322742872552e+02
1.917963129268970874e+02
1.919428834969309605e+02
1.936578461276582459e+02
1.876810187691195324e+02
1.887714639958638827e+02
1.898980930694703773e+02
1.922154145416391202e+02
1.856962729806423624e+02
1.973270630131312942e+02
1.922589102858803471e+02
1.923322951931073419e+02
1.926704782448591970e+02
1.928971937443313607e+02
1.937164917950334484e+02
1.962382596944519264e+02
1.924375708100370446e+02
1.929566890249328708e+02
1.971586078198800749e+02
1.922268327374691808e+02
1.957600313314995049e+02
1.952769764102709757e+02
1.916456985949480156e+02
1.927401194594562526e+02
1.933878223253553585e+02
1.949999939123362651e+02
1.941122337304031760e+02
1.925762311043627903e+02
1.975220424751572352e+02
1.938467736144027924e+02
1.918454776404809365e+02
1.940672123846981947e+02
1.923377142181174690e+02
1.942202740001701784e+02
1.902124181830185421e+02
1.939327740523722525e+02
1.925074062524962528e+02
1.925950285680989964e+02
1.898288821680269791e+02
1.904283488389741592e+02
1.933220376287335398e+02
1.875251665344752894e+02
1.927051699623902152e+02
1.938918227386353124e+02
1.924269599067457932e+02
1.947388362839207048e+02
1.936281047024529016e+02
1.938559261733954884e+02
1.943640174554420241e+02
1.950475937120718015e+02
1.930196390179344803e+02
1.938456598999356970e+02
1.924441103766197614e+02
1.933931393454054444e+02
1.945552115605246115e+02
1.932116778967944697e+02
1.921648361807830838e+02
1.903538301625017084e+02
1.918128615479715222e+02
1.921020303722046947e+02
1.921879689718781776e+02
1.921506645998789509e+02
1.894862378910365237e+02
1.955167547280590554e+02
1.935313093109587612e+02
1.914993536243669894e+02
1.889635491793546009e+02
1.924796846298959565e+02
1.953642934822426298e+02
1.935231056322072902e+02
1.928965148768205609e+02
1.920187048093913234e+02
1.950778836835268066e+02
1.928425010111585607e+02
1.924994271628912657e+02
1.926120194743069192e+02
1.916488301564839105e+02
1.938630202069673203e+02
1.914618907989690513e+02
1.950798428874595345e+02
1.928973484520431043e+02
1.933429443283073397e+02
1.920747966933324449e+02
1.889496159792935543e+02
1.933810253116006663e+02
1.921380502524718281e+02
1.925988966651132159e+02
1.921320279469993011e+02
1.945273047642637891e+02
1.950357397577045049e+02
1.937239492938647061e+02
1.921537369494273548e+02
1.895123106346587747e+02
1.954382496387532910e+02
1.947818800636259482e+02
1.943000967075431902e+02
1.881411630289760524e+02
1.978559420864324068e+02
1.963458170583576532e+02
1.935930001480477074e+02
1.934264740421576221e+02
1.923613113981546690e+02
1.921866038742960825e+02
1.956995137488361252e+02
1.963367876284279987e+02
1.930296879359813147e+02
1.964468324767739489e+02
1.969085077112132467e+02
1.893240439330719198e+02
1.962566814824425592e+02
1.929122874121430584e+02
1.964376244142571011e+02
1.938194393195376790e+02
1.902305879281697116e+02
1.949891771100827782e+02
1.931304773859873478e+02
1.901658345382547566e+02
1.951775080081716851e+02
1.967477564870066828e+02
1.909912392844269959e+02
1.915453314382773726e+02
1.960501201082190619e+02
1.937431762345541131e+02
1.948708210586734708e+02
1.943950108473601688e+02
1.933417913322279560e+02
1.948190201577390610e+02
1.932739104638775416e+02
1.954016452221880797e+02
1.918919315652259741e+02
1.929296106924104208e+02
1.941281714864119010e+02
1.950468463857466475e+02
1.912324419930557156e+02
1.896149255527081436e+02
1.937990108755291487e+02
1.922691263202717380e+02
1.931367957678831146e+02
1.892643617826396962e+02
1.919746529844699126e+02
1.898446171060389531e+02
1.932726231326159052e+02
1.930111107901250023e+02
1.926524370308413268e+02
1.930381952816154012e+02
1.951676378100350746e+02
1.949413145272036161e+02
1.922830239078984960e+02
1.944698503900165178e+02
1.961994341238385005e+02
1.961998091554135328e+02
1.907588720259170714e+02
1.898129215402801151e+02
1.954463850984580517e+02
1.972023303336188746e+02
1.942554554431399367e+02
1.941296956781580150e+02
1.947303254046710492e+02
1.941065713892133147e+02
1.913249407456349331e+02
1.951011833211133251e+02
1.948402239325996845e+02
1.920889131510181755e+02
1.975001966648309519e+02
1.917070271756757052e+02
1.887968934896744031e+02
1.945982261975746042e+02
1.953464221078912146e+02
1.903357504586521713e+02
1.931157836023634218e+02
1.919929463250704202e+02
1.935224715611898034e+02
1.906387212765924062e+02
1.940003160382713929e+02
1.914341390397264036e+02
1.915291039776166144e+02
1.921447421876736428e+02
1.907173578080301581e+02
1.913677089392500648e+02
1.914100895083794001e+02
1.936034520678664137e+02
1.916965846402710838e+02
1.927649269871862714e+02
1.961145967678581883e+02
1.881248434723910350e+02
1.972056558636786292e+02
1.941283875817685214e+02
1.916000966846640665e+02
1.938770158197045816e+02
1.955057176927068383e+02
1.944306077705140865e+02
1.941914756386758540e+02
1.919184911267093696e+02
1.928410039304903307e+02
1.945358497348393882e+02
1.935430987240753780e+02
1.921665280930805011e+02
1.926501933835489808e+02
1.919129145878922031e+02
1.963246320008799444e+02
1.945508494993402451e+02
1.911813615672092794e+02
1.945259384685325585e+02
1.912128000919597639e+02
1.953313379935633236e+02
1.955198009117359561e+02
1.924223481799633646e+02
1.951651552906853624e+02
1.975592126442612937e+02
1.913871286159322267e+02
1.916174541418238562e+02
1.929839390910425152e+02
1.943442847985605226e+02
1.909826318234598546e+02
1.921943825135310533e+02
1.906880411148343910e+02
1.948836715073334744e+02
1.941572995073615004e+02
1.897921130401944083e+02
1.958042097954587177e+02
1.922389580466306995e+02
1.918068251661090926e+02
1.935914923776979322e+02
1.925406530242459837e+02
1.946902256463812080e+02
1.928967703459566110e+02
1.935524960266268693e+02
1.957123742253863554e+02
1.993552202029364651e+02
1.909340922435831658e+02
1.909524619791847044e+02
1.927857684847453186e+02
1.952510442228944498e+02
1.911586168323468087e+02
1.922011986398295562e+02
1.888653869178440345e+02
1.927472937093097585e+02
1.946697612103706376e+02
1.921962575363114354e+02
1.919546355749546080e+02
1.948928573100890276e+02
1.920943099761906296e+02
1.927467664195128805e+02
1.943232250166034021e+02
1.955638717286533961e+02
1.903629832474624664e+02
1.966907025830994655e+02
1.899284121013975266e+02
1.926131874025135744e+02
1.953291629196378381e+02
1.961916074529333684e+02
1.962362744932152054e+02
1.940351493979504198e+02
1.914555834831311927e+02
1.940962983140878464e+02
1.919841109835814166e+02
1.944031726087583252e+02
1.934761004382288547e+02
1.944612880153364642e+02
1.931084843177692392e+02
1.922691767709842452e+02
1.929939425549740974e+02
1.932055237774526688e+02
1.970446316519188770e+02
1.933464473754552273e+02
1.930850992732897566e+02
1.964772119170182236e+02
1.915709418544170433e+02
1.933568251913566201e+02
1.933243174791371359e+02
1.939585120001776772e+02
1.924947179252873468e+02
1.952870991178471058e+02
1.946578221611557638e+02
1.919316835057583148e+02
1.911219851716131757e+02
1.936786644253599832e+02
1.947047124632308623e+02
1.914699029909714341e+02
1.944030712040595574e+02
1.987308972046712086e+02
1.921978288680973037e+02
1.929692787631023521e+02
1.926515114619922144e+02
1.910516877932402622e+02
1.953243299546780634e+02
1.922934216783678494e+02
1.943453440034853656e+02
1.926706099767569640e+02
1.939678785634977487e+02
1.916432484893886112e+02
1.950755491378961040e+02
1.900021759459870907e+02
1.886244504119511021e+02
1.943403141628828621e+02
1.954880189530390169e+02
1.916135090236020346e+02
1.950202064323096636e+02
1.932683662889808147e+02
1.923236089535158726e+02
1.931311804310147977e+02
1.896438373109298823e+02
1.950507949680008437e+02
1.921064955958495091e+02
1.933304884660374796e+02
1.900779868734582863e+02
1.940693542262203550e+02
1.888628729660878207e+02
1.923134150856952260e+02
1.917636700355599260e+02
1.904052639394944322e+02
1.945093517250938646e+02
1.913939048307211124e+02
1.961234964413732200e+02
1.932697456311617259e+02
1.938052226347338092e+02
1.936888225089306843e+02
1.887416536224164076e+02
1.912951037648856527e+02
1.975476917670504236e+02
1.922272534917066764e+02
1.921433766168951820e+02
1.939967070597304257e+02
1.942606861255845843e+02
1.925900821201491055e+02
1.892578809382072507e+02
1.948148819371230047e+02
1.928261991327403280e+02
1.940199463745904325e+02
1.923882071582372646e+02
1.935262273005027680e+02
1.941235387365811391e+02
1.938179550321027023e+02
1.934186997157329984e+02
1.916977929643060463e+02
1.938090003060563618e+02
1.941304451355073866e+02
1.974766669928839349e+02
1.933951969859040503e+02
1.926234083474507486e+02
1.929682425288941090e+02
1.910087587837680587e+02
1.951495958467165224e+02
1.935782662357719630e+02
1.978067759906867593e+02
1.924323043450921489e+02
1.943363535292279209e+02
1.901473931052930766e+02
1.957332966824686480e+02
1.935758479559478360e+02
1.933669526703201029e+02
1.920402008996896370e+02
1.924108239597999841e+02
1.936372303335626555e+02
1.944411931280626220e+02
1.914213121004281675e+02
1.923612654730754343e+02
1.958090058245153386e+02
1.920786110601130758e+02
1.912595148129924212e+02
1.949896779160047799e+02
1.930072534951450223e+02
1.924673230237936252e+02
1.963402683277457186e+02
1.923305962895574623e+02
1.947679712837487500e+02
1.907302098407080848e+02
1.909009169715367022e+02
1.915342151744104626e+02
1.896687349980564363e+02
1.918436394773720508e+02
1.945382603621955013e+02
1.915236263774120289e+02
1.940306329006645853e+02
1.936305701179134644e+02
1.917413428655441407e+02
1.930717564651161240e+02
1.920295214901701399e+02
1.903561479105634078e+02
1.950308415434196831e+02
1.970616661243878980e+02
1.938261893471529049e+02
1.902328294620798488e+02
1.966479116196924224e+02
1.943815565190427321e+02
1.923799411666761614e+02
1.931389039088201969e+02
1.927402172498335062e+02
1.908725139854868758e+02
1.922814947478383658e+02
1.948073356246760852e+02
1.950390633102241509e+02
1.916300603924403845e+02
1.922141837966941580e+02
1.947997747879624058e+02
1.920444854710192715e+02
1.905238774371211150e+02
1.951594129149946468e+02
1.975575237728584170e+02
1.942791479324586987e+02
1.917800765055501131e+02
1.946466005192595219e+02
1.939726614053819844e+02
1.926545581641344711e+02
1.954275929695674279e+02
1.923253828679559376e+02
1.941285927859084666e+02
1.916745626880832560e+02
1.946196585164031774e+02
1.930499464586247029e+02
1.935597757461489152e+02
1.947145027429483264e+02
1.900156617843362596e+02
1.925732230383089529e+02
1.906929590621993782e+02
1.913633898412136318e+02
1.960492992961309824e+02
1.940439632344544520e+02
1.924205211877917066e+02
1.962019105198967281e+02
1.936580795820058256e+02
1.956285005897787528e+02
1.948178483627314108e+02
1.898142679778708271e+02
1.931886673036697459e+02
1.916391669787161902e+02
1.950105349514161617e+02
1.933575648627488306e+02
1.963087671702953969e+02
1.919054711927153676e+02
1.889256370888022047e+02
1.923784300034866703e+02
1.953441786730512604e+02
1.948959002777129399e+02
1.903099452222579657e+02
1.906689536225994175e+02
1.926453079686971535e+02
1.925514342094977280e+02
1.949626411170957851e+02
1.933371780254252599e+02
1.938089834294059983e+02
1.934359967589760458e+02
1.906163805023451800e+02
1.949218775164022475e+02
1.951260944435869362e+02
1.946520523890609979e+02
1.952762126483831082e+02
1.904752626001090334e+02
1.921606262790333801e+02
1.945446258977296736e+02
1.913361696671142624e+02
1.915575306721545417e+02
1.921899689532783384e+02
1.918892781430006096e+02
1.913896534015931366e+02
1.922573825309066251e+02
1.933808505500053343e+02
1.939766374097702624e+02
1.929560835356032555e+02
1.954422909308189276e+02
1.968001354714578213e+02
1.931780687538763459e+02
1.947050111796051226e+02
1.937105559701851121e+02
1.948455663520699375e+02
1.930413179151282179e+02
1.938085532131219679e+02
1.968553552283047452e+02
1.913916495448938520e+02
1.936464096152931802e+02
1.922962149496172515e+02
1.947912155644162340e+02
1.902837050460635737e+02
1.887768632127811088e+02
1.894345503542978690e+02
1.946295867630610985e+02
1.918027308166098805e+02
1.930438171589382534e+02
1.913085199190864216e+02
1.951545999979410055e+02
1.948620229860689506e+02
1.950072781477216495e+02
1.910046717571435408e+02
1.948394476708649847e+02
1.917435896607916845e+02
1.931904588640007319e+02
1.961680072267237449e+02
1.934995418092300383e+02
1.937812873092626944e+02
1.977296573612992461e+02
1.943687172148408990e+02
1.933159501781140364e+02
1.917116444018405730e+02
1.947386380163982267e+02
1.920396091633526225e+02
1.913603537014994913e+02
1.915008440343095231e+02
1.927363849102386553e+02
1.951578929070767003e+02
1.925244034750867570e+02
1.937938384515404096e+02
1.956934045059525999e+02
1.896517436223226412e+02
1.897077585932012198e+02
1.960596676768707312e+02
1.908017722489689447e+02
1.923953929036984221e+02
1.894956145355721162e+02
1.937125095498821850e+02
1.943497720328202831e+02
1.941935246056249298e+02
1.881658744590548054e+02
1.891608612346333018e+02
1.904117425669365105e+02
1.906423439073333270e+02
1.934564060532356109e+02
1.964187331153547120e+02
1.959081124504394040e+02
1.971486377795554290e+02
1.968226419600406416e+02
1.919342050359859684e+02
1.924514995537974755e+02
1.968876393083246512e+02
1.937804833164010176e+02
1.965906891130470910e+02
1.943218187743768794e+02
1.922485848391355887e+02
1.923961081534819755e+02
1.913226084186271692e+02
1.920660608111652436e+02
1.928272539925487195e+02
1.924223983278830588e+02
1.956056335264374866e+02
1.942888258468675815e+02
1.927917790824893416e+02
1.879890002575900212e+02
1.943331325238971203e+02
1.925328557120958237e+02
1.965512666464327936e+02
1.928497054442578644e+02
1.953401008266875181e+02
1.929828142643382876e+02
1.924333060914765383e+02
1.940614717537869467e+02
1.900335445798277760e+02
1.929901247435552705e+02
1.920816830105081294e+02
1.932908181071569800e+02
1.914339985810466658e+02
1.933194717027434990e+02
1.941409722758076271e+02
1.895325096711427193e+02
1.945593763094602480e+02
1.909637665645666686e+02
1.927713466416383596e+02
1.905422932120726500e+02
1.900975149371035400e+02
1.946408222405309800e+02
1.937561739886084808e+02
1.911167860050762783e+02
1.916186815065957205e+02
1.911947899784998981e+02
1.943229720707908541e+02
1.879639341908351753e+02
1.958562869426947657e+02
1.955545200020960124e+02
1.937748783835795905e+02
1.902951557011683121e+02
1.931852381953734721e+02
1.933113917789588925e+02
1.921906090119366581e+02
1.912765170438485995e+02
1.958526950341520205e+02
1.950687042751652314e+02
1.921374276200058375e+02
1.945202544209036830e+02
1.969147985080105059e+02
1.969840113279084335e+02
1.921638802482557651e+02
1.967503170277875881e+02
1.930347082986077965e+02
1.912840185670553126e+02
1.902185869019255620e+02
1.923586670718277105e+02
1.920711870843111058e+02
1.899410108793831569e+02
1.922983837442598372e+02
1.898548173192848196e+02
1.970882724010299114e+02
1.937339629882649774e+02
1.954305932013366487e+02
1.903253353266617580e+02
1.916336334122360938e+02
1.907266745608363863e+02
1.940972276146974878e+02
1.935027649869971924e+02
1.914748322477918521e+02
1.935606309536195511e+02
1.955118133833011029e+02
1.954668726124651812e+02
1.919563218950457610e+02
1.965678284794405783e+02
1.925893156727478299e+02
1.914379282066136625e+02
1.902275289701986765e+02
1.900852594470929660e+02
1.926268047205358869e+02
1.906156365484572461e+02
1.931380663679388192e+02
1.952814980522699102e+02
1.932006967263249635e+02
1.948760585924856059e+02
1.963093053454781511e+02
1.926722974825740948e+02
1.893220213451189409e+02
1.937070970058069292e+02
1.943272663518987997e+02
1.926786073353292466e+02
1.940629948080757856e+02
1.950942304548270840e+02
1.910885182541815084e+02
1.949087662213548811e+02
1.935874538032533962e+02
1.946463268670333377e+02
1.941277991833709677e+02
1.902423398900253346e+02
1.926260984535618093e+02
1.918319563457814922e+02
1.931472693583259002e+02
1.922386056155981748e+02
1.902755021012930854e+02
1.941010572630062825e+02
1.918074519866152059e+02
1.926133826081151028e+02
1.900871556342669635e+02
1.900317512467166523e+02
1.933684151673785152e+02
1.925555899044161663e+02
1.952734072268752925e+02
1.955168448959430805e+02
1.952700162397759129e+02
1.915053207217284239e+02
1.928762424695600259e+02
1.941633304909432525e+02
1.916195963290428779e+02
1.936221727195462279e+02
1.955418026225109145e+02
1.937154157339591620e+02
1.923566644129547285e+02
1.922252040171253498e+02
1.911941934234754399e+02
1.927350386570118985e+02
1.962320780666979374e+02
1.934092753000746256e+02
1.933107817999955387e+02
1.934557679775731458e+02
1.930326079617846631e+02
1.957207999188816245e+02
1.961726552966596842e+02
1.952594903879991648e+02
1.932836535917490721e+02
1.951341641543883156e+02
1.861695575826518620e+02
1.938020094767992134e+02
1.933169682816073021e+02
1.961205768297544410e+02
1.935291646499316585e+02
1.940569934782786561e+02
1.909329834539603041e+02
1.957851600596657420e+02
1.940252695644205971e+02
1.958051014675123724e+02
1.941708017732265148e+02
1.932802859103204582e+02
1.927940036281376877e+02
1.930869926167144399e+02
1.941140032586704649e+02
1.921878510478800877e+02
1.927480243093429806e+02
1.919965889799239562e+02
1.915977666622270874e+02
1.913557698278641226e+02
1.931463626959103408e+02
1.914974075989673281e+02
1.950562573942741551e+02
1.980506507042042585e+02
1.924264920266346053e+02
1.924112902862451620e+02
1.944144423544778988e+02
1.933298396085654645e+02
1.914496213910327072e+02
1.925154755311696135e+02
1.938099085363101040e+02
1.909933652071555343e+02
1.956967249016585129e+02
1.918752536859940676e+02
1.913143051532146899e+02
1.911081686165211408e+02
1.962048055563187461e+02
1.904878644258070040e+02
1.931250586269862310e+02
1.955003347797528761e+02
