2.381474072702230842e+02
2.295606382395948231e+02
2.341072625994234784e+02
2.326876387974441229e+02
2.388492357794401073e+02
2.320126683908448513e+02
2.315060183170351138e+02
2.320213395247023414e+02
2.350638181697619586e+02
2.313677276798680680e+02
2.329960926045813210e+02
2.354643549462491023e+02
2.338220851861332790e+02
2.320598038152665197e+02
2.347790385963845381e+02
2.351737925011842663e+02
2.322611049663220228e+02
2.276688555586180200e+02
2.373380722381270971e+02
2.325872188651971726e+02
2.321821700299797442e+02
2.321117847669472098e+02
2.381246224883396110e+02
2.332185398506956915e+02
2.354687516061661654e+02
2.322567002244818752e+02
2.325608480923621926e+02
2.310756502917441821e+02
2.333736433218989532e+02
2.329453343565010073e+02
2.337350947669076220e+02
2.367843093790737896e+02
2.335555854864036860e+02
2.314694711960189011e+02
2.354927548529047385e+02
2.303462381383365596e+02
2.329225680781531480e+02
2.325439523206782440e+02
2.318585161958550600e+02
2.342796390999020844e+02
2.353913609932887709e+02
2.313644819151000149e+02
2.328170334175972300e+02
2.275792475611376062e+02
2.345422631482494467e+02
2.395285981752934958e+02
2.350991377408678318e+02
2.359959272939304071e+02
2.346325535848644392e+02
2.327691423245484543e+02
2.347601446375390140e+02
2.293567448667591577e+02
2.336640933045196959e+02
2.323645718977790295e+02
2.344705807836699307e+02
2.332773164510948050e+02
2.366753647188093339e+02
2.349329028316527683e+02
2.293864442851955232e+02
2.343568993495165955e+02
2.318348820048302628e+02
2.316905977865632167e+02
2.321153029008196143e+02
2.335031017884809614e+02
2.326918138141111285e+02
2.276551074071553273e+02
2.313362766976506464e+02
2.335999107331835773e+02
2.389535237943688060e+02
2.349253974376096039e+02
2.346142051646730522e+02
2.299298865894605228e+02
2.338965864569611028e+02
2.322965776841940908e+02
2.363346264448637157e+02
2.306544608082946013e+02
2.339214894546589960e+02
2.288886862688098631e+02
2.312646777672990197e+02
2.337189290059373832e+02
2.306523918358056733e+02
2.376373670579033330e+02
2.288875326125667016e+02
2.313079259891516699e+02
2.319741576899563142e+02
2.317944094990116639e+02
2.345834179711416709e+02
2.319113512244119022e+02
2.361590801972460838e+02
2.358017194967671628e+02
2.352026910983929611e+02
2.350756498655649125e+02
2.337671223163634693e+02
2.352473547524620301e+02
2.374730790606209894e+02
2.321509513421005977e+02
2.375070450892347083e+02
2.290544094212786774e+02
2.323903508918544958e+02
2.353976887503188493e+02
2.374355794604939547e+02
2.330922299385644578e+02
2.334949729420095537e+02
2.384934729435518932e+02
2.354389564829047572e+02
2.304604453414504803e+02
2.319668382117592955e+02
2.330198270352770180e+02
2.324500610247770851e+02
2.356948395465416013e+02
2.304013962218371319e+02
2.343666453858782290e+02
2.384409965433359844e+02
2.348954701179637254e+02
2.340673205415023403e+02
2.323387419591751666e+02
2.305674365858746739e+02
2.328955338415873086e+02
2.323810553115744426e+02
2.314538317607560032e+02
2.305041596521329552e+02
2.328540770238568030e+02
2.317514249813048934e+02
2.324214209173152597e+02
2.346028010468015168e+02
2.325298282532903329e+02
2.320485438289475439e+02
2.338072291798960407e+02
2.354889420742862853e+02
2.380844863560640476e+02
2.301680397654533294e+02
2.344939272606071938e+02
2.367076499540720533e+02
2.308718433104282042e+02
2.361462326157293603e+02
2.287650632337036143e+02
2.332918710933282114e+02
2.264649005906380808e+02
2.328457601475307115e+02
2.315276097525039063e+02
2.310367576858749885e+02
2.324790385300120192e+02
2.268297556280391518e+02
2.347092372551549033e+02
2.337937974142718645e+02
2.328611280433479180e+02
2.281071518704279981e+02
2.363815823673907062e+02
2.296563879276317266e+02
2.345970228476423927e+02
2.297467314604762407e+02
2.390936877644483900e+02
2.410340813361374330e+02
2.355571112429095422e+02
2.308264492007598960e+02
2.323255411979417318e+02
2.335085545666490816e+02
2.300609002185054806e+02
2.336469505522766497e+02
2.386795642434641138e+02
2.269504968561454064e+02
2.302108130177587952e+02
2.345305153821736610e+02
2.329401471964418135e+02
2.327545958466012053e+02
2.264944260094821118e+02
2.325556463955152822e+02
2.339787999399363798e+02
2.351254737862367676e+02
2.320638243756694976e+02
2.316197501962639365e+02
2.394643865053940885e+02
2.331241501218983956e+02
2.305055176626449907e+02
2.274996426035608863e+02
2.379247155425848632e+02
2.342559361949012953e+02
2.351194795408613913e+02
2.288191778418944295e+02
2.314676424711287837e+02
2.400940410804511203e+02
2.361035621807079394e+02
2.360797614122083132e+02
2.393974689992917604e+02
2.320919095523025533e+02
2.359218878998021012e+02
2.310524120184209380e+02
2.354924994778316432e+02
2.314215405653807238e+02
2.366003322036108614e+02
2.313043933026971786e+02
2.272229174422321023e+02
2.359353384340532216e+02
2.288103268058846140e+02
2.340062789499799294e+02
2.306378784972914673e+02
2.311132209502745525e+02
2.345231462099561384e+02
2.329357385415861188e+02
2.356065132780819340e+02
2.340420574297249345e+02
2.290356952519279616e+02
2.308725108339281746e+02
2.289911118766181630e+02
2.313025849063685371e+02
2.311898509756964017e+02
2.355261489352560034e+02
2.317544357937363486e+02
2.350639087360315500e+02
2.270809589279028273e+02
2.325809959650202927e+02
2.302259090814793581e+02
2.322680111464285062e+02
2.322917210648771515e+02
2.264896853902123723e+02
2.315555341945406838e+02
2.274008784726094632e+02
2.350372718911720256e+02
2.355092251348781076e+02
2.304204603914293443e+02
2.320885226870238967e+02
2.296482408206774721e+02
2.325350945779779863e+02
2.330848076045892014e+02
2.346304287351052835e+02
2.332213626642436850e+02
2.279168662054674712e+02
2.309516350588800151e+02
2.359530440786523400e+02
2.315088842099216890e+02
2.322885385074869760e+02
2.336759856370051409e+02
2.308348851488812841e+02
2.313663230703208740e+02
2.305156647775734200e+02
2.361928249490167389e+02
2.358249670406749203e+02
2.356085319035991574e+02
2.301995304897365031e+02
2.301341724897206404e+02
2.284491813301883383e+02
2.289435788192394341e+02
2.325284411205994104e+02
2.286664249359498342e+02
2.315228632859270306e+02
2.307908820206181986e+02
2.304842292166112259e+02
2.356651908026763067e+02
2.280468570718328181e+02
2.353678985080750294e+02
2.289286914056077080e+02
2.304726765641857469e+02
2.315461453357453934e+02
2.355162986185356999e+02
2.327018049754032916e+02
2.361825043477995507e+02
2.331258655450128572e+02
2.259373047013649511e+02
2.320492768355364888e+02
2.316746511606396552e+02
2.307730089810895890e+02
2.335854073316340873e+02
2.393383592533060948e+02
2.349441904244696957e+02
2.369915904698524685e+02
2.376576349856169657e+02
2.300387208567746882e+02
2.276675764000133881e+02
2.313443860967162209e+02
2.324987877223109933e+02
2.364562390167010051e+02
2.355623969646019873e+02
2.323215656337744122e+02
2.363480492662296228e+02
2.301120713313961232e+02
2.285168781883422753e+02
2.309510945132345512e+02
2.355882117588266453e+02
2.313729562041749546e+02
2.312489182607808971e+02
2.308755906321104590e+02
2.290058384097800399e+02
2.314916039243219927e+02
2.351153065728265119e+02
2.342900156376787777e+02
2.336052937972931716e+02
2.334294121558819768e+02
2.321408220949088559e+02
2.290178674269218959e+02
2.334885784359308047e+02
2.397870527543931871e+02
2.271707166600018013e+02
2.268930061235706717e+02
2.343910723152908986e+02
2.283735521549255338e+02
2.354804013991422664e+02
2.332085713641668008e+02
2.333899533002061446e+02
2.332440260345437366e+02
2.283521425026247300e+02
2.288056772934077969e+02
2.318075208774322107e+02
2.365184364460940287e+02
2.381300967210765975e+02
2.302516011935598499e+02
2.362815948757095441e+02
2.377851703725018808e+02
2.333194362982570453e+02
2.379756495645492578e+02
2.303468140712988088e+02
2.371643975338955386e+02
2.323653619220933990e+02
2.320146663490419883e+02
2.371553403091129724e+02
2.335289386381467693e+02
2.323558655278483513e+02
2.303734051611275788e+02
2.316570648829763002e+02
2.316041501558628681e+02
2.328185193975247387e+02
2.363181740994202187e+02
2.297360199636823666e+02
2.329264487206665990e+02
2.349362670233789459e+02
2.341775296433255562e+02
2.328765372571823775e+02
2.323980120219246430e+02
2.334367588594451490e+02
2.273431336451730544e+02
2.334252079684739556e+02
2.337590512582211772e+02
2.322370015999334498e+02
2.328405663204433438e+02
2.332886718021549939e+02
2.323603200886490470e+02
2.304229446215979351e+02
2.322213122110690620e+02
2.322350381334153440e+02
2.330818971739989252e+02
2.343316750581992096e+02
2.330750431711635144e+02
2.298373541295147504e+02
2.362306249896761585e+02
2.333293999766660818e+02
2.368822960630588739e+02
2.312582555708447103e+02
2.302360261747340360e+02
2.305131090288733731e+02
2.317477065351594092e+02
2.320511578485819371e+02
2.290831286659827128e+02
2.318821955593250550e+02
2.343048522883140663e+02
2.341862780281540495e+02
2.290023296561282393e+02
2.314521521237017225e+02
2.363162876274018345e+02
2.340203535448326022e+02
2.305995492676162826e+02
2.308863497851488944e+02
2.344244639176343981e+02
2.320080209246432617e+02
2.368868020051540668e+02
2.331598972106110352e+02
2.354970182739404834e+02
2.334691912654190276e+02
2.349022105710746757e+02
2.309358888350352288e+02
2.296220076107116483e+02
2.316646888178850077e+02
2.290681205300084287e+02
2.317940095414617758e+02
2.328549921281480124e+02
2.336773826504683029e+02
2.307439626841455436e+02
2.326705447366562396e+02
2.367576292434118841e+02
2.334976342278353059e+02
2.333074588957722142e+02
2.325869867725882330e+02
2.317642944596215386e+02
2.377437147990091546e+02
2.306054328644544000e+02
2.375670919598056514e+02
2.348899643299421882e+02
2.314412893643059590e+02
2.328882578784059376e+02
2.311588926348084954e+02
2.315123223131494967e+02
2.358130943623316114e+02
2.284082146545680985e+02
2.318036338256534066e+02
2.297856468524350078e+02
2.319083623020333107e+02
2.312344688323944979e+02
2.264934329001134756e+02
2.342518034473225157e+02
2.299570835823441541e+02
2.335191700054118940e+02
2.346061173324609115e+02
2.369153718244024276e+02
2.334529364914860992e+02
2.359816961357828120e+02
2.282939909974117825e+02
2.347700022739779513e+02
2.385268497111225372e+02
2.271514819803167029e+02
2.347360217383683505e+02
2.312772101715548274e+02
2.351400012978255063e+02
2.313722898850242586e+02
2.366869555531017681e+02
2.337186305918722553e+02
2.330377805329158889e+02
2.355504616968547111e+02
2.283311685873831038e+02
2.317104885445187392e+02
2.349230885713510588e+02
2.377301587805633858e+02
2.344963640693063951e+02
2.325758796804944382e+02
2.351915439846414415e+02
2.358357907620786307e+02
2.383074002876233521e+02
2.305776214359219125e+02
2.293545266041800232e+02
2.344515210028919512e+02
2.285055203454053867e+02
2.313121049134380769e+02
2.367542056389698359e+02
2.301145338085784715e+02
2.319285908391142073e+02
2.294341728773977991e+02
2.329714014718085195e+02
2.309493333130930637e+02
2.285263566303953837e+02
2.364929497123323188e+02
2.377463675029592594e+02
2.332155167910937337e+02
2.310063654150808361e+02
2.342146529109541007e+02
2.348132196695522964e+02
2.300305563539669151e+02
2.338953055386850508e+02
2.291372835846169380e+02
2.336503773671916804e+02
2.365235711194017654e+02
2.328614006127926359e+02
2.296819154748779965e+02
2.356784799903006160e+02
2.352602567503309956e+02
2.300312914095828205e+02
2.322270702256235495e+02
2.341533680948969049e+02
2.282962018905548405e+02
2.314756226658775233e+02
2.326206333695485853e+02
2.348949506537679213e+02
2.309054656486786428e+02
2.318540199855158619e+02
2.331389324122001767e+02
2.289812743831950854e+02
2.325071479198480517e+02
2.364819459819069323e+02
2.341292445108985021e+02
2.361359357881833319e+02
2.331394774113752533e+02
2.353684178502396378e+02
2.349773140300948455e+02
2.325651923999122914e+02
2.282088419089490685e+02
2.312467804530233764e+02
2.320320191417383739e+02
2.318532405016562450e+02
2.337152141212958725e+02
2.283098568967519384e+02
2.359429906386141624e+02
2.359099343440541361e+02
2.323585805114359744e+02
2.371549424032727984e+02
2.365635360392942061e+02
2.306998220816187484e+02
2.297191555274115728e+02
2.380801867285356650e+02
2.313894873471037101e+02
2.341393237700296197e+02
2.348536135638297537e+02
2.338941399237630492e+02
2.342624958294352382e+02
2.309985855249952351e+02
2.342409516548177635e+02
2.367198695524481309e+02
2.326700067781132759e+02
2.337692055932375865e+02
2.321610345187272628e+02
2.314329661679715855e+02
2.332294787155013012e+02
2.322248275178300787e+02
2.324984848945584304e+02
2.329228334959072129e+02
2.320143124750949539e+02
2.329940265971117697e+02
2.316165475933591722e+02
2.317792895912403708e+02
2.343360812023878452e+02
2.255335631464674293e+02
2.357704452627029923e+02
2.392783817507012714e+02
2.331784138568655180e+02
2.328299128515569407e+02
2.341381423930141352e+02
2.344100434174346503e+02
2.288567674939104677e+02
2.330197265048015254e+02
2.293272975574787438e+02
2.324829258287703340e+02
2.328516980477432980e+02
2.363584125185711571e+02
2.357654044428631437e+02
2.331027346473898376e+02
2.283457876824677726e+02
2.331345836976030625e+02
2.352162438789301575e+02
2.298708720839470345e+02
2.343279861798008596e+02
2.390806724510447054e+02
2.373548321026006818e+02
2.343283739428757997e+02
2.366541606449808626e+02
2.328168629868206949e+02
2.391636042067553092e+02
2.371495253078662984e+02
2.378626082145423482e+02
2.341250495696267251e+02
2.355302278444818000e+02
2.343670659475322111e+02
2.357503200900298452e+02
2.334183931610501759e+02
2.324625145596844220e+02
2.322367866490262713e+02
2.325822475620022658e+02
2.311817254300531772e+02
2.320418611072384749e+02
2.344443717323428871e+02
2.300977490591124024e+02
2.322967824701350423e+02
2.328518163802324921e+02
2.339187660965496320e+02
2.364331466837301718e+02
2.305804413817118643e+02
2.310164559937017827e+02
2.276679810250011542e+02
2.313748129615122764e+02
2.341382281195798782e+02
2.314309229262459837e+02
2.280912791519290863e+02
2.349230080787406507e+02
2.348931673612648865e+02
2.339382500735164285e+02
2.307016076536231708e+02
2.271854121546089118e+02
2.330114901924312392e+02
2.340550879346361910e+02
2.352464790116658264e+02
2.304796328215564927e+02
2.269176773103024800e+02
2.325413877698466649e+02
2.360791806918982729e+02
2.399525665541877686e+02
2.351963771302356463e+02
2.342336518736024686e+02
2.319950427657527428e+02
2.346313628663318696e+02
2.305374656793007091e+02
2.356428155910061264e+02
2.287987316781626248e+02
2.316464448680597457e+02
2.373067239218045756e+02
2.325943933134778092e+02
2.323479658607053011e+02
2.312560789177671552e+02
2.324371603881551209e+02
2.342868813040983014e+02
2.285489297471827967e+02
2.311303792684018674e+02
2.304116209945449896e+02
2.334128465229133838e+02
2.327895723851518142e+02
2.361555708667794136e+02
2.294762584613250453e+02
2.301816515079738110e+02
2.310077055024491699e+02
2.304992504996228888e+02
2.302834401696284203e+02
2.318793346068048322e+02
2.290645562699429831e+02
2.333238846239993620e+02
2.319967871416105538e+02
2.326621671343966398e+02
2.321023829950101742e+02
2.336264680672212535e+02
2.325488023638415314e+02
2.305458377998899380e+02
2.322150803968936259e+02
2.292088111258691470e+02
2.350836040994967959e+02
2.349339575436321184e+02
2.316181513986843754e+02
2.312185976903134303e+02
2.323461362159391683e+02
2.319844293563160704e+02
2.346367304312844908e+02
2.337743569249451809e+02
2.332606668838374162e+02
2.347637904889109279e+02
2.280303775703919769e+02
2.307212407444797861e+02
2.317820707741067565e+02
2.326031513019897830e+02
2.338049571108536782e+02
2.386893303119969403e+02
2.365488684818691922e+02
2.337584474003522814e+02
2.365856874989758296e+02
2.308325937650640753e+02
2.270374009135344977e+02
2.360527138537024427e+02
2.308588471423285569e+02
2.316040064450524483e+02
2.352836687991141105e+02
2.360423377354565275e+02
2.324746101788183239e+02
2.334236074107161301e+02
2.271238559728579958e+02
2.337294850178026593e+02
2.341996082827149905e+02
2.343821218205908110e+02
2.334594010926727208e+02
2.361060221944202908e+02
2.299549440278179304e+02
2.317024428657415740e+02
2.307923960012251143e+02
2.312209246791365445e+02
2.341202252714887209e+02
2.376452653241173891e+02
2.322900042059648342e+02
2.364619336901348561e+02
2.313592540910271964e+02
2.327762405047616596e+02
2.284140150448780275e+02
2.348737754893555518e+02
2.325736156339177683e+02
2.329580964157058531e+02
2.315013882302955892e+02
2.307500139406392066e+02
2.322842958762890362e+02
2.322209578070333009e+02
2.367400753522779553e+02
2.349603409212273277e+02
2.299468361416948596e+02
2.338520088223541222e+02
2.320058865631235960e+02
2.375369719353748224e+02
2.370730332101784938e+02
2.333647407602136639e+02
2.347887962466668057e+02
2.339783401212666263e+02
2.321785789245522835e+02
2.329793649023465321e+02
2.329449182894327350e+02
2.334711469104683204e+02
2.346093549135734406e+02
2.299434629340946969e+02
2.336956463188901694e+02
2.350113152401775949e+02
2.326554105664409349e+02
2.360465621194022674e+02
2.287910778394939371e+02
2.345360566515783489e+02
2.355087862226124003e+02
2.363140595134044020e+02
2.341546906938089307e+02
2.288095583019464812e+02
2.381147773640881837e+02
2.325188314297565171e+02
2.327568110473237368e+02
2.364083898059087403e+02
2.309884841678482701e+02
2.320952579255979629e+02
2.365009790047244849e+02
2.348620369112134085e+02
2.310984919427726254e+02
2.312944267816423292e+02
2.289970862297429051e+02
2.361757336599928010e+02
2.313079634053553661e+02
2.295990489965784604e+02
2.364123943006595994e+02
2.356643865545596555e+02
2.331761342759549223e+02
2.295277843066950538e+02
2.280316898726602801e+02
2.351176491575184855e+02
2.332727564516693235e+02
2.328817733198095823e+02
2.355918360373614462e+02
2.347397965467247616e+02
2.261720732649059471e+02
2.341634666418045754e+02
2.349782668903501133e+02
2.340071421827475149e+02
2.309561634255606464e+02
2.279838517472231274e+02
2.269830224396888809e+02
2.339003348163631699e+02
2.260826931824285282e+02
2.321742812685593549e+02
2.314194534587683165e+02
2.334398042329943621e+02
2.342303826404086067e+02
2.296893596564331972e+02
2.319182387129656888e+02
2.299142962932727698e+02
2.333162883496563893e+02
2.351384048405103044e+02
2.341560766477064988e+02
2.355006083749447328e+02
2.341302788258854548e+02
2.357703283359373927e+02
2.279222246691476244e+02
2.311002256669196981e+02
2.315578630611473443e+02
2.325192124947153332e+02
2.390372463712129729e+02
2.325272092677066951e+02
2.321373173916703081e+02
2.370650326206713316e+02
2.288535262146517937e+02
2.282834046626222175e+02
2.292021962508108857e+02
2.291831670070303346e+02
2.365993319080293418e+02
2.296412863780377620e+02
2.287720953787603833e+02
2.305291215583195310e+02
2.255878864195454696e+02
2.302364252995496940e+02
2.306880722348619486e+02
2.294588701534888742e+02
2.352942132627674425e+02
2.301060162807720531e+02
2.385022606095806168e+02
2.294928462939884355e+02
2.312481904954419463e+02
2.325061900999875206e+02
2.335725712006978085e+02
2.284782098833998987e+02
2.387775048814455943e+02
2.321923364398430749e+02
2.365164399367323256e+02
2.284109302871116824e+02
2.322444816396070166e+02
2.332185327375345878e+02
2.366115394955944566e+02
2.333860702603686548e+02
2.315885982084635373e+02
2.346258593138541926e+02
2.325236012517125630e+02
2.326808626590432141e+02
2.346043838827174568e+02
2.351634632385754742e+02
2.280336697174969345e+02
2.346645784333864810e+02
2.311881682453625615e+02
2.362769343317535800e+02
2.319006254047321534e+02
2.318459185250497114e+02
2.366130174660246439e+02
2.317658943699500185e+02
2.310099961347773672e+02
2.352037521443765229e+02
2.362350093692244570e+02
2.355953487536008026e+02
2.297357047959201566e+02
2.356842171256472227e+02
2.342991431482012104e+02
2.303031509714172103e+02
2.347746917196760421e+02
2.322109577755186649e+02
2.333138600932909128e+02
2.378829177428863773e+02
2.340852515419165627e+02
2.275692333648369754e+02
2.383767450082249866e+02
2.350321810491984991e+02
2.268692303082558794e+02
2.333403470100587924e+02
2.330019143617273869e+02
2.352404718272317155e+02
2.359823387148166773e+02
2.299563330485456447e+02
2.311779273017120033e+02
2.307245067241545939e+02
2.351917645340225818e+02
2.363621943568481072e+02
2.313977918779055472e+02
2.343045848005480423e+02
2.375183115577976594e+02
2.344135367178567435e+02
2.353634055114107184e+02
2.287605917723936955e+02
2.327266963092322101e+02
2.281072215594929560e+02
2.366188844745640836e+02
2.328260038574225916e+02
2.354021620530300822e+02
2.344917702517470559e+02
2.356627839042058667e+02
2.333228986518386137e+02
2.309791080070984037e+02
2.355819231853033671e+02
2.309526193606939728e+02
2.333269103741364177e+02
2.325085298520819492e+02
2.337157485003743034e+02
2.336966091725581691e+02
2.290021575599995742e+02
2.346991710976577679e+02
2.330276835606121608e+02
2.374864377676170761e+02
2.290112827318734503e+02
2.326869010815007925e+02
2.369852818469827298e+02
2.332467071001677255e+02
2.341648104549016978e+02
2.383654726647820610e+02
2.323573021199250377e+02
2.307300661818507024e+02
2.359777762742613447e+02
2.352111304276890564e+02
2.316255969261864323e+02
2.392116248570835637e+02
2.317081742810617300e+02
2.348760621861043205e+02
2.352902781332344944e+02
2.318426291712812883e+02
2.310757096792869731e+02
2.313499083086299777e+02
2.326162639020120935e+02
2.361699896405218908e+02
2.315605524816765808e+02
2.328643742760322652e+02
2.281456447313853459e+02
2.315930174373648356e+02
2.330072985860659855e+02
2.345372017692045006e+02
2.332714737332530603e+02
2.321013867243082700e+02
2.296080063351808462e+02
2.334743462346351350e+02
2.353451304489456106e+02
2.360872538758343353e+02
2.334470257051256397e+02
2.350568412701962018e+02
2.281225985165069687e+02
2.358750797559535499e+02
2.344447887117821949e+02
2.283556731220745633e+02
2.308880371436619612e+02
2.333608551802392697e+02
2.357796340886829398e+02
2.357018039673996270e+02
2.347177470014468668e+02
2.371070088151813877e+02
2.351803558576000057e+02
2.289186403636806233e+02
2.325960935996515957e+02
2.342930566711503673e+02
2.319524456563837873e+02
2.343101555968627849e+02
2.300909535262971986e+02
2.317301879592795899e+02
2.355637953450290922e+02
2.357258976507210662e+02
2.354206472570471078e+02
2.324572443789335807e+02
2.292168197558276859e+02
2.327263951990570661e+02
2.310581915199352636e+02
2.342980602582118479e+02
2.309486404407494149e+02
2.343711554747801813e+02
2.291169362447863875e+02
2.357079828030983037e+02
2.353078304937714336e+02
2.356245570187788019e+02
2.393232735367627129e+02
2.286777909845235968e+02
2.312164703840400932e+02
2.391372240172091495e+02
2.382034516974331098e+02
2.316150553797747591e+02
2.309450567103098138e+02
2.340573727874232191e+02
2.317472186747231433e+02
2.345909337713903824e+02
2.322687335718092640e+02
2.285186738208767565e+02
2.298413588727447063e+02
2.326369915200680794e+02
2.304972425433450951e+02
2.307345059303173969e+02
2.310004724573114459e+02
2.343283952703833677e+02
2.362186836164960368e+02
2.301373552819585200e+02
2.351216832867188486e+02
2.329719017262311240e+02
2.360993563559383119e+02
2.304737300497293404e+02
2.320410336858830362e+02
2.370914215424961640e+02
2.342673335383242090e+02
2.323364940676363517e+02
2.317070225977191171e+02
2.307915033055583933e+02
2.312604114525914838e+02
2.298548553812166801e+02
2.317399037039324412e+02
2.270838673732858410e+02
2.378581075222082291e+02
2.351730403405213679e+02
2.341038910390882961e+02
2.343276233696426800e+02
2.316815812636291412e+02
2.351420145544956881e+02
2.277096856342361946e+02
2.367546186450773860e+02
2.330630064208966701e+02
2.334525327595255249e+02
2.303201879272349686e+02
2.384730793192934755e+02
2.364842699495456486e+02
2.328795599201343691e+02
2.329224793736599111e+02
2.359304421959031401e+02
2.323922869950202426e+02
2.348942890262569563e+02
2.246285111488565178e+02
2.272675359917832338e+02
2.298269563504617565e+02
2.310254608433701264e+02
2.342627017400366469e+02
2.329298300700487232e+02
2.345267397985199693e+02
2.330285683134153771e+02
2.359201935034656117e+02
2.335626234105390893e+02
2.323502168432148096e+02
2.330877418689271678e+02
2.306533103075616395e+02
2.304620359036175614e+02
2.331001815089466902e+02
2.360480244688826872e+02
2.356401698864758600e+02
2.349935167561755236e+02
2.333540997956703791e+02
2.340170817943996724e+02
2.342411243652474013e+02
2.314954032848334009e+02
2.335823385289072007e+02
2.338908779060165841e+02
2.323564386839366023e+02
2.320066262524608192e+02
2.293795893788437184e+02
2.331100310206609265e+02
2.334077637094040369e+02
2.327017470882002499e+02
2.341507706764447505e+02
2.297669251352308777e+02
2.311363868985292527e+02
2.294852758796278351e+02
2.322156356275172584e+02
2.321885202689075811e+02
2.290890800876726985e+02
2.316078166663673983e+02
2.351100216556399971e+02
2.335944427863106796e+02
2.330515085284488919e+02
2.338745798656662203e+02
2.284067783192132595e+02
2.351263055621202511e+02
2.345261035107711507e+02
2.339622085654694672e+02
2.304443594064723584e+02
2.324476926945057187e+02
2.300031485324860228e+02
2.357709610350995604e+02
2.333421171277790052e+02
2.297055064993315057e+02
