1.201544288886644836e+02
1.204893735150102145e+02
1.149198694601951019e+02
1.137646824265843293e+02
1.135880954938771907e+02
1.157605606786359402e+02
1.129118805249906501e+02
1.176066578916146597e+02
1.173775912954731666e+02
1.164867093882741358e+02
1.184496499648977590e+02
1.176202435902513059e+02
1.166925259947021942e+02
1.147651840067246951e+02
1.204128401112006088e+02
1.161234828988363432e+02
1.169316148482309927e+02
1.159700564912737093e+02
1.165619942005448024e+02
1.181011468790362358e+02
1.145845488687124032e+02
1.157529133837240209e+02
1.158517377397775192e+02
1.177198397422472027e+02
1.205003665280552099e+02
1.159524222826698576e+02
1.158320602169793432e+02
1.136488814891252730e+02
1.165881933793348537e+02
1.188696626265725627e+02
1.189736997834296233e+02
1.165796086554382924e+02
1.163847863201384598e+02
1.168720879540976654e+02
1.149446697541528977e+02
1.178826349318662352e+02
1.212917097523740750e+02
1.159179187397810011e+02
1.180466218593559660e+02
1.138473213844821998e+02
1.219864004222382192e+02
1.187635471657138595e+02
1.170561909376597498e+02
1.154031571239243590e+02
1.196496284407026565e+02
1.183147810874625350e+02
1.200287944137775185e+02
1.186563683898633172e+02
1.171516641898455902e+02
1.175938043073986705e+02
1.172401361127784867e+02
1.175893345530123213e+02
1.149716508257248364e+02
1.203198760656817683e+02
1.189372917758201140e+02
1.171010127977530288e+02
1.190363559434282337e+02
1.190292535814731849e+02
1.166733171845904877e+02
1.163431151276850102e+02
1.217992617059455682e+02
1.183203832128139510e+02
1.166438279030015934e+02
1.167728907517205386e+02
1.212300410487464575e+02
1.162028239923690052e+02
1.160647541921726571e+02
1.157702805251780376e+02
1.183011802037177773e+02
1.149418496341927352e+02
1.141660737583456893e+02
1.138167459345892638e+02
1.190733668237210026e+02
1.171466646691420692e+02
1.135720566562860512e+02
1.143971040052291954e+02
1.163591811437589314e+02
1.204143069854523276e+02
1.169497649030981705e+02
1.192664729083385566e+02
1.132495761905830847e+02
1.191749859540407215e+02
1.159013534519633168e+02
1.141377450746562374e+02
1.208724158657605585e+02
1.166119870066269328e+02
1.166764395804133585e+02
1.188433165766113433e+02
1.207617606174744367e+02
1.158890000881134199e+02
1.172719122476620015e+02
1.156818279555155300e+02
1.191289018441330683e+02
1.201117892612250131e+02
1.163924960171951710e+02
1.208786959579754949e+02
1.167109762166038962e+02
1.173162919240822930e+02
1.181843686899385375e+02
1.132586417311479607e+02
1.224146820966694378e+02
1.176652613444280888e+02
1.167386320321496243e+02
1.185596878402204766e+02
1.172433523237635455e+02
1.160752731573305994e+02
1.158217264415445413e+02
1.185429056376601693e+02
1.179923743315175386e+02
1.160068320492844265e+02
1.135253065455566031e+02
1.179918256724708669e+02
1.145479104861883712e+02
1.175554385302744294e+02
1.153081044918167208e+02
1.150030114557331729e+02
1.156609686025745845e+02
1.170340862297255029e+02
1.161160563333883999e+02
1.172868315139798767e+02
1.171634537901350654e+02
1.170930211024906100e+02
1.149950062855189685e+02
1.191504731247710680e+02
1.142903296632996302e+02
1.180746149005591121e+02
1.201414030511484157e+02
1.161260354115952964e+02
1.154943609880167088e+02
1.184335582189505089e+02
1.179505492866789353e+02
1.176190824906033754e+02
1.177762525288455464e+02
1.187006769837653195e+02
1.153647148259247217e+02
1.185373709750614353e+02
1.206958076184010622e+02
1.203533976691554415e+02
1.148940039721443043e+02
1.158627692590499549e+02
1.150863256678024555e+02
1.184498566257378940e+02
1.192615096759941054e+02
1.170146716951587251e+02
1.202168028244608138e+02
1.180051446927498802e+02
1.146980733523225098e+02
1.169761660354035797e+02
1.200452660585429498e+02
1.167307569244763528e+02
1.159043261314343738e+02
1.154907246292632834e+02
1.216181048636747732e+02
1.181467335984526414e+02
1.176902139002970529e+02
1.155319856935898031e+02
1.167631131253474877e+02
1.176391387410275087e+02
1.151825705676918545e+02
1.185475755451937516e+02
1.190969519284566758e+02
1.151083321583289063e+02
1.166105547716037307e+02
1.203180538038643448e+02
1.162759191469973388e+02
1.200164857429475376e+02
1.191535994442780861e+02
1.163975469627568629e+02
1.189000493889626711e+02
1.170214190780690870e+02
1.175244333192560191e+02
1.167633103190269850e+02
1.171029768595417124e+02
1.149129917793378155e+02
1.178011792970683871e+02
1.148212798974586093e+02
1.185213617320779917e+02
1.142364800148551751e+02
1.162374165521265326e+02
1.177706734851518604e+02
1.146849853503262580e+02
1.164879433967691398e+02
1.176581148340049054e+02
1.138569333191196478e+02
1.161591914611307885e+02
1.173382887014649327e+02
1.146276947514473363e+02
1.190491638508344181e+02
1.184681706316965659e+02
1.208242199789770837e+02
1.183404642858813389e+02
1.193173879588528479e+02
1.190486396370832409e+02
1.166644745346651035e+02
1.188962371673962082e+02
1.175504369250793530e+02
1.199507342959009293e+02
1.168109312952898051e+02
1.203605698108707571e+02
1.192905273622570093e+02
1.170365401080923959e+02
1.144082954710256672e+02
1.197670839693049913e+02
1.151500091956384466e+02
1.169795287541263207e+02
1.148195648938265094e+02
1.136352557137588519e+02
1.172525157076738935e+02
1.189708524064538153e+02
1.150476211954325834e+02
1.170700752299842549e+02
1.169403081484928464e+02
1.195684069570592953e+02
1.176460976721202485e+02
1.197476405645715118e+02
1.183323694754711539e+02
1.150015312360873168e+02
1.162479100082973389e+02
1.185589822408956735e+02
1.162062191775125513e+02
1.163920814020398637e+02
1.172064348243951031e+02
1.173388402541321653e+02
1.130446271354169028e+02
1.163361687716839583e+02
1.201276530116222716e+02
1.167438164683633772e+02
1.192606999550580866e+02
1.140667665826443198e+02
1.180090731523446408e+02
1.178524192442581153e+02
1.176659104203346828e+02
1.148355770427321261e+02
1.167203652663732072e+02
1.156504863715969122e+02
1.188461139035833867e+02
1.216512530229950073e+02
1.189957165253481719e+02
1.156817114670018469e+02
1.163433704051631850e+02
1.167526462888203582e+02
1.179402716235317001e+02
1.154459221217210967e+02
1.179568363914673625e+02
1.181707719884241925e+02
1.158686640176589577e+02
1.172372869703005591e+02
1.197786791014989802e+02
1.123243476643551730e+02
1.168606686031371567e+02
1.178068678307373887e+02
1.180381671021368106e+02
1.166935243923061449e+02
1.159708148155272767e+02
1.180161167105970748e+02
1.182455214867464974e+02
1.190439545095577216e+02
1.166724179266688282e+02
1.202889073543617542e+02
1.160956684209961338e+02
1.154099702035148169e+02
1.173384374584143188e+02
1.136884543303027613e+02
1.153214042180877783e+02
1.184312328522229052e+02
1.169135135711570825e+02
1.165671903797937290e+02
1.190278518296359067e+02
1.195129664347750946e+02
1.187590640495677121e+02
1.173247710582097625e+02
1.187304572620240322e+02
1.196331027347128497e+02
1.190225615631934062e+02
1.157112060680576917e+02
1.246993967721229097e+02
1.164477471030126736e+02
1.162626107576713679e+02
1.197648372739967897e+02
1.164607038024334145e+02
1.169289247902908215e+02
1.190289133062039468e+02
1.184106537763674680e+02
1.208136179248383257e+02
1.195995782530084028e+02
1.190984775716712107e+02
1.155735262330826032e+02
1.151981820954072759e+02
1.185955001980410088e+02
1.183344147814726028e+02
1.140041127487925081e+02
1.176288294462398625e+02
1.150987929212388536e+02
1.167179595443828362e+02
1.174428611696783378e+02
1.214479633335721758e+02
1.194092097877475140e+02
1.198279780703069122e+02
1.176282981441043916e+02
1.154662332693576445e+02
1.185676247051070789e+02
1.163247730613437341e+02
1.133318501942275276e+02
1.181483178817707085e+02
1.196844385877221839e+02
1.140874518406106404e+02
1.160603677082445273e+02
1.170675117353712835e+02
1.125705366363510223e+02
1.155064274074796487e+02
1.167750358037316545e+02
1.159075498066230949e+02
1.180297430205892084e+02
1.186536749574195539e+02
1.206208739050321697e+02
1.212188499182936710e+02
1.220511212224233759e+02
1.164214635810590295e+02
1.190470528519355611e+02
1.177563127717317570e+02
1.202522220912063773e+02
1.159314717260952392e+02
1.199208421241669953e+02
1.189761634411880920e+02
1.177602189455966624e+02
1.154714255507570471e+02
1.148136823383796639e+02
1.152668406407211990e+02
1.167597122841262660e+02
1.178571777184595391e+02
1.176185014470018757e+02
1.145893360835670620e+02
1.146050174346567303e+02
1.178775111608073445e+02
1.249244033585518139e+02
1.181655249493777973e+02
1.182854445666384180e+02
1.201521435100463577e+02
1.199051863529568607e+02
1.181094431260272870e+02
1.203455826741638219e+02
1.167875203416051875e+02
1.151545859742146121e+02
1.200775195349162345e+02
1.174814864688128466e+02
1.160973949004479806e+02
1.198188543455291750e+02
1.139188659024636650e+02
1.167901419210707701e+02
1.181776662738045474e+02
1.206743542444711750e+02
1.163450509647236544e+02
1.209763603364949347e+02
1.194999884550028924e+02
1.162697589034906116e+02
1.131939932669856148e+02
1.155290801350491137e+02
1.171383337872479871e+02
1.191964484009888139e+02
1.182760056951393040e+02
1.183394511698388385e+02
1.181039968907251847e+02
1.173847226532978425e+02
1.174816060572563430e+02
1.157097376433247291e+02
1.161667041374228688e+02
1.162541057928312540e+02
1.132703845807657217e+02
1.176440898317974160e+02
1.166008394424768824e+02
1.185138922203950784e+02
1.152659484628958353e+02
1.186172814215106257e+02
1.164881232672514813e+02
1.184218393984564273e+02
1.176605118415281339e+02
1.178073418289551029e+02
1.168317815628157064e+02
1.162002221007615503e+02
1.154342356992232794e+02
1.178723271399135371e+02
1.148788798248472034e+02
1.153747862750698516e+02
1.173414443347638496e+02
1.211434541797107443e+02
1.138794768173644911e+02
1.191202070043063799e+02
1.152328399281487918e+02
1.195029864652399567e+02
1.192415107818338811e+02
1.176912219570993301e+02
1.164449745261083677e+02
1.183954971857674821e+02
1.188140996838055941e+02
1.187543573478803012e+02
1.165062018052480539e+02
1.140715590893674118e+02
1.192645053206121872e+02
1.205538845633838037e+02
1.195375083420073423e+02
1.174110691177191796e+02
1.141703306154144144e+02
1.181576229834185341e+02
1.181974503946499482e+02
1.140610700319009112e+02
1.140387242874673035e+02
1.192160875146334007e+02
1.178378726355542909e+02
1.171332422196261689e+02
1.207045471522116600e+02
1.142317027576084882e+02
1.183809621797529132e+02
1.177992583678546339e+02
1.158746564622301776e+02
1.161455846902606055e+02
1.108181607487494773e+02
1.180712481246490597e+02
1.150239546271320563e+02
1.159583511299316285e+02
1.155753680583113407e+02
1.169930359508850870e+02
1.210518495017830674e+02
1.193962056348924534e+02
1.201992822865205710e+02
1.148544290771812086e+02
1.145209183677313689e+02
1.187578599593562672e+02
1.201377214123966723e+02
1.152762734257460409e+02
1.200454481049419400e+02
1.175504205435825895e+02
1.163670689796698383e+02
1.220967487566490632e+02
1.172753936672274904e+02
1.176689547343404882e+02
1.165304106777777093e+02
1.175691317787302097e+02
1.166147599533778845e+02
1.171744897489153772e+02
1.139488754218492232e+02
1.202777642226972006e+02
1.173869258098697230e+02
1.162349026579671403e+02
1.190381734150274582e+02
1.224048039941646238e+02
1.175468987073989524e+02
1.176365800373217354e+02
1.183448012257148747e+02
1.160997513707932285e+02
1.187696944506066501e+02
1.207665458607494600e+02
1.181655454734249702e+02
1.194824861789436596e+02
1.154269965045719886e+02
1.188321813192121397e+02
1.196240073657196916e+02
1.162327638645455750e+02
1.159875587369408692e+02
1.194541627240512156e+02
1.154454162922695275e+02
1.223884416367903185e+02
1.165063362355892025e+02
1.162183050857829016e+02
1.158166902615122069e+02
1.153566908054523736e+02
1.198768920478546676e+02
1.183187440345184172e+02
1.171606444706508086e+02
1.140848998861133623e+02
1.145299595700073780e+02
1.180642711063117929e+02
1.178882284850488276e+02
1.173409001265907250e+02
1.166970805914683353e+02
1.178004039158140159e+02
1.190615617758806479e+02
1.195975786340254245e+02
1.199686501565807504e+02
1.174869074288667576e+02
1.182472740709897181e+02
1.171449319158406155e+02
1.195608921796399216e+02
1.147781515855886738e+02
1.169701717513417236e+02
1.182879837289110014e+02
1.170701918156108974e+02
1.168327330177952774e+02
1.156683679617921996e+02
1.203565461473630194e+02
1.218335247342399299e+02
1.196722654717483323e+02
1.174643284477622700e+02
1.148409948006765546e+02
1.208774019064264849e+02
1.149410296737133308e+02
1.202616920502480582e+02
1.170194690193422531e+02
1.116407549232604737e+02
1.187918529730983721e+02
1.173371885122189866e+02
1.158457958663008611e+02
1.159170820808497240e+02
1.166792417016712307e+02
1.153066315619744415e+02
1.176508561878399632e+02
1.199223977584225054e+02
1.149900812159044960e+02
1.172415633466893610e+02
1.184958348518533029e+02
1.191065526289363987e+02
1.203134374530064576e+02
1.198151614402385547e+02
1.189057569709795814e+02
1.184912940457396786e+02
1.196621742658556116e+02
1.153028586064344267e+02
1.153207635881859261e+02
1.123457341937963747e+02
1.185510849065620675e+02
1.174576427600255784e+02
1.157117051200210369e+02
1.190314301574834985e+02
1.172077937519569275e+02
1.166545592050766516e+02
1.173469862019070860e+02
1.162156109546201321e+02
1.136483872303800808e+02
1.181474922252405833e+02
1.162859824810797136e+02
1.189831684670728862e+02
1.141996867141791938e+02
1.159964517083876530e+02
1.147308098600423136e+02
1.166914258687044708e+02
1.191401373278283842e+02
1.164625224249252256e+02
1.152376549140081465e+02
1.173997159102204932e+02
1.196000134063972808e+02
1.158888444544546843e+02
1.189047574638982638e+02
1.151528436634415300e+02
1.149399556007028451e+02
1.191509650954899371e+02
1.169859539161465136e+02
1.186380057902787541e+02
1.168050327744234806e+02
1.150577932765773994e+02
1.155076638357102041e+02
1.189348116207869595e+02
1.157391610055968556e+02
1.164693927741648736e+02
1.179823844716763688e+02
1.142838341119985301e+02
1.187132437068180622e+02
1.161560856229984182e+02
1.184601535740641083e+02
1.218793209248379696e+02
1.175947082229730967e+02
1.158225997975266921e+02
1.154092431018629270e+02
1.189279663999818411e+02
1.151766440433515299e+02
1.172980668572212721e+02
1.169076146395329374e+02
1.181076898357502643e+02
1.227180538057859991e+02
1.143128915024691707e+02
1.211412991580678948e+02
1.184883701096223518e+02
1.157822866216846620e+02
1.167832131738106938e+02
1.148405702039420362e+02
1.171997258853857744e+02
1.174053731482000131e+02
1.179308966388304185e+02
1.183733060530724970e+02
1.180310006427801568e+02
1.193004757793246142e+02
1.189316415248761416e+02
1.166392910279849673e+02
1.234909268431053135e+02
1.154429409936127229e+02
1.176851004720183766e+02
1.174341866912861150e+02
1.161485069488102226e+02
1.190474569389111963e+02
1.167364150623985495e+02
1.184551002507500073e+02
1.166970570612189846e+02
1.159235697174493680e+02
1.174805922037564869e+02
1.139131365304968853e+02
1.155615233891881388e+02
1.183526911035533971e+02
1.153379072758125687e+02
1.142036504302324147e+02
1.191746572015376415e+02
1.184395299224220963e+02
1.144963520614616073e+02
1.150695505580198557e+02
1.148895000496445391e+02
1.159901421647608544e+02
1.175171827255002057e+02
1.142537110494851476e+02
1.167706015747960038e+02
1.178643824075823119e+02
1.143720488477004835e+02
1.153696007816108704e+02
1.143977733175063634e+02
1.126304307554249533e+02
1.169049427607853886e+02
1.152517173482371362e+02
1.164471740028063920e+02
1.160601992338073245e+02
1.167714155711177710e+02
1.149373605011221571e+02
1.175864443561009125e+02
1.132640547342115980e+02
1.167250648002073916e+02
1.158187680444470971e+02
1.163534821003084545e+02
1.172087756979953355e+02
1.146614125084609128e+02
1.184605280814880359e+02
1.167932172627304652e+02
1.163074179838032620e+02
1.150685531539575805e+02
1.161771801563817093e+02
1.160089039190163760e+02
1.182778435016257674e+02
1.199819035828330129e+02
1.157358112787181312e+02
1.171362998524185883e+02
1.184114822705306835e+02
1.155104619344255781e+02
1.182865074711019133e+02
1.186210180502959304e+02
1.159797273448548083e+02
1.189036181669872008e+02
1.178126585901918588e+02
1.175018374311996610e+02
1.178183723380273307e+02
1.202036776805032190e+02
1.191315592338687992e+02
1.155191063732828241e+02
1.189510433384298125e+02
1.166944132254283915e+02
1.151493478039058971e+02
1.154218546504809524e+02
1.150417925813756028e+02
1.174526676774248983e+02
1.181449457152650666e+02
1.170640589249178589e+02
1.138336702332188395e+02
1.182752600908951166e+02
1.141703614644343929e+02
1.174509427126230179e+02
1.179988201664466771e+02
1.195620588918186655e+02
1.154110637991363291e+02
1.152831649657187540e+02
1.185495581581805453e+02
1.155649316407554181e+02
1.154046378915534632e+02
1.137146678339574493e+02
1.165961405197704437e+02
1.180170465616296696e+02
1.180364530767313624e+02
1.178320300962494258e+02
1.153653195756145635e+02
1.159476327391096362e+02
1.115270466515651435e+02
1.164869639064505122e+02
1.143248043936396527e+02
1.174965072428630180e+02
1.182743048377428607e+02
1.140716018125950484e+02
1.190890295048766205e+02
1.108541000311469844e+02
1.177487289201219767e+02
1.168283718108884131e+02
1.185346971851774924e+02
1.161061099863457002e+02
1.138614768018352947e+02
1.205056458535494954e+02
1.157776340973170335e+02
1.173738157750665323e+02
1.122760850060686693e+02
1.172603496932393909e+02
1.156830640402765340e+02
1.209935237463851365e+02
1.172378473411799291e+02
1.147884320068404236e+02
1.205054288020888293e+02
1.146402856697614681e+02
1.183288776078456834e+02
1.178875399195204352e+02
1.140965352020973569e+02
1.200168344933288296e+02
1.159248970014595272e+02
1.184435639382284364e+02
1.203206468936781448e+02
1.178441492756935673e+02
1.163865626913111271e+02
1.153158237307328307e+02
1.175804127142765196e+02
1.182402255839600258e+02
1.140786575393022417e+02
1.186231514307902444e+02
1.154707925306524317e+02
1.127614058526597347e+02
1.159205195883622821e+02
1.158798678609293944e+02
1.167326397153560436e+02
1.210730387990133892e+02
1.148726315823472532e+02
1.170348347851813031e+02
1.161653444253326910e+02
1.192692446357805949e+02
1.175614803657620655e+02
1.146591108800355698e+02
1.194724207870526413e+02
1.175005150399718872e+02
1.152923515727466111e+02
1.165433924948136024e+02
1.180946827533682608e+02
1.200159082677901523e+02
1.165217437247497969e+02
1.140581046130883749e+02
1.156823077973681677e+02
1.192807950296872548e+02
1.151338153428279441e+02
1.179420859290123502e+02
1.161377984436803530e+02
1.194486527470443633e+02
1.177745744264284582e+02
1.182060458332044277e+02
1.171845480976893015e+02
1.166793247778836502e+02
1.164165908385119792e+02
1.219199146654368207e+02
1.165943795112468422e+02
1.160922639148448212e+02
1.167169664302177807e+02
1.133969242299490361e+02
1.176468709671899262e+02
1.177524595220034200e+02
1.204657823528351770e+02
1.184464930862809808e+02
1.199250226111964537e+02
1.201928139833071469e+02
1.168252251180076371e+02
1.187318514594348784e+02
1.163795958224537941e+02
1.192556208734237515e+02
1.209771930841430532e+02
1.173041366430469878e+02
1.142125837471785701e+02
1.149441713584798066e+02
1.199778142230656073e+02
1.221676525895936294e+02
1.194440045090085647e+02
1.170160398490104114e+02
1.168776857692869129e+02
1.199339408823952908e+02
1.114140420413100117e+02
1.167508516984623981e+02
1.142164302776598390e+02
1.151284936863669373e+02
1.185346306517122912e+02
1.115813221119679923e+02
1.169940364566697610e+02
1.163039100975704514e+02
1.191870769385728863e+02
1.187856920032705688e+02
1.171686239692357674e+02
1.170962320355717736e+02
1.160870664780663475e+02
1.153379191031948920e+02
1.207024210523840679e+02
1.174827326974281760e+02
1.181362129379400443e+02
1.183514304548398002e+02
1.183391490012090941e+02
1.118207838418243369e+02
1.115643531610968751e+02
1.179823262690278938e+02
1.165676581706501196e+02
1.180372307581822042e+02
1.187899084450228742e+02
1.182721587958429268e+02
1.208840248973896649e+02
1.172110101100767281e+02
1.108470371811166189e+02
1.171235082408104944e+02
1.182136394512753270e+02
1.192771722240485275e+02
1.221687109126837640e+02
1.136195184091843373e+02
1.193004252153900779e+02
1.142723882498092820e+02
1.198934694034512631e+02
1.214659291966281813e+02
1.198426607642098105e+02
1.139510036259075179e+02
1.180538791108733960e+02
1.218168942295193489e+02
1.167915020887765962e+02
1.189520876572796055e+02
1.186750443876607761e+02
1.174018960911522811e+02
1.157021266547591694e+02
1.158116465006998652e+02
1.178238962663500189e+02
1.169029928271356482e+02
1.180995167464892006e+02
1.177933002632700692e+02
1.173988205303734418e+02
1.159918053030983458e+02
1.193152843493539450e+02
1.181506704986954475e+02
1.160121184230551989e+02
1.169150704847041737e+02
1.149852270214191918e+02
1.167373509336733690e+02
1.149829863321531747e+02
1.183021150039851790e+02
1.189764073846971968e+02
1.152997133680962349e+02
1.159664881140089676e+02
1.156562826228140324e+02
1.170581368302908913e+02
1.153678059157636540e+02
1.139477312096615549e+02
1.199129052985193766e+02
1.124349997391427252e+02
1.179672657604580337e+02
1.182561421070669070e+02
1.191215046346825517e+02
1.149939831682234654e+02
1.153451818621960854e+02
1.164502182585571290e+02
1.171071545464377976e+02
1.190137337254561203e+02
1.170966645779443098e+02
1.161838923027567603e+02
1.146440694843074937e+02
1.183848439652812914e+02
1.136266559162189509e+02
1.186181087843809365e+02
1.146899931927068366e+02
1.167102995394663196e+02
1.201510804280798794e+02
1.147782632364846904e+02
1.212615326569799379e+02
1.183890512377494844e+02
1.191334241229634188e+02
1.216265054247081991e+02
1.157421435772163107e+02
1.175488929054350677e+02
1.201826546594656406e+02
1.192328365754965773e+02
1.154507283692059474e+02
1.170197370260805059e+02
1.156118300342437237e+02
1.140303129510052571e+02
1.197339739093963544e+02
1.178482867347294700e+02
1.173092126568188718e+02
1.197383420992728134e+02
1.159224578145137912e+02
1.158713883072754101e+02
1.181714891276697301e+02
1.159619588502035015e+02
1.128679475321549575e+02
1.149590274350383652e+02
1.235575375438173751e+02
1.185966696196533405e+02
1.214324617666799924e+02
1.168229451904787908e+02
1.185504010288386496e+02
1.166904572061559122e+02
1.151430063309732503e+02
1.158790406151443761e+02
1.160239802160789537e+02
1.163597388596569431e+02
1.173093495685355521e+02
1.200636698173232020e+02
1.121852610349215809e+02
1.179115152839869722e+02
1.214951172322087700e+02
1.207561102304076996e+02
1.159439239237139390e+02
1.158831037029433730e+02
1.190016575841456614e+02
1.197467971872179930e+02
1.169801850956718283e+02
1.200138908999576302e+02
1.180631445695500190e+02
1.129917245799603478e+02
1.174743389080576605e+02
1.134170149582995748e+02
1.198242280291017039e+02
1.175004353403627846e+02
1.172856558202852000e+02
1.146836301425224178e+02
1.176129500320195262e+02
1.181882609856447601e+02
1.180056330202687747e+02
1.185204731041881416e+02
1.177496551666582718e+02
1.221092380108779878e+02
1.158280914176723542e+02
1.162287583091280396e+02
1.198660715697266141e+02
1.188501519695733606e+02
1.202108315257900699e+02
1.146809032726412170e+02
1.168894111575824013e+02
1.177242665790271730e+02
1.164969744794565116e+02
1.164753852949252888e+02
1.139146614600095262e+02
1.162946612659270897e+02
1.112062642971822584e+02
1.177272670098127776e+02
1.174185900159729670e+02
1.169677499307771029e+02
1.181913459363369014e+02
1.173800405036511023e+02
1.167612010853560065e+02
1.204508342127051321e+02
1.195874587952961292e+02
1.134370792657777116e+02
1.131531048915921076e+02
1.185450896938779977e+02
1.179473761193919188e+02
1.175082109946409901e+02
1.203448425674292963e+02
1.167750212189768888e+02
1.162400662765281112e+02
1.151206723329064801e+02
1.185957089182682012e+02
1.155922408993178010e+02
1.169399113665770642e+02
1.176151783702535738e+02
1.168655373478014212e+02
1.181241780761921518e+02
1.182323408968655798e+02
1.128626091024911204e+02
1.161879370746279108e+02
1.142023705781963372e+02
1.177990708575764955e+02
1.158361950269830771e+02
1.215125518587351081e+02
1.192198815031321004e+02
1.228408803219765133e+02
1.165319107082734718e+02
1.184686418247748776e+02
1.200837867368836100e+02
1.183980290022162336e+02
1.191701422918985571e+02
1.171483312999052657e+02
1.181770734096046880e+02
1.192692962002315369e+02
1.170785515145335012e+02
1.164828304378653741e+02
1.170184744279511477e+02
1.187278265033798874e+02
1.156377203243782787e+02
1.201606064562726033e+02
1.181498353221370650e+02
1.179016478890802233e+02
1.158668500111751598e+02
1.155648978004673353e+02
1.174356917699766285e+02
1.137130362904225933e+02
1.180934171786849163e+02
1.185816726865306805e+02
1.191307241738599743e+02
1.138763760224254753e+02
1.202126271982360919e+02
1.146623514793486009e+02
1.192852593471202596e+02
1.137886115456432776e+02
1.161204456851584297e+02
1.170719210682215419e+02
1.149171533183216098e+02
1.156762130440571070e+02
1.184063776603876619e+02
1.158158026428140488e+02
1.151441791421107013e+02
1.172350835779725315e+02
1.173756583326555756e+02
1.182194880324724551e+02
1.157210491905875642e+02
1.167875326695423865e+02
1.139127664165876581e+02
1.172371050712043967e+02
