2.068310564861871228e+02
2.078034683551107662e+02
2.071523641953328081e+02
2.092352752256446138e+02
2.068975383291224830e+02
2.048741818918193189e+02
2.081720884988346256e+02
2.080755864055424240e+02
2.038634381049894557e+02
2.076779280034527346e+02
2.074353740385255662e+02
2.068973559274798504e+02
2.067659488394938876e+02
2.053928446356798929e+02
2.071062067227658190e+02
2.071874501804337569e+02
2.082732420390542529e+02
2.068534700286601264e+02
2.058428787637012363e+02
2.085438322029308154e+02
2.060758317879632386e+02
2.095240224129132969e+02
2.064800233734791277e+02
2.066094553185112375e+02
2.082180683805341914e+02
2.070571379299286150e+02
2.077797326532776765e+02
2.078200205440679156e+02
2.079182083856957206e+02
2.069940311748876809e+02
2.066015506367008356e+02
2.070221122900856017e+02
2.073008208488352579e+02
2.080494133889633872e+02
2.072529854892012793e+02
2.046982002921589867e+02
2.072220557738217792e+02
2.069256418127926054e+02
2.083557272731281955e+02
2.069270167908472615e+02
2.066777026778352990e+02
2.082418053366180573e+02
2.069038474240197445e+02
2.040304278827389339e+02
2.073663802903724616e+02
2.070732395039395612e+02
2.067358798639700126e+02
2.064006604388831931e+02
2.081782220864070894e+02
2.101359720082902811e+02
2.078633127314772366e+02
2.065131702628965229e+02
2.065881887789087159e+02
2.050051249177717239e+02
2.084219040115158350e+02
2.064653628626919044e+02
2.089201535747922662e+02
2.051435703705584785e+02
2.066045940989681640e+02
2.061550897403689646e+02
2.062074595204113621e+02
2.093894084318511375e+02
2.070283173902057285e+02
2.078608726555481780e+02
2.096550740556034214e+02
2.080968218259718299e+02
2.091121681581656162e+02
2.076586946617590854e+02
2.081965436687084150e+02
2.075469282636450146e+02
2.074840413002187347e+02
2.088078575340484235e+02
2.078371513366326155e+02
2.075340868677765798e+02
2.054853426553614497e+02
2.082094244124085378e+02
2.097678902911042655e+02
2.064549756177306392e+02
2.083609341543833295e+02
2.053976814697988686e+02
2.063364157552192637e+02
2.052389584997537781e+02
2.080614962970115869e+02
2.081056738531381143e+02
2.083843197056873180e+02
2.076197712938581503e+02
2.049547505943472459e+02
2.093382826788573254e+02
2.067674728599683931e+02
2.055452041202441933e+02
2.081539402395521563e+02
2.072129075246754155e+02
2.071432237921733872e+02
2.089714948185693117e+02
2.072799403065684487e+02
2.060297501681459380e+02
2.080888846689507261e+02
2.071327495748010961e+02
2.064575425619832458e+02
2.064423250195882815e+02
2.055687205255264018e+02
2.072421807653376220e+02
2.085230740101684717e+02
2.070903494479291282e+02
2.078649888463942261e+02
2.076690341784500617e+02
2.078405391070110682e+02
2.061878465670838523e+02
2.066252282664675874e+02
2.045641851284214283e+02
2.079224184411860961e+02
2.076129920250549219e+02
2.076342200258990829e+02
2.077292028993595636e+02
2.091592326712004422e+02
2.092563370666928222e+02
2.073179813443687181e+02
2.061997941810504642e+02
2.064193124731536670e+02
2.069762784033717651e+02
2.082155805297107918e+02
2.060109156487588677e+02
2.084443005399409685e+02
2.082019658147684993e+02
2.051666974545439643e+02
2.062134439193125388e+02
2.097195210200347617e+02
2.083700059382778988e+02
2.065790493792519555e+02
2.067641710319633432e+02
2.076933888456376849e+02
2.081808779967724661e+02
2.055441713136297324e+02
2.078015341853929385e+02
2.090135916511036953e+02
2.064568336651828417e+02
2.085160416063107505e+02
2.033328006326247532e+02
2.066153834194440719e+02
2.067158757108369969e+02
2.057547876003883403e+02
2.073420630571802121e+02
2.078097743365519250e+02
2.076973899146302927e+02
2.076787422420229916e+02
2.068144706477442298e+02
2.093579902462641940e+02
2.061959649790879610e+02
2.076746084771586709e+02
2.082626711659815157e+02
2.077161975285516178e+02
2.093345169329936084e+02
2.096639537107279807e+02
2.068551946436701314e+02
2.066230932182135120e+02
2.050484254027088866e+02
2.081850068573196211e+02
2.057003581776845351e+02
2.057957750392352239e+02
2.084098704427340465e+02
2.099595103658962785e+02
2.075368995213278538e+02
2.069271774879441921e+02
2.074556803661020012e+02
2.063163759982433874e+02
2.055643333966019668e+02
2.064976830134231989e+02
2.066314343728520555e+02
2.102696759876598946e+02
2.056834572189720802e+02
2.078729369559170266e+02
2.068114431733407912e+02
2.094809348435822187e+02
2.057248223713909852e+02
2.064837154116059992e+02
2.071661667840499490e+02
2.074683685586161914e+02
2.068254014312801417e+02
2.083958413044960025e+02
2.099904099696728395e+02
2.063884828085662662e+02
2.053770740473567571e+02
2.069406011401618457e+02
2.075749419127722319e+02
2.066704552838370716e+02
2.080060546997851247e+02
2.075484200776303680e+02
2.080315696758251249e+02
2.073161621942140300e+02
2.062402012753543659e+02
2.056358529110522682e+02
2.090127904969392034e+02
2.060493473326992273e+02
2.086666785894100826e+02
2.066334030667247532e+02
2.081199223891159704e+02
2.074296866932729131e+02
2.082998388690399736e+02
2.076439778155214526e+02
2.081309630136988460e+02
2.066778591282821083e+02
2.068312887473925343e+02
2.102183883928597368e+02
2.083187021856286947e+02
2.071873734563892526e+02
2.059489311904083593e+02
2.067848281862355577e+02
2.058651777385235562e+02
2.061735287164791828e+02
2.088457648355647223e+02
2.079832912892117349e+02
2.089468781304935305e+02
2.084731730042566369e+02
2.086680491012082541e+02
2.065979423697869493e+02
2.082761484438887862e+02
2.074202089857228657e+02
2.086255212728661661e+02
2.052525407217937072e+02
2.088230187860368972e+02
2.048812906857337452e+02
2.073296374108228690e+02
2.072401489983529643e+02
2.045964136530408268e+02
2.068268615449634638e+02
2.047173279503473680e+02
2.073092893352800843e+02
2.064250300025459524e+02
2.097106142333810226e+02
2.095586622419991158e+02
2.057589460235076899e+02
2.093361097555168158e+02
2.065903069177625184e+02
2.075736811783399105e+02
2.085636370667571953e+02
2.055427228665372752e+02
2.103486222757833559e+02
2.080326059520412230e+02
2.062877932039852453e+02
2.077555880618955086e+02
2.101050158810860466e+02
2.083142910958394225e+02
2.091545941735728320e+02
2.083304011222501231e+02
2.062135888537941923e+02
2.082551203040878534e+02
2.079376184107551069e+02
2.093635236477838077e+02
2.071228967684136819e+02
2.072357964083602440e+02
2.033576585223724749e+02
2.067208988126287181e+02
2.066095825339236285e+02
2.042640002932427024e+02
2.086230659176960387e+02
2.057161238074927780e+02
2.082429637062345762e+02
2.059106908153146378e+02
2.075979552561052799e+02
2.068445523625092903e+02
2.065345118221492839e+02
2.074973046485854695e+02
2.095468432375799352e+02
2.066639357674510507e+02
2.078137116977713958e+02
2.059354295269445743e+02
2.066999741456118329e+02
2.070365481936826768e+02
2.081059417382728327e+02
2.057589264164063820e+02
2.077101979368609079e+02
2.048039495465454820e+02
2.083597691043432860e+02
2.069257584414085898e+02
2.054380920308090310e+02
2.074247102867193178e+02
2.078474806508188237e+02
2.059173428931065075e+02
2.065481933360088931e+02
2.068131232677667697e+02
2.076920414807484860e+02
2.072075069927307993e+02
2.080155255461179138e+02
2.071316762994105716e+02
2.065936088146584382e+02
2.092374995907728419e+02
2.085870240840951908e+02
2.094510581807414553e+02
2.060359210982298634e+02
2.063727953048841641e+02
2.085783619524353867e+02
2.072145452667090808e+02
2.072978552158519392e+02
2.052137341290865322e+02
2.086270232023376252e+02
2.070522606034382704e+02
2.082547864382590035e+02
2.064221568809533665e+02
2.069169294474563117e+02
2.052300229729756893e+02
2.070668757861010931e+02
2.097808457589506190e+02
2.097434529060504644e+02
2.077246901373769106e+02
2.088351904662030449e+02
2.070179429723703208e+02
2.043552751652794939e+02
2.066104664564072948e+02
2.096001503875650940e+02
2.071813227948112228e+02
2.069174878987973614e+02
2.068105216455362552e+02
2.062312958007342729e+02
2.076916578794829604e+02
2.069619515869958377e+02
2.066282347651110172e+02
2.078127471623866427e+02
2.070204180187076020e+02
2.064340562806436026e+02
2.084061602519221310e+02
2.097808198325518845e+02
2.049849444192563794e+02
2.076434821235790764e+02
2.074904819791950672e+02
2.092639084526345812e+02
2.078436371363774242e+02
2.082450580748084121e+02
2.074982194704058429e+02
2.072724263827722666e+02
2.099182994840980996e+02
2.083325092100612608e+02
2.071054532574701170e+02
2.072129194103444263e+02
2.071612988009157164e+02
2.088741488577997814e+02
2.056690937110927564e+02
2.058008954246921292e+02
2.069499461193033198e+02
2.075275180123503276e+02
2.077944188395203184e+02
2.067000665009368561e+02
2.067375718425074069e+02
2.062735032254430507e+02
2.068012221004478874e+02
2.063219071358144276e+02
2.076361445592903578e+02
2.071987011700745143e+02
2.080947364316742778e+02
2.060663900264803488e+02
2.075630395777860144e+02
2.072387357060418935e+02
2.087300143371736283e+02
2.065066621990883107e+02
2.079540279569390293e+02
2.080743325736819997e+02
2.057042483041047092e+02
2.070569816324618841e+02
2.066721452830396686e+02
2.064666637414225363e+02
2.065802972488189653e+02
2.066850199301071598e+02
2.089066141376318058e+02
2.082674811497760459e+02
2.051077316639097887e+02
2.074535157919711708e+02
2.078120046209795930e+02
2.051382131034044960e+02
2.082863986736312825e+02
2.058837568717381430e+02
2.085594213649629864e+02
2.083352227562291716e+02
2.079372458894820284e+02
2.091711075516913638e+02
2.080514375914260370e+02
2.068571707154358421e+02
2.093890608130258215e+02
2.078231174582551546e+02
2.053090345589052390e+02
2.087969943923626204e+02
2.063883899117528813e+02
2.062948410817187437e+02
2.067492555694171585e+02
2.082863694058806345e+02
2.060390926698837575e+02
2.076086808212745325e+02
2.083998080326732634e+02
2.063862711863615687e+02
2.076953730960601945e+02
2.107837176206027721e+02
2.065485044152769092e+02
2.087006526358159988e+02
2.080402152240349949e+02
2.084999123745782299e+02
2.093204801368985954e+02
2.063503713560778863e+02
2.076950500754738869e+02
2.058360108873835657e+02
2.064522421948380213e+02
2.076023443587841655e+02
2.059670212845348942e+02
2.064786811470612804e+02
2.054020442089532992e+02
2.076352233997459678e+02
2.068738062663085771e+02
2.090351317149236365e+02
2.065268206726197207e+02
2.055343968502662904e+02
2.077634419452406576e+02
2.096121652895886598e+02
2.079186015565428534e+02
2.072406300506910384e+02
2.075394298864797804e+02
2.059386088356071411e+02
2.058715396329388625e+02
2.083796889437915354e+02
2.061256377558537167e+02
2.062391451225365131e+02
2.085465921967139309e+02
2.091885273188044039e+02
2.071040527154340509e+02
2.057248985206680345e+02
2.096425729253925567e+02
2.086840469081664082e+02
2.084330665289900537e+02
2.065361825001565137e+02
2.066494993232681736e+02
2.042127853361632788e+02
2.044913242301603020e+02
2.086079825237090120e+02
2.071147334419967763e+02
2.059509043082697701e+02
2.075218533056232673e+02
2.070031666721448573e+02
2.079220804528430619e+02
2.061374444302181814e+02
2.071671664592069249e+02
2.069469465014002196e+02
2.071467417603132617e+02
2.074853254541553440e+02
2.076931172519407767e+02
2.058169428864907786e+02
2.046946663007786640e+02
2.057842386558157557e+02
2.064842102797497319e+02
2.068442709199607066e+02
2.078400890179943872e+02
2.078931816546825075e+02
2.078921371931883186e+02
2.094101959211190263e+02
2.076456747093499189e+02
2.080033539273536860e+02
2.101125400949163691e+02
2.091627561471858030e+02
2.068840578080394437e+02
2.068060739309050859e+02
2.060269448181785776e+02
2.066937496410076562e+02
2.071511586863094010e+02
2.074066678850590790e+02
2.072815715158901639e+02
2.049974033208208937e+02
2.064232706056307904e+02
2.057374220157693117e+02
2.076271087865412142e+02
2.059101043495533929e+02
2.092664885454217938e+02
2.073769280371263051e+02
2.070500614247883107e+02
2.054961898411298762e+02
2.078356317919693481e+02
2.075252541070416612e+02
2.078669993237657536e+02
2.076402720214960027e+02
2.097021391817545179e+02
2.079047349377333660e+02
2.078709962795948627e+02
2.051212943292459272e+02
2.070360561586276162e+02
2.068930179610377706e+02
2.081319085979193630e+02
2.062062211081741623e+02
2.090053564592672615e+02
2.075102297745530109e+02
2.049542684928027541e+02
2.065693981948050180e+02
2.085296397399769717e+02
2.063384039332129589e+02
2.067847914087214463e+02
2.064864222324895024e+02
2.053170445785204947e+02
2.087101605410889533e+02
2.078694958980592276e+02
2.058541217463536270e+02
2.056644907200052330e+02
2.067446661285433720e+02
2.074540739581386504e+02
2.071876372553636543e+02
2.057813135476474145e+02
2.086218831032541061e+02
2.071906939001553098e+02
2.076447411909303469e+02
2.072908173225044095e+02
2.063336361206652043e+02
2.112176218571725030e+02
2.067405459657293818e+02
2.074614609009560127e+02
2.061711336540497257e+02
2.096122773589503083e+02
2.099635939820797148e+02
2.091471258428468047e+02
2.076053073928083563e+02
2.066249551732352927e+02
2.056380363948021284e+02
2.075025462036813053e+02
2.075894128000454373e+02
2.085073299793655224e+02
2.082219428178706551e+02
2.066348785749428316e+02
2.087591806842232529e+02
2.066750389349286934e+02
2.075125961991786028e+02
2.083993549311918514e+02
2.104797623704140790e+02
2.071373732933826943e+02
2.073890201649704466e+02
2.068371047961917100e+02
2.079278232385119338e+02
2.071769219453639721e+02
2.079085958317886025e+02
2.059546541231038645e+02
2.077678490326475753e+02
2.060146865822184452e+02
2.062052832901862303e+02
2.065335429351825951e+02
2.079151044303201559e+02
2.059722556688866462e+02
2.064566733554442806e+02
2.073546771205192272e+02
2.057830642692860010e+02
2.052996774502820756e+02
2.062180941758434471e+02
2.059454191349466328e+02
2.072810180063547705e+02
2.072359939616543159e+02
2.054875830038166100e+02
2.066928628218583981e+02
2.096817636798916169e+02
2.062619032457934907e+02
2.078934639080551960e+02
2.084231331629992496e+02
2.057850761966518576e+02
2.062862516582692649e+02
2.077339967503293110e+02
2.084859874205570236e+02
2.073153130892067111e+02
2.073743435223006486e+02
2.082295452505248932e+02
2.103254647373312309e+02
2.084049785594307593e+02
2.070002849067977877e+02
2.059945245881901315e+02
2.073861661566761256e+02
2.063538330250193553e+02
2.072638377313424201e+02
2.044453821041714434e+02
2.065584550013084595e+02
2.056706142636220136e+02
2.065711347268945701e+02
2.057455681068141189e+02
2.062938977318527236e+02
2.110818246640537268e+02
2.090628941279558148e+02
2.083679478734815405e+02
2.077102961596905573e+02
2.074652404776782646e+02
2.077526382809723486e+02
2.087836225010499902e+02
2.065596565916663110e+02
2.065716112279902177e+02
2.064218221591969495e+02
2.051228071563743356e+02
2.086184558100420361e+02
2.068957472538205877e+02
2.051180753735575024e+02
2.082548915258272473e+02
2.092691548900221221e+02
2.079132604085870071e+02
2.062611290084114444e+02
2.076046980005429248e+02
2.071296464997248563e+02
2.078101034008563772e+02
2.077283383480906878e+02
2.062819887220866519e+02
2.063138847400911402e+02
2.079928121305189848e+02
2.076901140444620921e+02
2.053107625414139932e+02
2.058168721482506669e+02
2.065194760818297652e+02
2.096756099793385317e+02
2.080453135645412317e+02
2.087257358986482245e+02
2.058243371548936977e+02
2.039464897981661977e+02
2.060260106044748341e+02
2.049215132454217212e+02
2.076115469800031406e+02
2.070788896050617325e+02
2.070520225138168939e+02
2.075215940947137199e+02
2.071085819100305798e+02
2.071415032331122177e+02
2.072931055335323265e+02
2.051914625815527700e+02
2.091814339285155313e+02
2.051732623575540799e+02
2.080036550582707378e+02
2.093349455150475649e+02
2.050411677374549981e+02
2.045749743135821745e+02
2.078223094210167972e+02
2.101000869563457911e+02
2.091701205415840548e+02
2.071665952897866987e+02
2.056442047207729615e+02
2.078899747345593880e+02
2.075311656098454591e+02
2.060820711261316660e+02
2.092496407236517371e+02
2.063814331373747848e+02
2.083980858238341511e+02
2.092438144992466391e+02
2.065987955172705028e+02
2.047741042219355734e+02
2.070804099521254216e+02
2.052592266602003690e+02
2.064269207680736997e+02
2.050974780219528952e+02
2.063968817361601396e+02
2.079070154534269648e+02
2.078696515142798944e+02
2.061142483478153622e+02
2.062496850717334382e+02
2.101024808321512296e+02
2.094456573310932015e+02
2.079517573418823702e+02
2.079213863735904226e+02
2.069102573896950901e+02
2.066525706000361993e+02
2.074425088892593578e+02
2.072645857196647796e+02
2.082797989463554984e+02
2.073103733045952879e+02
2.065360720575392577e+02
2.073323079441707080e+02
2.073854404904403168e+02
2.071760011727279789e+02
2.074475534415066988e+02
2.077067386916650662e+02
2.075233069729746376e+02
2.072008110608343543e+02
2.080570834807000722e+02
2.096753458517480908e+02
2.057301614749864314e+02
2.063263865141517215e+02
2.083559934154051803e+02
2.084610864225214470e+02
2.079541167693750197e+02
2.056391013515705595e+02
2.070347625798368085e+02
2.091651240158438725e+02
2.100013535389364847e+02
2.086693626654112279e+02
2.067309688501601102e+02
2.083116249109375815e+02
2.057838808221597162e+02
2.079295775220375333e+02
2.083460938532946614e+02
2.078573832104009398e+02
2.086951479185018457e+02
2.082451966364707232e+02
2.072959612212784748e+02
2.062266720217072589e+02
2.097530021715155613e+02
2.079388670331955495e+02
2.062939659962166559e+02
2.090946377842873289e+02
2.095845176873401385e+02
2.085974796198679257e+02
2.074388171166036727e+02
2.071440401015921111e+02
2.098530867248284153e+02
2.072031950327235563e+02
2.066383659388449132e+02
2.097136741049577608e+02
2.077611785486395775e+02
2.064070034116347188e+02
2.063229549680970933e+02
2.080694809713279199e+02
2.092764503917850902e+02
2.058482857984768941e+02
2.055000259896575585e+02
2.061191564776285077e+02
2.093448497326524489e+02
2.070864096888243182e+02
2.102617079114543799e+02
2.087269841797655943e+02
2.076459798723280414e+02
2.067424632654774825e+02
2.092325445591993685e+02
2.064044906924530096e+02
2.089445051497583847e+02
2.065591361758066853e+02
2.065164537472891197e+02
2.091840850817521869e+02
2.080881677841810813e+02
2.073826485422427766e+02
2.086188197498219381e+02
2.054970930129477438e+02
2.085699717265327422e+02
2.061905969795988085e+02
2.072688071807285723e+02
2.082409159589168155e+02
2.066634659209298377e+02
2.072722613972430565e+02
2.079641895590061154e+02
2.099391868319530943e+02
2.079646283197097318e+02
2.054527924495792774e+02
2.043034767141571422e+02
2.066551224846627122e+02
2.092481266358187781e+02
2.077970100428435956e+02
2.067458905133745759e+02
2.065677028731728626e+02
2.086868297957615823e+02
2.085528611009265774e+02
2.074197520767677929e+02
2.072859262280142616e+02
2.078548216275642346e+02
2.094480482023876675e+02
2.093537223001435450e+02
2.048659802580693281e+02
2.063195384788879210e+02
2.054865584374782657e+02
2.066966207761870749e+02
2.069424038684632023e+02
2.069009654422516462e+02
2.054620663222692087e+02
2.080759143760458301e+02
2.068451123299910535e+02
2.085997091945237116e+02
2.088046401586782395e+02
2.079697896905607024e+02
2.071210507975954158e+02
2.084999586189207150e+02
2.085768109158696575e+02
2.069615025084274293e+02
2.077062448300980293e+02
2.067062046609588606e+02
2.062137243884182851e+02
2.067523744762694662e+02
2.078024562396155943e+02
2.053959826491134493e+02
2.054021666717306402e+02
2.059344480278147103e+02
2.072376763025924902e+02
2.072925741316591086e+02
2.082826823153422140e+02
2.072239410894881928e+02
2.067312219768185741e+02
2.080636798727519476e+02
2.073667472287787916e+02
2.078319394896331289e+02
2.053706100266952888e+02
2.067004044578267212e+02
2.058995793814322326e+02
2.058538930961001938e+02
2.115371711497745082e+02
2.060802134535214805e+02
2.071845229798733783e+02
2.080529475933645358e+02
2.074392128858700630e+02
2.082828129673713704e+02
2.092455033540924489e+02
2.075443362431722960e+02
2.084041554107301693e+02
2.079639612651096456e+02
2.074632108394512500e+02
2.093959223256575228e+02
2.047080350814481733e+02
2.058845578247919548e+02
2.069487118649462900e+02
2.072516938795074282e+02
2.050976085492719392e+02
2.089367289436731028e+02
2.052396583214588190e+02
2.091354000839578759e+02
2.080659151008731556e+02
2.076704088198328577e+02
2.093439348003465170e+02
2.071769217651427084e+02
2.077022705781837146e+02
2.052942431008172264e+02
2.054438984408513136e+02
2.057139017527119904e+02
2.079854218345212189e+02
2.074677160309216788e+02
2.065921218834800186e+02
2.084664459343021292e+02
2.060110950399587466e+02
2.087480400242737062e+02
2.072598788504309653e+02
2.070467036642051539e+02
2.065897059699082945e+02
2.057386951613655697e+02
2.082151133581698730e+02
2.041363069122679974e+02
2.046086884545294424e+02
2.071536065194653133e+02
2.086144467571475332e+02
2.065630469451587601e+02
2.069618981181431536e+02
2.057430511846500849e+02
2.048650371149291800e+02
2.079394831577655793e+02
2.085326589942752946e+02
2.094670909639293654e+02
2.058970703676433516e+02
2.060884807040192470e+02
2.036192001903500284e+02
2.086944987019178086e+02
2.067821991491940707e+02
2.086718335884461339e+02
2.104600408203446591e+02
2.060880687339598296e+02
2.076107746032833177e+02
2.062041665211906434e+02
2.074849631497914686e+02
2.068072273410762989e+02
2.078998408598066874e+02
2.078529344019919165e+02
2.074717053609758750e+02
2.084854452053532725e+02
2.062595910368704324e+02
2.057061501543558109e+02
2.062660950374227582e+02
2.067086133144114513e+02
2.064796116738612568e+02
2.084681867095654013e+02
2.048258935220331978e+02
2.091527969149381363e+02
2.074612714878665543e+02
2.045111405769738440e+02
2.072935149250910172e+02
2.068615126803198336e+02
2.079599629113168930e+02
2.082295974795599705e+02
2.041828947611498108e+02
2.092151467141127910e+02
2.059764219093455893e+02
2.070313913250556368e+02
2.068369733017331669e+02
2.074835184513203785e+02
2.054002089449089112e+02
2.046990139944463749e+02
2.040925596754008779e+02
2.065722730769021211e+02
2.077203136347473276e+02
2.088801948803329651e+02
2.047955649620426470e+02
2.081050874665687900e+02
2.081163202391994957e+02
2.060997147079572471e+02
2.090526135279980053e+02
2.066307995833032578e+02
2.090780177293401323e+02
2.072427606533630922e+02
2.081693000173901282e+02
2.080090228423672443e+02
2.095853963812111260e+02
2.064234325847990590e+02
2.084225984721562668e+02
2.076451625287346019e+02
2.072034966854423033e+02
2.090673343644669444e+02
2.056416950185247288e+02
2.094894326567230962e+02
2.073474067634828089e+02
2.059365776151279022e+02
2.068656285707879476e+02
2.056775857482224694e+02
2.077778367095336307e+02
2.074520911606973641e+02
2.075522528587055433e+02
2.067918075668856943e+02
2.089463776687721577e+02
2.082774511968256945e+02
2.078895003800682559e+02
2.083329799573863852e+02
2.082945579099471161e+02
2.065005196237054577e+02
2.094353160652389363e+02
2.052884252582745432e+02
2.059070845586405198e+02
2.084145760595158663e+02
2.071559876552438482e+02
2.063896736027986094e+02
2.088261626664558435e+02
2.091621101729290046e+02
2.059684303326956467e+02
2.075690154991001464e+02
2.069121733733023518e+02
2.081403438810006321e+02
2.097644209926062615e+02
2.083701925890384814e+02
2.084243410397094181e+02
2.103094971487294345e+02
2.076008434710251152e+02
2.068974998156998595e+02
2.042902999107130597e+02
2.071288391293026905e+02
2.046830690598622766e+02
2.057943533109988152e+02
2.079977228526208251e+02
2.087323175034590008e+02
2.079072416441176472e+02
2.070990895648623393e+02
2.065817241171180854e+02
2.057740139848826857e+02
2.049377481774156990e+02
2.069881726742567878e+02
2.072941462080640633e+02
2.067141383992936028e+02
2.048088012919020002e+02
2.064024476240597039e+02
2.082824213811181266e+02
2.077255285493210977e+02
2.103671793853339409e+02
2.066859428201552760e+02
2.069128356340956998e+02
2.073233429801054228e+02
2.071686073711395295e+02
2.103010067192736301e+02
2.079555913361748480e+02
2.068918899686375710e+02
2.069244873458020777e+02
2.077584200533981686e+02
2.081234489866761237e+02
2.080327334246052828e+02
2.076175697904768072e+02
2.066254537295492923e+02
2.092563834105363583e+02
2.083877991565131254e+02
2.062622713157506382e+02
2.070737306338688484e+02
2.055323352674761281e+02
2.068298480879697365e+02
2.077696418164046008e+02
2.080724158243363320e+02
2.092410531973491459e+02
2.056460427293210955e+02
2.072958684140279502e+02
2.070327336047906215e+02
2.069857394985243957e+02
2.083146368678829674e+02
2.063680258274735593e+02
2.063932171395019850e+02
2.060867752120907710e+02
2.067522239137158806e+02
2.089129447483679485e+02
2.077480369205777606e+02
2.091769637107304618e+02
2.072744916871160115e+02
2.067915325904358212e+02
2.070107217275026414e+02
2.080810962415864651e+02
2.075472138311450010e+02
2.057955934286537172e+02
2.090044452102189325e+02
2.072116169478187544e+02
2.091996711462076348e+02
2.087321285367490304e+02
2.062910291149017041e+02
2.057853632845490210e+02
2.064935708296250709e+02
2.070645470532570016e+02
2.090553676234306124e+02
2.058582238569438516e+02
2.074050161206392886e+02
2.071766145402341976e+02
2.098625943447102316e+02
2.066878860543153849e+02
2.086137245797324624e+02
2.067724051615560654e+02
2.082917372583947611e+02
2.058763399255130082e+02
2.064673744443787484e+02
2.058747687646648785e+02
2.085145932882752220e+02
