1.077922385142619248e+02
1.091327428042301477e+02
1.078910596245239191e+02
1.034303033748810776e+02
1.065005150429292939e+02
1.081241833857872479e+02
1.056019806655993705e+02
1.079729624566284514e+02
1.072544922521103530e+02
1.069409067499306616e+02
1.076308419973608324e+02
1.054479047287713058e+02
1.068095620390732279e+02
1.078140927607602890e+02
1.105444200492141391e+02
1.100360973836739475e+02
1.075077013953265634e+02
1.052127840098404192e+02
1.056169178399578357e+02
1.043112242818462931e+02
1.076058235279967761e+02
1.048071695576507949e+02
1.079343745410616577e+02
1.067334235876262056e+02
1.061970724473118253e+02
1.065105180254162462e+02
1.111331075774164816e+02
1.084892502111448920e+02
1.098054509618869901e+02
1.076752911504925549e+02
1.038690172424214353e+02
1.062177873091285107e+02
1.051252313301188082e+02
1.027165948480940187e+02
1.064225910206489374e+02
1.072257376610764510e+02
1.077463565286014813e+02
1.065594098563615120e+02
1.044983108610041569e+02
1.068358237118592911e+02
1.033729505939927691e+02
1.045096471829443487e+02
1.067659484258190474e+02
1.130511283975276626e+02
1.084835746627003914e+02
1.081188435807321611e+02
1.073037721451488267e+02
1.101367971833301311e+02
1.113150667871426123e+02
1.078587333322365254e+02
1.052018334478520671e+02
1.035898853764723100e+02
1.039138291338938558e+02
1.064439854205376150e+02
1.042241179829407116e+02
1.038047287564403831e+02
1.056923012514858442e+02
1.035772866752722621e+02
1.086581666346484525e+02
1.070978616324647703e+02
1.038727540323268954e+02
1.050310456058220439e+02
1.052547096590353561e+02
1.050814905810272109e+02
1.082122226856671574e+02
1.107579736771230472e+02
1.089075592510483546e+02
1.079637788800807101e+02
1.065569821862748370e+02
1.090724535844405096e+02
1.102454851704540459e+02
1.070499737989759410e+02
1.069150468499862541e+02
1.087809768560069728e+02
1.088333886099732979e+02
1.086500381706181741e+02
1.055289808196509824e+02
1.080132363875921868e+02
1.077810111331941840e+02
1.102502280297250650e+02
1.036100615923883339e+02
1.102839288444447021e+02
1.083231214771454916e+02
1.043854898878912820e+02
1.063223511981278051e+02
1.080359559170964445e+02
1.045153819596291811e+02
1.047092755804879971e+02
1.085356889483028340e+02
1.074801210118510539e+02
1.086574512902266036e+02
1.069491834842221891e+02
1.071054853296219278e+02
1.074539604612207597e+02
1.070084895559815692e+02
1.108529332920522279e+02
1.061974206789646331e+02
1.078585689334387752e+02
1.056278668444363262e+02
1.080713894215094371e+02
1.047751313538959153e+02
1.038069209955525167e+02
1.072953945834449883e+02
1.120624613390006914e+02
1.085135830633692251e+02
1.049987737076447729e+02
1.097173757132145937e+02
1.075280470623167162e+02
1.104240246818531119e+02
1.078128376387219731e+02
1.066138504907110871e+02
1.088830371521320899e+02
1.067475014218436371e+02
1.094047480389585161e+02
1.105989373721839968e+02
1.060794238044591822e+02
1.085648061710115826e+02
1.108326125904804087e+02
1.089369494211277498e+02
1.085777942768454238e+02
1.075656421932793876e+02
1.078320052194308687e+02
1.085509739301705139e+02
1.130401047965297607e+02
1.088727689695691794e+02
1.081206476476313156e+02
1.097604613790180963e+02
1.091254025216285015e+02
1.056809621437169824e+02
1.124476983471162157e+02
1.095654162820328850e+02
1.063874846102487624e+02
1.054755789072181642e+02
1.056057003461992139e+02
1.086123370943315507e+02
1.086959335305955676e+02
1.039159120574466755e+02
1.045880175614321956e+02
1.106454277331731504e+02
1.067035594865387225e+02
1.066336445169941953e+02
1.052334715922129931e+02
1.118077321783545983e+02
1.060446526260621454e+02
1.096064980015458161e+02
1.029900173206741840e+02
1.072943220535577780e+02
1.072844118043177133e+02
1.081705574325818304e+02
1.074884751359261799e+02
1.065518515499095713e+02
1.099119373200243643e+02
1.077467649481607310e+02
1.087333005633188492e+02
1.089872717927861459e+02
1.064388501761500407e+02
1.096683460878566763e+02
1.081223156998875510e+02
1.076530167679630239e+02
1.104895661416903323e+02
1.054526259585817627e+02
1.065577223542108101e+02
1.095371757343915533e+02
1.047143786603673163e+02
1.099262744869324422e+02
1.081673978958137639e+02
1.093260998536892856e+02
1.120134820977164765e+02
1.030881033952782957e+02
1.060237160076819976e+02
1.046357535140888757e+02
1.078596116798884594e+02
1.095905758784706876e+02
1.094434808708371634e+02
1.051899993465534635e+02
1.080332407900317406e+02
1.058830406647700499e+02
1.055666379006807318e+02
1.064045570000001959e+02
1.102881711705368417e+02
1.101383906419462022e+02
1.078887963482601720e+02
1.071037582446352303e+02
1.075414611196192993e+02
1.060898491118056626e+02
1.099817955616312872e+02
1.049597981561554150e+02
1.076512290442385904e+02
1.069852991219986507e+02
1.085993478061433279e+02
1.082406808493963695e+02
1.053800191692499908e+02
1.074818380198008896e+02
1.082944275939546657e+02
1.074710281176706985e+02
1.082041813591243056e+02
1.117647318618317627e+02
1.076738937840573840e+02
1.071250266592979159e+02
1.051654224738420709e+02
1.082085812170576276e+02
1.127034067831247910e+02
1.070065475487079709e+02
1.044984346077481945e+02
1.066172930352711745e+02
1.086754552213575238e+02
1.090245907722774490e+02
1.094840437796690225e+02
1.070746406310509968e+02
1.071224039512281081e+02
1.028631564279614992e+02
1.077142988479719037e+02
1.086800456765646317e+02
1.074521536477348036e+02
1.089057287843949098e+02
1.079181322288648346e+02
1.096752457588746381e+02
1.106180426752093524e+02
1.071770245407837479e+02
1.095906363221506439e+02
1.078855452677656785e+02
1.109261267130241464e+02
1.055915717860210492e+02
1.078343626337978662e+02
1.043084559058413987e+02
1.112598618440653837e+02
1.043740167402576162e+02
1.059692467283391295e+02
1.100330271379131375e+02
1.101330365012215537e+02
1.062816684906174061e+02
1.080743408759978905e+02
1.106773490247385610e+02
1.082138225058570100e+02
1.037196887112977493e+02
1.099686970977668636e+02
1.065077582478288889e+02
1.093813579924720472e+02
1.085465543573839682e+02
1.057232003014403148e+02
1.079049810636509221e+02
1.096752058884985530e+02
1.066439308448535286e+02
1.101407390361940770e+02
1.065723400650525008e+02
1.063430696331543999e+02
1.076913396548637110e+02
1.079899386849966447e+02
1.096817877106444996e+02
1.081443760445639839e+02
1.062321839078354770e+02
1.048880557657680868e+02
1.059091750032958998e+02
1.064851671185252115e+02
1.056934036727584498e+02
1.082416681374585181e+02
1.049241972956128848e+02
1.084042448441923057e+02
1.095174123139572373e+02
1.088659327121858098e+02
1.085543335732061365e+02
1.082552552543907893e+02
1.056915831056642077e+02
1.076431482092413319e+02
1.045761549929419800e+02
1.063617530206668818e+02
1.073157625431597069e+02
1.120006381296169309e+02
1.070608842942507977e+02
1.064817852863479573e+02
1.040957779634412219e+02
1.070046337817876321e+02
1.064780882301860032e+02
1.071404228622173491e+02
1.090361219016937468e+02
1.084597604901803436e+02
1.083470193244758946e+02
1.103618459609826630e+02
1.106797639514507239e+02
1.072569616539048667e+02
1.080572503561831041e+02
1.078466439566970649e+02
1.066440930470784707e+02
1.046622538742966810e+02
1.086400948506384196e+02
1.079257766220354995e+02
1.079595420078717751e+02
1.072582856083487144e+02
1.075552487569359386e+02
1.048247316133605835e+02
1.071622877833419665e+02
1.093671726513047702e+02
1.075192652196209480e+02
1.122533393587688835e+02
1.066150293190389533e+02
1.090124307682383886e+02
1.077209012207983250e+02
1.086867809504693412e+02
1.064943833107624300e+02
1.065262371517393944e+02
1.108093724801403965e+02
1.124169329118742411e+02
1.089786098766750086e+02
1.097681897109466860e+02
1.091394200400946488e+02
1.033664308242177299e+02
1.077856516106266724e+02
1.087617792266484855e+02
1.104478441711515870e+02
1.121376544834408833e+02
1.106571735709351714e+02
1.090975097882510596e+02
1.072422339026447276e+02
1.083866319389121315e+02
1.096646146109269893e+02
1.098155569217603613e+02
1.118602121544749508e+02
1.085568213535792381e+02
1.054735788401007710e+02
1.060849822928952193e+02
1.068303996582720856e+02
1.100578925507978170e+02
1.060858692369830720e+02
1.074652005255610163e+02
1.070490843390083882e+02
1.086268379955308490e+02
1.109948981982023355e+02
1.101522042058621054e+02
1.065487667289574318e+02
1.048482169278627936e+02
1.050855991741812971e+02
1.108658544260508023e+02
1.100855193881271532e+02
1.072614921988661223e+02
1.115669268072218898e+02
1.055585028980649014e+02
1.124979382263328489e+02
1.046908140518864485e+02
1.081778658507323030e+02
1.089543778237819680e+02
1.091237925484911386e+02
1.056875521368594804e+02
1.066389153441316466e+02
1.102131423046972145e+02
1.089223342912018637e+02
1.060068350103115051e+02
1.074306391044178781e+02
1.095397938899387071e+02
1.019049165426224590e+02
1.082476636639059961e+02
1.064123887798322983e+02
1.098453693022648423e+02
1.106804825168881194e+02
1.083139973070552173e+02
1.056944245908003950e+02
1.054751043850439345e+02
1.065365736017319449e+02
1.053455216574345599e+02
1.086827096434628146e+02
1.101448827478824768e+02
1.097421059460554318e+02
1.089368348324317424e+02
1.104132712819279476e+02
1.100498521650536503e+02
1.072537214121685594e+02
1.050387983257459439e+02
1.074087114836197117e+02
1.074128223048356858e+02
1.073787882721473892e+02
1.089325211714138533e+02
1.052500572390369626e+02
1.073409944113165579e+02
1.071196729636010190e+02
1.051059894959378340e+02
1.086596519705790200e+02
1.091615953015650859e+02
1.058534162487351864e+02
1.034006641112561766e+02
1.096263854496694563e+02
1.071652894527329067e+02
1.074201505095744409e+02
1.066466651224245794e+02
1.086431283316361061e+02
1.071457382754987862e+02
1.052721107676025127e+02
1.091128012348408305e+02
1.089921643195614109e+02
1.048060136868402310e+02
1.053380878976495012e+02
1.066319333333299539e+02
1.081465545720347592e+02
1.074257332031484822e+02
1.072899193097424018e+02
1.054889539576668511e+02
1.082836455036962064e+02
1.041337144530789800e+02
1.069174270891823397e+02
1.057001741705790749e+02
1.092486304656533065e+02
1.121457825401709840e+02
1.081493363389462985e+02
1.071043044571344041e+02
1.082940744971990341e+02
1.087097007197444327e+02
1.082586621449936075e+02
1.053967743820732466e+02
1.053470138784630450e+02
1.092113421307018939e+02
1.064236130888652667e+02
1.095749760576706677e+02
1.093459671437825165e+02
1.072203970223156944e+02
1.077702690066450657e+02
1.100894161630312311e+02
1.096145964631003835e+02
1.095436403834174399e+02
1.059672282083334380e+02
1.031350082683498357e+02
1.054704958929083176e+02
1.088462441277479087e+02
1.052444131930139832e+02
1.085552000562234412e+02
1.071115170513286898e+02
1.089889653541288084e+02
1.084063138140205069e+02
1.099229122093547062e+02
1.051931738597617283e+02
1.071851776622478667e+02
1.092828658735820682e+02
1.087694950427183045e+02
1.077628137678062643e+02
1.058628648532993139e+02
1.094558953031709905e+02
1.082704826748002631e+02
1.059857179020392977e+02
1.095642735375706849e+02
1.104366534479871262e+02
1.082267187157728188e+02
1.115840153202297103e+02
1.109195642002983533e+02
1.077608944490275036e+02
1.071109840066294367e+02
1.067732479411440494e+02
1.087871030452917580e+02
1.102949516087137170e+02
1.084538939531275759e+02
1.067497229672653134e+02
1.053215437528635618e+02
1.070537157423114252e+02
1.067106655439402800e+02
1.110837614995366067e+02
1.092523505039523144e+02
1.093047712940626326e+02
1.078865574012415607e+02
1.090346460015106089e+02
1.082367011420297587e+02
1.114163964561834348e+02
1.103789147185464827e+02
1.067500726587364994e+02
1.085933853881375057e+02
1.067285850342463505e+02
1.078902927650228634e+02
1.089437541669873895e+02
1.094679179021296278e+02
1.085355479540237553e+02
1.048387393308769902e+02
1.120753775315957341e+02
1.074369794640066260e+02
1.064843083998943314e+02
1.073018286641949146e+02
1.073039400485373420e+02
1.084183550621090291e+02
1.073660787281257285e+02
1.096867385124690344e+02
1.097135653993454270e+02
1.092307892870498733e+02
1.064061284115510091e+02
1.068612990551373656e+02
1.073262769831971042e+02
1.064349202364335838e+02
1.063528807198301678e+02
1.088668462672874284e+02
1.059641575783468852e+02
1.089791649993666880e+02
1.071149943027516400e+02
1.075384203919373363e+02
1.071642417878165077e+02
1.088358448842474928e+02
1.060439331867712269e+02
1.085886849318300875e+02
1.070148773620395133e+02
1.097157984967037123e+02
1.082917134772054055e+02
1.052324458660770006e+02
1.108444878936775808e+02
1.092460024468383608e+02
1.057471208196401733e+02
1.112707844258212333e+02
1.057241522200533410e+02
1.081146393421396539e+02
1.095913679147516007e+02
1.079364729234699354e+02
1.076334451423657015e+02
1.067892993904704895e+02
1.088416766491775292e+02
1.109923920957358661e+02
1.047759833649063665e+02
1.109337929447222137e+02
1.054669474696717515e+02
1.097057730874690407e+02
1.073297436741953987e+02
1.087744256984849187e+02
1.058012525342269896e+02
1.097206914838029235e+02
1.085385172848085631e+02
1.094250855535555615e+02
1.105690420155618767e+02
1.100413417111376333e+02
1.068471252419459177e+02
1.050689215338415465e+02
1.059612760825666555e+02
1.092695752681173644e+02
1.082070643378004746e+02
1.081828889082956522e+02
1.097417499779301835e+02
1.071950929853521188e+02
1.047821549759571411e+02
1.058630730833556584e+02
1.068785709666582875e+02
1.084773951254431807e+02
1.070510699293744068e+02
1.048900957835034973e+02
1.045132107483697723e+02
1.055477412241180986e+02
1.060384103448091082e+02
1.078160153166841440e+02
1.078717711836112159e+02
1.113238554508242402e+02
1.082053309481788546e+02
1.068289743313240194e+02
1.057431156004068100e+02
1.071680452906071537e+02
1.050542711588021234e+02
1.109405977403779389e+02
1.097614662357301967e+02
1.073235479869854458e+02
1.083825828543179313e+02
1.081695589722468185e+02
1.102888106014126208e+02
1.074150463651904346e+02
1.070847467532199033e+02
1.107352360869885075e+02
1.096679879019279866e+02
1.053322835839510390e+02
1.093949495627883408e+02
1.076293429652608324e+02
1.049915347189170234e+02
1.060481797735190952e+02
1.046257651224682661e+02
1.074147120324861788e+02
1.077443085434463654e+02
1.079858702527062064e+02
1.106054479663721537e+02
1.081140132588284359e+02
1.073052889201305788e+02
1.095321169671111079e+02
1.089733749352069907e+02
1.048390560868948000e+02
1.078618067694969653e+02
1.085946261153680865e+02
1.074426677645193564e+02
1.111111308939237006e+02
1.090224759613074639e+02
1.091035577649602146e+02
1.077284368231920553e+02
1.076533488966548191e+02
1.070459595355991240e+02
1.083631393131751821e+02
1.080934926654001060e+02
1.103355182658372513e+02
1.048798540692903600e+02
1.074964384295120112e+02
1.075770951437073819e+02
1.069039459524635447e+02
1.059296673194381526e+02
1.084144142211755337e+02
1.066963599608573645e+02
1.035507789971538415e+02
1.043478796893485452e+02
1.063590383483077488e+02
1.079591729699149170e+02
1.103512438937347184e+02
1.075877006582581856e+02
1.065879372707121888e+02
1.072892217677408553e+02
1.102278417540071160e+02
1.085812718945479958e+02
1.118742977156778977e+02
1.096768004645051064e+02
1.098021808629303422e+02
1.075739926843639438e+02
1.048956177991431531e+02
1.061343229511908675e+02
1.075320442664694411e+02
1.087438711439942693e+02
1.089096263147899464e+02
1.106751370950964173e+02
1.077794872783221081e+02
1.087341537286271915e+02
1.103674453885218725e+02
1.068707718354449980e+02
1.071719477479456231e+02
1.106822252928919568e+02
1.082326481881741813e+02
1.052814210380198006e+02
1.087085188819410746e+02
1.091790041349322280e+02
1.096986663286367190e+02
1.069359660791980957e+02
1.082432950008730330e+02
1.060845897412265515e+02
1.074095180880047451e+02
1.078584064489772913e+02
1.060703346037828396e+02
1.089830214106329009e+02
1.055876194454108088e+02
1.089660961468583338e+02
1.074056846675832304e+02
1.077363388886134317e+02
1.057431412975839464e+02
1.064072780061331258e+02
1.065853053275973963e+02
1.051254557033402790e+02
1.086130288168891269e+02
1.086000039845480387e+02
1.064720574012936680e+02
1.072107590502583463e+02
1.090044504432360384e+02
1.025242102786554597e+02
1.064107239607606203e+02
1.083123234968525139e+02
1.081261885878953848e+02
1.086440413312781885e+02
1.065221269729434823e+02
1.090667807351773888e+02
1.086456697571733798e+02
1.072327315168543436e+02
1.063966096448964009e+02
1.102888030162887389e+02
1.085495729324083101e+02
1.098741971994022606e+02
1.049960447317915708e+02
1.072946961838582638e+02
1.071977335247818957e+02
1.092144174911946948e+02
1.105651888960967568e+02
1.027372356504771318e+02
1.086038640218890521e+02
1.074930835613421465e+02
1.031325438053582673e+02
1.081229530679453887e+02
1.074331867674917191e+02
1.063330096577849559e+02
1.078853215122977787e+02
1.100749231656502189e+02
1.088566617634287752e+02
1.108970511997327009e+02
1.078674774885769523e+02
1.047637944703934494e+02
1.033448146909195486e+02
1.082402300636841943e+02
1.085738843815174732e+02
1.042082808300151697e+02
1.096981297966306244e+02
1.070628900861397454e+02
1.036291454878349043e+02
1.042634336957319192e+02
1.052325071509617516e+02
1.096374109243544268e+02
1.065349782958541738e+02
1.055526949902290852e+02
1.080884349962893793e+02
1.045627485013403088e+02
1.084742706296693200e+02
1.102508897343311673e+02
1.101302075584849547e+02
1.078737593779732720e+02
1.067890136097106222e+02
1.105133224255751543e+02
1.044828745470695424e+02
1.098902233453729309e+02
1.065986560502809368e+02
1.100582353185032787e+02
1.101025216235788946e+02
1.092504360137978949e+02
1.077509325644238771e+02
1.079437206147929089e+02
1.105997144518175759e+02
1.067324078048310270e+02
1.092937968113629097e+02
1.053809849199783173e+02
1.059113048979079537e+02
1.091992710618232678e+02
1.064176283531308798e+02
1.133336181556817905e+02
1.070745711921550907e+02
1.091328231579182955e+02
1.126112176510575011e+02
1.098131149743637422e+02
1.084243089152952564e+02
1.075686878386477758e+02
1.095634833056675888e+02
1.082897497588240014e+02
1.086886636312948866e+02
1.112003549920279966e+02
1.048535118499306407e+02
1.050210450597449210e+02
1.076982371110902079e+02
1.070918330906993958e+02
1.107204585580386578e+02
1.056602713862701819e+02
1.098036120317336213e+02
1.084206863988629550e+02
1.061827065217026416e+02
1.059510989885307026e+02
1.055493479913769761e+02
1.077090688884255911e+02
1.106591935048794397e+02
1.092605226526307405e+02
1.072906944517516905e+02
1.083132551075062224e+02
1.052704803741183071e+02
1.054043657248622168e+02
1.071160338095957911e+02
1.094072274199246948e+02
1.064135028640397707e+02
1.089897177112700462e+02
1.062966050479235207e+02
1.077130679642080793e+02
1.078853609304483712e+02
1.054490702794216048e+02
1.072398465411503281e+02
1.048735299384680104e+02
1.101608910801446370e+02
1.065635548307458578e+02
1.054703354025286188e+02
1.078107560781643031e+02
1.051745464283400651e+02
1.060595817384602526e+02
1.053750690545510764e+02
1.082202519556032883e+02
1.114529024930455279e+02
1.088069932928448367e+02
1.094290132842581897e+02
1.060241737031939806e+02
1.071234564391762234e+02
1.096808068963404708e+02
1.077061262664385026e+02
1.099443010438513255e+02
1.106665271612465631e+02
1.063093533902816148e+02
1.082300034318492834e+02
1.038564441093340349e+02
1.049135540737385952e+02
1.071028997313384536e+02
1.045706502373725613e+02
1.044848122577728731e+02
1.033429201790115144e+02
1.099691265451822773e+02
1.048882706962745743e+02
1.048005874854289345e+02
1.083851388805103824e+02
1.078731184306685975e+02
1.066861042979167848e+02
1.093524515677084565e+02
1.112220642315409975e+02
1.095260955531212090e+02
1.105659309194355160e+02
1.069197873561790999e+02
1.051406419692820151e+02
1.074808982989616908e+02
1.086516418385228775e+02
1.074088053166514243e+02
1.058488139764494917e+02
1.064282393504224729e+02
1.107280538419900040e+02
1.053886909547558304e+02
1.110328879863691185e+02
1.077272372908094979e+02
1.102365529761702589e+02
1.076368081150238112e+02
1.059453129724060148e+02
1.079906455706470894e+02
1.055199206607737921e+02
1.098225537433043826e+02
1.063530217099898323e+02
1.095426998233502331e+02
1.084038345164631494e+02
1.084225056378077596e+02
1.094439631816194094e+02
1.048313794873580775e+02
1.057129076784882500e+02
1.108290021083840742e+02
1.058001684101808593e+02
1.091065234353770563e+02
1.075374497076037272e+02
1.070518468933844218e+02
1.092903280577219789e+02
1.080469490643375536e+02
1.061584879736511908e+02
1.084532464624446817e+02
1.074165760618268308e+02
1.110106492090385331e+02
1.088134564089868661e+02
1.071171984061683844e+02
1.055665866731500984e+02
1.104683641095984683e+02
1.019369770547034619e+02
1.073389722953969283e+02
1.058906001518574698e+02
1.076333324993608329e+02
1.064503662435519260e+02
1.058388513515248945e+02
1.057401123304750143e+02
1.095185455036047131e+02
1.081430275970172517e+02
1.038258989716522933e+02
1.092242287286433680e+02
1.088271557289208573e+02
1.082546372685078637e+02
1.093076298634565831e+02
1.063371773810965806e+02
1.097222912130236807e+02
1.079485951142473823e+02
1.074106689520293116e+02
1.100905669162508786e+02
1.089120810182031107e+02
1.068001495125227507e+02
1.063265629763202611e+02
1.081906337454062026e+02
1.060833790029994219e+02
1.116266791430436882e+02
1.084712481180540493e+02
1.060726805798204282e+02
1.065389638545597109e+02
1.104950857624126286e+02
1.100229724714315864e+02
1.082193409659075911e+02
1.099169339341125635e+02
1.115089375398078317e+02
1.073802516261568911e+02
1.122174336894853894e+02
1.093111391593659789e+02
1.074759997124823627e+02
1.095097019668768610e+02
1.072249004541969839e+02
1.055556570852101004e+02
1.067642936137361716e+02
1.079007636713703846e+02
1.046030610468332469e+02
1.071215799794763228e+02
1.088946027293291934e+02
1.047853756843020250e+02
1.005407202557766340e+02
1.090931119424689655e+02
1.040518814560746677e+02
1.078482903214442672e+02
1.060588735336487787e+02
1.071983040038949326e+02
1.064108078770612735e+02
1.083258869453210167e+02
1.068191490041486844e+02
1.047668010903574896e+02
1.107533337423271291e+02
1.101859337107782153e+02
1.112245633112626706e+02
1.085829528021952939e+02
1.084783870117725684e+02
1.074685824851100051e+02
1.038081951415503283e+02
1.070650685221251734e+02
1.080388830369170563e+02
1.085997699213205863e+02
1.073401359741047543e+02
1.073426211452503907e+02
1.096497586965434010e+02
1.075065504751327694e+02
1.050902523200593492e+02
1.095803392715293541e+02
1.065392045565621544e+02
1.062858389393146865e+02
1.070592316130286150e+02
1.063953615135661437e+02
1.091016353551282521e+02
1.078367370071527205e+02
1.053296773663709303e+02
1.104765983342385880e+02
1.092283405249978898e+02
1.075137612033013710e+02
1.083061208771137132e+02
1.069789987294890068e+02
1.075000852457011717e+02
1.076852630933221349e+02
1.049096005488114685e+02
1.052402975874500584e+02
1.080238646276031886e+02
1.077974287260903452e+02
1.084623672873219959e+02
1.063656403988771757e+02
1.086545251489032182e+02
1.064338401642886254e+02
1.066308855017879296e+02
1.083583243414620370e+02
1.030796234467863997e+02
1.098538367920944410e+02
1.084891006833424569e+02
1.063793184565219718e+02
1.089614598210607284e+02
1.043010250854063798e+02
1.062067743539587639e+02
1.082466953966332284e+02
1.070277089754911941e+02
1.082229828567643608e+02
1.081289703383649936e+02
1.081377513431372250e+02
1.048339382659104757e+02
1.053283811077305359e+02
1.023322603723345594e+02
1.088411061794695343e+02
1.100696583619771616e+02
1.076857282422827637e+02
1.044589201122455648e+02
1.076114737140095201e+02
1.108597091324044328e+02
1.053300711324983467e+02
1.053260617392716938e+02
1.090130177374711735e+02
1.100166421922940145e+02
1.069795764348258444e+02
1.067946799289697140e+02
1.051895253658788079e+02
1.119083139582823208e+02
1.092862884978469253e+02
1.072988638920957527e+02
1.066901103728741873e+02
1.081385541453936270e+02
1.093245448283126393e+02
1.094434102107661317e+02
1.041248209697983640e+02
1.053208477087417521e+02
1.073042550099831658e+02
1.043181402439321062e+02
1.098615383554521827e+02
1.071560657290211367e+02
1.095568760138780675e+02
1.073801685778555566e+02
1.067320648945310495e+02
1.079387272588450912e+02
1.130134681509799606e+02
1.061658320228712142e+02
1.081067784577902984e+02
1.080100675166792144e+02
1.039411839140794456e+02
1.096124798154581299e+02
1.060021384183769300e+02
1.077421444616494881e+02
1.076641368865738428e+02
1.108280447151972510e+02
1.088151723743156225e+02
1.073620708621275526e+02
1.077297208941746618e+02
1.106805621010589249e+02
1.061660781192089047e+02
1.069223077489969000e+02
1.112769959900553545e+02
1.062537384761265713e+02
1.052493147485925249e+02
1.134146650908035809e+02
1.071962021910719329e+02
1.084471933885185564e+02
1.061838826708590346e+02
1.106987023157651322e+02
1.103445044812491744e+02
1.098921348203941761e+02
1.035334807880912535e+02
1.094273862845615497e+02
1.055380160273680445e+02
1.111848894000809338e+02
1.103322331536203507e+02
1.082907836868185285e+02
1.033755348103447176e+02
1.074058595320153557e+02
1.078022324257383104e+02
1.106167599075417911e+02
1.062989968839352315e+02
1.064067863147888318e+02
1.093716269038295508e+02
1.065513839184021521e+02
1.079933703940410794e+02
1.077072183535302372e+02
