2.115224167395082588e+02
2.112565285253113814e+02
2.160454669573891806e+02
2.106694509556247112e+02
2.114537549437798418e+02
2.139910779381434054e+02
2.104642943844600893e+02
2.125770893609020220e+02
2.135441994852494361e+02
2.124832519771518946e+02
2.122139689506793445e+02
2.093676048377881500e+02
2.139880878600798439e+02
2.137732241607694164e+02
2.118999473815770784e+02
2.120526052959195908e+02
2.119668051776524749e+02
2.080988195795414413e+02
2.132025408236720523e+02
2.126997446621310246e+02
2.115255482552997535e+02
2.110258016834970363e+02
2.116370744014670890e+02
2.124237032089302772e+02
2.123919843584224338e+02
2.132714708989350925e+02
2.105894499390501551e+02
2.115736283029665969e+02
2.100597045220246457e+02
2.133983371904938906e+02
2.111024383370882731e+02
2.099411683968723139e+02
2.132596951594622681e+02
2.133510984250102922e+02
2.114813163699189715e+02
2.082501113354331608e+02
2.118912073968475340e+02
2.120236557544290861e+02
2.129007702687314918e+02
2.161031756946183293e+02
2.122543136717552272e+02
2.133319489560917646e+02
2.114977629583950716e+02
2.130839917743703040e+02
2.110506988179129166e+02
2.115440351517282522e+02
2.153006412832285150e+02
2.124095189133429074e+02
2.137597650259700401e+02
2.127225626979386277e+02
2.141089807600568520e+02
2.074658926714258200e+02
2.129822665776096073e+02
2.097271672540874476e+02
2.159230320668801255e+02
2.116408908624764820e+02
2.102912241310843910e+02
2.134790461881991348e+02
2.153852303197279525e+02
2.112598406418819650e+02
2.141741445903278986e+02
2.118770057534800060e+02
2.116853349752543636e+02
2.146591129950104460e+02
2.136287551187967892e+02
2.112615903621424422e+02
2.139160439699079461e+02
2.080362226594761239e+02
2.101908715668733407e+02
2.125484844722536195e+02
2.119987861975181715e+02
2.108165652337115716e+02
2.129592305631824445e+02
2.137965384025915512e+02
2.109036766280637778e+02
2.141375551164753404e+02
2.114559904718133225e+02
2.095284947262756532e+02
2.130857522170230709e+02
2.141743513458228847e+02
2.161824983115924965e+02
2.089161199677110403e+02
2.091460970896298477e+02
2.096137229460946969e+02
2.144304315301035899e+02
2.100106321661778566e+02
2.138407067607029717e+02
2.094483676640997771e+02
2.127206923735682267e+02
2.163214440319056848e+02
2.128349111077906457e+02
2.112553241788848482e+02
2.100610813918626718e+02
2.096869996050760108e+02
2.092733897119972539e+02
2.060326981049283859e+02
2.092883858805574846e+02
2.164727801895761274e+02
2.145611027308640075e+02
2.157655080916819372e+02
2.177156144548785051e+02
2.102237419769136864e+02
2.138575277809308375e+02
2.142279585687779218e+02
2.088176715594663619e+02
2.131118067681673836e+02
2.117228971665354322e+02
2.135766152755911662e+02
2.099771831947985561e+02
2.115395237215857946e+02
2.117105202624212552e+02
2.099331046719190113e+02
2.115312632618453108e+02
2.136317856734366387e+02
2.089509887804582320e+02
2.116283259978711726e+02
2.123441588823446011e+02
2.138840413631871229e+02
2.119707071698625214e+02
2.126906268538038773e+02
2.117814566903012121e+02
2.132984166814927676e+02
2.128373174742550304e+02
2.141435088129888982e+02
2.106738932793764718e+02
2.091176422291278243e+02
2.149118526980380466e+02
2.115471648978855512e+02
2.136628886000859779e+02
2.110747153335173323e+02
2.112741276855059027e+02
2.114487646835086991e+02
2.107903051662072187e+02
2.124104188664728952e+02
2.135016091572711900e+02
2.118195656755191578e+02
2.113563462778050450e+02
2.112828785123328998e+02
2.111239015638942647e+02
2.118681908136619541e+02
2.109080838805650444e+02
2.152963422833132654e+02
2.096619784616228515e+02
2.149153227139594264e+02
2.137992772142236788e+02
2.143848168760554245e+02
2.113805341789859824e+02
2.104654020057034529e+02
2.100894983809384655e+02
2.141110778631031337e+02
2.111774679931522769e+02
2.079745487560525987e+02
2.102383652037358388e+02
2.125908505416167884e+02
2.120886888945679232e+02
2.106986317451973605e+02
2.149078213842097398e+02
2.110426652119269590e+02
2.105595506005306845e+02
2.110887068580813093e+02
2.121394764669714732e+02
2.107885195382636994e+02
2.133559476902243262e+02
2.104609597026719996e+02
2.097280221311470996e+02
2.109666869461705971e+02
2.129042357449481244e+02
2.093200399911369516e+02
2.117449337540354577e+02
2.090763347368730649e+02
2.119977863300559591e+02
2.128493717129626077e+02
2.124113141296339506e+02
2.117864207441300266e+02
2.109192190351107286e+02
2.114335403687084920e+02
2.091765460991943542e+02
2.121668147601165799e+02
2.129436074998819777e+02
2.110596504674298899e+02
2.095788800511488432e+02
2.091791612705577563e+02
2.149441905334897740e+02
2.128051508190272898e+02
2.105780315745175244e+02
2.115459829713451825e+02
2.116437716829742328e+02
2.124658358363363959e+02
2.124162499130935657e+02
2.117802285938050488e+02
2.096047177564780668e+02
2.107590962931045624e+02
2.121493351251158970e+02
2.128139137294579371e+02
2.137624023138680798e+02
2.107720908934754505e+02
2.122419513145969745e+02
2.115252527744725342e+02
2.121167843019738370e+02
2.140733570095807750e+02
2.122298957860838300e+02
2.089546661016431131e+02
2.107076909051819484e+02
2.110646664377823072e+02
2.092294120765194236e+02
2.114142861944002618e+02
2.094682039750516367e+02
2.104330371634547134e+02
2.127659990420413294e+02
2.139821252978733526e+02
2.088556523307436805e+02
2.108048615302698749e+02
2.154944259251294909e+02
2.108011895290279369e+02
2.131771310801825052e+02
2.110388184226087844e+02
2.084591288848700685e+02
2.110435619211119729e+02
2.107556042731545176e+02
2.132410162488941694e+02
2.140978390737457175e+02
2.139134197325934110e+02
2.128912489024571357e+02
2.103717858611497604e+02
2.128081306484936022e+02
2.111923137793916965e+02
2.110409048990663905e+02
2.112498401222570976e+02
2.101959378348897758e+02
2.079806227228212663e+02
2.145001411573489634e+02
2.139634391668933233e+02
2.126628449778057757e+02
2.124731517612567870e+02
2.108443945058019438e+02
2.124347998030340534e+02
2.116286629895784301e+02
2.139418484203822857e+02
2.139551306099974113e+02
2.107744259093149424e+02
2.080787301935741596e+02
2.124837709293771013e+02
2.131042759732889920e+02
2.150281899911398114e+02
2.117346063269243643e+02
2.118744708920790742e+02
2.129508540674694075e+02
2.108609552043573672e+02
2.096804046595122202e+02
2.113508673382448819e+02
2.080987104952843652e+02
2.102027361920226554e+02
2.123675397466413415e+02
2.115049205159560302e+02
2.128084503717965958e+02
2.078517838715800963e+02
2.102981221809751275e+02
2.114538012444348851e+02
2.115672490366954435e+02
2.076981852283990690e+02
2.122299369917330409e+02
2.087786650640707649e+02
2.099394844698406359e+02
2.121014646325098738e+02
2.111252351366510425e+02
2.115845769466884576e+02
2.118347319396264936e+02
2.135342806192450951e+02
2.092499640247501134e+02
2.095507009190296515e+02
2.109433149471509523e+02
2.137698658122883444e+02
2.104827122719380554e+02
2.105635863187488894e+02
2.132846978611285351e+02
2.110109340168416168e+02
2.134253228745542685e+02
2.120204832885017368e+02
2.158104536893412444e+02
2.138835924696487609e+02
2.119359179933977089e+02
2.151518608823654972e+02
2.115407646592514084e+02
2.109044297903388667e+02
2.116307873954233401e+02
2.157530575886737552e+02
2.122134088427736174e+02
2.104249019630192947e+02
2.101456894091049890e+02
2.093580675449506714e+02
2.120088388188422073e+02
2.167592897815660251e+02
2.088880439209809765e+02
2.127787597447173482e+02
2.129836582632521527e+02
2.145738232048721557e+02
2.134524283525237252e+02
2.117996786930525559e+02
2.101787804742808987e+02
2.130069732402655518e+02
2.116117970986706780e+02
2.124300030500520791e+02
2.161043163849145117e+02
2.145997751638718398e+02
2.112541457712274564e+02
2.158109677079971789e+02
2.108660701298948652e+02
2.142517171439062338e+02
2.127684098635258181e+02
2.114231510916251011e+02
2.119446965850271738e+02
2.120112805371000206e+02
2.072712771532467286e+02
2.095122379574010552e+02
2.094774771434862544e+02
2.124636772164506624e+02
2.133885044670598177e+02
2.096995960948741526e+02
2.123152731287840709e+02
2.109885182168777078e+02
2.118025345205424230e+02
2.134466187404250377e+02
2.115392908347478169e+02
2.129099747890003584e+02
2.117888972764334596e+02
2.108365074153624903e+02
2.119029008574575812e+02
2.136628127882558488e+02
2.125847032201959621e+02
2.154895766021381860e+02
2.093818303657389208e+02
2.133688535380845792e+02
2.116779208625732451e+02
2.115232304019379512e+02
2.110582613133111352e+02
2.156305798611836622e+02
2.128456931676636259e+02
2.133045927085466076e+02
2.121651925889279369e+02
2.100020183610792515e+02
2.155672412046366162e+02
2.121316027532098474e+02
2.124285571907199710e+02
2.134076874229459690e+02
2.097147266597737882e+02
2.134635488300461930e+02
2.122426188701727483e+02
2.110072635864242159e+02
2.117131103165356478e+02
2.138251043412917625e+02
2.121375992268177129e+02
2.136128712707293005e+02
2.109005926872580403e+02
2.126445268820676233e+02
2.115584736013743168e+02
2.146939885166042643e+02
2.100537088725382944e+02
2.087388577561055172e+02
2.115318706697273967e+02
2.100134179631634765e+02
2.107402776109289846e+02
2.098881031437855995e+02
2.152702158514592554e+02
2.103632370861619734e+02
2.107615389909268515e+02
2.146813111883919021e+02
2.125432715706837428e+02
2.109483057567881872e+02
2.104152012904833384e+02
2.119742889021642327e+02
2.121130455892008513e+02
2.129409326460962291e+02
2.099520501013331284e+02
2.122550888715716724e+02
2.089095983901978286e+02
2.100327116305489881e+02
2.104910162938843996e+02
2.133039618810782940e+02
2.120695387600099764e+02
2.127174829568234031e+02
2.097992768621661526e+02
2.110524641017709087e+02
2.130580392599971731e+02
2.140116957982688177e+02
2.142830153178331898e+02
2.118889810433173864e+02
2.121637984407045394e+02
2.107571001278817278e+02
2.133484415352097869e+02
2.100900471293471128e+02
2.114442020201240098e+02
2.123657736364500010e+02
2.135609789741365603e+02
2.097364549187171860e+02
2.123856077151883994e+02
2.079085995664672737e+02
2.117635831316174801e+02
2.110228039401481510e+02
2.123387511992868326e+02
2.102267552148498737e+02
2.125716011321095209e+02
2.121934890633037583e+02
2.131498042715500958e+02
2.115735676295929295e+02
2.147312907268807578e+02
2.114046113965956124e+02
2.123883906254293947e+02
2.117674910380115705e+02
2.119418307545000459e+02
2.115931521526003394e+02
2.109914762047816623e+02
2.127336344448661123e+02
2.096581813931412910e+02
2.134137815228030490e+02
2.137656654436881922e+02
2.127559423254989497e+02
2.107465258616595634e+02
2.123203481213065231e+02
2.098321045910561793e+02
2.154133645876349306e+02
2.122221272658082114e+02
2.101737179237147757e+02
2.129997879831751106e+02
2.158339153924058564e+02
2.125815340588697495e+02
2.106047043644595647e+02
2.158395349734712738e+02
2.130451901063322850e+02
2.131678797280705737e+02
2.143467044575742477e+02
2.134683890953373293e+02
2.123478912073909726e+02
2.099735689556120803e+02
2.106102013758719522e+02
2.175993816273748962e+02
2.133749717684182485e+02
2.115323605664700608e+02
2.088747168658757403e+02
2.145107872150908292e+02
2.106355146030627736e+02
2.071109104807962353e+02
2.109391486690958573e+02
2.129789915672002110e+02
2.106096628082601114e+02
2.106805511515565286e+02
2.094332294229303670e+02
2.090376961698970604e+02
2.100453420427906508e+02
2.115383366048029927e+02
2.132132212092933514e+02
2.107112587223485605e+02
2.094832932990545373e+02
2.148209239149033181e+02
2.115186513784964575e+02
2.120222469163584549e+02
2.112238316907132685e+02
2.130705899190827211e+02
2.109406999444769610e+02
2.104647892606564881e+02
2.117814821627223125e+02
2.095941979602465324e+02
2.078556366809942233e+02
2.095544293387056598e+02
2.151112099649821801e+02
2.088847861131270349e+02
2.092930164592674203e+02
2.163518316402806363e+02
2.120918478207138378e+02
2.097076538771617891e+02
2.151393188126876908e+02
2.140539226542496749e+02
2.134297976922671864e+02
2.124554916652252246e+02
2.128686101864757063e+02
2.130530962927525138e+02
2.113730350735364709e+02
2.098503852370443781e+02
2.102363539242815023e+02
2.135682991388534617e+02
2.119175201916262949e+02
2.134241138360081607e+02
2.121534998722795820e+02
2.125213218338354295e+02
2.148472277309600429e+02
2.113858344399207851e+02
2.134441316734254599e+02
2.128228295001204060e+02
2.131308803719525997e+02
2.083749244863288368e+02
2.116062634772849833e+02
2.095471179944242124e+02
2.142968452605427387e+02
2.108653053891515015e+02
2.109622376093431626e+02
2.105290625164879827e+02
2.117702132416515326e+02
2.151326892724956963e+02
2.117957499233647525e+02
2.110131333237908109e+02
2.129491817015558581e+02
2.126393733256999212e+02
2.148131691246778132e+02
2.138978309085861724e+02
2.084314427745072180e+02
2.113836889855798233e+02
2.099670523343461923e+02
2.158309444037878393e+02
2.125882576945042501e+02
2.132813182122164619e+02
2.100812680473653700e+02
2.117511661319036307e+02
2.083624142186907306e+02
2.111050689291108426e+02
2.120223424832334445e+02
2.090814638621375536e+02
2.094773319386994217e+02
2.124944002533614480e+02
2.100526765925722827e+02
2.133350874083001827e+02
2.123759090291670759e+02
2.103122174377771501e+02
2.103084754475084139e+02
2.164877389632583800e+02
2.121247329646935782e+02
2.129143207016703911e+02
2.124768389974055651e+02
2.116639793172469126e+02
2.098511394879556065e+02
2.092543628077040410e+02
2.134169951713628279e+02
2.146068905687235144e+02
2.136372877130012569e+02
2.122268052556583484e+02
2.085675721658432735e+02
2.103320578677572996e+02
2.107752890509258634e+02
2.132795193984634636e+02
2.087565247852296295e+02
2.110513264848219421e+02
2.121107971865106379e+02
2.143500902946548194e+02
2.131983228361631291e+02
2.100064661032633637e+02
2.130367122719072768e+02
2.111344204034746781e+02
2.107260881733864437e+02
2.094016368742664724e+02
2.113003910121774425e+02
2.124801530009224564e+02
2.117242663220386305e+02
2.096789186908755767e+02
2.143872854441807760e+02
2.121780151809097958e+02
2.152094238819180134e+02
2.106841219733660466e+02
2.131486524930245423e+02
2.120732519302790990e+02
2.100358883060997641e+02
2.102245291536573859e+02
2.124413766774543717e+02
2.121902576084610246e+02
2.110185858063037188e+02
2.144742225524660455e+02
2.126029369830477265e+02
2.090793115383847862e+02
2.110004994549305479e+02
2.128522886685114770e+02
2.116356455150105660e+02
2.134361670789685945e+02
2.123254142613320710e+02
2.125029120202229933e+02
2.100083377026604410e+02
2.110403019137587819e+02
2.135325918098127715e+02
2.121049318411148477e+02
2.122657673084561338e+02
2.105548915827734220e+02
2.110654002196442036e+02
2.127999240491408841e+02
2.168809066174977715e+02
2.122423113664339382e+02
2.139342033089907602e+02
2.097869542673115575e+02
2.116296702797241096e+02
2.088188367540426498e+02
2.117379226070112850e+02
2.126900632967609965e+02
2.120566203498815980e+02
2.130377569686172592e+02
2.136964437598627455e+02
2.122919528166068233e+02
2.136490261421284060e+02
2.093320157686329708e+02
2.116313338054525843e+02
2.086207365041039168e+02
2.107436397917797706e+02
2.126298731560253259e+02
2.149783313056393013e+02
2.104946916753048640e+02
2.123580802714145648e+02
2.120806352275349127e+02
2.120666603611173286e+02
2.117293193439416825e+02
2.096053442767448018e+02
2.110430757884771253e+02
2.108089413639480085e+02
2.120751191518342864e+02
2.104419134810703156e+02
2.120169593362620049e+02
2.126098209732635098e+02
2.128219975428586963e+02
2.117948800153199329e+02
2.112801147020227575e+02
2.118893860741675041e+02
2.136066121901378949e+02
2.130668834734833865e+02
2.143332205908905337e+02
2.119055826317871833e+02
2.128005760230198291e+02
2.108851613471942414e+02
2.124110626644445290e+02
2.085134823404790438e+02
2.139584088821121668e+02
2.111634689352456462e+02
2.101828525665261793e+02
2.112196316104699179e+02
2.161034693901909236e+02
2.112362266032388902e+02
2.090231550533075620e+02
2.093216214413000387e+02
2.139418619035735389e+02
2.145499671860058868e+02
2.154947754931379791e+02
2.120477254165054433e+02
2.152593112369062851e+02
2.114610901879198934e+02
2.119174881383168838e+02
2.132859125777078759e+02
2.118547551889256226e+02
2.103255759031931689e+02
2.135464076183516795e+02
2.133474817089063151e+02
2.117556133983188431e+02
2.110023805039124056e+02
2.147696161825951151e+02
2.126833684677611984e+02
2.101417833882773039e+02
2.134636695567633069e+02
2.107045408418065904e+02
2.094296896033407904e+02
2.114941020318302662e+02
2.125662088925311366e+02
2.115257137933289187e+02
2.124151632814533741e+02
2.114731707205777695e+02
2.129171912385681935e+02
2.115403268014900675e+02
2.120999448372662073e+02
2.108793496025980971e+02
2.128245837276248835e+02
2.084701192067648492e+02
2.131441065140969044e+02
2.111019105808712197e+02
2.109581334477592236e+02
2.132356931794288641e+02
2.080269094642146115e+02
2.122654528144028347e+02
2.140791337771122755e+02
2.095126036262086870e+02
2.143288419607374351e+02
2.129045275019664984e+02
2.103758063096411774e+02
2.116803518090210616e+02
2.102634346626205115e+02
2.117213813118175949e+02
2.094758018021200314e+02
2.122489265644558998e+02
2.153337448226462527e+02
2.082114424227607117e+02
2.149712797123772532e+02
2.134409992227349449e+02
2.116013058870819350e+02
2.088493411110851241e+02
2.111406894897589552e+02
2.159653770384503275e+02
2.115546429597832514e+02
2.124750800375112192e+02
2.127320195856126759e+02
2.111702642308092379e+02
2.099245716260844290e+02
2.116958232622138212e+02
2.106861852249651292e+02
2.107270637453688380e+02
2.143052704678444229e+02
2.150165666682754306e+02
2.121266427999155155e+02
2.143197110045549891e+02
2.095045373442306982e+02
2.148541240609444856e+02
2.135261301488135643e+02
2.120931861004183645e+02
2.117308009271812637e+02
2.094922191719468856e+02
2.130624702142389424e+02
2.126893218128415981e+02
2.111207590483498961e+02
2.124847689788447553e+02
2.116611922360980884e+02
2.129332282556982818e+02
2.111622215373510869e+02
2.147431909224806077e+02
2.123405724970027393e+02
2.136835396122006046e+02
2.136746780910997359e+02
2.133015770017512978e+02
2.107577485721563448e+02
2.135336879599464908e+02
2.104886756187742947e+02
2.089260823355097045e+02
2.120305092777840059e+02
2.109891246076651896e+02
2.101599700433704925e+02
2.128621518790312450e+02
2.110861282591189365e+02
2.116873053404803500e+02
2.146085622924619258e+02
2.106420903050421316e+02
2.127625150222871184e+02
2.105582902143764841e+02
2.135603880028423305e+02
2.128769022037139393e+02
2.111967664788018908e+02
2.115577433778399836e+02
2.145581295297558029e+02
2.133663343623963442e+02
2.142962384544257191e+02
2.129383400059938651e+02
2.119510812986889334e+02
2.087485822274559268e+02
2.114231328430424526e+02
2.119798458087064148e+02
2.144205376823924212e+02
2.105153455524148853e+02
2.122202110544686491e+02
2.139797106420652426e+02
2.110760523532677837e+02
2.126823880898155608e+02
2.128893923455674724e+02
2.152053729222734546e+02
2.137607606195545031e+02
2.109701831156163792e+02
2.084833321969121869e+02
2.112263010551406524e+02
2.109113889765582428e+02
2.088943966642876831e+02
2.119962499499173987e+02
2.095699838085161844e+02
2.112706878207004308e+02
2.107875096042636187e+02
2.110110051184325641e+02
2.108443544405286048e+02
2.102642011629728245e+02
2.134381351329998040e+02
2.146473026364878649e+02
2.118791375094131695e+02
2.123768856437769728e+02
2.105456683659892008e+02
2.120777554146575312e+02
2.121930610871585827e+02
2.139565058661527814e+02
2.084664882158053842e+02
2.150717432620942020e+02
2.134019886584776771e+02
2.107263155875970710e+02
2.092629223320203948e+02
2.136884816823639710e+02
2.136149384750437150e+02
2.155530853065894803e+02
2.137481059290502685e+02
2.093800021634583857e+02
2.132054332415805789e+02
2.122435941145844254e+02
2.111763470281705111e+02
2.110363119929918696e+02
2.118085623409522782e+02
2.068506731779988854e+02
2.122176002754268040e+02
2.107480478271367019e+02
2.151644665748879675e+02
2.140227163495972036e+02
2.155269703127068510e+02
2.079528757309316518e+02
2.127990074106458280e+02
2.134556929176458198e+02
2.108647381848336408e+02
2.098768032764225211e+02
2.145932151681183768e+02
2.081082799097307543e+02
2.110872897087285764e+02
2.136315724779884420e+02
2.129611485750690747e+02
2.095061931005699307e+02
2.103948912122253887e+02
2.122953243487800137e+02
2.107725210485652099e+02
2.134124518188576474e+02
2.091760788832623916e+02
2.144369098330221846e+02
2.107976909813984037e+02
2.136897251552583157e+02
2.144120914901675974e+02
2.118331060230331957e+02
2.123292053042205509e+02
2.081752525188106802e+02
2.122744373033885950e+02
2.127535482759484182e+02
2.124116813869070199e+02
2.141896901883262103e+02
2.111731129866111587e+02
2.094431079393313269e+02
2.131126879306407602e+02
2.094848143920972063e+02
2.129430820279034151e+02
2.107305971082360259e+02
2.116782002842743680e+02
2.114860307365650840e+02
2.107463296429680213e+02
2.152571061441335587e+02
2.104383360012829485e+02
2.125855662353488071e+02
2.082282759474735201e+02
2.103031246560780971e+02
2.094516006345149890e+02
2.137728121216908903e+02
2.097538640588572036e+02
2.125861815523176688e+02
2.141614972145960962e+02
2.133960796364988255e+02
2.088451578892037048e+02
2.089469127795243821e+02
2.142073846491776976e+02
2.132058491130184166e+02
2.108286955976077479e+02
2.089125114513225583e+02
2.117763942005943534e+02
2.112154132240853528e+02
2.117054552115848765e+02
2.155250256156945738e+02
2.127808176428924867e+02
2.119582285414645924e+02
2.117671189127207469e+02
2.124307095534674090e+02
2.138530070507604250e+02
2.100422888286502712e+02
2.101163454667752717e+02
2.117050880769073729e+02
2.109559760929370213e+02
2.125150567329602893e+02
2.146830852486108085e+02
2.125692717442806838e+02
2.190842295719130277e+02
2.143805250386527348e+02
2.114756120642919939e+02
2.098943917127120073e+02
2.113459943204670139e+02
2.121802399037153180e+02
2.107406436842781261e+02
2.142442513047053012e+02
2.147221748273072990e+02
2.115631970552823304e+02
2.133132333688646725e+02
2.131164104629242502e+02
2.112211996546710111e+02
2.143314757828892141e+02
2.125023412774377505e+02
2.116954541123527633e+02
2.094552120160050208e+02
2.107771626011931687e+02
2.107120821894718574e+02
2.138499842501033470e+02
2.085516008390302716e+02
2.115880709103735455e+02
2.122767976095724975e+02
2.107050321605570957e+02
2.124320004959189987e+02
2.130289922354566841e+02
2.099719725814367450e+02
2.111911358298056030e+02
2.127065520259565687e+02
2.097676641133302837e+02
2.113573980470121398e+02
2.126489697516303750e+02
2.131789957287357709e+02
2.147254424473889856e+02
2.098517532984577940e+02
2.114148182344065958e+02
2.092374386942136368e+02
2.124038518653531753e+02
2.105845168599218482e+02
2.128889263372107621e+02
2.124613959958063276e+02
2.119332269694391755e+02
2.123828332894798621e+02
2.097879027800548499e+02
2.106961186556403618e+02
2.127574583648141413e+02
2.095254255486493378e+02
2.090099956880574723e+02
2.121705534450172195e+02
2.089308303391813126e+02
2.100497588666234776e+02
2.123737839404090266e+02
2.107596074186566568e+02
2.105100829473563806e+02
2.125855197565589094e+02
2.145424393223386801e+02
2.136397423069804802e+02
2.116045618080670749e+02
2.127178665287298429e+02
2.118880550961169433e+02
2.132659029932997043e+02
2.131563432821101287e+02
2.105602222876878784e+02
2.126115977983276366e+02
2.112712680870146187e+02
2.118088640207375875e+02
2.110264511334992790e+02
2.136302351651221159e+02
2.105722582666557514e+02
2.105494335330788545e+02
2.141589947007832109e+02
2.113125649121125775e+02
2.107974951214387431e+02
2.095260304137948424e+02
2.107276535299728835e+02
2.107750168357987377e+02
2.131017477008101935e+02
2.116493110562211939e+02
2.088018112607345529e+02
2.120317853337879512e+02
2.153992168752148757e+02
2.103110471005389854e+02
2.114345217123842531e+02
2.116183559685627529e+02
2.093970892410166869e+02
2.113750959075937885e+02
2.140235824719433140e+02
2.096444083808903827e+02
2.131642053752327399e+02
2.113311315302628373e+02
2.088190859416106377e+02
2.131214384623659726e+02
2.091438635367249219e+02
2.109130372193080518e+02
2.110948283720580321e+02
2.088950698129736452e+02
2.108025434367514492e+02
2.118770469984056035e+02
2.105878337731899421e+02
2.117823085422531904e+02
2.154523092551249590e+02
2.111523665448654867e+02
2.100919420443536012e+02
2.123251401110611312e+02
2.108007122205785606e+02
2.108756334026850823e+02
2.084758774419095175e+02
2.092401743145769615e+02
2.101794549802903020e+02
2.100713884288830968e+02
2.117672567804900154e+02
2.116655217392831219e+02
2.103101142547490952e+02
2.117769220717449912e+02
2.104405227442822763e+02
2.122087747302456933e+02
2.107267697212559483e+02
2.125839762478468913e+02
2.113110198930814363e+02
2.138089300725702060e+02
2.129171491180298972e+02
2.102638152498943782e+02
2.109104841938693085e+02
2.157005528484065167e+02
2.136927808891084624e+02
2.106821293700971296e+02
2.112942452096562249e+02
2.104944425845386036e+02
2.113269913822095134e+02
2.093302984656411638e+02
2.099737111473746722e+02
2.113032011901248950e+02
2.136128084676953165e+02
2.120717559286725873e+02
2.117787844744705126e+02
2.103669026196611469e+02
2.100597624935607257e+02
2.131046174994324360e+02
2.111344988659059254e+02
2.119638585037719736e+02
