1.046346865581784300e+02
1.034419127130579739e+02
1.059020496406046021e+02
1.061542381716677994e+02
1.065449501959456740e+02
1.046817075343505508e+02
1.025523080365436357e+02
1.071523035237811712e+02
1.052974610454425459e+02
1.033676498033174056e+02
1.037589880971762284e+02
1.016450517267787319e+02
1.026717576652529118e+02
1.019058690170842141e+02
1.048557006803790728e+02
1.010454669457014347e+02
1.022180024589007701e+02
1.050819663724885515e+02
1.019689976101227984e+02
1.024565826184812067e+02
1.013292458472419639e+02
1.049592052338225159e+02
1.047589867937369092e+02
1.033669459243171360e+02
1.064871538722124882e+02
1.057596037154704618e+02
1.012004455153033575e+02
1.074784567442935383e+02
1.073231098019579264e+02
1.030213407612293963e+02
1.041973587138112833e+02
1.053580841144812013e+02
1.067354833180513225e+02
1.040322741437911702e+02
1.044523822507207740e+02
1.078534897987329657e+02
1.053721376281405639e+02
1.044064835488611607e+02
1.061329996905161153e+02
1.053851414159231439e+02
1.023992444659472341e+02
1.063665281089471364e+02
1.052259470008435756e+02
1.043790672190270215e+02
1.031955183123064046e+02
1.059658998150344331e+02
1.035627984406040412e+02
1.079128880706792017e+02
1.050275872652421327e+02
1.024922538102169085e+02
1.019594672672596545e+02
1.094115473766907201e+02
1.059969238131547655e+02
1.063080641278003213e+02
1.038579587624841167e+02
1.017277772313596103e+02
1.024419013786309449e+02
1.036609363297112338e+02
1.043035371031499636e+02
1.049479679456563872e+02
1.072615452956298157e+02
9.825133087921963693e+01
1.101986864039843255e+02
1.027645043225567321e+02
1.003035914106563951e+02
1.031967598624834181e+02
1.069413110629063794e+02
1.053565300692564932e+02
1.067127767659576278e+02
1.026003418201097901e+02
1.083297391987769203e+02
1.051254991938925087e+02
1.082343009571178385e+02
1.035575882510013486e+02
1.095651667802123370e+02
1.027003747629947981e+02
1.031455771339374508e+02
1.075145234229831601e+02
1.046256825682468303e+02
1.082389903204475559e+02
1.011206052429131148e+02
1.038007334758001150e+02
1.025312087262936558e+02
1.044146696383957931e+02
1.032456121467085666e+02
1.049031208313341779e+02
1.034422096242299176e+02
1.058732978129619369e+02
1.077790405051105864e+02
1.054082929108375879e+02
1.031768183826133338e+02
1.050807716865762416e+02
1.063829622392539562e+02
1.034485571009712004e+02
1.049110917285930498e+02
1.076060792251000606e+02
1.063669745972423328e+02
9.915734812975031787e+01
1.042966005245921792e+02
1.020482868662562623e+02
1.047667517095918157e+02
1.063151700946231273e+02
1.010819819276710376e+02
1.031791162291529531e+02
1.019273724260413019e+02
1.044300858617608441e+02
1.035932749310711500e+02
1.025030348903328417e+02
1.027474640289608914e+02
1.054435344105752534e+02
1.024823530569127996e+02
1.032680348961242061e+02
1.028582406978821240e+02
1.006099619090241646e+02
1.027345399206553793e+02
1.036355395008586129e+02
1.028014318171189814e+02
1.036006270692653430e+02
1.054232573823190080e+02
1.011064638533740947e+02
1.012917786894437313e+02
1.033017741344478111e+02
1.031782672620067842e+02
1.038937352565620102e+02
1.044548440376507301e+02
1.017023933192364495e+02
1.054487365127700258e+02
1.033932705967826706e+02
9.853881281829336558e+01
1.010838235853566971e+02
1.080803826118588660e+02
1.035321950019374526e+02
1.051672295781619084e+02
1.050093862173035859e+02
1.047910076507336186e+02
1.052548085936085727e+02
1.022888056312207965e+02
1.037472267296234065e+02
1.005366997937014020e+02
1.055949932269328571e+02
1.083393954818393752e+02
1.051455627745603891e+02
1.073280765293334298e+02
1.054997029540887752e+02
1.041779204450569409e+02
1.017671720613142554e+02
1.057024510517991303e+02
1.045265268407378869e+02
1.089018666748414716e+02
1.055232749008133339e+02
1.039886677015715151e+02
1.034082273031017678e+02
1.045966286158789131e+02
1.069598036710549707e+02
1.039491837637958440e+02
1.055007835571268942e+02
1.034400849781355731e+02
1.062359897003217952e+02
1.068059189618583957e+02
1.036192903503037286e+02
1.019076223547154001e+02
1.013254239696711778e+02
1.007955633196384753e+02
1.018139070798467287e+02
1.049323616875577159e+02
1.010362794470170087e+02
1.056298602637761945e+02
1.045898569633043564e+02
1.038464116318531723e+02
1.035669367707422452e+02
1.070445468430537801e+02
1.069320819724394767e+02
1.047287164965913604e+02
1.046211604874750805e+02
1.071154096141818002e+02
1.042476936042681217e+02
1.049176005069180064e+02
1.057432257640537046e+02
1.071776649228988134e+02
1.050410701101054940e+02
1.042120278261451318e+02
1.037816375469291614e+02
1.078428069490558840e+02
1.046364441335677498e+02
1.087725928474891361e+02
1.056762879536959758e+02
1.023436084732616393e+02
1.060525009642943957e+02
1.071400406397215761e+02
1.040544766279834334e+02
1.048500862894695587e+02
1.020777607264757592e+02
1.050153459560981588e+02
1.029934739721016257e+02
1.042526591093512138e+02
1.088086388639317335e+02
1.033755220371727859e+02
1.026519032833089540e+02
1.056570192362356977e+02
1.060622543792436119e+02
1.039226308456471202e+02
1.011629980684816559e+02
1.025296643758202606e+02
1.073424145790535391e+02
1.044053592226553917e+02
1.047642722314591168e+02
1.060102000289707860e+02
1.032532121139970513e+02
1.015743930126140384e+02
1.065866350807523872e+02
1.037328724263267077e+02
1.037041468615130526e+02
1.053516168838087026e+02
1.012570468382256905e+02
1.021314404612752043e+02
1.062263743125483018e+02
1.017804180653766508e+02
1.003390088172784260e+02
1.038701508594638483e+02
1.036165452074334326e+02
1.031050000869548313e+02
1.056224290713142580e+02
1.055183593872582009e+02
1.060065685357039342e+02
1.046766209629291353e+02
1.043709303491121432e+02
1.041039390959750648e+02
1.029633463395937270e+02
1.041065108209536305e+02
1.076221027028527146e+02
1.027725920518869742e+02
1.024193991060529072e+02
1.044245506102828642e+02
9.909420328194529759e+01
1.009581452733645506e+02
1.055917133597238546e+02
1.023484704183972127e+02
1.044405272565448115e+02
1.004128562432100864e+02
1.001068557691438485e+02
1.035664943887901899e+02
1.092319474969975062e+02
1.024665238116653967e+02
1.047251208895223016e+02
1.010473299127677080e+02
1.051205139476356578e+02
1.055979806786223634e+02
1.023285278568116041e+02
1.026280601200799509e+02
1.040250028677555463e+02
1.057983049496831853e+02
1.050303141274496710e+02
1.029245350528381096e+02
1.026141463074021090e+02
1.014171221275845625e+02
1.037452828074683708e+02
1.050575655965927098e+02
1.064591945727056128e+02
1.035999052196368240e+02
1.027790602314374411e+02
1.023215507387785976e+02
1.068729061039990142e+02
1.050736558110737775e+02
1.051799611526443101e+02
1.040629946902272991e+02
1.053281633951201570e+02
1.070883423245185924e+02
1.019661721942903228e+02
1.036000656804658320e+02
1.039608231260446587e+02
1.047966538145639959e+02
1.048643805279060928e+02
1.032826879635681081e+02
1.043611838398768867e+02
1.017653913312651639e+02
1.040268573945192827e+02
1.051035441758653519e+02
1.066624715468281579e+02
1.001089717648094961e+02
1.028796824044508469e+02
1.066205801504679727e+02
1.077263165433400616e+02
1.069834591295347508e+02
1.057301536412989407e+02
1.021387370910334340e+02
1.051795326299488522e+02
1.049865051571144079e+02
1.032336772444371746e+02
1.019485856109614588e+02
1.019829463964953078e+02
1.002461658493727867e+02
1.033882399001378900e+02
1.048566779273417922e+02
1.045633974813867297e+02
1.033713446716886040e+02
1.057464631486332109e+02
1.030796691248169452e+02
1.034000887030020266e+02
1.015508903907358160e+02
1.022403138412342685e+02
1.039606338186396783e+02
1.032104772467478142e+02
1.046467531684721592e+02
1.044400003656429732e+02
1.014366677544798279e+02
1.066632771939462714e+02
1.045497556474285830e+02
1.049169316639254248e+02
1.064755199537383987e+02
1.026816735719557840e+02
1.013567796015843783e+02
1.038965501200367214e+02
1.049682282548418186e+02
1.073338195020784553e+02
1.042877972818888850e+02
9.970771537030459797e+01
1.047355054700365145e+02
1.034572678882572916e+02
1.046134838642482663e+02
1.053908397860500230e+02
1.060329005453116622e+02
1.049876692514883416e+02
1.076981936855426341e+02
1.064667982003085172e+02
1.047287633238744036e+02
1.042285191359419656e+02
1.017210190867138948e+02
1.073705947377029020e+02
1.067586774600371342e+02
1.061748448558243609e+02
1.014922380237772046e+02
1.034610928852775515e+02
1.067063391318247909e+02
1.076388735680854580e+02
1.025794937118509864e+02
1.036821230983462243e+02
1.028053399586449927e+02
1.038483646889510510e+02
1.060392145700743072e+02
1.037992968470708348e+02
1.063670775409201212e+02
1.023584329178986678e+02
1.046112268206952933e+02
1.042621481221003705e+02
1.046039439715203656e+02
1.037867940515572798e+02
1.065490740907001737e+02
1.067798703744783921e+02
1.045217036741130840e+02
1.043488927303617118e+02
1.034007755170035523e+02
1.055175590614912977e+02
1.066382198464714151e+02
1.060059972129722610e+02
1.033251448156073309e+02
1.074152951890564793e+02
1.028705914328699009e+02
1.012123432033116046e+02
1.072034189378905324e+02
1.077811395155489151e+02
1.078152829342067207e+02
1.028263700939601648e+02
1.011404917734149933e+02
1.052787765143158509e+02
1.044337321077135101e+02
1.046357447700546004e+02
1.015318689195605799e+02
1.041467540211757097e+02
1.052414202547355444e+02
1.057179124662313683e+02
1.040063511725462462e+02
1.026847892696433604e+02
1.040292201755917034e+02
9.916765870339314404e+01
1.031503062237010937e+02
9.996577342771193742e+01
1.008769838979771691e+02
1.047487062436912311e+02
1.033688376168437344e+02
9.997303144836652677e+01
1.042742181086798610e+02
1.040703143346586330e+02
1.051152664034387669e+02
1.038842161564721494e+02
1.057671745551056404e+02
1.004334190783431069e+02
1.052172952171624445e+02
1.039571163358887276e+02
1.033458093354008014e+02
1.055917051592194298e+02
1.109563280223128743e+02
1.053677438481377209e+02
1.035618945391447312e+02
1.045936379879366314e+02
1.035820755196296545e+02
1.009848394097544144e+02
1.048818705771618482e+02
1.071943292478839425e+02
1.018682175011569910e+02
1.039008576468429226e+02
1.057006923267881007e+02
1.034853483649909549e+02
1.024140269417645897e+02
1.041545079797091375e+02
1.066888455076093152e+02
1.031488481118838791e+02
1.059863630408020327e+02
1.043974605026716773e+02
1.020322478720769936e+02
1.005696979790778869e+02
1.035680341950390329e+02
1.024703264336075819e+02
1.028535784012951098e+02
1.035026410728496131e+02
1.071095324596776237e+02
1.036672038152953945e+02
1.056549492647373683e+02
1.047869169910919425e+02
1.028466418917281260e+02
1.056438546236464333e+02
1.033819461031922771e+02
1.030950746257722557e+02
1.034214454779381924e+02
1.023545701664338168e+02
1.043148575726034437e+02
1.055549239672793220e+02
1.024485933037419585e+02
1.030131149171981662e+02
1.103533311632230181e+02
1.017670466718167148e+02
1.027333826160010091e+02
1.049121747808710978e+02
1.034892103345420651e+02
1.036863134478768558e+02
1.055055411253847382e+02
1.028191464684261263e+02
1.036776528483807454e+02
1.077948176370400546e+02
1.055871637449077980e+02
1.001752174979879868e+02
1.024395076592727349e+02
1.066830486715609823e+02
1.070795995154611404e+02
1.043801140977747792e+02
1.058470392705934984e+02
1.010970152688103241e+02
1.034996711485024008e+02
1.038065246017398522e+02
1.052295601891355403e+02
1.023079555296548619e+02
1.045889868002725791e+02
1.059526246736536450e+02
1.018718421590986765e+02
1.047747758950082044e+02
9.959620087441275871e+01
1.041107063897713942e+02
1.027581626883321775e+02
1.032031316378754013e+02
1.019131628114401735e+02
1.040886819196066426e+02
1.037504689075488500e+02
1.033199203942614304e+02
1.057495090319447399e+02
1.052379903826310823e+02
1.044993284428197171e+02
1.065534530852580843e+02
1.048723096044706580e+02
1.031117779713630682e+02
1.050403736694712080e+02
1.044748437606353235e+02
1.031519093258080773e+02
1.055867705249267487e+02
1.022386391506393011e+02
1.042414502911384773e+02
1.035443878300954594e+02
1.011187014109579394e+02
1.047613764204978679e+02
1.046178996658655507e+02
1.049085104801642956e+02
1.022893631636571570e+02
1.043983901892884774e+02
1.076752021706253544e+02
1.041524731021967227e+02
1.009937454780229160e+02
1.014285920050600538e+02
9.990646592201109399e+01
1.060308979321081608e+02
1.041653056315090851e+02
1.035448961849290157e+02
1.024756569472993419e+02
1.038771927558187116e+02
1.038531672091959734e+02
1.012155124207677801e+02
1.029174065889911560e+02
1.036441001183579971e+02
1.053637829967006070e+02
1.078762446006784472e+02
1.034130693598563653e+02
1.025822669431157550e+02
1.056649443484993753e+02
1.027386796115582541e+02
1.054955889314301913e+02
1.049781652371346041e+02
1.042864852838822287e+02
1.059445980142122608e+02
1.022024648294874822e+02
1.022623952331490216e+02
1.066346513934034448e+02
1.031397303615352001e+02
1.083519387422781932e+02
1.037165650847115046e+02
1.054590516015723267e+02
1.054634247471254724e+02
1.034439663506364155e+02
1.067642170734002889e+02
1.037824917056223484e+02
1.048108415620744580e+02
1.049953077683899068e+02
1.037291415545658140e+02
1.031992775956205861e+02
9.833922839694749030e+01
1.035719226903792247e+02
1.022731710445698639e+02
1.044177164285347743e+02
1.032074635036405823e+02
1.055222476259453970e+02
1.026529135678637772e+02
1.095892409849115978e+02
1.065637538850413932e+02
1.026413914359729347e+02
1.006509692838107100e+02
1.076360025499318454e+02
1.046442678636240515e+02
1.015199436564518436e+02
1.060997081006891136e+02
1.076688402463558276e+02
1.081429540518329731e+02
1.068240607284072183e+02
1.029358830145213659e+02
1.010003592309771960e+02
1.006535091523767420e+02
1.059661454530790508e+02
1.043978060759692994e+02
1.063524595550512544e+02
1.036950726805567342e+02
1.037766056570193314e+02
1.007766206929681516e+02
1.067185819798461353e+02
1.080618067004185718e+02
1.070799250406014522e+02
1.003356770358556389e+02
1.024883590551501698e+02
1.035479351810410549e+02
1.044940430961516711e+02
1.015112602383625386e+02
1.064026185655330892e+02
1.020205279338606914e+02
1.030687592429084134e+02
1.035695035259913936e+02
1.051304438219162876e+02
1.049396084858483249e+02
1.049917245718697814e+02
1.047121967767867119e+02
1.036118553179894661e+02
1.058653266716871997e+02
1.043607629212224879e+02
1.071000497161690959e+02
1.049170537474278007e+02
1.023239483899715054e+02
1.045098463124901684e+02
1.051085334518609216e+02
1.042698737178339172e+02
1.061416803654287122e+02
1.027747093101432654e+02
1.026565735038305434e+02
1.057023877718550011e+02
1.008703276706736034e+02
1.080442421107237578e+02
1.019455115064598942e+02
1.060411512292445764e+02
1.041382924392899127e+02
1.036134297844915579e+02
1.034955637135605713e+02
1.051466311794563069e+02
1.020163660964988281e+02
1.076440476052173096e+02
1.072883064065322429e+02
1.040008874030014709e+02
1.041782139234226321e+02
1.038504340680664058e+02
1.038196313934385273e+02
1.070101648696384302e+02
1.045956129648960484e+02
1.015464153726446312e+02
1.055959767868590262e+02
1.062772149249934728e+02
1.019644314021417557e+02
1.060935478788414770e+02
1.048687140252537517e+02
1.031073087201139629e+02
1.055480207834530262e+02
1.086902092831030586e+02
1.051745307962040812e+02
1.049214007666730168e+02
1.048964520052380749e+02
1.043173094939477323e+02
1.026736515002399557e+02
1.052367341855165392e+02
1.037389136348897551e+02
1.037888682575310071e+02
1.069494095654123669e+02
1.087868987784575694e+02
1.041444463975458063e+02
1.054121323638099312e+02
1.061669054966095302e+02
1.035951713173200375e+02
1.014786762061049927e+02
1.064982316960056181e+02
1.066132745743746142e+02
1.039043448611089957e+02
1.027390699188349998e+02
1.058536055637062674e+02
1.025770785826711915e+02
1.022220424687955500e+02
1.038300451886082953e+02
1.036590237068649145e+02
9.771304678849043057e+01
1.043048963110349661e+02
1.044565487717312919e+02
1.011495302651021859e+02
1.061869837147477966e+02
1.047396098712030437e+02
1.040144803599357175e+02
1.057169922914072799e+02
1.030707087236802124e+02
1.069628806583358482e+02
1.045442927233920329e+02
1.046517989276074161e+02
1.066290662554192608e+02
1.028449708873606738e+02
1.032995522548517755e+02
1.044894556537413450e+02
1.060932149579911794e+02
1.023100308181872720e+02
1.074331133504144162e+02
1.042049334373857761e+02
1.046930354689660163e+02
1.046352611379829085e+02
1.046567585559969586e+02
1.059639317160571608e+02
1.031958774102633214e+02
1.048769802414494876e+02
1.063517757642452466e+02
1.067096823858562118e+02
1.043269990749540312e+02
1.059997793780301265e+02
1.054140874077240113e+02
1.048086253862134356e+02
1.073233731927896173e+02
1.019172194118846164e+02
1.059067626143331324e+02
1.059916869551387464e+02
1.057242775173222356e+02
1.079779899212328189e+02
1.032008632735560951e+02
1.012125226169925156e+02
1.036734699273772264e+02
1.077280957800969787e+02
1.057613341851507869e+02
1.060261893845868428e+02
1.049184346656663251e+02
1.045219498198801347e+02
1.045387276851583920e+02
1.041027876989139571e+02
1.007869125193970774e+02
1.015333683335253596e+02
1.074697074546801900e+02
1.071516720184575178e+02
1.056552861718436844e+02
1.022231438276517395e+02
1.063948239533631011e+02
1.011012881614146579e+02
1.036205638244251475e+02
1.025184086921541962e+02
1.068040670104344940e+02
1.063085794514681055e+02
1.046685720815762437e+02
1.065792040241999388e+02
1.048707970210399054e+02
1.080681174502737889e+02
1.049448428745963042e+02
1.043663348990336885e+02
1.036700816558526128e+02
1.053144225576186415e+02
1.029200469378542664e+02
1.040257516057365734e+02
1.021357412313535349e+02
1.031722213459840418e+02
1.065178895095825879e+02
1.012670413121818598e+02
1.090760594536139365e+02
1.029694608745340929e+02
1.018485261340799042e+02
1.024954308877067746e+02
1.030985538638954182e+02
1.038829563616689882e+02
9.993375009591059666e+01
1.051719905219792679e+02
1.066145375892903786e+02
1.049445932294528490e+02
1.027797598641334673e+02
1.042165400936003152e+02
1.075961059389552474e+02
1.081412286817921711e+02
1.013137717764769548e+02
1.037045549510753375e+02
1.032668266397217423e+02
1.060236338351700027e+02
1.030933041446001965e+02
1.065172793100505260e+02
1.063217763307573307e+02
1.030560116214451511e+02
1.039234547624478893e+02
1.049105079127581490e+02
1.041238017992750997e+02
1.016028877320120785e+02
1.021255730729146194e+02
1.029480042889224620e+02
1.016023067852391648e+02
1.029843852453226987e+02
1.033608103308748554e+02
1.050520262944140057e+02
1.053096539278391077e+02
1.056528420734705662e+02
1.021515119532917879e+02
1.051871540100829634e+02
1.074592619433543916e+02
1.062558811213809520e+02
1.071509487255533770e+02
1.059177473263493425e+02
1.029769645570639085e+02
1.052717822303547734e+02
1.046028410275919214e+02
1.032061498884826278e+02
9.997245828662663314e+01
1.013935391878000871e+02
1.090754780911421022e+02
1.055123484336577917e+02
1.031293370479005205e+02
1.054932923399723137e+02
1.039215098505465562e+02
1.029123990876584998e+02
1.047221972810547186e+02
1.011692124277065687e+02
1.044176684842050804e+02
1.075966881568527498e+02
1.044000728860829668e+02
1.033147018658357297e+02
1.038316218016101118e+02
1.043758069166432847e+02
1.043315609957842582e+02
1.065616167224370372e+02
1.015838515258182753e+02
1.083886976674766771e+02
1.095628656225500066e+02
1.036102210761788740e+02
1.076124261742263428e+02
1.063941977528763374e+02
1.048151523121331650e+02
1.015803342922899475e+02
1.069770393340210859e+02
1.052577615351309248e+02
1.022800832839730276e+02
1.024587212304736141e+02
1.055544306727425550e+02
1.052873330947786883e+02
1.050860929777461763e+02
1.045133919419318005e+02
1.025688132857671206e+02
1.071369974220958738e+02
1.019875857340545195e+02
1.020466518803053617e+02
1.055709816199504019e+02
1.039937665378670602e+02
1.042771717302047279e+02
1.023827997830308618e+02
1.021966662855437420e+02
9.845983971353039976e+01
1.062336876276244766e+02
1.083755813439126285e+02
1.045738757855755523e+02
1.047117740294695949e+02
1.068207545011534876e+02
1.013310017021040750e+02
1.020697607427851210e+02
1.067202027286977000e+02
1.066658461956128860e+02
1.045742817549459289e+02
1.043178087095217279e+02
1.053552997307786541e+02
1.027858690931760748e+02
1.027971975411661134e+02
1.058971869547090563e+02
1.020307560787399694e+02
1.048507964483624022e+02
1.051267182912638987e+02
1.057597724282623517e+02
1.024664251670581905e+02
1.054880202908199749e+02
1.071134432324841299e+02
1.025728571632292727e+02
1.050532300269262720e+02
1.040381328176697622e+02
1.096726306148021024e+02
1.031531073310931959e+02
1.055770262843550569e+02
1.033536378200565622e+02
1.026543626225624166e+02
1.049009027794519255e+02
1.068336895284095789e+02
1.040158882723373210e+02
1.023282889457679659e+02
1.034625132774428806e+02
1.070313731054737616e+02
1.047356223799716588e+02
1.030703163868874412e+02
1.058885535926038841e+02
1.092452517727664087e+02
1.046336484886274292e+02
1.040391914626845420e+02
1.070448226892793571e+02
1.009555183290123352e+02
1.040803555782893142e+02
1.057389606728184646e+02
1.023470233927905610e+02
1.033377151129954967e+02
1.026133687585514167e+02
1.034294000005104266e+02
1.072219069031921634e+02
1.048632104877629700e+02
1.037937523936438708e+02
1.050302079070205110e+02
1.009592660253297396e+02
1.056868810429628667e+02
1.077665957202300149e+02
1.043713495304734238e+02
1.050219604519471090e+02
1.045323139851243326e+02
1.089390893138410945e+02
1.031947236116744619e+02
1.047905298776823884e+02
1.034074681202622656e+02
1.049853390301638143e+02
1.024630514997842567e+02
1.061032924752247482e+02
1.018920088082576143e+02
1.016536102478699917e+02
1.029814791862376637e+02
1.037491057987222831e+02
1.069786294030909346e+02
1.042483794798814358e+02
1.006961387813552591e+02
1.026398983452197626e+02
1.048055711670797763e+02
1.067773811583525969e+02
1.048328913732119076e+02
1.042267251605401697e+02
1.059603622343497875e+02
1.011494617530691897e+02
1.053034349229940148e+02
1.041296607505080232e+02
1.061257039825345032e+02
1.032044421890528128e+02
1.050176998773031016e+02
1.057029299823551156e+02
1.043246114817921324e+02
1.033248799450842625e+02
1.060042209122811130e+02
1.042050741161204144e+02
1.049384645740312152e+02
1.034647467070098230e+02
1.053787196261081647e+02
1.040581989722601293e+02
1.025306081978559405e+02
1.041303755981733872e+02
1.102676060958102653e+02
1.034256414019776145e+02
1.023464073983944331e+02
1.042702694436770798e+02
1.030271675230822694e+02
1.036793145329182835e+02
1.039486482066925390e+02
1.031987727578434573e+02
1.022406119127278572e+02
1.052074053159649907e+02
1.017795595415197596e+02
1.033674621596776433e+02
1.063708528944471823e+02
1.065281625160740475e+02
1.049788919016094013e+02
1.044475994182722616e+02
1.062124198899740719e+02
1.040978036317929849e+02
1.040761946485513221e+02
1.087339150717360070e+02
1.047254673037142965e+02
1.027563243062998595e+02
1.016153402370212717e+02
1.002341829770823693e+02
1.058062455324876936e+02
1.035859538611469333e+02
1.046448868905264078e+02
1.062464037421480185e+02
1.049298873258621398e+02
1.060771821993760824e+02
1.051816656826585330e+02
1.005480134569240676e+02
1.117286809893146966e+02
1.026048218579607010e+02
1.038849159719083559e+02
1.054162960333500649e+02
1.057997812451316548e+02
1.056059903960818929e+02
1.030293523265229112e+02
1.029959652548897395e+02
1.054275294521070379e+02
1.067354319919849956e+02
1.054470033726784095e+02
1.074276034921582550e+02
1.037094700300685730e+02
1.015138870367818242e+02
1.056845961722700764e+02
1.038269264894415471e+02
1.079642849363006434e+02
1.001155298907979443e+02
1.057764467064739335e+02
1.049011672350900852e+02
9.840153715763919706e+01
1.042880445916378420e+02
1.025187378006779682e+02
1.024809062332645198e+02
1.055019253702560178e+02
1.013558847950226607e+02
9.956173016056490610e+01
1.053502997320326813e+02
1.014061664996074086e+02
1.055456288467951538e+02
1.069337770054071086e+02
1.032897331665150062e+02
1.051441531657954016e+02
1.030629051910917866e+02
1.046273324129283822e+02
1.044131586427261169e+02
1.064099755890775327e+02
1.030833350145717588e+02
1.065110358704440472e+02
1.084180124978214366e+02
1.025409271781417289e+02
1.056153208576144920e+02
1.030231677576355196e+02
1.002910471821934095e+02
1.067277154256833285e+02
1.054306535782450709e+02
1.026131705481342067e+02
1.013326599561361689e+02
1.049129082404375595e+02
1.069591969089263159e+02
1.065888019751477174e+02
1.069101629133022726e+02
1.067672973552138416e+02
1.014336582710359380e+02
1.051177912261368874e+02
1.043666002922429357e+02
1.027294872806751442e+02
1.027546261560591745e+02
1.018705711989720442e+02
1.032491412518993741e+02
1.075389887991199487e+02
1.078249564406075223e+02
1.059213471174574863e+02
1.026056837819744629e+02
1.040687376692740571e+02
1.017239079373658655e+02
1.057344448497810987e+02
1.007570000788883959e+02
1.047293622297396212e+02
1.035262943564324587e+02
1.050101723548362855e+02
1.039925895189496003e+02
1.048181125435519192e+02
1.054653651568623189e+02
1.093564310082073376e+02
1.014151881214457518e+02
1.033957450008626466e+02
1.048742357551781623e+02
1.026604951343470447e+02
1.036396721510387522e+02
1.045185159801078356e+02
1.033151226754121126e+02
1.066678487725825022e+02
