1.216831005726604928e+02
1.242031382269349251e+02
1.237795189688564648e+02
1.214939408062249981e+02
1.220269093054751721e+02
1.222769416235524176e+02
1.236539617556420865e+02
1.211849597842825546e+02
1.221033870511033825e+02
1.222060331328444533e+02
1.194693696475644344e+02
1.232198694911922416e+02
1.255781037051047804e+02
1.260952913607170274e+02
1.221786179317775236e+02
1.195236365513755175e+02
1.231249424437331612e+02
1.234931372624671297e+02
1.236543050317116013e+02
1.242368568011445547e+02
1.233229779593937678e+02
1.229685171637185874e+02
1.233438340402572777e+02
1.243845602495303666e+02
1.219605215393410589e+02
1.245806656286816576e+02
1.220979161241168498e+02
1.257294336578347327e+02
1.233885091801490717e+02
1.195164065505644260e+02
1.210109722445181006e+02
1.256652787816531287e+02
1.206657175242979463e+02
1.273510036211207535e+02
1.248562414545774288e+02
1.188507368040121293e+02
1.190616842948324319e+02
1.208220747088565332e+02
1.223863663950555321e+02
1.212279467395717063e+02
1.263397277753401653e+02
1.221840953728613641e+02
1.230022221073208897e+02
1.218352002734959143e+02
1.225181056434275177e+02
1.202088280207105413e+02
1.248712699347394448e+02
1.224989064522768700e+02
1.276382843858206826e+02
1.187149053166851189e+02
1.203366856059239609e+02
1.222129457732791167e+02
1.247783418444534789e+02
1.246155356305534667e+02
1.220035752427501023e+02
1.237857771410955650e+02
1.204704360076063523e+02
1.237883557008935469e+02
1.220048579911243678e+02
1.211003971559386798e+02
1.207132111031094581e+02
1.237912121965164403e+02
1.219826221954937182e+02
1.225152756521694641e+02
1.187971370421779511e+02
1.219345339520979081e+02
1.209222881740133744e+02
1.248513481536258212e+02
1.229431489201238179e+02
1.208887042516305570e+02
1.248428462943913075e+02
1.209981201307958969e+02
1.233973950635823087e+02
1.226466197321312279e+02
1.220067971478959095e+02
1.187106366675432696e+02
1.237136708405260634e+02
1.204435948688136619e+02
1.231758804046686890e+02
1.241864807896056817e+02
1.234737892585679333e+02
1.213405870924742374e+02
1.275555976015683939e+02
1.230467014137246480e+02
1.215436857242693378e+02
1.239695703040321320e+02
1.193143978348800545e+02
1.243377056466676578e+02
1.264106037492665422e+02
1.212578058845442825e+02
1.236230572627523401e+02
1.202573465472799228e+02
1.203794875715020538e+02
1.207821039828981498e+02
1.199049224436056846e+02
1.233111961428681269e+02
1.210077568237883412e+02
1.220224895418700726e+02
1.229104378624650451e+02
1.243133774634237909e+02
1.240295314779073266e+02
1.225650940215733868e+02
1.243866293304756567e+02
1.220683473655550699e+02
1.209653915788277487e+02
1.213737561179461864e+02
1.261256622201480582e+02
1.219709101477168787e+02
1.196716748839692599e+02
1.221785094973006949e+02
1.179366030777753451e+02
1.231746712153932890e+02
1.189113474746771715e+02
1.206986630419084889e+02
1.201667143675790044e+02
1.208944745720456240e+02
1.260700860432598915e+02
1.215828689856365088e+02
1.252243006466866149e+02
1.223430498820215604e+02
1.205882169818917333e+02
1.246572802358760157e+02
1.195847977334732235e+02
1.221931598828741841e+02
1.217010311449671889e+02
1.239202593911081181e+02
1.270585480459806433e+02
1.229969086399922986e+02
1.229439214552826627e+02
1.225975585124423333e+02
1.200079792751976697e+02
1.251518228265973534e+02
1.215028732843860979e+02
1.245299017158303485e+02
1.218631593819657155e+02
1.234943342731556015e+02
1.196802398627442301e+02
1.243237164840306690e+02
1.231388989297754506e+02
1.227009390793547112e+02
1.210240676824423360e+02
1.210536360812650258e+02
1.193809946424080550e+02
1.229726340731434675e+02
1.220987190051369993e+02
1.246350386401852148e+02
1.248369841914944942e+02
1.209718079743217061e+02
1.258252302958453583e+02
1.198030980684129077e+02
1.194201881746527647e+02
1.232045050277446165e+02
1.265299638486122547e+02
1.222992276121245823e+02
1.241503194566116690e+02
1.203442507258139216e+02
1.195571175344960579e+02
1.219839400731704018e+02
1.235035100552504588e+02
1.237555602341857792e+02
1.184912483753987686e+02
1.176927193001147032e+02
1.221720216777635244e+02
1.243077504769796064e+02
1.186995764274704186e+02
1.211629094463669531e+02
1.212995171352114028e+02
1.255756989287659309e+02
1.212800756454430200e+02
1.219074402255155150e+02
1.209299402937882633e+02
1.189981450268286665e+02
1.234828105848874884e+02
1.245857816673158140e+02
1.220523498086951122e+02
1.223129799566058296e+02
1.203935037638542696e+02
1.229813469195372733e+02
1.196317324348858904e+02
1.253296914674904485e+02
1.250471998487257395e+02
1.255132219701077076e+02
1.229201629430149865e+02
1.203285708935412259e+02
1.195999440635989686e+02
1.254532160137655410e+02
1.256304892884992199e+02
1.238273576627493782e+02
1.220404771737719329e+02
1.228644203442657101e+02
1.178929266906543631e+02
1.227151505172378592e+02
1.180510810416609928e+02
1.205611479884056791e+02
1.218955117493954248e+02
1.227144303457858570e+02
1.277088544900813645e+02
1.223608332373850089e+02
1.220497599414059948e+02
1.238373882422569636e+02
1.239390639478816496e+02
1.239501151249587565e+02
1.236412418143045784e+02
1.220285371059694484e+02
1.208181159803488498e+02
1.179278042120202628e+02
1.199638949410794311e+02
1.234072885197452081e+02
1.240638342298348817e+02
1.225889125510613979e+02
1.191488337478568695e+02
1.211535359689381437e+02
1.212052381461495543e+02
1.250385069159814861e+02
1.212030028342763330e+02
1.210092200782833913e+02
1.209818317740474214e+02
1.198815578361273282e+02
1.220082472908985096e+02
1.239431475793923596e+02
1.240104368548100808e+02
1.237541189487066617e+02
1.190888450612860936e+02
1.222761779895933500e+02
1.221782741765340887e+02
1.272893636060512819e+02
1.193758403816659808e+02
1.214428338916184202e+02
1.267501281556478858e+02
1.207373291073129025e+02
1.229513400729230028e+02
1.212155119954873186e+02
1.266625483083957278e+02
1.223167302154981257e+02
1.213020897884125162e+02
1.206111911070853751e+02
1.192921553818722913e+02
1.214722167366156640e+02
1.254078700007951142e+02
1.235441953853105161e+02
1.246887056164638636e+02
1.134128777905870606e+02
1.176680545650397107e+02
1.223111497479924310e+02
1.238766472413996098e+02
1.218621888100157662e+02
1.238133917612974244e+02
1.226149228497238113e+02
1.192932060048168523e+02
1.220456791036065454e+02
1.171285408493911859e+02
1.219357419976765726e+02
1.227527934350361960e+02
1.234741920481898205e+02
1.226218522709132230e+02
1.250018990117240492e+02
1.223027206800795739e+02
1.222433799563986554e+02
1.211768520455406701e+02
1.215106686481144465e+02
1.243484030989388600e+02
1.238333789022204598e+02
1.247325693437919654e+02
1.225095367008971863e+02
1.243652947283510457e+02
1.199494187704976014e+02
1.227056522789912663e+02
1.223440213871295441e+02
1.221259511313346167e+02
1.225736898850288981e+02
1.232669660617528677e+02
1.237879264636039665e+02
1.202211813413849484e+02
1.172410528249349113e+02
1.226172878298872035e+02
1.230838439812978464e+02
1.209731466291240167e+02
1.243846136909229330e+02
1.246167731677759463e+02
1.228694096049577524e+02
1.222037712315430440e+02
1.186304637406875031e+02
1.228353877732543964e+02
1.234138368223802047e+02
1.230962476126521636e+02
1.209464658868075162e+02
1.165015273246486203e+02
1.190877231056381333e+02
1.206998276785080151e+02
1.203959779767270817e+02
1.195262445206297173e+02
1.197594103615781762e+02
1.234286599720059172e+02
1.239615868137563552e+02
1.196264300842360768e+02
1.235969700366768080e+02
1.230842738196132728e+02
1.230675199980380796e+02
1.216636489954338316e+02
1.206887679693605833e+02
1.197630753763038314e+02
1.186093029570044592e+02
1.223880562719451035e+02
1.204758563079933396e+02
1.206634095574723347e+02
1.248073153706763208e+02
1.230003093637968590e+02
1.167152819158629029e+02
1.205501480395616056e+02
1.234139597436697784e+02
1.193489884411732334e+02
1.175909514840036820e+02
1.197473470752006079e+02
1.221479045933494092e+02
1.212386981720768659e+02
1.213591739050588956e+02
1.251481898725417352e+02
1.194904805215106052e+02
1.248320584337348009e+02
1.206573765997987380e+02
1.194333580821016341e+02
1.211844543376415828e+02
1.252839348727645898e+02
1.173913206094791093e+02
1.206150689956777740e+02
1.204608567920236055e+02
1.215208413148602489e+02
1.222451904423092799e+02
1.233636918335233048e+02
1.222151157957679573e+02
1.207016088176827964e+02
1.204187210514715787e+02
1.235644533990524963e+02
1.254402359677788610e+02
1.218235996790034790e+02
1.212330030051855800e+02
1.246359633390644746e+02
1.246934857256589737e+02
1.244761145858864495e+02
1.209193957226858629e+02
1.282220400505258056e+02
1.222438984067673857e+02
1.224502372316498366e+02
1.215992275657256414e+02
1.195786360445977579e+02
1.254557056295817290e+02
1.214853401661343071e+02
1.193706898341022651e+02
1.218487444453217989e+02
1.216138751803748335e+02
1.211593430669337152e+02
1.237017837767616868e+02
1.274193435858068568e+02
1.246979727891395697e+02
1.232170015663172364e+02
1.193067470165068613e+02
1.169594792018625924e+02
1.210247138617579026e+02
1.188214053717428129e+02
1.238724588727329348e+02
1.225367629581719910e+02
1.220053077825184005e+02
1.240663510506336138e+02
1.231592312207785511e+02
1.247924782171561446e+02
1.228591810373939808e+02
1.271746980293960689e+02
1.218459646788786017e+02
1.225133124705628518e+02
1.239658980488088531e+02
1.231175014590120185e+02
1.232957827353543649e+02
1.215159696559863676e+02
1.240189843350957801e+02
1.246119807312379635e+02
1.204386569357685062e+02
1.251643488917428613e+02
1.211266150574675891e+02
1.229621507882343678e+02
1.210150483261784728e+02
1.265120084541207035e+02
1.242420617998494947e+02
1.236596263715871089e+02
1.187982067756097848e+02
1.243666949250665823e+02
1.244440535133716423e+02
1.246253506176455517e+02
1.240030957547098183e+02
1.234545962197064881e+02
1.254001320553920209e+02
1.209228755555975425e+02
1.254382526612040891e+02
1.194877247416753505e+02
1.197301716397580833e+02
1.255161898750854448e+02
1.227906902472427504e+02
1.218297125763664894e+02
1.220067667365331516e+02
1.252452020408911579e+02
1.224547168323039728e+02
1.229044126555779570e+02
1.192313015480528975e+02
1.240167435186906317e+02
1.201568881257456383e+02
1.266301580185110396e+02
1.226805241353548155e+02
1.246246159222870915e+02
1.242968055826397773e+02
1.204769669217422887e+02
1.276801020746397199e+02
1.225066862366092977e+02
1.253423874602252681e+02
1.204141701562191002e+02
1.219987239754007078e+02
1.214043466350921960e+02
1.225927162990678454e+02
1.238935437117853695e+02
1.169187182103725036e+02
1.218356287776880578e+02
1.230658545827226362e+02
1.247840148796781961e+02
1.210454655712695313e+02
1.234463913603473486e+02
1.194176051363610611e+02
1.192833214453172275e+02
1.199054333894725914e+02
1.210235513210150629e+02
1.237407260659713018e+02
1.270432293832413393e+02
1.252370752388444117e+02
1.267177342925172354e+02
1.224049978496182263e+02
1.223058784106688819e+02
1.189328644065239615e+02
1.235552151032647856e+02
1.218449383325211102e+02
1.222031688080753042e+02
1.227755342610492875e+02
1.246149908037296257e+02
1.212449942777690381e+02
1.240686393523716760e+02
1.201415541260437152e+02
1.202441102799266304e+02
1.214580198184062994e+02
1.283204353835553775e+02
1.194242541379222331e+02
1.246376505968785153e+02
1.257106379091481330e+02
1.240430580676883352e+02
1.215544971480918264e+02
1.218855250904775147e+02
1.190720109378775078e+02
1.208338938518508030e+02
1.256533127295499668e+02
1.223114770013140884e+02
1.198350454511818555e+02
1.202170836781948395e+02
1.227033456163370175e+02
1.200275702779055678e+02
1.251006100909134489e+02
1.249732704566181667e+02
1.215834342068774134e+02
1.245642172392843605e+02
1.225088610171145689e+02
1.216564892266902831e+02
1.211369663294802024e+02
1.194347940462015885e+02
1.227869278777931044e+02
1.257985124249725430e+02
1.223737320223502394e+02
1.215727785680345221e+02
1.224512661767350181e+02
1.214382443469894497e+02
1.220157849816627760e+02
1.250156593868170489e+02
1.212704424503757537e+02
1.240630797404402870e+02
1.250758193794683422e+02
1.205497437912978427e+02
1.213754791135797433e+02
1.200098739931312792e+02
1.216521842917852467e+02
1.221475915300891444e+02
1.237565353735164422e+02
1.251421689031775628e+02
1.202975578302801125e+02
1.247403597109242099e+02
1.225353150555187369e+02
1.241793115424210470e+02
1.204648212599414734e+02
1.223034074440470533e+02
1.263562248669030907e+02
1.245530543514966979e+02
1.234793906054913322e+02
1.207545827458734493e+02
1.191677554541172412e+02
1.197487684066540510e+02
1.242108981826908121e+02
1.246691334222392555e+02
1.203733573202412401e+02
1.215798821934489240e+02
1.250918011442489330e+02
1.221075577676633088e+02
1.243312663845156294e+02
1.221992815171021221e+02
1.205356649029419458e+02
1.218615409041285176e+02
1.206086737303196230e+02
1.260200868273058177e+02
1.233208275178176336e+02
1.252675692661015887e+02
1.221383865842998091e+02
1.238036735646561510e+02
1.225754855631098792e+02
1.191657821957928718e+02
1.225505309282592776e+02
1.221358378924632007e+02
1.196436688471098506e+02
1.256709331742273719e+02
1.208728336152591396e+02
1.236530615293044093e+02
1.250189543420574694e+02
1.228609268201769424e+02
1.241438194246851054e+02
1.193066714496600866e+02
1.212738370778942425e+02
1.259217736283097508e+02
1.227353400300696933e+02
1.194445986835639673e+02
1.217769168037134335e+02
1.258948181548144163e+02
1.230478899481607584e+02
1.239604549675316605e+02
1.195208319642719061e+02
1.225390650865348903e+02
1.231094970495316545e+02
1.201879222758977619e+02
1.233278119729462645e+02
1.257834505237490106e+02
1.212268363281182673e+02
1.221798608105833921e+02
1.249758767864935436e+02
1.227710056161425314e+02
1.185459773901494600e+02
1.201040280985762791e+02
1.226629039280259121e+02
1.169865851977707933e+02
1.206066258749546165e+02
1.205725929463145150e+02
1.226587293371247398e+02
1.216862514742017396e+02
1.230614342017549205e+02
1.261979864515668339e+02
1.239978008188282672e+02
1.247341481893016208e+02
1.237291910588959354e+02
1.183338177615651858e+02
1.237804411032819303e+02
1.193770327365152610e+02
1.225221397176951825e+02
1.227223627747088699e+02
1.213891272135562360e+02
1.223687578104909761e+02
1.235362966983456232e+02
1.242305348172632335e+02
1.234899766956655895e+02
1.193712570649518767e+02
1.230309232053300832e+02
1.220700182517653900e+02
1.210451354175868772e+02
1.200353037573956243e+02
1.265089144925225639e+02
1.213316544977547267e+02
1.206164291907521147e+02
1.255371047409742431e+02
1.244106232722292873e+02
1.240641461910625480e+02
1.225054602261319729e+02
1.243885001544177413e+02
1.232905880357219246e+02
1.216712993666797900e+02
1.252671914119518561e+02
1.198903189245004768e+02
1.225954243695948378e+02
1.221301280858785958e+02
1.246715922298045456e+02
1.263270253489599497e+02
1.218064336880566998e+02
1.185801315140878671e+02
1.180828548778104050e+02
1.195461164698137821e+02
1.208381142559392742e+02
1.221855021201366327e+02
1.216439782623371428e+02
1.243540471223430188e+02
1.226641574027605941e+02
1.213792176665910461e+02
1.246303121932768079e+02
1.233307385648545988e+02
1.221244032222193425e+02
1.232679375536059467e+02
1.232575653414093750e+02
1.229044648625687728e+02
1.243190536461515734e+02
1.230833352640677845e+02
1.198844437642116958e+02
1.259429082920678553e+02
1.217174627978651671e+02
1.212384965541896804e+02
1.233006450088752644e+02
1.215097086291569894e+02
1.194693031528188243e+02
1.181762264230065966e+02
1.251331907826198204e+02
1.168504214016809328e+02
1.269823236506194633e+02
1.224874529423018430e+02
1.224425491576404283e+02
1.233570679729612749e+02
1.210670740048428371e+02
1.210712883937511464e+02
1.243176237299599052e+02
1.275571882229079677e+02
1.198686492156650445e+02
1.236882079991170542e+02
1.277713323117153266e+02
1.212014850372300998e+02
1.251500520810665478e+02
1.243749151373184247e+02
1.237076011692451516e+02
1.196911038162717205e+02
1.239881074206981282e+02
1.256261775032476322e+02
1.245318855456862792e+02
1.273992474964238681e+02
1.249434546317719565e+02
1.190139207134319577e+02
1.227711608749728924e+02
1.211864024893747853e+02
1.219021594615118858e+02
1.201455321570826555e+02
1.225554037376394803e+02
1.229590337760836150e+02
1.223694681987489332e+02
1.219515933912690855e+02
1.233692165690849833e+02
1.222935547815680479e+02
1.196173905398038926e+02
1.202195722401129814e+02
1.230756226324807159e+02
1.220820983155872312e+02
1.262927178555689665e+02
1.220094739999882734e+02
1.238897726765513738e+02
1.193012381499779053e+02
1.227332802957314897e+02
1.255375428939352673e+02
1.189882251932179713e+02
1.206309243625708802e+02
1.203860652892360150e+02
1.181675835121709213e+02
1.215805368198195140e+02
1.237476009501719716e+02
1.247015264586184458e+02
1.242847933317661813e+02
1.221070733131953574e+02
1.236136362456952895e+02
1.221746206718954113e+02
1.209624654877904391e+02
1.218630490860867894e+02
1.256240949408374377e+02
1.239227686097491130e+02
1.240161519628636597e+02
1.206067779500438490e+02
1.206504380792314208e+02
1.230988851186329640e+02
1.205761450811700968e+02
1.217847134130335718e+02
1.250995508569319554e+02
1.212795644105679145e+02
1.203115432275991452e+02
1.227732508544437735e+02
1.211678581385929476e+02
1.236176891099179471e+02
1.243553361524072471e+02
1.263989726677565244e+02
1.250217821168494083e+02
1.231414240549703862e+02
1.237793872488906999e+02
1.238561026763032373e+02
1.228389345857600432e+02
1.218988150169310671e+02
1.212252404351299049e+02
1.236295351168768946e+02
1.239109929489433597e+02
1.239942239990896411e+02
1.250934831474718152e+02
1.225998850607622046e+02
1.203961179935780308e+02
1.232889346769908201e+02
1.208976564976304786e+02
1.208855007069388279e+02
1.232579684339207660e+02
1.239523445012959542e+02
1.212386485564022962e+02
1.197444723020753230e+02
1.234725915402164844e+02
1.234843855435834854e+02
1.224213131714720220e+02
1.252804624199762600e+02
1.225884190264747247e+02
1.198362145771952640e+02
1.184244368004353873e+02
1.262927840016040477e+02
1.227986371724794594e+02
1.218740836706969475e+02
1.211406077546225788e+02
1.219054493571015456e+02
1.242352997800008580e+02
1.227030720534004047e+02
1.227993661139467179e+02
1.226211996172421834e+02
1.248411209027831461e+02
1.271583770595737803e+02
1.214600271317405316e+02
1.226485163871491721e+02
1.197925601715584918e+02
1.210260340831187165e+02
1.192576153693646432e+02
1.229123381815825553e+02
1.240064880597033863e+02
1.246764327222687854e+02
1.238123918497405782e+02
1.221816144776719568e+02
1.228804527885764912e+02
1.241112576591413159e+02
1.192646809440250877e+02
1.236291184533138221e+02
1.189839034359363410e+02
1.215444662822685444e+02
1.194193924063114167e+02
1.228182966911503087e+02
1.240052038447383609e+02
1.240687714470046217e+02
1.193147453529486057e+02
1.211670504693628629e+02
1.216719152769691163e+02
1.239638120757594066e+02
1.249311499019997029e+02
1.229120425416065530e+02
1.178251799443127084e+02
1.246328339478216378e+02
1.231900900562647934e+02
1.210489931550048937e+02
1.237463890505558339e+02
1.214087585070917328e+02
1.216352635933007349e+02
1.236553008258217261e+02
1.210538558471310040e+02
1.212115430578592878e+02
1.240410944125972748e+02
1.187455983469569532e+02
1.236635871938710380e+02
1.239863590516974057e+02
1.273874537965652962e+02
1.226331891136557601e+02
1.233335461103263668e+02
1.260661371011535437e+02
1.272150193150825288e+02
1.248353044157236980e+02
1.224493989405714558e+02
1.232855922501786807e+02
1.219315842017329601e+02
1.231446090834066922e+02
1.253189619696070025e+02
1.188453364532900167e+02
1.264410965721441045e+02
1.218408048805826240e+02
1.221136834943801404e+02
1.239107821010535986e+02
1.211115347176530150e+02
1.241086958814089769e+02
1.194604394217706727e+02
1.226860210890642264e+02
1.269704378684303236e+02
1.239570923649102809e+02
1.219327841104729373e+02
1.239666506459255970e+02
1.235329238565047234e+02
1.208357258983728144e+02
1.240884807118652020e+02
1.205299336710021549e+02
1.229538304911216073e+02
1.217695758914896516e+02
1.203319345790738737e+02
1.235165928496489869e+02
1.291834319914352136e+02
1.178089004013935437e+02
1.231458768909675001e+02
1.205306103273836840e+02
1.230878101122871300e+02
1.261406113131791926e+02
1.195236629438809786e+02
1.225636553261777379e+02
1.236918991915713235e+02
1.208266824079940136e+02
1.191519319044864602e+02
1.190729223183484891e+02
1.261273221452986064e+02
1.233078482281442660e+02
1.221303135773787432e+02
1.244296654451107429e+02
1.265539910473195135e+02
1.234794277936098581e+02
1.243960766411628214e+02
1.196698205733763842e+02
1.189660925390065813e+02
1.213941582220128339e+02
1.238993859435232139e+02
1.249217451755509245e+02
1.238213232864358702e+02
1.200572094666256220e+02
1.262271475439552830e+02
1.216694544888729439e+02
1.216056822952164254e+02
1.172486147194507140e+02
1.211490774212685864e+02
1.232028219892197853e+02
1.220262266375169560e+02
1.252967435995851133e+02
1.215597463181915714e+02
1.231779340307386690e+02
1.222693301705373159e+02
1.234739888543036983e+02
1.241970686218675155e+02
1.210619892032217138e+02
1.165072434150404632e+02
1.236787015168077062e+02
1.193023148116474630e+02
1.188654517432024988e+02
1.228907715790278701e+02
1.197733527514212852e+02
1.225405403561026816e+02
1.242861264076736205e+02
1.250955645293957303e+02
1.217585850117498154e+02
1.233563677280834980e+02
1.222643674315348932e+02
1.199804799219495095e+02
1.234605989293640107e+02
1.234142428784898442e+02
1.179987954770690379e+02
1.222847559516390703e+02
1.224328617521567821e+02
1.208197588708207206e+02
1.189232463828448374e+02
1.234757595207638730e+02
1.234121677509475177e+02
1.251256131337055137e+02
1.236407123572510613e+02
1.220068839969179351e+02
1.199707424376914702e+02
1.221643176217672533e+02
1.215815884908310665e+02
1.236723763595068561e+02
1.229207494655455974e+02
1.257204302394246582e+02
1.216819927662954370e+02
1.256843815196957763e+02
1.256848746647872019e+02
1.242774797326269436e+02
1.220293995573807564e+02
1.241896884360785975e+02
1.222426422803795276e+02
1.230860908036411985e+02
1.227747428294653957e+02
1.232307273353651311e+02
1.227845878406072728e+02
1.245280174807522258e+02
1.202287211888805274e+02
1.211126372176523631e+02
1.252830034213810677e+02
1.276431104518074591e+02
1.238955729207413441e+02
1.249879855302765890e+02
1.212577043507082664e+02
1.268204564338420965e+02
1.230401888538508217e+02
1.230331233487761011e+02
1.250094289883930685e+02
1.210676825023519712e+02
1.227158908598749463e+02
1.211753938978385321e+02
1.221879679398993233e+02
1.181789165451087911e+02
1.212648162191170513e+02
1.239368562325773411e+02
1.227936495956768113e+02
1.196216334146813978e+02
1.216327613205793625e+02
1.262081664155868594e+02
1.241250447614223020e+02
1.223158632726128872e+02
1.220018188430488664e+02
1.218717583026387103e+02
1.207569793285659756e+02
1.218388496266968986e+02
1.205283236968027722e+02
1.235997108408044340e+02
1.267853003749768988e+02
1.249313719200981581e+02
1.216508560285030427e+02
1.209648024658020944e+02
1.209153687581416960e+02
1.209094659288689684e+02
1.202171669252528687e+02
1.237398723678948897e+02
1.209110935369480586e+02
1.228507861776801917e+02
1.183520007324766681e+02
1.179728152277209290e+02
1.246970663031252258e+02
1.193991809256083201e+02
1.202951728652111569e+02
1.228522884534399111e+02
1.224907541232402082e+02
1.215747817152479371e+02
1.208745099144998250e+02
1.207233332938044015e+02
1.208839460521156042e+02
1.219176958875961532e+02
1.259042952028165558e+02
1.249405759922863268e+02
1.203240184324878328e+02
1.228000793032006612e+02
1.258196596916404246e+02
1.200419392978068771e+02
1.211630830214814836e+02
1.244423687652899275e+02
1.215945613736855933e+02
1.224325908864272918e+02
1.231251102020679866e+02
1.215468894197412055e+02
1.236605962768941112e+02
1.186649689350009851e+02
1.255135524441737260e+02
1.221370040552627927e+02
1.237516561738528083e+02
1.214823994629306441e+02
1.247365153399571938e+02
1.245480002589818014e+02
1.215188475883632577e+02
1.231625822590929999e+02
1.237758515574237776e+02
1.225965528737363996e+02
1.231322815374553130e+02
1.235730257948129207e+02
1.242372610932364267e+02
1.197699361439836565e+02
1.239672519897287515e+02
1.225734737991847396e+02
1.245206759939597418e+02
1.215465034422493744e+02
1.198470843243776756e+02
1.247664922245803183e+02
1.242010462343137789e+02
1.215434850266548210e+02
1.221298751977749220e+02
1.218081341516594023e+02
1.215147614230961040e+02
1.224708550736861810e+02
1.236165334392044883e+02
1.233566623634246184e+02
1.234585024709837739e+02
1.212056312949002290e+02
1.243426341679010250e+02
1.212835586591420451e+02
1.231172367570340214e+02
1.239003921942101272e+02
1.252783255184229319e+02
1.240500366904022798e+02
1.206361248792798477e+02
1.205717627703264725e+02
1.243266485149261626e+02
1.193535732342617592e+02
1.248487953063472560e+02
1.223375130279103615e+02
1.243052598150296575e+02
1.223387642233783765e+02
1.227942022711135621e+02
1.227367626169840236e+02
1.193436872689597124e+02
1.206140465288827102e+02
1.231004893506294309e+02
1.181615132709271450e+02
1.215305430974359382e+02
1.211413170324022985e+02
1.230794507752026874e+02
1.246848437631102655e+02
1.236385047527217580e+02
