2.140017087151162229e+02
2.122915334507951286e+02
2.132395967921691238e+02
2.144822551329831981e+02
2.179816242287913894e+02
2.165093806230340761e+02
2.216381195304622054e+02
2.164108622373539959e+02
2.144698520738278660e+02
2.141272318624282036e+02
2.168939041492041326e+02
2.171296157649348970e+02
2.145597789272677858e+02
2.161279907524206294e+02
2.193819816216654317e+02
2.158254226355475964e+02
2.203609750995415197e+02
2.166215931641334294e+02
2.150786799985710616e+02
2.185585299259558383e+02
2.199419514805122446e+02
2.152263233064293217e+02
2.174078949693936806e+02
2.183881842170012249e+02
2.167563770485304531e+02
2.163474098286172591e+02
2.174052854751911070e+02
2.157637648022656549e+02
2.164165010117675365e+02
2.188089620993688129e+02
2.173430265606195633e+02
2.126111741599297602e+02
2.143375239094635845e+02
2.164343777115843181e+02
2.170212467232945812e+02
2.113352402460155588e+02
2.169795045633229051e+02
2.171144043051453707e+02
2.169683297572973402e+02
2.169942765629397172e+02
2.182093700193316295e+02
2.164664479970736295e+02
2.155719842976460541e+02
2.170561822555402784e+02
2.153003873828117207e+02
2.169044491879754446e+02
2.146295028016849074e+02
2.190489458708408961e+02
2.170120991126459842e+02
2.161065932198432620e+02
2.176078372810908945e+02
2.176066475919709831e+02
2.194689875926610796e+02
2.158970826652211770e+02
2.190467865582376703e+02
2.142421312674332512e+02
2.163982542218087985e+02
2.177742166246450211e+02
2.114609980579261332e+02
2.171329764168006875e+02
2.135653580331840260e+02
2.142245095778687300e+02
2.142323999079733881e+02
2.174349086702773377e+02
2.142863269041866943e+02
2.129045453257087956e+02
2.177385459749137340e+02
2.210773417916266794e+02
2.166989060125257254e+02
2.164964878580758523e+02
2.196267639943845040e+02
2.166925714831415064e+02
2.177797254071741975e+02
2.172053813930574222e+02
2.154968981150774994e+02
2.144299610336225896e+02
2.203337318608704720e+02
2.166877540760479803e+02
2.186269050788141044e+02
2.163899236572665359e+02
2.094843587464084749e+02
2.210736465113659790e+02
2.196092215926016706e+02
2.191521105969687255e+02
2.159940168949877943e+02
2.150916882770588927e+02
2.150174550261024535e+02
2.191860553638955196e+02
2.192915628492523581e+02
2.159211482944302816e+02
2.161921488013206272e+02
2.136442826798647161e+02
2.135755686987229751e+02
2.168632969392457994e+02
2.194332184862215627e+02
2.140484898588629790e+02
2.207016511912220835e+02
2.172374563950882873e+02
2.156185878637782878e+02
2.175930260806694889e+02
2.205164133351465239e+02
2.146774958302453911e+02
2.153556594822570389e+02
2.147436749781756191e+02
2.168872397195256667e+02
2.174518547651532856e+02
2.140638526129840216e+02
2.182122946573774698e+02
2.157696745398685323e+02
2.147181380571176135e+02
2.144705027419286694e+02
2.185281506891272443e+02
2.177682788562179610e+02
2.153575683198622244e+02
2.121238115555099739e+02
2.164629651478008441e+02
2.183341887753913682e+02
2.138667385453925931e+02
2.176229570945943692e+02
2.142783647109128253e+02
2.185409429983946552e+02
2.180117626242867743e+02
2.228459803545945590e+02
2.131525941504098398e+02
2.178644739776864014e+02
2.181609417048472039e+02
2.150371994120381771e+02
2.186022432756367380e+02
2.138468024192581538e+02
2.141611564213491476e+02
2.141473281947646967e+02
2.162437342831490810e+02
2.157745933008028487e+02
2.160034973971628176e+02
2.188941708543896709e+02
2.180929889768516716e+02
2.155524068528717976e+02
2.164787530130042512e+02
2.177081423371966480e+02
2.135974777907992745e+02
2.171568018166229024e+02
2.187516185875921622e+02
2.202313360744185218e+02
2.127228699958694449e+02
2.168895090847231586e+02
2.151860177460874297e+02
2.200095273928199333e+02
2.185103407209201976e+02
2.166931972674393592e+02
2.153233894594096114e+02
2.145553793235060880e+02
2.161591505190985458e+02
2.161080705247808851e+02
2.205447623520103377e+02
2.167380999212459187e+02
2.170337962973668482e+02
2.201284847543221304e+02
2.153643679390941941e+02
2.136736925457199447e+02
2.146202269269154499e+02
2.166470775984108741e+02
2.191749461428035772e+02
2.205437926590319933e+02
2.136940490822999550e+02
2.164776417656037211e+02
2.172230123005762721e+02
2.184651167813819654e+02
2.178164405208605103e+02
2.125589930022366332e+02
2.177992584714730242e+02
2.169816074960172614e+02
2.191843422178402818e+02
2.149220392467686622e+02
2.189211281206147532e+02
2.171493069762758807e+02
2.179203271678112799e+02
2.148999979701352459e+02
2.169720976028982875e+02
2.148477152162826940e+02
2.169567443453813667e+02
2.142346514036699432e+02
2.151341185930929214e+02
2.155300734638566951e+02
2.153806087682175985e+02
2.183065908332835647e+02
2.145437003483213800e+02
2.148154862878407982e+02
2.121635888249509208e+02
2.156543635951610156e+02
2.159884172136343636e+02
2.171045902783820338e+02
2.163028701512846226e+02
2.213572541033977643e+02
2.157819836853023219e+02
2.164376711145015975e+02
2.159202459650553863e+02
2.165760913031056418e+02
2.169632381898564120e+02
2.161204759606219170e+02
2.175422722861189584e+02
2.132882226793492180e+02
2.171154833586196844e+02
2.159633314739349998e+02
2.188069254458026194e+02
2.171988463101833986e+02
2.146628847622690444e+02
2.158117224855102734e+02
2.135902944856048293e+02
2.162664944423509610e+02
2.176403053457116812e+02
2.136478466465751183e+02
2.165973466169720041e+02
2.192515066376874699e+02
2.149793615542991176e+02
2.169029985634583682e+02
2.210572516657917390e+02
2.184537987335181413e+02
2.147935088180769299e+02
2.153419345920663375e+02
2.151559000463321070e+02
2.171987967518797973e+02
2.181880973352274680e+02
2.174409586838721964e+02
2.135829288273993427e+02
2.177115798812072285e+02
2.180999086646731939e+02
2.134514993655008652e+02
2.115755309510940947e+02
2.162719125422266018e+02
2.151759179030941311e+02
2.169425644813186125e+02
2.152366330558751883e+02
2.144998610238761216e+02
2.143517500650928866e+02
2.140404308322701752e+02
2.164643550365789224e+02
2.178819727596175255e+02
2.169822331337197454e+02
2.173243503105191223e+02
2.172977168150182763e+02
2.161058198438372244e+02
2.137400709973003643e+02
2.169093217213820992e+02
2.150897622610843030e+02
2.165567174060953448e+02
2.170458464088008270e+02
2.146738952290749296e+02
2.169714188683273619e+02
2.138118506216274568e+02
2.189918681567554302e+02
2.177824192330640756e+02
2.202326115709608416e+02
2.186179037262852205e+02
2.169812792925003180e+02
2.180260471318981956e+02
2.153378703748393264e+02
2.164903816190459906e+02
2.182565183310263706e+02
2.191583823427954769e+02
2.148206917821526929e+02
2.137021158671474836e+02
2.179102064716810503e+02
2.173322226797729115e+02
2.188514361717915904e+02
2.111835423858359206e+02
2.153118444174815238e+02
2.128204588143346143e+02
2.189891560711674003e+02
2.165338833619052537e+02
2.149070667767748546e+02
2.159168968744555457e+02
2.170383605421887694e+02
2.189116191908019289e+02
2.172501671421852620e+02
2.138318207200667018e+02
2.152977411573478719e+02
2.152285700798472021e+02
2.160174278402498089e+02
2.181739953760808817e+02
2.156830278560333625e+02
2.162997066508294211e+02
2.183398783764188238e+02
2.166049185985350221e+02
2.167522502253877406e+02
2.139482259142062048e+02
2.148422305219737609e+02
2.197813332164758435e+02
2.180673600119740172e+02
2.134193613656429989e+02
2.202515379197561458e+02
2.177028787593789616e+02
2.207304274938462925e+02
2.133627827175693028e+02
2.164585708087550415e+02
2.147642067798498431e+02
2.126137369273408240e+02
2.146077433724688888e+02
2.147241584618714967e+02
2.168628889300356661e+02
2.157138540118813239e+02
2.127997286127174164e+02
2.166868477436910041e+02
2.161042021087245928e+02
2.152423520146431315e+02
2.136597992494409937e+02
2.145807026031932310e+02
2.189879297158035740e+02
2.144190740655746481e+02
2.153567154691736505e+02
2.165125346918903233e+02
2.212329526801915165e+02
2.151602053720885976e+02
2.153663388962927172e+02
2.162233349067564347e+02
2.188057827780260425e+02
2.177746564373859428e+02
2.198037288774984006e+02
2.173155227529535125e+02
2.165854463139289408e+02
2.178080415437491126e+02
2.158134102687804443e+02
2.173406899460072736e+02
2.164225601137618753e+02
2.171892040968292577e+02
2.160400080247082144e+02
2.157667994106476215e+02
2.169841588956026044e+02
2.157253781856503849e+02
2.140164182082101547e+02
2.161656593762722025e+02
2.148876980621541861e+02
2.168693742511798064e+02
2.139810143233841870e+02
2.157291445727061046e+02
2.166161493652508909e+02
2.147300507529827485e+02
2.163377064537800152e+02
2.159618170769556116e+02
2.156148975930636880e+02
2.196155517314035137e+02
2.186280795976877869e+02
2.148371129014304302e+02
2.155167200625016335e+02
2.184299909237086581e+02
2.168611647126846265e+02
2.210365761433930629e+02
2.162606609762304117e+02
2.186245428230579932e+02
2.140168985741532595e+02
2.140288980595718442e+02
2.170081269039711458e+02
2.189757940283489859e+02
2.172422741094269441e+02
2.166492583776606295e+02
2.169031122737255544e+02
2.168813344680201567e+02
2.146822495871495278e+02
2.145140258667866249e+02
2.164141696550996414e+02
2.164922222010237647e+02
2.185365991782112474e+02
2.164893450136212891e+02
2.148263152360784431e+02
2.156861035653078318e+02
2.153495663274498781e+02
2.198847446087081039e+02
2.158006354318389981e+02
2.144603539847002764e+02
2.101726139919094294e+02
2.147670244647810307e+02
2.168619295583744133e+02
2.145755342391176441e+02
2.146026166160081914e+02
2.177209854966895648e+02
2.180450641493303578e+02
2.156349628796338038e+02
2.165306085096266315e+02
2.154683948609471997e+02
2.153474937938406413e+02
2.188057874063698023e+02
2.160479493871799832e+02
2.166347504956352168e+02
2.171431048890401030e+02
2.157647936496584009e+02
2.220493453950719243e+02
2.137124619288258032e+02
2.208113850782121119e+02
2.146210291264044372e+02
2.193630029799938086e+02
2.186598140926295457e+02
2.163322892069642762e+02
2.178070473098767081e+02
2.171249690699681878e+02
2.175915145561965574e+02
2.146096763010258712e+02
2.221193649985006004e+02
2.167512313853180785e+02
2.178658774491711370e+02
2.167336014455638349e+02
2.143243250474935451e+02
2.152792224779037440e+02
2.165950627511807909e+02
2.179398831422300020e+02
2.137475196298366029e+02
2.156881907907024640e+02
2.169772161384685489e+02
2.149113294946314170e+02
2.181208947436537073e+02
2.160604346416213843e+02
2.178187575288772848e+02
2.196931107882688252e+02
2.141580666020509227e+02
2.177196463361027554e+02
2.153347739122459643e+02
2.158792840233186610e+02
2.170350554342866189e+02
2.162647903501476492e+02
2.195110495269602779e+02
2.170751361945416420e+02
2.172727880734547057e+02
2.140881370707251108e+02
2.138428458781670258e+02
2.145091341758972590e+02
2.115574418160267953e+02
2.185957693792389307e+02
2.164265845019688754e+02
2.190588198022577160e+02
2.159184050983639622e+02
2.188535150308028392e+02
2.198142895583726784e+02
2.150371461405518971e+02
2.179507833947352253e+02
2.172510849858370818e+02
2.145033873059883831e+02
2.157707257877862617e+02
2.188140152652561028e+02
2.134595036858458457e+02
2.172367187210427630e+02
2.164772679188059215e+02
2.186334018682017870e+02
2.178409816501452667e+02
2.171745256373833968e+02
2.149174562782770295e+02
2.189472133108478431e+02
2.171037364762559889e+02
2.130452023299583857e+02
2.141737494825036947e+02
2.178149346548227925e+02
2.187578382165053483e+02
2.215370203821998984e+02
2.159214141715134474e+02
2.183385791463207397e+02
2.199526084506349548e+02
2.160336231723387357e+02
2.174058679149207478e+02
2.165310352920369894e+02
2.204008697827636070e+02
2.175752148513698216e+02
2.161505875837985400e+02
2.161042040113241853e+02
2.143200362123478158e+02
2.148113810228554428e+02
2.150680189141111214e+02
2.153037300007878798e+02
2.142769391507826242e+02
2.140134913371804828e+02
2.172713995924210337e+02
2.165936105617908822e+02
2.177767789029176697e+02
2.178336741471772200e+02
2.174201484012647825e+02
2.165757466964338960e+02
2.175933949153942422e+02
2.190256011621246728e+02
2.166668432957832522e+02
2.155720329142406513e+02
2.209657850489216173e+02
2.163846183467206856e+02
2.182986660401097083e+02
2.204058472426664537e+02
2.215335896947830463e+02
2.142710105643835163e+02
2.148381049103966518e+02
2.117861868260219183e+02
2.178243013929252356e+02
2.148169499939906189e+02
2.156539205959103072e+02
2.159067176655192100e+02
2.210233220192036185e+02
2.159195523661074674e+02
2.180945666305539135e+02
2.121069794119492542e+02
2.154896140321521045e+02
2.187723528083423901e+02
2.188205217558024458e+02
2.171458146607871242e+02
2.180309746127727522e+02
2.185627564813047741e+02
2.185033456663336437e+02
2.168295572053735896e+02
2.177132330318223126e+02
2.164639216385790803e+02
2.174354014285341918e+02
2.174213360032473190e+02
2.164935932937987673e+02
2.159061867716867482e+02
2.162986118627042913e+02
2.165237317129232792e+02
2.149859302257046920e+02
2.192988271450478805e+02
2.167760344773550969e+02
2.185325214640341187e+02
2.173620613303397988e+02
2.195384117614595993e+02
2.179785492945152612e+02
2.162452342917070212e+02
2.163259612124923592e+02
2.176130655962223273e+02
2.177888481451427936e+02
2.174306815930098367e+02
2.143763635318109664e+02
2.190553956420928330e+02
2.172590803443785035e+02
2.169249905175190349e+02
2.162927660144588344e+02
2.199906400661475345e+02
2.171888338572965438e+02
2.159495374076030316e+02
2.152300344893799604e+02
2.146047675965125734e+02
2.177379057147484218e+02
2.158363653616778493e+02
2.134214183689534821e+02
2.170090187199497223e+02
2.198144395237505080e+02
2.165075959169414830e+02
2.124641704614356570e+02
2.165501963391122899e+02
2.170705613488539711e+02
2.126788574259169877e+02
2.183470065269328870e+02
2.154534801605777545e+02
2.184143761535393082e+02
2.182650086364479591e+02
2.144268144373927214e+02
2.188945268143316980e+02
2.216583673976912507e+02
2.163800388618547004e+02
2.170049911476822615e+02
2.122098114207656465e+02
2.162651879055038364e+02
2.117266826553675685e+02
2.193705486605147428e+02
2.158757075547307807e+02
2.193868117568690366e+02
2.141204982537355761e+02
2.141950717074168438e+02
2.132752476273985280e+02
2.174036468567063878e+02
2.150939745594371857e+02
2.179828560598845684e+02
2.181906525384116264e+02
2.162113781461358712e+02
2.178576352254387132e+02
2.161844109953325983e+02
2.177587129865611644e+02
2.163827165774230536e+02
2.168732559272289677e+02
2.142543037667364842e+02
2.153245222542035435e+02
2.165170466278534604e+02
2.176537818866551106e+02
2.138105615938403048e+02
2.150645248512800549e+02
2.160467825987185790e+02
2.169508186756659143e+02
2.167978396347092200e+02
2.186451340242980166e+02
2.203109981959851211e+02
2.141975306715182796e+02
2.174456105945535853e+02
2.171251478091714091e+02
2.161769317295290591e+02
2.184876787209890949e+02
2.166938543149120164e+02
2.183499068686792270e+02
2.129116403385622505e+02
2.158489594900931081e+02
2.142920634211247659e+02
2.178716604820998555e+02
2.155112033324714389e+02
2.102475966772374250e+02
2.111351443392389342e+02
2.176738162773351632e+02
2.158306344701511250e+02
2.180561389951041917e+02
2.145352994903123829e+02
2.177703348064859767e+02
2.164228310042679198e+02
2.188511929925665243e+02
2.156662877913936427e+02
2.178094185305395456e+02
2.191360983811947278e+02
2.173158748721341738e+02
2.154435804145176405e+02
2.158506358935367473e+02
2.154656799015060642e+02
2.145739618114857876e+02
2.147894368873222959e+02
2.145347269622858448e+02
2.190337984442601851e+02
2.179040034409727866e+02
2.167503267160035136e+02
2.185542469645914707e+02
2.151582594129311587e+02
2.173245302217871426e+02
2.155547553375158714e+02
2.192069482970929926e+02
2.174787342918978936e+02
2.140201773780864585e+02
2.178417166077597358e+02
2.170852033662579288e+02
2.170721914469016269e+02
2.185802936345930902e+02
2.168664203879518766e+02
2.148765334482924345e+02
2.150737699372005238e+02
2.184615991350896991e+02
2.202064168504120971e+02
2.156880085640686104e+02
2.165907248639707063e+02
2.187197936091573069e+02
2.147511070723974740e+02
2.173321835445759405e+02
2.162786242812118473e+02
2.175168846783123229e+02
2.145195498479800165e+02
2.176056008324865445e+02
2.156756006385376736e+02
2.174853518441730955e+02
2.179504120010777797e+02
2.166473951223438519e+02
2.205352945787734882e+02
2.172739616718476157e+02
2.124938153972422299e+02
2.150692713268254579e+02
2.175344219245444322e+02
2.148356525883683901e+02
2.177911673507102250e+02
2.149320326502319176e+02
2.165489318100520677e+02
2.150819558505467342e+02
2.180875168479888941e+02
2.144019539304740647e+02
2.154019244471099626e+02
2.180973565939764001e+02
2.176806651920880711e+02
2.162950928683821701e+02
2.147555178830216391e+02
2.132527810239831183e+02
2.183885013976433811e+02
2.163609761047881079e+02
2.136997916628545227e+02
2.201208721930416061e+02
2.185068185241837853e+02
2.174763719552597934e+02
2.172289607235268534e+02
2.159076182675866846e+02
2.145686013860349703e+02
2.149556423473050586e+02
2.151690011026749687e+02
2.188420572191125189e+02
2.209011381177688236e+02
2.163939397266997275e+02
2.186545011935986338e+02
2.193773833599970260e+02
2.168472163640918211e+02
2.153972382517139010e+02
2.167534534798987806e+02
2.146161085713565342e+02
2.154990214042404659e+02
2.171926055746351096e+02
2.162387464732927356e+02
2.168862983178713932e+02
2.183520243315943787e+02
2.176239475735276585e+02
2.155931615815918292e+02
2.160374526093405905e+02
2.135631036586055984e+02
2.185959334763479944e+02
2.157806660417465423e+02
2.143348201171428400e+02
2.176758017843628181e+02
2.148074481023627413e+02
2.160557732872415784e+02
2.192054553991973478e+02
2.195803435205668563e+02
2.153523520987555173e+02
2.170979259792232767e+02
2.184720330655126759e+02
2.195999053684085709e+02
2.152496679760687925e+02
2.151370653853894623e+02
2.161692710168818792e+02
2.159707041356156765e+02
2.159531399962680496e+02
2.181180000174059046e+02
2.162880910570776791e+02
2.148696656500591757e+02
2.203493750090024150e+02
2.201861043577368662e+02
2.157906805325640107e+02
2.136361529032525368e+02
2.179087755415535526e+02
2.183940809539896861e+02
2.197614987633583894e+02
2.188576912607666429e+02
2.127060946463768119e+02
2.173979740507854217e+02
2.167841766924341300e+02
2.197901536893463970e+02
2.122607229962094095e+02
2.182988017250388566e+02
2.164808377203105749e+02
2.159065739308572063e+02
2.142438809985174828e+02
2.183264045271340308e+02
2.137049891738032272e+02
2.164894987230318577e+02
2.179654689899241475e+02
2.184384884451819460e+02
2.157038823726206260e+02
2.191885030846107156e+02
2.117094851909482998e+02
2.145189928050542392e+02
2.170165455980740603e+02
2.157186845309601608e+02
2.174331742352718209e+02
2.175671960617640934e+02
2.164836198593604024e+02
2.185442921968823100e+02
2.160043180854262062e+02
2.155320021165324249e+02
2.185394470090932657e+02
2.183006286705424657e+02
2.150325865636097831e+02
2.168860464181744874e+02
2.183813416238488401e+02
2.208319385002033926e+02
2.156771050827701401e+02
2.188379419498718050e+02
2.180261740531657892e+02
2.117991518166804212e+02
2.197991217685635377e+02
2.163660308158356713e+02
2.165571519496178894e+02
2.170007731082098985e+02
2.175267979148106292e+02
2.176103438396544050e+02
2.154922885348403270e+02
2.127721136045447849e+02
2.135007348523550377e+02
2.197653679373968600e+02
2.127480644609177887e+02
2.149930975916620639e+02
2.184643823358401278e+02
2.138138351189959678e+02
2.169499862426878565e+02
2.176470558558224582e+02
2.174208359823562091e+02
2.144300011210098944e+02
2.191833353714221460e+02
2.172825582169044480e+02
2.163309024612468363e+02
2.169507447016983406e+02
2.207515315805580656e+02
2.157454840578177198e+02
2.156229169761570290e+02
2.196311499481296323e+02
2.185010323720621841e+02
2.166925481662810284e+02
2.190334253683648456e+02
2.143001804148166229e+02
2.167945398036790152e+02
2.164037327822326802e+02
2.164074721691554259e+02
2.115509621952911345e+02
2.133141936413256872e+02
2.144302207710076402e+02
2.155768880348280447e+02
2.174460177640172560e+02
2.168827494948939716e+02
2.151772634331886707e+02
2.192086886904700123e+02
2.135223095051316022e+02
2.183102324502163469e+02
2.177141019069547667e+02
2.170454126262272609e+02
2.207258444208213177e+02
2.169495836681294065e+02
2.171686682755881179e+02
2.143768240997972612e+02
2.143120198676099335e+02
2.181459297465415830e+02
2.181271932043058257e+02
2.167432724406297666e+02
2.150217451001602171e+02
2.147529200980630719e+02
2.174859132655509200e+02
2.133280912263179516e+02
2.145532892147159600e+02
2.170528491019291835e+02
2.180534335903849126e+02
2.158530127238322507e+02
2.158763829834232126e+02
2.147985842659489890e+02
2.124695498183771747e+02
2.128929889867643226e+02
2.161329756688367922e+02
2.194661485790596771e+02
2.191180660347893649e+02
2.159851662012054874e+02
2.128484301962607788e+02
2.176887916427031087e+02
2.128146941704672201e+02
2.199068125497559834e+02
2.175490528204749978e+02
2.149743933715007529e+02
2.157260906978823130e+02
2.180847509093091219e+02
2.155402738306538026e+02
2.141040475361018309e+02
2.108027847078502930e+02
2.164552402773633446e+02
2.156433568129469620e+02
2.177576742417863613e+02
2.152642726155888511e+02
2.163396168713044858e+02
2.159398112196221575e+02
2.143687679188425363e+02
2.184987816584687721e+02
2.199705428609787532e+02
2.184230908045407205e+02
2.175320727243235979e+02
2.153562056944626590e+02
2.172185302666116513e+02
2.190556989093142874e+02
2.168123834475693741e+02
2.179546585637314422e+02
2.150217955190807970e+02
2.184720468436119347e+02
2.179013052655403726e+02
2.192810214414103029e+02
2.193512563587486852e+02
2.200404446751942942e+02
2.203908681084045895e+02
2.163752497457289508e+02
2.188309724409932642e+02
2.186112953082598551e+02
2.142637881487188452e+02
2.178889777168454032e+02
2.197155481798002654e+02
2.185110267840168206e+02
2.188898628718965256e+02
2.164040491151414756e+02
2.177922641048215837e+02
2.154250172926852542e+02
2.185517808315876209e+02
2.159337010191039496e+02
2.185892756439879463e+02
2.196990801472710189e+02
2.164584454082948923e+02
2.144638486542882845e+02
2.201739097880465010e+02
2.160752010335003206e+02
2.160182469548691984e+02
2.165659865757582452e+02
2.184715499263220693e+02
2.149072125268949947e+02
2.177098088960536586e+02
2.176687373028183572e+02
2.135614482284765927e+02
2.181602363827304885e+02
2.156289500663132230e+02
2.159652734329617374e+02
2.169635212463021503e+02
2.173729868825937501e+02
2.173469765426885942e+02
2.154518515060800894e+02
2.176372779406720781e+02
2.197560120629570122e+02
2.186120727995663344e+02
2.174958990601667779e+02
2.198335945842973445e+02
2.172638830310148137e+02
2.168568842681853823e+02
2.185477791908056702e+02
2.196804315078013872e+02
2.163638243466517679e+02
2.164239366800692892e+02
2.109493543328862302e+02
2.183795037085694162e+02
2.175568141910126769e+02
2.156136892462713490e+02
2.181445393390339405e+02
2.187683275885526371e+02
2.150693358015820991e+02
2.172867387754895674e+02
2.157765143964055028e+02
2.207525625242005276e+02
2.198153132133980421e+02
2.162009828156474782e+02
2.143668368540518827e+02
2.121114233074467279e+02
2.163856172549998291e+02
2.202467423055950064e+02
2.179002919102923954e+02
2.175888842203593185e+02
2.165252870367086757e+02
2.147705727716322599e+02
2.197804571398952760e+02
2.173670112337342459e+02
2.175220987998830537e+02
2.133937697848384971e+02
2.132081754443593411e+02
2.157985160436350043e+02
2.147916671622792819e+02
2.157957445276265958e+02
2.188254422388727676e+02
2.172030968688218877e+02
2.164985791768212380e+02
2.153999606800313416e+02
2.161702364999264319e+02
2.151728671563237754e+02
2.133916164957587682e+02
2.160902474338444108e+02
2.204951891795577978e+02
2.155599115383535036e+02
2.178477807795933643e+02
2.137077387507757464e+02
2.186108862217136561e+02
2.157650916975191535e+02
2.186492430845748061e+02
2.171174902968534752e+02
2.174737170013779064e+02
2.140910275382007057e+02
2.214240731706547649e+02
2.137550076270780721e+02
2.169813675005297284e+02
2.162431126379134412e+02
2.153373861498678536e+02
2.217027241294312887e+02
2.176234408891741623e+02
2.150871133274180522e+02
2.145164748322528396e+02
2.151088511170783306e+02
2.185068743185619269e+02
2.172849442195137044e+02
2.116041957928059105e+02
2.169801034012843104e+02
2.188704128211701914e+02
2.157661851947788136e+02
2.170292903421552921e+02
2.112894821025494423e+02
2.174617356377773092e+02
2.160170333740281592e+02
2.171005212090550458e+02
2.168677243995264803e+02
2.178647004493973327e+02
2.171582121934839051e+02
2.156217813002479602e+02
2.131225590950853359e+02
2.209143195922681855e+02
2.161816428144629185e+02
2.184162900276755295e+02
2.176787433449667901e+02
2.134751337731985075e+02
2.165380690402268442e+02
2.189123852985056828e+02
2.160431117320198666e+02
2.167539824060172293e+02
2.153373803001660463e+02
2.184016667067445781e+02
2.191210328058741084e+02
2.179913486629997976e+02
2.162251396638617109e+02
2.174969192239292113e+02
2.152999275176283334e+02
2.151390085553068729e+02
2.133556900112949393e+02
2.124156329928119362e+02
2.175604019906243991e+02
2.143660135087301342e+02
2.191887906940866628e+02
2.172217440708389233e+02
2.154424774293580072e+02
2.127008119881701020e+02
2.154053504579787557e+02
2.155223946141514375e+02
2.133624849528696075e+02
