1.437784986342097682e+02
1.413597939536597323e+02
1.436370299230582646e+02
1.446630476255297140e+02
1.422440974296841318e+02
1.421469554273795382e+02
1.433257394180799338e+02
1.444490059346337034e+02
1.437774878447097819e+02
1.433369209030149989e+02
1.445968655697723193e+02
1.405745731723280301e+02
1.449787271589720206e+02
1.448790737377760820e+02
1.440994421270184205e+02
1.434195360601733569e+02
1.432319533899435271e+02
1.451608674404551493e+02
1.449143092793483163e+02
1.428111648501669890e+02
1.435146628886120936e+02
1.446630405992562487e+02
1.452467991027275502e+02
1.427406062790884675e+02
1.427801618844615064e+02
1.452017148434241562e+02
1.441182205559029512e+02
1.440027272516571202e+02
1.452066517230421425e+02
1.425526809065990506e+02
1.432025682816562266e+02
1.428445535895177443e+02
1.431171413477391638e+02
1.423935166504757603e+02
1.438988948628548314e+02
1.436589574975978962e+02
1.441951641133508701e+02
1.413889625772120553e+02
1.443583786170918017e+02
1.440081306274062456e+02
1.462192279695030948e+02
1.438174867584683341e+02
1.424176266255974781e+02
1.440655660530035789e+02
1.430839526086823525e+02
1.424714315862502474e+02
1.436957719205307740e+02
1.447750489920245798e+02
1.426572578119393029e+02
1.439889112200695251e+02
1.444949213762656655e+02
1.450282179740732431e+02
1.431278377551864196e+02
1.430548244777519926e+02
1.445553882106599701e+02
1.453109088012246843e+02
1.418112449881554653e+02
1.447552670775995978e+02
1.438873923746946275e+02
1.426379282318305002e+02
1.448869508023370543e+02
1.430701752950311629e+02
1.409513064410924983e+02
1.436901494511234603e+02
1.454695305156336360e+02
1.432093941919144697e+02
1.418814623778200144e+02
1.446512693295680378e+02
1.434243553736164642e+02
1.444387341027817513e+02
1.423938003083095509e+02
1.426355216781373940e+02
1.439602337120439586e+02
1.417960334508724713e+02
1.436892570808397807e+02
1.434879163991440976e+02
1.455897895917640312e+02
1.454875539753433316e+02
1.414591497624028307e+02
1.434086212171363854e+02
1.427786688895333214e+02
1.422235467071009225e+02
1.444488714753347267e+02
1.422828622619185523e+02
1.442710145787318652e+02
1.443944116022927631e+02
1.426855168351175394e+02
1.432370988970369581e+02
1.451166727917631647e+02
1.458707448924468792e+02
1.423255903908801940e+02
1.422880557533281092e+02
1.419307210906597447e+02
1.438644158082067861e+02
1.449335688370232447e+02
1.431332389883716587e+02
1.438149580047674760e+02
1.443600369827472321e+02
1.438211158384433759e+02
1.436878074647375172e+02
1.430149105833600913e+02
1.451457556519861498e+02
1.420263825591780460e+02
1.434543800068726114e+02
1.437200611641930550e+02
1.416662600492979038e+02
1.440189849869239822e+02
1.431952195099122207e+02
1.421681256533988176e+02
1.421415234006309731e+02
1.441438833805080151e+02
1.417288148641381440e+02
1.448279085053461301e+02
1.410404310195112600e+02
1.424921867860868758e+02
1.433121736262546619e+02
1.425398854475096186e+02
1.441320888260230220e+02
1.452033406187450737e+02
1.432115215241555859e+02
1.431398135625504153e+02
1.428879951077991279e+02
1.424184264307402543e+02
1.434803317456784555e+02
1.419736148631738217e+02
1.425964109198113476e+02
1.448121540125200966e+02
1.432594068302666130e+02
1.430029549748101090e+02
1.445171329084151921e+02
1.434327731276153486e+02
1.429781638433473461e+02
1.430492839890320909e+02
1.446042016275143283e+02
1.423859187723401192e+02
1.443663531118553180e+02
1.445047467514470725e+02
1.437399158586533758e+02
1.434355685752481975e+02
1.418342635807034071e+02
1.433803209715866274e+02
1.441453683900983833e+02
1.439900798643639064e+02
1.426182477850600208e+02
1.433010134510590774e+02
1.424597841418837731e+02
1.436585891000342485e+02
1.436434363390281703e+02
1.425227606004839060e+02
1.419570629117023657e+02
1.442417305333422348e+02
1.432203282698589533e+02
1.451506579921152991e+02
1.424072840152855690e+02
1.448112011016674785e+02
1.428434927245409369e+02
1.447802760897668577e+02
1.435028625248976653e+02
1.434922476549145642e+02
1.429823010709286848e+02
1.428012790124631692e+02
1.433460544846589073e+02
1.444125510491888917e+02
1.431466711606663580e+02
1.439940445239353721e+02
1.442167037755299646e+02
1.459084504379738974e+02
1.411310474055637485e+02
1.440114113836635852e+02
1.419572823256608558e+02
1.432462241364507349e+02
1.423645653429022104e+02
1.455828870449614385e+02
1.430974484237137005e+02
1.453035337135270879e+02
1.440930703010494085e+02
1.416824044974510173e+02
1.448261939952333535e+02
1.438402281070365234e+02
1.445892622516481083e+02
1.425438945961241757e+02
1.429948717328547332e+02
1.445398359312996206e+02
1.412486067863206642e+02
1.431814514703417274e+02
1.435025901267920290e+02
1.440506017186252734e+02
1.453056763033803236e+02
1.426040693190744264e+02
1.440485309228251936e+02
1.432127102267500618e+02
1.413210574515391897e+02
1.428759222343853423e+02
1.438151193365684719e+02
1.417102703284790834e+02
1.433449671271525006e+02
1.445721447196916927e+02
1.440745524009798544e+02
1.430631400220864293e+02
1.428366628517682955e+02
1.429868481903982058e+02
1.429018111714622989e+02
1.441884149501475747e+02
1.431179938078170721e+02
1.435470580207691569e+02
1.430861317848479075e+02
1.432915750543847935e+02
1.429926294681493459e+02
1.439543367195054770e+02
1.418449525482338345e+02
1.430845071609700483e+02
1.423152304973054356e+02
1.439098880747841918e+02
1.424673668418087971e+02
1.417308343781433848e+02
1.436889519160708915e+02
1.443737959301135731e+02
1.427254642010832413e+02
1.426972821734340755e+02
1.433757754003802347e+02
1.445874192324362184e+02
1.438665916264788223e+02
1.444044199544355251e+02
1.436425887777221817e+02
1.453110576327204626e+02
1.425385978256138344e+02
1.445435431104521058e+02
1.436933086333192477e+02
1.429994536103221208e+02
1.446659099079107023e+02
1.442686243613206329e+02
1.433527252563458205e+02
1.440373988583433800e+02
1.421640423900991266e+02
1.419792084706407138e+02
1.454835707526826241e+02
1.420009376435733373e+02
1.435787270704657317e+02
1.445191231783266517e+02
1.438714030335233645e+02
1.430379371809742111e+02
1.424444311864583597e+02
1.437859738479917553e+02
1.432402977573645728e+02
1.430660448675326677e+02
1.419014613556267648e+02
1.439857088724396306e+02
1.436177857152470381e+02
1.435758936897976241e+02
1.442832687034083676e+02
1.434741532682078571e+02
1.435108574115268993e+02
1.432724145567319738e+02
1.425861413500406059e+02
1.426683506389260856e+02
1.435361735224749680e+02
1.424729062571844622e+02
1.437679409861338797e+02
1.428649004520640347e+02
1.438181453868556900e+02
1.422971677418225624e+02
1.430382034251673247e+02
1.448266720548118371e+02
1.443502911050902071e+02
1.455295597159852719e+02
1.408595690059028129e+02
1.423105965992762094e+02
1.435514323086316892e+02
1.446471048709223339e+02
1.455207872433618945e+02
1.459927694059643386e+02
1.420494537574009826e+02
1.438357651269146231e+02
1.419934361519502204e+02
1.441839147050680481e+02
1.436719711969405182e+02
1.449340908715664114e+02
1.435861507147263012e+02
1.432602587483189609e+02
1.444169314350672551e+02
1.422635727182680796e+02
1.441135895136249587e+02
1.438934649635050960e+02
1.435751837021898041e+02
1.438143767914542650e+02
1.435864150870504545e+02
1.442597194924521489e+02
1.430910249921110164e+02
1.446904642728747774e+02
1.439868656605779620e+02
1.449577862306898055e+02
1.440468814040172560e+02
1.437543643053901690e+02
1.432960842344756713e+02
1.450367139252430775e+02
1.435918179273519115e+02
1.436356020005322023e+02
1.458590056831666573e+02
1.437200626546583351e+02
1.418682401107533053e+02
1.450887404013160733e+02
1.428947531802307651e+02
1.421026572212881547e+02
1.426099665152569287e+02
1.419052968687197733e+02
1.439451274885171870e+02
1.434032852120980124e+02
1.424983517060906877e+02
1.449821117921958376e+02
1.427827005603137991e+02
1.415850207864997969e+02
1.422415682286708432e+02
1.445402848039973662e+02
1.431407357463464791e+02
1.436574683179856322e+02
1.423840337435358379e+02
1.429322298724201801e+02
1.429603303070630318e+02
1.451135716424937527e+02
1.416751557551264113e+02
1.415844379217032554e+02
1.441078716130009241e+02
1.455522790428609028e+02
1.446587603238041027e+02
1.438087118995071876e+02
1.432999682892568387e+02
1.439603196332247421e+02
1.464840708055341167e+02
1.436852481852411358e+02
1.459033733108960007e+02
1.418619752940168155e+02
1.433874477942786996e+02
1.452629521454544772e+02
1.432133016157456780e+02
1.427344732164754930e+02
1.435220952592926267e+02
1.439497965761434273e+02
1.420122867325275706e+02
1.430385617836882091e+02
1.422646500981430222e+02
1.445729157864157912e+02
1.438288161536572431e+02
1.438242249684116132e+02
1.440143714344097532e+02
1.429679234558372514e+02
1.433429705469530688e+02
1.441594722088356946e+02
1.446283009037030354e+02
1.443958468302852509e+02
1.427158077667943417e+02
1.413597147685401865e+02
1.431322798232835964e+02
1.448072722326092219e+02
1.451684801039880881e+02
1.453447383959890544e+02
1.418090443284758635e+02
1.433041146542582851e+02
1.434056487026754212e+02
1.450065495221883793e+02
1.459713701382186741e+02
1.426437235542775284e+02
1.431461272585318056e+02
1.419016659246384791e+02
1.437023535113899300e+02
1.457354464191944601e+02
1.429699412396336413e+02
1.453791634178954837e+02
1.420306599820688405e+02
1.451880194252870524e+02
1.440370030074210774e+02
1.421935128376352964e+02
1.438073843556821885e+02
1.456124928625491179e+02
1.432234073936080563e+02
1.424842128405418293e+02
1.434302807490402074e+02
1.439298621256607760e+02
1.437855523266021294e+02
1.456026782325544389e+02
1.445296217503035336e+02
1.464126233465801477e+02
1.434315506145533163e+02
1.444356159269808870e+02
1.438831341745699888e+02
1.423024827884559897e+02
1.445249703977538047e+02
1.434543460652612055e+02
1.419149870220055618e+02
1.435240026304834089e+02
1.451354491703429517e+02
1.445199080187474578e+02
1.450392844596687780e+02
1.419706721046390498e+02
1.430776627024985999e+02
1.441888884319270403e+02
1.420736107061466384e+02
1.441415145819126735e+02
1.430618346206495346e+02
1.459399217816776400e+02
1.443183436033336591e+02
1.435680719851795573e+02
1.416208463140765446e+02
1.442202251621802702e+02
1.436987112226745467e+02
1.448594108609386240e+02
1.434418335125999420e+02
1.436253070514483738e+02
1.419908528662591891e+02
1.434899852022676328e+02
1.449159145793722985e+02
1.415147623873911584e+02
1.420074821975887005e+02
1.417478229195420170e+02
1.421685333268777924e+02
1.443903655537150144e+02
1.430876910545219118e+02
1.449383498142970552e+02
1.446965922510705980e+02
1.423933702502067433e+02
1.444362057951949794e+02
1.428568438674663810e+02
1.449483557450451485e+02
1.425396339296831627e+02
1.428633339540673148e+02
1.439624116622882184e+02
1.426631367224639177e+02
1.440055639434415866e+02
1.444237622805215437e+02
1.442801749188092231e+02
1.454621667149756945e+02
1.430198419251835560e+02
1.441074229109082410e+02
1.439258074221910135e+02
1.429144303503797744e+02
1.445547087827934263e+02
1.417478129927168595e+02
1.440678503750840775e+02
1.437559442465233417e+02
1.440629116202496505e+02
1.442640012830131582e+02
1.441241349059013430e+02
1.430229297218353679e+02
1.426573174071662891e+02
1.421263206541600539e+02
1.450198530669755712e+02
1.443816808157271794e+02
1.433092448062795938e+02
1.441778271288881967e+02
1.435279874585696120e+02
1.433990709361404470e+02
1.429959980442727669e+02
1.435154642577586230e+02
1.435707950710297496e+02
1.441771970139927248e+02
1.436945358361138858e+02
1.428495783502385166e+02
1.440261967186511072e+02
1.436545768176270599e+02
1.440412988978699218e+02
1.418721071988637163e+02
1.428945277915667589e+02
1.436574885453019306e+02
1.423302517906194566e+02
1.425327680426700283e+02
1.443074798937625758e+02
1.432047606745195480e+02
1.420686781733024304e+02
1.441912186138002596e+02
1.436168497291565700e+02
1.455715773361284846e+02
1.443139611704433776e+02
1.442981270338995046e+02
1.434750447445806572e+02
1.427424850209686724e+02
1.434669513091803026e+02
1.420503805609875201e+02
1.426102628529097558e+02
1.437971058403794586e+02
1.442611470410053016e+02
1.440168882856200412e+02
1.437017566802780948e+02
1.428310903232246289e+02
1.437894762412113607e+02
1.446340725787533188e+02
1.434490181255904986e+02
1.435787527953587244e+02
1.431058868048050101e+02
1.428317457801235832e+02
1.445356030353561891e+02
1.431186873525772114e+02
1.447478633939756492e+02
1.439884892737867972e+02
1.429401814339443888e+02
1.448208935897753520e+02
1.422089106331549999e+02
1.411619525536686695e+02
1.439026058018482956e+02
1.444125932387044315e+02
1.446433096205586253e+02
1.450289786725751924e+02
1.434947920120878280e+02
1.432706388759482650e+02
1.448260924224293547e+02
1.438562013721650317e+02
1.416159990992827886e+02
1.447802357890019778e+02
1.438901386798393389e+02
1.438228021215204535e+02
1.440025695339602407e+02
1.444764208648115584e+02
1.432426169435589429e+02
1.437907575887142855e+02
1.451293447692634402e+02
1.440476682490709948e+02
1.442633201195716595e+02
1.430283633987245366e+02
1.447985441506207849e+02
1.436872006259397665e+02
1.438012792422182713e+02
1.430250780531852683e+02
1.443697257998192356e+02
1.429285850811781131e+02
1.428655183186539546e+02
1.418885569624571019e+02
1.458891745877531889e+02
1.445550131092663264e+02
1.435722757037116253e+02
1.427754427391476213e+02
1.450634064814559281e+02
1.424024166885635339e+02
1.442637003877570407e+02
1.442508023662037999e+02
1.443055556792452592e+02
1.426762183783693558e+02
1.404670925207229004e+02
1.441706755449710329e+02
1.435876198662539593e+02
1.434571957297163749e+02
1.445367391555093093e+02
1.431904021911332450e+02
1.436219675944839196e+02
1.400778964696053777e+02
1.440012724404683695e+02
1.431582722617285697e+02
1.436263179982346685e+02
1.438413533325018534e+02
1.438324996774370845e+02
1.422229667348937880e+02
1.433984021151102866e+02
1.439628209436144175e+02
1.426829713602901393e+02
1.428580797110511185e+02
1.415283496889080084e+02
1.425683222631287208e+02
1.443389804327807155e+02
1.426155122013699668e+02
1.431972945901476351e+02
1.452499442472666829e+02
1.449171050287699813e+02
1.429717253597351885e+02
1.423435237801509174e+02
1.440104340989385889e+02
1.449413734789168586e+02
1.442536004605160542e+02
1.430074389397173036e+02
1.440923217243527858e+02
1.441839294078272360e+02
1.429985158058513264e+02
1.431834405407451811e+02
1.436776650066375396e+02
1.432391121967673087e+02
1.430435735051930521e+02
1.414336065667324931e+02
1.450872545196788508e+02
1.427827181934528085e+02
1.446989317113989557e+02
1.424718792578550790e+02
1.425951239968688640e+02
1.429463456342287770e+02
1.427205037739459215e+02
1.437078968500224221e+02
1.424986302344575506e+02
1.431239957721423934e+02
1.427292863246282764e+02
1.428396760130426628e+02
1.428793787292347304e+02
1.424482518748556288e+02
1.440030000919091435e+02
1.411764090644071246e+02
1.445125724604460800e+02
1.437102489062818336e+02
1.445482453380640777e+02
1.425802513695382459e+02
1.442005145914890818e+02
1.430921807329777664e+02
1.438554564084554386e+02
1.443613306500992621e+02
1.433924555797427445e+02
1.427464204208412184e+02
1.440843718929824320e+02
1.438892204018090411e+02
1.429444407098550300e+02
1.411747925701414488e+02
1.421185477502434367e+02
1.450431275421355508e+02
1.428653625814202712e+02
1.437030804262884942e+02
1.436601007467699844e+02
1.448399859093561872e+02
1.444442305015763282e+02
1.456502293644054191e+02
1.422898035369801164e+02
1.442136774362935228e+02
1.435920904355229482e+02
1.447253009663415924e+02
1.425755032930509003e+02
1.443739871009705666e+02
1.429841468495800711e+02
1.439822952743197391e+02
1.442299470103833414e+02
1.428978085359505030e+02
1.419947126831005448e+02
1.458150054897844825e+02
1.462336084994232408e+02
1.424303752724161711e+02
1.427400708968462766e+02
1.434414042149158490e+02
1.440875708749830437e+02
1.465145767700858244e+02
1.430911597681963769e+02
1.463773522249144037e+02
1.423219016095648897e+02
1.452863007443451409e+02
1.411673142550499165e+02
1.443269864132206806e+02
1.433709191050086815e+02
1.445020468581195416e+02
1.443790584802873127e+02
1.437855170554190636e+02
1.442688371339328341e+02
1.430249611069154128e+02
1.436208062812880257e+02
1.426023780947763839e+02
1.422936039536529620e+02
1.429007585378860483e+02
1.437123955029066167e+02
1.436689008272178114e+02
1.433070124715819134e+02
1.437007336952467256e+02
1.435802192687652621e+02
1.446920033380702364e+02
1.438673320364921153e+02
1.426830913793668287e+02
1.423967729149190120e+02
1.448688169033759152e+02
1.435538821158426401e+02
1.429309197454382740e+02
1.414625604342210465e+02
1.451583396597126523e+02
1.435105818384001850e+02
1.440716549561483077e+02
1.431597500674571393e+02
1.436624841199937066e+02
1.424453741580269366e+02
1.420011817113553718e+02
1.426777888773191023e+02
1.424588100292984052e+02
1.430080977707364980e+02
1.451657117337471163e+02
1.465353840913287229e+02
1.431300364944430612e+02
1.431582423573245535e+02
1.431649254887576888e+02
1.429324102968365935e+02
1.429987684415386013e+02
1.437943788390031727e+02
1.423128302527701123e+02
1.434899728762043765e+02
1.408985804780291460e+02
1.442568910394811610e+02
1.436326839675308236e+02
1.439764950958249017e+02
1.451716111953247719e+02
1.432982816641464012e+02
1.457630006429182288e+02
1.455086201492000839e+02
1.425304775725628303e+02
1.444653516575721994e+02
1.438112723148700525e+02
1.426069080801562166e+02
1.429734649608270445e+02
1.436326363120681435e+02
1.444241640962111433e+02
1.425469367317479339e+02
1.442236916986739743e+02
1.448521678390584100e+02
1.423652781329309960e+02
1.429575115634119129e+02
1.432276308183294304e+02
1.444655925958749663e+02
1.442050446191877029e+02
1.432864026987452917e+02
1.406542310612725544e+02
1.412113904009706573e+02
1.442558482051799160e+02
1.444954658349245449e+02
1.444741773949600088e+02
1.468433845423685682e+02
1.445698377300450943e+02
1.439251821543746530e+02
1.436797725606254517e+02
1.422681263267112968e+02
1.418013876273660401e+02
1.446255666095970582e+02
1.430007295619539036e+02
1.457965982977545707e+02
1.439471211618686368e+02
1.451930585226394612e+02
1.426004469503560017e+02
1.418417665943787540e+02
1.438476676731797568e+02
1.423151279053869018e+02
1.440739576951788763e+02
1.448543894985148768e+02
1.440575036664918684e+02
1.442706597291353887e+02
1.404443638564907815e+02
1.445768828310577021e+02
1.442973895188460176e+02
1.431912984204094528e+02
1.425197558715444757e+02
1.445284707322878432e+02
1.437288377920350797e+02
1.445602234185048758e+02
1.433222530540496109e+02
1.432293423135246542e+02
1.440837083875314875e+02
1.441700409623395558e+02
1.450410343670178861e+02
1.415997454906105020e+02
1.447116851885998301e+02
1.439529664332194159e+02
1.430726818756549505e+02
1.432074642913046034e+02
1.430106930418704962e+02
1.422112649323723019e+02
1.438791243123854713e+02
1.441828768922173083e+02
1.430203444879697088e+02
1.431739819762735522e+02
1.436182543078191998e+02
1.426419002576458865e+02
1.437416144685680592e+02
1.432175746734690449e+02
1.435799265518514858e+02
1.410793303947600918e+02
1.399316752146904150e+02
1.412703977736546790e+02
1.444149850921106975e+02
1.434272903688795679e+02
1.425311727557346444e+02
1.443260842816566765e+02
1.437688488148854162e+02
1.421065616698459166e+02
1.443998854332303949e+02
1.421262113469248902e+02
1.428636022968752854e+02
1.424784561353674519e+02
1.452712590524862719e+02
1.430902097917509082e+02
1.433365497862191376e+02
1.440151377262214680e+02
1.442116843078752879e+02
1.450771939746510668e+02
1.445638377785215880e+02
1.451123385254617801e+02
1.414607217169433397e+02
1.423426201348892732e+02
1.429164228100773357e+02
1.450957697450771491e+02
1.427719021312305756e+02
1.441625955756651365e+02
1.416016768942807289e+02
1.425062210005288250e+02
1.439768243919279200e+02
1.447083107809974365e+02
1.434143418965515195e+02
1.444942798358129608e+02
1.443051724296372811e+02
1.445037397294870232e+02
1.453908506851978473e+02
1.431127925428670551e+02
1.448530432264887224e+02
1.425118787060930003e+02
1.461803096592098825e+02
1.428701095234182219e+02
1.428949632429928158e+02
1.430337908894902625e+02
1.421570643945327390e+02
1.415205717448793337e+02
1.430899902777445334e+02
1.442375993178246461e+02
1.436830977266339175e+02
1.448964106536864165e+02
1.439956718480239601e+02
1.431545593034658737e+02
1.432273394862760085e+02
1.442024879766462107e+02
1.446871055445220975e+02
1.454990661725927055e+02
1.429718576108111563e+02
1.423781794632093636e+02
1.427582889014927616e+02
1.426214939009249747e+02
1.435595556252785343e+02
1.450869280950582265e+02
1.446230679941452308e+02
1.443403061064891801e+02
1.434465377367929193e+02
1.444670799152073357e+02
1.436516616439658378e+02
1.439388944240151886e+02
1.443639695430386780e+02
1.440102354198114938e+02
1.447348722285493920e+02
1.414315802941793834e+02
1.420117810266779372e+02
1.432018149729321976e+02
1.429480976454686640e+02
1.444868626459744689e+02
1.445432131213154037e+02
1.427518765554411573e+02
1.443119320880896908e+02
1.434222378694119584e+02
1.420500768609073248e+02
1.434857998019340073e+02
1.442346178994452544e+02
1.434498991561867740e+02
1.436083524398187024e+02
1.450113501147214947e+02
1.431260159863591070e+02
1.445960146024003166e+02
1.431174965284149323e+02
1.439359957268710275e+02
1.453082789244535320e+02
1.435589315107371817e+02
1.436713555322117202e+02
1.418347317581457219e+02
1.437057655752294352e+02
1.442053904847636829e+02
1.424535213831137526e+02
1.448262553652188274e+02
1.431882393266022007e+02
1.451153518231870407e+02
1.427963642670106594e+02
1.435313907855693287e+02
1.428606346708650960e+02
1.438898404393132751e+02
1.425097404042896301e+02
1.441816508422381844e+02
1.458064826884556737e+02
1.436139255524743703e+02
1.421545651459964859e+02
1.428147810266210911e+02
1.410968210949323804e+02
1.434246284469083434e+02
1.430938282484135016e+02
1.438738383914178485e+02
1.426124050627204269e+02
1.430977788459897511e+02
1.469285695638034213e+02
1.432222230806091829e+02
1.429775146405067972e+02
1.434630591770359729e+02
1.414003907592909570e+02
1.430981844644135776e+02
1.443376218333387158e+02
1.439533225618288270e+02
1.423492051202399864e+02
1.428870285501282638e+02
1.418024269026355171e+02
1.439123471827422804e+02
1.423828503231047762e+02
1.422605749732986453e+02
1.439082435836583045e+02
1.419998161134668351e+02
1.421170031153971252e+02
1.441016071295309757e+02
1.443088891532428875e+02
1.443709611854823152e+02
1.424924196622846182e+02
1.432050622930533450e+02
1.444121812347063951e+02
1.442801965149579928e+02
1.445159970790533066e+02
1.420949026562796860e+02
1.426058134880309467e+02
1.434040520009080524e+02
1.440203675493545461e+02
1.433872344352429593e+02
1.416271504451393355e+02
1.426650721583545192e+02
1.440836275026956628e+02
1.435947567328549894e+02
1.437415503694372774e+02
1.410079722492403107e+02
1.422618179317785518e+02
1.441889237993174220e+02
1.429333968704755762e+02
1.453413114026446635e+02
1.445473152648994812e+02
1.436534076080576199e+02
1.439547847981768882e+02
1.437346909486453796e+02
1.441983606864202159e+02
1.426840951794248724e+02
1.441872203915103512e+02
1.458280158755347600e+02
1.430560739526504790e+02
1.418196070535082924e+02
1.432666069285104697e+02
1.442051051726978415e+02
1.452411093005847249e+02
1.449772705209188359e+02
1.429667202682631739e+02
1.434813228262775056e+02
1.428759079213490963e+02
1.444818880685540989e+02
1.434907159640856094e+02
1.434399334870818450e+02
1.423295072686422031e+02
1.423743302877178678e+02
1.424790923187775320e+02
1.425457137274285628e+02
1.431957315361925112e+02
1.425779172825549495e+02
1.441922156008926947e+02
1.443681203044700965e+02
1.439767244660973518e+02
1.447003467757721467e+02
1.423488750096832973e+02
1.417386997267576874e+02
1.426656112813659263e+02
1.434804647156700241e+02
1.431181254496842996e+02
1.418691501295156172e+02
1.450295894872096767e+02
1.441261912173102360e+02
1.444445653945210211e+02
1.419390585630216606e+02
1.441551351078122423e+02
1.433547801973021762e+02
1.415044032980336794e+02
1.464263592514564323e+02
1.450636273010626098e+02
1.439405123117403775e+02
1.436295993657215320e+02
1.418340453398473642e+02
1.431453516279741791e+02
1.451657865802460492e+02
1.435082361833421203e+02
1.447786775235112771e+02
1.447162586055593465e+02
1.425366568114294807e+02
1.426894294532422975e+02
1.431177021350703171e+02
1.419596538439092797e+02
1.442822243425760860e+02
1.430854888678527175e+02
1.446558217264897905e+02
1.439032001951029258e+02
1.436354236672621028e+02
1.450442641175165193e+02
1.429973160889565804e+02
1.435527228584566330e+02
1.415664481576717719e+02
1.433905489904253159e+02
1.425659228963442331e+02
1.436961936333747758e+02
1.437936881859412779e+02
1.455645449414791699e+02
1.428727745628013110e+02
1.445197235261576338e+02
1.421836601354057450e+02
1.431118631217127586e+02
1.424342408034102050e+02
1.438487180317681293e+02
1.426073352517084913e+02
1.418434197833971382e+02
1.430813321533643148e+02
1.433795121546203291e+02
1.420177993284569027e+02
1.440118988382012049e+02
1.429250521548439394e+02
1.427822685282565374e+02
1.437806337256007794e+02
1.434674669627937931e+02
1.446022972951350596e+02
1.441298507542114749e+02
1.429101705329898948e+02
