2.145711872798065372e+02
2.234108609946905517e+02
2.238897094984707792e+02
2.301116900241637495e+02
2.213010910484038902e+02
2.297624428347194794e+02
2.285639625790463469e+02
2.200746918213330332e+02
2.193206060790177787e+02
2.283533578190953790e+02
2.283696553407051795e+02
2.231508900159233235e+02
2.217638649200135319e+02
2.326854671968861510e+02
2.247203173814487798e+02
2.344695779343857680e+02
2.312646638697487163e+02
2.114399143823770260e+02
2.371272415017590447e+02
2.225950911669324341e+02
2.271954353703341951e+02
2.120823725304617255e+02
2.263957941053818104e+02
2.312875974911490857e+02
2.234321009097486126e+02
2.295794881096821030e+02
2.314424377477638188e+02
2.203192882297645383e+02
2.245861748801622753e+02
2.231718379467291982e+02
2.150034205508505920e+02
2.405111285750173522e+02
2.220636813486019037e+02
2.241522201179501224e+02
2.161817533652824181e+02
2.217508323935267356e+02
2.260137036059410889e+02
2.336781472379224738e+02
2.294151547165244835e+02
2.246009005097659497e+02
2.222472585247071493e+02
2.161071683511992489e+02
2.167437886541559351e+02
2.242806928532590689e+02
2.188972249662625700e+02
2.340481717086505284e+02
2.267444871695586812e+02
2.135374285077971592e+02
2.229886098186192385e+02
2.296227214058866650e+02
2.271616800116985075e+02
2.249239365025952395e+02
2.368874714437880584e+02
2.224254880547576647e+02
2.218485795317758971e+02
2.290813904532207061e+02
2.330748208090991511e+02
2.292501585927832082e+02
2.233778994814682619e+02
2.225043028005867995e+02
2.267834996246461401e+02
2.224328372639532176e+02
2.127602663565868113e+02
2.112533854963111253e+02
2.209817012221490984e+02
2.167914408262644770e+02
2.267185260313844424e+02
2.312488624316942207e+02
2.311796468609583428e+02
2.322264746637632982e+02
2.271886196505967064e+02
2.279326406390377144e+02
2.284086788032487618e+02
2.205400680215218188e+02
2.250177641089605629e+02
2.212985723207071658e+02
2.256943934517476578e+02
2.240280406035200258e+02
2.173532523946730919e+02
2.373781580946553618e+02
2.246325744303572947e+02
2.232009907201216095e+02
2.307999936260841309e+02
2.287457609244683567e+02
2.179038660613245781e+02
2.207824632510443337e+02
2.223584072238948863e+02
2.196581350414350027e+02
2.260517953115830210e+02
2.253466724719133367e+02
2.261450342117408923e+02
2.222214370000309600e+02
2.375477701339848977e+02
2.273641936291899412e+02
2.202729542125661055e+02
2.234736800502067808e+02
2.285306666394326669e+02
2.187892577475628002e+02
2.231344962747382112e+02
2.262444774826536218e+02
2.077380980027480746e+02
2.236598453194408478e+02
2.198503047909068755e+02
2.182053225551116498e+02
2.327034557299461142e+02
2.277035305478871692e+02
2.268235046643210922e+02
2.258607760800629194e+02
2.252220996746830792e+02
2.222823770549044866e+02
2.313239029513554215e+02
2.378496044073639553e+02
2.288634743776456162e+02
2.197189901616150109e+02
2.180934311736118616e+02
2.263580748776552127e+02
2.256821715733520932e+02
2.168581782899648829e+02
2.244677909922218646e+02
2.331428124570342959e+02
2.191422842528358785e+02
2.222660111318852785e+02
2.225035624469781510e+02
2.388652381569248462e+02
2.273582384370617717e+02
2.164471017233646251e+02
2.265023705636449165e+02
2.256751067644854913e+02
2.351585179237142427e+02
2.177203557043158924e+02
2.238717837227305552e+02
2.232621390313915981e+02
2.229502759435278278e+02
2.158240402096550099e+02
2.279888780446315479e+02
2.289644209317767150e+02
2.136506149303012592e+02
2.295020695438083465e+02
2.071603968966528839e+02
2.332998823107405713e+02
2.360363770341006386e+02
2.285030855058608381e+02
2.156555989414714247e+02
2.239423118832401656e+02
2.337575747604038838e+02
2.314162342177259575e+02
2.274483285068635041e+02
2.165224809247075939e+02
2.227159986815933621e+02
2.261108739794338476e+02
2.225466474241287358e+02
2.283651206430117497e+02
2.304028864321677474e+02
2.261045043762971716e+02
2.200166059946683959e+02
2.183851435953658893e+02
2.297740790769755677e+02
2.397944890804772342e+02
2.314426387049437039e+02
2.354092447725327588e+02
2.159484468338513068e+02
2.234346996207711697e+02
2.219853858574253422e+02
2.156330872097511246e+02
2.348398180651617793e+02
2.188053497360884592e+02
2.173357367251214782e+02
2.133671338359179686e+02
2.255682930172259830e+02
2.293889763382211981e+02
2.179289197626750365e+02
2.269279035745977353e+02
2.199894975865473441e+02
2.257832331888477029e+02
2.240974382769420856e+02
2.174235772477603064e+02
2.150952945732537387e+02
2.211889270645036447e+02
2.280185030937772694e+02
2.258279055355213529e+02
2.269831703780508576e+02
2.248844132387623915e+02
2.296376152980228937e+02
2.211088813599768343e+02
2.161656268238163250e+02
2.273180620079326104e+02
2.248958672104053846e+02
2.281804417382414556e+02
2.160933239369684600e+02
2.139660807783445478e+02
2.259744430990116939e+02
2.236833878945829781e+02
2.253612271150896618e+02
2.203100507443141680e+02
2.214859796590922372e+02
2.264838074938948580e+02
2.291622886510282058e+02
2.200540589244430976e+02
2.266467376410183192e+02
2.226272228893600413e+02
2.304274583065733850e+02
2.208217923758112420e+02
2.277019148523218064e+02
2.205056816825180590e+02
2.314770381676647730e+02
2.194829918336679384e+02
2.272775993023178387e+02
2.398698908575337612e+02
2.222195028645306536e+02
2.265700588253478713e+02
2.191642848429166008e+02
2.270862840791585313e+02
2.227732427851750856e+02
2.332609536096469185e+02
2.145820146480480162e+02
2.212289895724839539e+02
2.190214878346360479e+02
2.275468723429476370e+02
2.142678968027706787e+02
2.259973170380879424e+02
2.345721101145406067e+02
2.146951693612828080e+02
2.405349141492413594e+02
2.290017483071831350e+02
2.265097137596798120e+02
2.243210632915154008e+02
2.241717929521059602e+02
2.307926416733963606e+02
2.288185353760353280e+02
2.314066940290182117e+02
2.324672043692029035e+02
2.206430629815089901e+02
2.267816835420144344e+02
2.246536349688193468e+02
2.266478253729812025e+02
2.191444826575226728e+02
2.244624172419386525e+02
2.365456053595510753e+02
2.272887949216666925e+02
2.256059097476949091e+02
2.152202194508098501e+02
2.314554740369354704e+02
2.342056589951715750e+02
2.272458212116563345e+02
2.159491615283868384e+02
2.223694132033607502e+02
2.233250038049588682e+02
2.288849294713137397e+02
2.310815271008453919e+02
2.278554549503038515e+02
2.184985230384434090e+02
2.229877077055146799e+02
2.273002828012346868e+02
2.234994391190180636e+02
2.217225283068927979e+02
2.260662450427694239e+02
2.179575378665023493e+02
2.330256489108888331e+02
2.220843431111348423e+02
2.313344281748181572e+02
2.331274361948072738e+02
2.232531171385884932e+02
2.350918272585649618e+02
2.261206815496593947e+02
2.198375655018987516e+02
2.231215334503261545e+02
2.197716611640931035e+02
2.209617025960071715e+02
2.243260195733118962e+02
2.151413911310758067e+02
2.227055441175016881e+02
2.340246487981187329e+02
2.246063667141724807e+02
2.253093217371358321e+02
2.300588760138829798e+02
2.163354205347198160e+02
2.281731810694230376e+02
2.218932935853875961e+02
2.220244498912892368e+02
2.195569255515669909e+02
2.255398308796866900e+02
2.160426522270836074e+02
2.316905432459617202e+02
2.280545847803493302e+02
2.346413788243807517e+02
2.265455373821624505e+02
2.270238699599703978e+02
2.252189880337950854e+02
2.256930009110176911e+02
2.150491623106263148e+02
2.282009370409235487e+02
2.124258045506407484e+02
2.322835490200755260e+02
2.267654786585050317e+02
2.130000201187381776e+02
2.327307271312957937e+02
2.237310642884444292e+02
2.265161796406318615e+02
2.352976467061413075e+02
2.273249743302078798e+02
2.282908114954768735e+02
2.260148028601720114e+02
2.271565885958547142e+02
2.284908632703929072e+02
2.268707455828234458e+02
2.189667326025362968e+02
2.253144753520339805e+02
2.236314272961139977e+02
2.197494669146751392e+02
2.224749561052182401e+02
2.285577218857407331e+02
2.289480322064132451e+02
2.214646919664820075e+02
2.217258629711406570e+02
2.267550684408064399e+02
2.150573386675660856e+02
2.197772616291967722e+02
2.300453386979781101e+02
2.203045017254382572e+02
2.382713158671478766e+02
2.258590226834202497e+02
2.197045501460883656e+02
2.259924762062438219e+02
2.298843327336644222e+02
2.318758789718446849e+02
2.324753036562145212e+02
2.256974531895404539e+02
2.194183406856613203e+02
2.299991962699093904e+02
2.287110654705389834e+02
2.238295447418389870e+02
2.099323802358124169e+02
2.340454685666635442e+02
2.220239278930021669e+02
2.352156730915521052e+02
2.350011485138953731e+02
2.253077332504695960e+02
2.176561015176989429e+02
2.209665981247577236e+02
2.185466874653671709e+02
2.196544392503198821e+02
2.196108092638773144e+02
2.242922638151013643e+02
2.275731400033731120e+02
2.168553383566852801e+02
2.227861479705382521e+02
2.178101011465053887e+02
2.247692504088731766e+02
2.272397489366719867e+02
2.291451012828280795e+02
2.242193121948028534e+02
2.289363605440855167e+02
2.321824805283513626e+02
2.244822461599777910e+02
2.232992464812554942e+02
2.238672949221252964e+02
2.214409379266398616e+02
2.323579264764244385e+02
2.220030822319693868e+02
2.189269089409962419e+02
2.200766849623873611e+02
2.121913124977299105e+02
2.145434114055666726e+02
2.141108776757500323e+02
2.181528338923109800e+02
2.249425203275768297e+02
2.183284835702087321e+02
2.388539476792191749e+02
2.266393616325934488e+02
2.349826807615225164e+02
2.168569408351115726e+02
2.177102843864714146e+02
2.321624446824900474e+02
2.200091266269275252e+02
2.182132634472268080e+02
2.239039087153230696e+02
2.187204163993614827e+02
2.223431362469491148e+02
2.255512407529459438e+02
2.299263623819101099e+02
2.181054482562868770e+02
2.329810936173221307e+02
2.285786318731290692e+02
2.158373735644404405e+02
2.293225279093995823e+02
2.219786275204569392e+02
2.256599043154354547e+02
2.113719231321070708e+02
2.181321083287813281e+02
2.129245706910876663e+02
2.325240986154994971e+02
2.316934693346298104e+02
2.214989232753890747e+02
2.171553163248391343e+02
2.236442656128583621e+02
2.219411960856332371e+02
2.216936967405973462e+02
2.322472155842922632e+02
2.139094645129784169e+02
2.254513832765931340e+02
2.380442896864490763e+02
2.215850537277531487e+02
2.188000160930585309e+02
2.163067513385544203e+02
2.275503490700325528e+02
2.210079798821276427e+02
2.180711815545525383e+02
2.185416050133133297e+02
2.292400980366183205e+02
2.279766763121721169e+02
2.267095440032296381e+02
2.182899995203790695e+02
2.267579506871346950e+02
2.177555507120016784e+02
2.345050669205354552e+02
2.298722723499003564e+02
2.235000495267899510e+02
2.212670468329420146e+02
2.141389347079864649e+02
2.236734285174970012e+02
2.315152787354860493e+02
2.204407262758095101e+02
2.263943980273529064e+02
2.311435299658597842e+02
2.236075736068338529e+02
2.337142256154971562e+02
2.270267674172323211e+02
2.208856020146789945e+02
2.293600585163909500e+02
2.134318291624151129e+02
2.239576993419680946e+02
2.263943190793586098e+02
2.280430633990914657e+02
2.255516971553657868e+02
2.271433008241155278e+02
2.220351764779173607e+02
2.206823404724960938e+02
2.197970524959610827e+02
2.325523024231468980e+02
2.180531333025832623e+02
2.270918699233604343e+02
2.221589789601983682e+02
2.230414779044600664e+02
2.329868785346131403e+02
2.248833835197652604e+02
2.222380520803941124e+02
2.130430247005223805e+02
2.250498470972387395e+02
2.229275891367094857e+02
2.252104066751991240e+02
2.216185270776310858e+02
2.283102547390660106e+02
2.237661782791892051e+02
2.132227613934977910e+02
2.254410862965536921e+02
2.252445817744156784e+02
2.229053230835613988e+02
2.246522860967013457e+02
2.204863652944670775e+02
2.287674857646840962e+02
2.215968119989250908e+02
2.129602701533224547e+02
2.217780645783359432e+02
2.221874044098962031e+02
2.151025473885595432e+02
2.253889032206665490e+02
2.173160940929209062e+02
2.239828467484106227e+02
2.338367162080322430e+02
2.136269887830517575e+02
2.196889350763459561e+02
2.153214930616242668e+02
2.227181023476082089e+02
2.260382897719386222e+02
2.192195990024782475e+02
2.306463260111401610e+02
2.228956453532080388e+02
2.288418077495724958e+02
2.302897648242518187e+02
2.157774008021825409e+02
2.230145246954031677e+02
2.236854399645998512e+02
2.193012249793699198e+02
2.213532336229936277e+02
2.320365505043846213e+02
2.298403749283126274e+02
2.226567843644823199e+02
2.160321152368127855e+02
2.171515162682042615e+02
2.253389832461442097e+02
2.246532983467783708e+02
2.330831570663336265e+02
2.223649390672233892e+02
2.309130176789288669e+02
2.245582912587720443e+02
2.265673610706695058e+02
2.222506064024237844e+02
2.235144970134057019e+02
2.345263531767183736e+02
2.168652705783077863e+02
2.211202157734289813e+02
2.223493956998482020e+02
2.291721312106367066e+02
2.222744822211111568e+02
2.367018756037222147e+02
2.197593762787230958e+02
2.172211713625091249e+02
2.228492652569347001e+02
2.209015146969644547e+02
2.292215590747382521e+02
2.253246339497257509e+02
2.279697845401288987e+02
2.334423317567972447e+02
2.260107931563275088e+02
2.156795173925825964e+02
2.311863921361957921e+02
2.308477512680164807e+02
2.275054661618573562e+02
2.336241023631201870e+02
2.339063317347583393e+02
2.199097655487273073e+02
2.224064672884875336e+02
2.336149202424763871e+02
2.268225009685473310e+02
2.168404137812411250e+02
2.342502538232768643e+02
2.213659129369768266e+02
2.325018572557150378e+02
2.178840425384207151e+02
2.325680104082015873e+02
2.312154403816897457e+02
2.180865582657029336e+02
2.312265443708207613e+02
2.199024012819629945e+02
2.246990709095281318e+02
2.299751534088996721e+02
2.238979751103230456e+02
2.206951719018156837e+02
2.203386718004552165e+02
2.300801714464813870e+02
2.202987756658471881e+02
2.198348543282032779e+02
2.239118489684476856e+02
2.344930444358774650e+02
2.136633849471279802e+02
2.299268042595602992e+02
2.178182051188204866e+02
2.247453591001705604e+02
2.233852366283821311e+02
2.321702667993313867e+02
2.169884239705528444e+02
2.282547071913913328e+02
2.269216131755549952e+02
2.166407211420781778e+02
2.182409215886163452e+02
2.288038078819910197e+02
2.219352345426671320e+02
2.378042932393485671e+02
2.141017236223636075e+02
2.365462070925800901e+02
2.253656467897633888e+02
2.270334175568602291e+02
2.154330436667977438e+02
2.293059913538843375e+02
2.279916998002350681e+02
2.179448194674195918e+02
2.244811345545201675e+02
2.237130542908658981e+02
2.197832666363385101e+02
2.257660312517717784e+02
2.240487047154919935e+02
2.176611476715185916e+02
2.353659659762713261e+02
2.254065552451260999e+02
2.224426434051008243e+02
2.201085784332100559e+02
2.287274472713136220e+02
2.212572688918168353e+02
2.187640222997656565e+02
2.207820291958205985e+02
2.240095552517975648e+02
2.355466523400521055e+02
2.179356399796082826e+02
2.298150409370790896e+02
2.257050791124972307e+02
2.224277602673868444e+02
2.200223714305674889e+02
2.175212941884866211e+02
2.270646796272933159e+02
2.206003468299567771e+02
2.200307118505132280e+02
2.185986011633752355e+02
2.250396036227533045e+02
2.157726447989704468e+02
2.258843827612773509e+02
2.200116377834879131e+02
2.320795797417876258e+02
2.170335978106233199e+02
2.234578081314391795e+02
2.292550366109575464e+02
2.260705262622213354e+02
2.190019308282927852e+02
2.221828768362934738e+02
2.154216589592899425e+02
2.186917492454081184e+02
2.315480925433760717e+02
2.215731700561704542e+02
2.278870429612418036e+02
2.318684242505255781e+02
2.200799566948869312e+02
2.180076155688043116e+02
2.316118555648466213e+02
2.262101443079291130e+02
2.268171999519157964e+02
2.217110943986699283e+02
2.378065786075071344e+02
2.184600807563543299e+02
2.237483646040792848e+02
2.283180143101844237e+02
2.214727068983048639e+02
2.214579869926317315e+02
2.220881125476581417e+02
2.243264927630443992e+02
2.234526616960167757e+02
2.232056267433293328e+02
2.171175686041391373e+02
2.318519619415706927e+02
2.282065900429898591e+02
2.221712437204634227e+02
2.243973442933712761e+02
2.230686042222807828e+02
2.110420251511499714e+02
2.267441650347211919e+02
2.232082585449522014e+02
2.179106207190037878e+02
2.373645200515137788e+02
2.228903057365423592e+02
2.143790207453525056e+02
2.263826161478983465e+02
2.273674323407949203e+02
2.173480402972449497e+02
2.224320089947121630e+02
2.221618938240575289e+02
2.221158619625039705e+02
2.171572605371219993e+02
2.296635680887036131e+02
2.200217177642903721e+02
2.288516909818860938e+02
2.181286277196709307e+02
2.294775628649132386e+02
2.237704055443088009e+02
2.379675298972372843e+02
2.208371517565471720e+02
2.161564116366555481e+02
2.251278028555851733e+02
2.225343639140344294e+02
2.154831552303670890e+02
2.225154864425758490e+02
2.232008964402969298e+02
2.135405149696798333e+02
2.245537674818379799e+02
2.270634698584937041e+02
2.266189438519670034e+02
2.206563274333509810e+02
2.228847295067478171e+02
2.230403280707733700e+02
2.312555851638478259e+02
2.223830731314305922e+02
2.171086821526126869e+02
2.342184529962589181e+02
2.302737109567637503e+02
2.261933670925087085e+02
2.283198168400923009e+02
2.239273308737605817e+02
2.215675587763844874e+02
2.109427127598487175e+02
2.261756915306152109e+02
2.268789900833028526e+02
2.154894504726885600e+02
2.183754446575164536e+02
2.321676017964696257e+02
2.285324775233607397e+02
2.289431448023936184e+02
2.325155745048038511e+02
2.220823597204385180e+02
2.209115656693672065e+02
2.334190721504259614e+02
2.227038021314699279e+02
2.197871487991894526e+02
2.265093136574385255e+02
2.241005369869837693e+02
2.181569933612180705e+02
2.097444141370110344e+02
2.289678223959987236e+02
2.252758622786372200e+02
2.178702574590170684e+02
2.296821134371371329e+02
2.243351548537860651e+02
2.326842157738911965e+02
2.254433442980706843e+02
2.338491512320612173e+02
2.151082351504601036e+02
2.225002305445537161e+02
2.145342809581747474e+02
2.232219988285220325e+02
2.188464513276681203e+02
2.215694183993434194e+02
2.184464772765012128e+02
2.205851167339647247e+02
2.175141800678878212e+02
2.303306289240272520e+02
2.198148268464699129e+02
2.276578913580825656e+02
2.230865015029235963e+02
2.247998089803216430e+02
2.244812905110328529e+02
2.261081120868563801e+02
2.174086142907421504e+02
2.307401623150616388e+02
2.182755025203665014e+02
2.166523303555919142e+02
2.264074662269769362e+02
2.247653077345100598e+02
2.237131707264377098e+02
2.143626934291067414e+02
2.290763989130249456e+02
2.235772398535959837e+02
2.193383521466388686e+02
2.192368626755191769e+02
2.168555980463670778e+02
2.273588450064623316e+02
2.158553272182642502e+02
2.315035576231960874e+02
2.199722556594118430e+02
2.199053582555376920e+02
2.287554719686157227e+02
2.302363307787860833e+02
2.359686858072129212e+02
2.287205170583474114e+02
2.197079079153565431e+02
2.285364528892222893e+02
2.216269426988553164e+02
2.253219810061158057e+02
2.277068871848024401e+02
2.165331623840400823e+02
2.233838797895619450e+02
2.263977772796625914e+02
2.283084985223176204e+02
2.283332569200998705e+02
2.265222258423379458e+02
2.361354144643019026e+02
2.293218284080291198e+02
2.186461395082195338e+02
2.279947514533555761e+02
2.092987653243760349e+02
2.322514017620724474e+02
2.382794322206761137e+02
2.283507111048086244e+02
2.196883803645331170e+02
2.332637469146658020e+02
2.229777905830891598e+02
2.209971632556818122e+02
2.293472543819813154e+02
2.220519975417140586e+02
2.215700208998592302e+02
2.220934815291062137e+02
2.290586801384853004e+02
2.149124238642834541e+02
2.189691081189482702e+02
2.188018864732917166e+02
2.343551920025468007e+02
2.253926339270240646e+02
2.283784608779933194e+02
2.260358987794494112e+02
2.212822399179771935e+02
2.274758902715549311e+02
2.169157820768185729e+02
2.257270649257866353e+02
2.248618523898933574e+02
2.233166850808614186e+02
2.211639578438330886e+02
2.268305089510839991e+02
2.337167176549676526e+02
2.295214066136804831e+02
2.211841350910822825e+02
2.268142705914697217e+02
2.253879344401124172e+02
2.332248478920722050e+02
2.226903013190540435e+02
2.152022345858183030e+02
2.295073547173955717e+02
2.205197888098552426e+02
2.296702250420275675e+02
2.215477495688075464e+02
2.172148430205261604e+02
2.176355797445740166e+02
2.166131812885080308e+02
2.205896338215470109e+02
2.272153906617982386e+02
2.152854653264139984e+02
2.178059597823279603e+02
2.315294913478662409e+02
2.128532488738603377e+02
2.221955503493852007e+02
2.111146861107567361e+02
2.117394419815755668e+02
2.195611506187885027e+02
2.274352156627377042e+02
2.178095196426439770e+02
2.185507086491831785e+02
2.271665634690926083e+02
2.238273760865439499e+02
2.278043629675686930e+02
2.283077660092602343e+02
2.342054958280442634e+02
2.250611667398335953e+02
2.244710908650908152e+02
2.285387887241378166e+02
2.282884417577707836e+02
2.247335427291847054e+02
2.202854003856424470e+02
2.310422923314172863e+02
2.180952057058864284e+02
2.283199103457756678e+02
2.178333355798374100e+02
2.257116036304202282e+02
2.312530249420670145e+02
2.174102799633716074e+02
2.241612644548013122e+02
2.333174397337346022e+02
2.345885984107234208e+02
2.200455017583714152e+02
2.385843174327487475e+02
2.281473157009839952e+02
2.275771880797177857e+02
2.280196771190516642e+02
2.095200735308218327e+02
2.264128681259297196e+02
2.282452727370768173e+02
2.326402332141054785e+02
2.253799445487800313e+02
2.250935942837403729e+02
2.200427972351638175e+02
2.251836078432719432e+02
2.276771845036041100e+02
2.163596200385707391e+02
2.319309602327715254e+02
2.286369422508625462e+02
2.217376233220843744e+02
2.273853133823353119e+02
2.184786857525472499e+02
2.261325290275009365e+02
2.219851880231863106e+02
2.329208617937985082e+02
2.105067800959384385e+02
2.170165068415598171e+02
2.138546541215837635e+02
2.277755719890047033e+02
2.220948540155931141e+02
2.155135461857762493e+02
2.256953984484953821e+02
2.183034722065352469e+02
2.362254241409140434e+02
2.275058027252668751e+02
2.295624737064397038e+02
2.252635183741550122e+02
2.243499224167720172e+02
2.165298200469458720e+02
2.172172783869252441e+02
2.222549596677991417e+02
2.296981905183694721e+02
2.161333761241301090e+02
2.245647197073129178e+02
2.253780555858481023e+02
2.262271952345818704e+02
2.264795423613269065e+02
2.169521282111905975e+02
2.180186297174152230e+02
2.321385501757333145e+02
2.331859714840708762e+02
2.320997812285298778e+02
2.340960785412518419e+02
2.247086346460776269e+02
2.177676814770181295e+02
2.260791781126592355e+02
2.301236941715771991e+02
2.219604838962980580e+02
2.219828748920512851e+02
2.289725691822773399e+02
2.189002762205263082e+02
2.215305784473580673e+02
2.243390123524406761e+02
2.156323316996011386e+02
2.087851472562661854e+02
2.245426967812190071e+02
2.154761537260938837e+02
2.290217442071485721e+02
2.184598250669241963e+02
2.128881873944501422e+02
2.167188467513771855e+02
2.156763983626889001e+02
2.228205147416465195e+02
2.297593746861691670e+02
2.292554265847325610e+02
2.349041720151024606e+02
2.174155578770517252e+02
2.222087647910961437e+02
2.222811378044935964e+02
2.327482170721338548e+02
2.325509153583649891e+02
2.206043289897324371e+02
2.203195807234552603e+02
2.224611953712347656e+02
2.292067084131504942e+02
2.262381364972499966e+02
2.261522871523298761e+02
2.268718362260432571e+02
2.192318315419939552e+02
2.232475795341312335e+02
2.290773763604510691e+02
2.225526510866601200e+02
2.218536470200734527e+02
2.207508496766589872e+02
2.241763128738339219e+02
2.200280438964394705e+02
2.269226443728042000e+02
2.254925955936729736e+02
2.176329742581801554e+02
2.252411926247384599e+02
2.401129923627462972e+02
2.229500944680285102e+02
2.289969562888599341e+02
2.333127536796648371e+02
2.226678876313884530e+02
2.276647716988337606e+02
2.198218529804049979e+02
2.217915184356898237e+02
2.254873249010509824e+02
2.220915045362151261e+02
2.123860333976771813e+02
2.200881552192487902e+02
2.241511646049227693e+02
2.221187126830305658e+02
2.203999710741014724e+02
2.189965229050545474e+02
2.274297490341450043e+02
2.137872584978222505e+02
2.277208752829959337e+02
2.235473545903328727e+02
2.329854132979988321e+02
2.196713751670172599e+02
2.279756955626969273e+02
2.247507062887914913e+02
2.220233519289796504e+02
2.256176824844590101e+02
2.199748383879623077e+02
2.234285124386847201e+02
2.225820743640864521e+02
2.195355055141849903e+02
2.259611154335696028e+02
2.256369859391338650e+02
2.209102496067459924e+02
2.325350622896332311e+02
2.218812178410782963e+02
2.301673481684357796e+02
2.244391930075464359e+02
2.219998549006116093e+02
2.231895629681178832e+02
2.235763149269585597e+02
2.318002541032342947e+02
2.313838392907222499e+02
2.294872743700711908e+02
2.257655768462009291e+02
2.291674446769371514e+02
2.290501827970161912e+02
2.223046944430581675e+02
2.307350422594597887e+02
2.238563612901122042e+02
2.255052735169585389e+02
2.319464407580985039e+02
2.235077534369837622e+02
2.203588364179760219e+02
2.165768783694050512e+02
2.234044839915802356e+02
2.262633973047771008e+02
2.193601689114726696e+02
2.205536842569711098e+02
2.299366617807345392e+02
2.239416459535374884e+02
2.231808873738208092e+02
2.244678720440484483e+02
2.201190260992833032e+02
2.227257106946785257e+02
2.311325028421343859e+02
2.281463511519799567e+02
2.180618815729113749e+02
2.269052430062178587e+02
2.200351062697400835e+02
2.153651901578950003e+02
2.210211267336063941e+02
