9.354555809397271560e+01
9.435007912041807288e+01
9.155152164662001724e+01
9.651472731935584193e+01
9.547173561497791638e+01
9.318594758035614234e+01
9.133590344048094778e+01
9.073075068336457605e+01
9.370232977603089353e+01
9.552826269563411188e+01
9.410680235281660089e+01
9.375384301663963527e+01
9.348855838700555410e+01
9.770524684034469942e+01
9.452001892038235553e+01
9.622361037253671157e+01
9.232355784287160816e+01
9.614624371883681420e+01
9.929241142389840036e+01
9.288326655554473632e+01
9.827037393681864330e+01
9.428534777223684671e+01
9.302748749602362466e+01
9.676607847695024134e+01
9.517408815638899000e+01
9.255270629891109024e+01
9.490858112134657176e+01
9.502723945120702354e+01
9.271245568101733170e+01
9.306525617717288412e+01
9.570344931447689873e+01
9.568733418075866837e+01
9.558080347056099413e+01
9.572821218962380385e+01
9.549736035122623434e+01
9.758750954364927566e+01
9.458390040427397594e+01
9.439825684539292183e+01
9.771569034785274255e+01
9.018053962200262674e+01
9.326417047587310094e+01
9.564916777582051566e+01
9.478949524893944556e+01
9.036987050336553295e+01
9.395858028402859929e+01
9.015756811092593637e+01
9.317416710156105353e+01
9.478883229516019071e+01
9.596718083895859763e+01
9.815983580220202498e+01
9.473480256593656179e+01
9.453772008800447679e+01
9.688490156014418631e+01
9.567743841860195175e+01
9.057290152200424416e+01
9.420020545523466637e+01
9.701091997657566424e+01
8.972416351719162719e+01
9.310502475070043715e+01
9.763955976191790853e+01
9.532405805154861866e+01
9.277568233972236555e+01
9.479918129301196927e+01
9.612159906061137349e+01
9.904580146522921780e+01
9.460906341781857520e+01
9.340823563359849402e+01
9.548422022516778895e+01
9.464635448629114478e+01
9.173586054301459569e+01
9.590320186131630464e+01
9.313432450191201895e+01
9.502575520215800964e+01
9.614904534754994359e+01
9.677160541546290062e+01
9.141969654526644717e+01
9.729009570392651085e+01
9.718129942965333612e+01
9.703623922263108170e+01
9.739790618398957633e+01
9.340959851861184404e+01
9.489510788574396827e+01
9.795762344579544845e+01
9.530709155082394091e+01
9.569397633937263947e+01
9.560609927647223572e+01
9.663963571646570472e+01
9.397382766083444494e+01
9.284365064796675426e+01
9.760533640790629306e+01
9.184920595383087516e+01
9.028756627545458002e+01
9.254789982972828000e+01
9.685710726140428051e+01
9.392502333233858280e+01
9.508778681976033909e+01
9.778469940534226623e+01
9.655663570230676385e+01
9.624028812807894440e+01
9.221306664996778579e+01
9.604122798602118394e+01
9.544458133080777884e+01
9.889949555860293628e+01
9.532294082050916018e+01
9.388476853263399846e+01
9.363490072078133153e+01
9.376266166783700839e+01
9.451305120524608583e+01
9.430963739778692911e+01
9.583032381984882875e+01
9.388822153948483162e+01
9.274752270676012245e+01
9.266519073024875297e+01
9.523426710858389299e+01
9.540129994410777670e+01
9.364895464229975630e+01
9.758007477897334070e+01
9.275269321161991343e+01
9.450509330383999895e+01
9.644826444650891517e+01
9.043876419987660142e+01
9.269358940977555505e+01
9.757162980200213553e+01
9.896722801568510874e+01
9.297379487224900174e+01
9.072480971429932595e+01
9.302135331611803792e+01
9.593493218942707301e+01
9.648412558370421266e+01
9.527012585681185897e+01
9.692233022979910118e+01
9.677343059080918408e+01
9.713376663064140359e+01
9.251619066536788694e+01
9.851838866905362124e+01
9.589302069650649685e+01
9.452715532144861754e+01
9.703929523878669272e+01
9.122389440492321455e+01
9.453026290874235826e+01
9.308316916984236400e+01
9.313668546545915206e+01
9.339010774858626007e+01
9.445540009633343459e+01
9.087582461060750916e+01
9.438596255778251987e+01
9.672523222605695992e+01
9.513262102412336674e+01
9.401485120438050558e+01
9.391669998242196016e+01
9.806511154366842220e+01
9.250380073676701898e+01
9.485795593721479690e+01
9.399907054530251571e+01
9.392843190275924314e+01
9.625030870062435895e+01
9.384428845749199866e+01
9.270327810217061426e+01
9.706857694050644625e+01
9.577386126218091533e+01
9.546207426912003768e+01
9.539930319298349559e+01
9.373272082739956090e+01
9.547196924020434494e+01
9.353090798632817382e+01
9.680777349944334276e+01
9.832020434528043040e+01
9.674704378042325459e+01
9.496214352684282289e+01
9.515873447799128826e+01
9.318168397628417665e+01
9.280898842076446442e+01
9.465365290996145120e+01
9.561628260262777701e+01
9.586383008312949983e+01
9.094932055885240629e+01
9.408766342956947426e+01
9.437287422804436687e+01
9.312294633429849000e+01
9.371739475239317585e+01
9.572978448488532877e+01
9.561445587690884906e+01
9.303882079109914116e+01
9.575716262704000314e+01
9.106442023646098960e+01
9.637115731652876605e+01
9.840703480328433272e+01
9.297876029892277927e+01
9.500345282631076316e+01
9.028965881885341105e+01
9.422445482822161011e+01
9.308143222552676832e+01
9.400300957951277780e+01
9.200386642839700357e+01
9.049935682272680992e+01
9.863022137977542059e+01
9.592373404870552633e+01
9.235919259971848305e+01
9.278493739633685777e+01
9.118240521777102003e+01
9.440009729680343753e+01
9.389964300118381857e+01
9.385262938021639911e+01
9.398189693164221126e+01
9.594314920889453902e+01
9.588253830529215804e+01
9.358377134161112565e+01
9.429915367126507419e+01
9.423181116454847484e+01
9.390215320132540455e+01
9.464518778745251382e+01
9.563660012406947430e+01
9.424604283012180872e+01
9.194467854950536889e+01
9.303471032241613159e+01
9.761229566936540891e+01
9.286141586800309256e+01
9.485881220711254969e+01
9.571479928719578822e+01
9.664031969120887311e+01
9.413946167206097471e+01
9.364826077617874489e+01
9.437331410422179090e+01
9.536027918230851697e+01
9.404808398012566784e+01
9.901024634597239071e+01
9.453811172856063649e+01
9.430628847435184525e+01
9.740466491762663281e+01
9.503650160122313650e+01
9.207869581062010411e+01
9.521361718239549532e+01
9.710780691131699882e+01
9.554907770730055461e+01
9.171848091009843529e+01
9.631456170425484231e+01
9.520732955069401271e+01
9.520785111410047818e+01
9.399110191789404212e+01
9.881709354384638289e+01
9.222811764877283736e+01
9.527803567985309030e+01
9.686456387937765555e+01
9.427997919470921317e+01
9.564019031045795316e+01
9.583802479150145359e+01
9.407268793897880244e+01
9.049554645112520745e+01
9.306043945009625418e+01
9.494416338128880284e+01
9.314878787189876164e+01
9.563877304470942420e+01
9.324434089657574987e+01
9.847952263965908060e+01
9.513842813100981743e+01
9.535689978356121799e+01
9.675009024180519646e+01
9.431861970381274318e+01
9.346634928820895993e+01
9.613840807312915615e+01
9.382929702692293006e+01
9.492054841078963534e+01
9.348263126518698130e+01
9.640170917327822053e+01
9.716825613282135521e+01
9.221344830683079863e+01
9.626715986587896623e+01
9.472413685429769714e+01
9.591132519664898837e+01
9.851841067252911444e+01
9.418484563067130466e+01
9.249313343369762208e+01
9.787128498188974390e+01
9.751486507167911100e+01
9.363986600493265655e+01
9.791787917544046138e+01
9.396373703172682212e+01
9.403463081733612228e+01
9.666903936670021835e+01
9.563557400351278659e+01
9.185740365782655203e+01
9.714366606221469169e+01
9.524985783955625607e+01
9.611117166563003877e+01
9.652221073001702223e+01
9.492069759442598809e+01
9.187807244740679380e+01
9.447853936313937595e+01
9.555817946366421722e+01
9.148329763878228960e+01
9.536158083217210901e+01
9.499603349996257862e+01
9.293215363404853235e+01
9.229065113335060744e+01
9.211378089372591660e+01
9.435617455862080760e+01
9.073107009517737254e+01
9.725324284216473814e+01
9.477266507123164274e+01
9.263230125784905056e+01
9.779003686715313393e+01
9.344699525553048147e+01
9.373059426525506410e+01
9.668951951851684612e+01
9.158677866375275300e+01
9.331250248057669694e+01
9.186426699632772852e+01
9.673414660678496091e+01
9.359691489384717045e+01
9.433063325523858111e+01
9.219168126800728658e+01
9.395218611110328766e+01
9.338427410577611454e+01
9.815144617112299841e+01
9.247953749654796241e+01
9.716926356069272686e+01
9.277415957212355124e+01
9.626854980693943276e+01
9.632629762168971865e+01
9.359979916598960870e+01
9.700010196357156644e+01
9.259560562397973627e+01
9.364389829856912684e+01
9.772812017616961100e+01
9.734390316331477777e+01
9.626372213552789958e+01
9.587542043901980549e+01
9.443296544387514757e+01
9.531969796602147937e+01
9.646204225000879262e+01
9.787115489526541978e+01
9.684426300766475038e+01
9.529858833812727426e+01
9.590834760997941544e+01
9.274095191792689263e+01
9.535252859689816773e+01
9.338973334551251071e+01
9.626152106216814275e+01
1.000814884784107477e+02
9.410612445668988357e+01
9.236632450997730359e+01
9.090159313054138579e+01
9.599179197190741775e+01
9.466428922253423650e+01
9.731570981908350859e+01
9.411226217930060045e+01
9.673986704408021353e+01
9.425472280803238334e+01
9.543631655592668039e+01
9.627876606383827607e+01
9.439731298101007440e+01
8.849928835896481871e+01
9.829961305751878342e+01
9.358546575802176903e+01
9.230095875751806034e+01
9.622058910660948072e+01
9.266398685039654026e+01
8.980682273001296778e+01
9.656008373032504721e+01
9.490521330694501501e+01
9.250021773530757230e+01
9.723471485047659257e+01
9.420083528088669311e+01
9.137116187062558481e+01
9.527163306927288033e+01
9.221112572276550168e+01
9.397830197772604777e+01
9.358423066191195971e+01
9.441286912539111142e+01
9.107380555006072598e+01
9.222149981289028631e+01
9.643747734401489424e+01
9.584248560062970057e+01
9.436021859030363146e+01
9.409357174844976157e+01
9.314673742048417182e+01
9.126411188733059987e+01
9.491266469526115657e+01
9.352372895266434227e+01
9.473330607879015020e+01
9.618206192510407959e+01
9.272238442884957976e+01
9.528032270420963812e+01
9.255105979784728731e+01
9.447618822436390928e+01
9.333926997254830837e+01
9.252819526365641423e+01
9.176793020178064353e+01
9.565072725257520858e+01
9.710542762047353449e+01
9.255761565181569495e+01
9.687400030941395812e+01
9.787683226899764577e+01
9.816326061117337076e+01
9.559847475657809923e+01
9.186209360544062008e+01
9.722740198964045533e+01
9.568514464433445710e+01
9.365862753922105810e+01
9.395352766538101719e+01
9.759388609303661610e+01
9.751086306236561541e+01
9.091172732878305851e+01
9.263335106824594334e+01
9.515310218805305453e+01
9.173450935624961744e+01
9.665875821234352827e+01
9.543047871180185382e+01
9.405390826922165104e+01
9.704137326534929286e+01
9.418280969132753455e+01
9.450203238008330686e+01
9.590609955565203393e+01
9.274553454484816939e+01
9.510545389200981958e+01
9.352005710930467330e+01
9.268065441938422566e+01
9.286450164247432326e+01
9.434220641156929332e+01
9.579564516852656197e+01
9.226014992385542257e+01
9.781538696758451579e+01
9.128216337202952957e+01
9.724958255614504310e+01
9.095981023162889301e+01
9.442356681043176536e+01
8.898064124029535549e+01
9.550891641953226952e+01
9.691420948663937907e+01
9.276585350562483256e+01
9.369373642536702107e+01
9.449603520166375858e+01
9.472217075456035218e+01
9.373766489807943003e+01
9.916193398314194951e+01
9.351835966744215511e+01
9.226569831274431976e+01
9.489175860957341513e+01
9.340314971337041072e+01
9.230239889917758944e+01
9.433853856594471665e+01
9.264607238874276618e+01
9.753688103022074074e+01
9.548192847948092776e+01
9.520103298313253504e+01
9.823875537532597946e+01
9.312689905224227971e+01
9.435699282312981495e+01
9.257988483043523331e+01
9.658935370164506651e+01
9.523726470865230453e+01
9.438569954771699599e+01
9.051169498044843920e+01
9.280412146524766115e+01
1.005952573568212358e+02
9.360700977315191551e+01
9.579567400359076146e+01
9.268476000305183504e+01
9.469869058633379666e+01
9.586123238388005063e+01
9.646605955970545665e+01
9.589423355434900031e+01
9.234641215748784759e+01
9.554533836612895925e+01
9.664616567569478889e+01
9.568543292013394819e+01
9.469240326249958173e+01
9.378949970885599896e+01
9.244487904817134449e+01
9.287865147396237830e+01
9.353610230674618720e+01
9.744054858738547864e+01
9.467118122126692015e+01
9.488744251415994313e+01
9.676820055509013230e+01
9.826918040203683802e+01
9.641693144143086158e+01
9.151168892512370689e+01
9.252059165032356702e+01
9.170185672469210658e+01
9.023197495570738624e+01
9.610610101383190340e+01
9.313048441865505822e+01
9.422707368843617814e+01
9.635436055016008083e+01
9.471860199267442226e+01
9.370725100114540851e+01
9.613824435679659075e+01
9.023351592542613275e+01
9.884944827008735047e+01
9.320699263418390501e+01
9.428381963316790859e+01
9.872255713358597973e+01
9.532547606259115014e+01
9.369353302638351977e+01
9.474047846893678582e+01
9.450935127717443152e+01
9.389755035301924124e+01
9.295607397995685517e+01
9.467631367562553635e+01
9.150714776215227175e+01
9.217810482553838369e+01
9.640948586925844666e+01
9.346667268253493432e+01
9.298534940691916972e+01
9.459795188313461267e+01
9.340705294258627589e+01
9.913748146119458227e+01
9.458493601697176700e+01
9.393054423346075055e+01
9.282021450084761227e+01
9.319999800396286105e+01
9.208252575127851003e+01
9.238516462880348001e+01
9.098581066455044208e+01
9.700451708987056065e+01
9.511875159037451510e+01
9.495608288167613864e+01
9.239216755476347487e+01
9.562114430748670202e+01
9.767350483929907057e+01
9.754807216761125233e+01
9.672383365101288177e+01
9.091039754843627918e+01
9.657725477398990677e+01
9.544336798743105987e+01
9.266946700328728070e+01
9.581856985768312995e+01
9.634838647515761068e+01
9.515309713751732090e+01
9.268987947629123880e+01
9.242509025478661044e+01
9.427508045279812166e+01
9.336977698594913022e+01
9.483525719375970198e+01
9.678338637720801785e+01
9.453110517665237467e+01
9.848458611123189144e+01
9.434216574816643686e+01
9.331923905570633337e+01
9.459525385579529200e+01
9.421483900949255030e+01
9.161479917333140577e+01
9.276660000977369691e+01
9.487520425949651326e+01
9.449672107420552436e+01
9.353516570345355774e+01
9.784191094588986459e+01
9.249110503633940539e+01
9.127845608733946392e+01
9.668974802521654510e+01
9.607331335676664708e+01
9.534879672627629077e+01
9.029076697457713863e+01
9.463997162573524236e+01
8.931717351021407580e+01
9.255672072051788746e+01
8.762940426643970682e+01
9.366890731364163969e+01
9.291799795862166889e+01
9.389875024878963927e+01
9.575428972742216160e+01
9.229241412609020756e+01
9.511277656787706292e+01
9.306191502265185989e+01
9.805602320342553924e+01
9.833748831899127651e+01
9.377764927830482122e+01
9.407609799803707062e+01
9.727191539873369663e+01
9.262167926694706921e+01
9.428769894763327386e+01
9.424177908481415500e+01
9.823722565288659325e+01
9.529505596453199701e+01
9.467424592873771871e+01
9.496018880716310662e+01
9.704665786299771923e+01
9.037952671081333733e+01
9.546679889592836332e+01
9.226672658633029300e+01
9.117964089564438268e+01
9.434595665148418675e+01
9.448345791457431631e+01
9.704590973131513465e+01
9.557212937228376859e+01
9.431956228739042558e+01
9.595285236561117870e+01
9.479870859419060025e+01
9.581407492296256123e+01
9.639055481466968445e+01
9.619307321404627942e+01
9.289684100864860739e+01
9.584665123316828783e+01
9.315336382635224766e+01
9.070263151038329852e+01
9.645025663787136239e+01
9.540161815109881616e+01
9.321973706285528749e+01
9.783646178029759710e+01
9.251776775457119584e+01
9.723701025359021344e+01
9.482254825229676953e+01
9.684711304443536051e+01
9.562224994163192093e+01
9.608376031713225984e+01
9.449631469522554994e+01
9.502840076040010331e+01
9.333988288216423257e+01
9.366004501869356602e+01
9.460497380422069114e+01
9.769589098080068368e+01
9.098552862532098118e+01
9.735161319512619116e+01
9.538087010141742894e+01
9.598373516742830702e+01
9.565415177971667049e+01
9.256247928636378219e+01
9.418203433238180367e+01
9.674503786359055368e+01
9.124750002593320630e+01
9.328294995959609537e+01
9.187918153076269334e+01
9.388839817406837085e+01
9.890063324256186661e+01
9.280799183067783531e+01
9.596398787566656097e+01
9.437497052104211548e+01
9.300184640877662900e+01
9.431808732436186915e+01
9.423304575743888734e+01
9.342527011619020527e+01
9.573016539735904473e+01
9.349031049991779696e+01
9.621457737717892655e+01
9.259416181888610708e+01
9.700571779282391560e+01
9.464680418390034333e+01
9.408574113563369679e+01
9.323822469356292686e+01
9.809268120316642126e+01
9.562330950014657560e+01
9.595186660010645596e+01
9.133660260022278976e+01
9.333985478007819836e+01
9.379184241044271175e+01
9.681443320624599380e+01
9.583524323288166613e+01
9.622892260570027645e+01
9.687096425202081207e+01
9.492510771741532949e+01
9.132723153043087905e+01
9.129691542495280032e+01
9.138699180842846204e+01
9.129721788862389076e+01
9.362686621788725461e+01
9.509472446428056003e+01
9.336153045917643567e+01
9.245762074494489013e+01
9.209153596906087103e+01
9.517270527458489937e+01
9.249962284395196832e+01
9.351089696938372242e+01
9.626213404356457204e+01
9.526063677680495800e+01
9.340547778264249246e+01
9.328121850016837868e+01
9.613316431269653606e+01
9.522745786399624990e+01
9.602461077432616321e+01
9.442673440954683883e+01
9.692517165131106083e+01
9.589594140711182035e+01
9.736960380759059319e+01
9.202403437387447127e+01
9.019685908969732679e+01
9.830155906309056490e+01
9.402863164718303324e+01
1.004260328765450225e+02
9.215115215822237360e+01
9.069574230841548967e+01
9.361741983076385054e+01
9.818957905397687114e+01
9.646998029922781370e+01
9.755029270023493382e+01
9.389211454951816904e+01
9.208281048363150489e+01
9.462123833486752744e+01
9.518151161348134792e+01
9.396952941574998874e+01
9.319764810232491925e+01
9.608779352872919333e+01
9.334315308314674553e+01
9.515923842325106818e+01
9.396101907969547540e+01
9.236453968295263905e+01
9.099813965932487747e+01
9.538648567638473708e+01
9.867539300643844058e+01
9.395895243766587157e+01
9.239055869264512921e+01
9.387399207833162507e+01
9.641896072641515048e+01
8.993221608516792287e+01
9.452819054491202166e+01
9.340235112746718471e+01
9.360329562087002842e+01
9.744117709820925199e+01
9.619294089468756681e+01
9.590655636283823071e+01
9.527552126986893200e+01
9.155962762359048668e+01
9.439920395729595270e+01
9.379320077490621088e+01
9.490706740402973196e+01
9.262089206540211705e+01
9.713450848909081969e+01
9.097567834642553919e+01
9.303430068524349394e+01
9.582814110601066204e+01
9.374940509339583627e+01
9.153708309437340063e+01
8.993445745181168149e+01
9.438477251707527671e+01
9.635958700025923918e+01
9.692205911289286746e+01
9.832192160718985008e+01
9.711969467483760354e+01
9.377424243417443961e+01
9.592565084717260504e+01
9.530543700660614093e+01
9.330347146837664241e+01
9.105729079570501483e+01
9.838667724860590624e+01
9.035583056166829863e+01
9.213912529047313171e+01
9.755698421722007652e+01
9.470212243585032752e+01
9.569223831091552768e+01
9.624868544738986031e+01
9.297915614528078265e+01
9.482466242681874746e+01
9.462559228576235171e+01
9.191506114747025435e+01
9.314048575291215570e+01
9.255911080078912789e+01
9.412267418063754576e+01
9.464186489184577056e+01
9.384112864679504185e+01
9.732543023389622761e+01
9.375338384318180829e+01
9.592119169744893270e+01
9.848574899328569643e+01
9.223236623524346101e+01
9.520395177207491599e+01
9.048798973075327012e+01
9.333214247093884808e+01
9.311574725882039161e+01
9.425057670898863194e+01
9.248394912943446400e+01
9.654233756012710899e+01
9.530906050476488645e+01
9.255548096205023967e+01
9.275648955606018831e+01
9.340512650429808161e+01
9.591531476480247420e+01
9.095833123622958283e+01
9.435919618609528925e+01
9.814538411413620622e+01
9.256458425775714716e+01
9.425144933090997768e+01
9.492179918513150483e+01
9.653900767679213857e+01
9.624931463530022313e+01
9.657006539531006695e+01
9.371332954919490987e+01
9.679875712445478086e+01
9.321668261209262596e+01
9.339298625533157860e+01
9.322716440506398783e+01
9.520056621301094424e+01
9.335921667562006121e+01
9.430053577511814922e+01
8.978344571149418130e+01
9.245356759004341995e+01
9.427487633816232915e+01
9.680567048428532928e+01
9.419335125607112502e+01
9.551257352773497189e+01
9.314258172429902061e+01
9.480579233591679156e+01
9.512907350004694251e+01
9.717883720276464032e+01
9.548674169446736926e+01
9.207586222890653005e+01
9.868351522893719618e+01
9.537409701499083781e+01
9.434846958878797807e+01
9.506236682467036303e+01
9.589641521297120619e+01
9.172108580319574855e+01
9.469019452894360711e+01
9.320427811605357249e+01
9.627916889094386477e+01
9.410091208971039123e+01
9.504145296184823621e+01
9.384113581244568536e+01
9.667681251707143986e+01
8.973945794631931960e+01
9.213541084993921970e+01
9.403327956543067501e+01
9.121527039771967793e+01
9.108020177074365620e+01
9.494800412355067465e+01
9.466876200741926084e+01
9.427950905685564464e+01
9.288152820081789685e+01
9.512775823130765218e+01
9.349251886301748016e+01
9.503850600187715258e+01
9.224398494713508967e+01
9.707663194403464502e+01
9.481687387279411894e+01
9.539210163726484382e+01
9.910345368091688556e+01
9.749112410040149257e+01
9.352353171876470128e+01
9.578431976589484975e+01
9.392693674621992272e+01
9.098455484876527066e+01
9.201603048847529465e+01
9.382333609198123270e+01
9.130282247735009094e+01
9.456618539019177661e+01
9.279813712262208014e+01
9.397933280142038370e+01
9.432743350477957733e+01
9.348937053061818858e+01
9.715509244575844150e+01
9.424917313769120142e+01
8.838821463702714709e+01
9.585712657381644419e+01
9.642907628380416440e+01
9.481944358379126925e+01
9.831725837970482473e+01
9.732054079598263741e+01
9.525782439949178126e+01
9.476389745386582319e+01
9.368156200451711868e+01
9.478862613566668927e+01
9.741338708609328023e+01
9.619646115044014323e+01
9.597136288359638456e+01
9.767161446371079592e+01
9.068946923039906949e+01
9.587853938378151497e+01
9.383849257119891263e+01
9.327116187524543989e+01
9.416083246239622895e+01
9.192610427773205117e+01
9.436039177951148815e+01
9.259686440173717870e+01
9.184609285975598425e+01
9.310926596671127697e+01
9.121309427336596798e+01
9.338433896473163998e+01
9.317041301598023040e+01
9.830027737740533667e+01
9.273379055925158809e+01
9.415790372422665655e+01
9.147413147933926325e+01
9.559945099240381694e+01
9.577564725055623285e+01
9.509898080140273180e+01
9.557379936467216908e+01
9.445020308236591688e+01
9.441233699709003702e+01
9.450635365449764436e+01
9.106134592901169356e+01
9.729235195403832392e+01
9.418179935815165038e+01
9.472005039334393928e+01
9.411670341917390203e+01
9.336570772349303127e+01
8.752651425008708941e+01
9.175992294430176344e+01
9.347040704595910654e+01
9.846823990572183050e+01
9.269458230856425018e+01
9.278050213365055754e+01
9.228454944906266633e+01
9.356013120441978970e+01
9.686601613844068481e+01
9.170087046075205706e+01
9.682672900524764259e+01
9.331454818308132815e+01
8.977541717104497820e+01
9.383311241737143860e+01
9.386413589734659979e+01
9.468554158025114020e+01
9.706453365700122049e+01
9.430070464408959197e+01
9.484704118504976122e+01
9.512452222900874688e+01
9.185969728771858911e+01
9.451941290186795186e+01
9.112815715672122963e+01
9.356401724185928970e+01
9.114892214855586872e+01
9.444420191857608415e+01
9.608029336763699746e+01
9.488399242539284728e+01
9.275783691691253807e+01
9.869348895548651512e+01
9.523196490558076732e+01
9.275270321860054423e+01
9.853339922746854995e+01
9.348797149132406048e+01
9.698537246302686299e+01
9.237717429063263808e+01
9.419140621919569867e+01
9.371347962713667812e+01
9.438030022614653092e+01
9.417315866545479253e+01
9.615644589974766632e+01
9.260051975839597560e+01
9.600590260654026054e+01
9.653824065895548756e+01
9.205850593807222992e+01
9.248369387063770830e+01
9.550170007334565980e+01
9.038956515694114557e+01
9.497746409301305448e+01
9.601467864615079861e+01
9.553026547888084963e+01
9.619947036166394128e+01
9.416692940377484433e+01
9.046739043594794794e+01
9.581481212854133389e+01
9.658715092351592091e+01
9.564984977284866829e+01
9.433150269258955234e+01
9.541815070165786494e+01
9.256330717563460553e+01
9.664383496015429387e+01
9.640797881714362916e+01
9.536232353973360887e+01
9.354904972439618405e+01
8.991257955021546877e+01
9.211645703442005129e+01
9.638905946590101337e+01
9.453948222492356024e+01
9.221337998203436825e+01
9.545729558987316921e+01
9.185349254347357828e+01
9.555817484984106613e+01
9.426851071109464897e+01
9.431199286360460121e+01
9.716000506989821872e+01
9.435753601726690931e+01
9.182990378627361849e+01
9.267320747503677580e+01
9.390986709730698578e+01
9.607674508144384617e+01
9.420162089840259512e+01
9.570967166492523859e+01
9.926069115284872169e+01
9.675994203210079547e+01
9.309058355665524687e+01
9.395067258834721713e+01
9.003281118877268341e+01
9.543315515454372644e+01
9.540394359175617467e+01
9.606180889187673699e+01
9.443381850436826142e+01
9.465354399120047901e+01
9.404384882894517261e+01
9.617374240416101827e+01
9.382190073590849977e+01
9.293442470007610723e+01
8.702718552526644658e+01
9.761921237236811066e+01
9.516581736214629927e+01
9.469252753911229092e+01
9.711272008478093198e+01
9.437872406206859921e+01
9.349595926284634118e+01
9.583523640802889076e+01
9.046439213631600751e+01
9.264844972964012015e+01
9.775393395681876996e+01
9.557428820869340313e+01
9.561093514969230966e+01
9.546199725646827972e+01
9.261056403785131863e+01
9.590742023559369045e+01
9.571614150117525810e+01
9.175036022223366672e+01
9.642930391948038960e+01
9.554106722563767562e+01
