9.478047303044247940e+01
9.637497853147903015e+01
9.472244539477895842e+01
9.613067035108043967e+01
9.495247257901999660e+01
9.440652742284083843e+01
9.975650199059920453e+01
9.658735631803446609e+01
9.381007774818385769e+01
9.520366161547380557e+01
9.714389409318651758e+01
9.334853247511730956e+01
9.853237118203709599e+01
1.006761614644662188e+02
9.447421841532761277e+01
9.102073973006484664e+01
1.017814060400487364e+02
9.809546748564558527e+01
9.530721305080179206e+01
9.752992036594513081e+01
1.007173805617332647e+02
9.805230168536206747e+01
9.430218748282830177e+01
9.622619734068368302e+01
9.497661928554252597e+01
9.519256762724359078e+01
9.450433373699614492e+01
9.573464476477440144e+01
9.657653366747643986e+01
9.522690259510581257e+01
9.576089463756092357e+01
9.255194249440761212e+01
9.703381158868518241e+01
8.972674936836298798e+01
9.839296898464657204e+01
9.286451195418807458e+01
9.231269049412101424e+01
9.377685147796431409e+01
9.614345050732158882e+01
9.385954511851045368e+01
9.824811611197931427e+01
9.796551969417639327e+01
9.802743519394412886e+01
9.512441567830755673e+01
9.896536914684844533e+01
9.550117752559600603e+01
9.620384803822327058e+01
9.652924038301654264e+01
9.714034261364396627e+01
9.541617335709541692e+01
9.531564476584077283e+01
9.743220445437208355e+01
8.979520663511033263e+01
9.741417119894352084e+01
9.891021427270344191e+01
9.798710397748338607e+01
1.000834241648481537e+02
9.558218163737433315e+01
9.766455221085649896e+01
9.467732717000941989e+01
9.671217824400072516e+01
9.430483705959444762e+01
9.638600372333485211e+01
9.333702650951526891e+01
9.478175287045486641e+01
9.800548052025703782e+01
1.008487867008533811e+02
9.622134198886155332e+01
9.825546667724223937e+01
9.539791738845333668e+01
9.947660641372505097e+01
9.684765385592687892e+01
9.725161048730201685e+01
9.748041545453257584e+01
9.282695955167409352e+01
9.733405505945005132e+01
9.895817105475776998e+01
9.962071810728896537e+01
9.486725804014874086e+01
9.810956847722718521e+01
9.661416874486843653e+01
9.471718113409197315e+01
9.559968731142328124e+01
9.656893864970366792e+01
9.857107235105544873e+01
9.797287718909493037e+01
9.784368869318323902e+01
9.378656739521457553e+01
9.335784991842851355e+01
1.010281922997934601e+02
9.547176929164959347e+01
9.368485518721374206e+01
9.948801048801050229e+01
9.685854565388406456e+01
9.580315795193128281e+01
9.601612729334698315e+01
9.784742385523152564e+01
9.563840963266176232e+01
9.856096775627422346e+01
9.929570674037907452e+01
9.398987064889739429e+01
9.487467529559270929e+01
9.485504135019012040e+01
9.695546544653106480e+01
9.840102060261858696e+01
9.559983535030907831e+01
9.999321368125764309e+01
1.005998982842393161e+02
9.644933715328990331e+01
9.736143633528672581e+01
9.807572135152491910e+01
9.617584944635707700e+01
9.909952571147316291e+01
9.854658774767099771e+01
9.313110398100859300e+01
9.659777340698147441e+01
9.676445641285690158e+01
9.457200869638263896e+01
9.755488186440541654e+01
9.739962246133221413e+01
9.829912984584071012e+01
9.830434083825163327e+01
1.019172614746548078e+02
9.512105799023981945e+01
9.659966766261614168e+01
9.570762287609693431e+01
9.693628031632810860e+01
9.135593770340813080e+01
9.581160062018641099e+01
9.664484612535139263e+01
9.439040716638051265e+01
9.525117148055159078e+01
9.543744976532293833e+01
9.497232217227637818e+01
9.840932829113398839e+01
9.629845929986333886e+01
9.410287394446882558e+01
9.856821017711332900e+01
9.712300784872540760e+01
9.586580408328536862e+01
9.676278306996596257e+01
9.215716120940639655e+01
9.591718825416656102e+01
9.924124822373389065e+01
9.597742268761486173e+01
9.895666848709907981e+01
9.585343140149920771e+01
9.911734371028823887e+01
1.017769777464823591e+02
9.820440240145946120e+01
9.346306532728914362e+01
9.765509220241199273e+01
9.289996649910122528e+01
9.172661733822658903e+01
9.655205236835759308e+01
9.746047924512518534e+01
9.711470529208983749e+01
9.813577020129841344e+01
9.822497994902742846e+01
9.635282843814547959e+01
9.483014515915435538e+01
9.576753965152299486e+01
1.004717581243469766e+02
9.784843892371281981e+01
1.008503607275778080e+02
9.711263089514737601e+01
9.837963390037521094e+01
9.311660472936776500e+01
1.006840622876246414e+02
9.435435224228010043e+01
9.760329298913211460e+01
9.722209524947436421e+01
9.297486838638629081e+01
9.797021022004956592e+01
9.473229091802636503e+01
9.719803911934700125e+01
9.668931285015608523e+01
9.335724974608417881e+01
9.734597636919190222e+01
9.450555793288252460e+01
9.535717557793438459e+01
9.600212271753727578e+01
9.758499661483607213e+01
9.304993671966795432e+01
9.826692407273790764e+01
9.284727248198282723e+01
9.775873108674942102e+01
9.560762604565059064e+01
9.455976361764027160e+01
9.688795637436830077e+01
9.431768047371140540e+01
9.866107428880417274e+01
9.349798780775964246e+01
9.669450555865662977e+01
9.604417819758964470e+01
9.464714936154126690e+01
9.720348786609071112e+01
9.630930111019898732e+01
9.490587992241368909e+01
9.631731777525030225e+01
9.691380613925011289e+01
9.348704792098344285e+01
9.685506339386363095e+01
9.761167146889059154e+01
9.876699066346854750e+01
9.287004102306264031e+01
9.691847482292253346e+01
9.646808205146435000e+01
9.437186927072282572e+01
9.892474665038351134e+01
9.417583534818434998e+01
9.685307923049755630e+01
9.350219513854119668e+01
9.654614298094143976e+01
9.534077408379802421e+01
1.006476098203353189e+02
9.470154878373371332e+01
9.546337506318292299e+01
9.593546816682732015e+01
9.912420752133874657e+01
9.826034150554507107e+01
1.011102685776054670e+02
9.677371259587268071e+01
9.856043457489899140e+01
9.914860186629806549e+01
9.767442979537344172e+01
9.432046289006490269e+01
9.584752099531193892e+01
9.715603232073510753e+01
9.857442352395433716e+01
9.522939219807521738e+01
9.669858707057167635e+01
9.610669610076259062e+01
9.708749297976152093e+01
9.282944092657085378e+01
9.525947169086275323e+01
9.861565205324809824e+01
9.796474426292654414e+01
9.548422448873628809e+01
9.720731300405573450e+01
9.858827066026708508e+01
9.188403115689899892e+01
9.940011026821160556e+01
9.762913254439401101e+01
9.996929009019885370e+01
9.917355196350845858e+01
9.828199361574922932e+01
9.711671249376789206e+01
9.622892000526809397e+01
9.554819462495484572e+01
9.806200243466088295e+01
9.794904605379555562e+01
9.569692870970240506e+01
9.694416397721046508e+01
9.320415991009927836e+01
9.394419395236366199e+01
9.268296629140667164e+01
9.476193096318191067e+01
9.318475913049144310e+01
9.676733654552285202e+01
9.423217248664090562e+01
9.358872792204630287e+01
9.708534274765709426e+01
9.186523492519982881e+01
9.458256044046291322e+01
9.554166765701135944e+01
9.484857775494435828e+01
9.568642425525438000e+01
1.008319112785553671e+02
9.520689737173222511e+01
9.410531485137080665e+01
9.938980631776738051e+01
9.953552631065272749e+01
9.471509389491275499e+01
9.455061910469429165e+01
9.347924806093621442e+01
9.394205036162682632e+01
9.883943542013000183e+01
9.965626907040869753e+01
9.727512121296544478e+01
9.395770418387169798e+01
9.628271109076801793e+01
9.415668783034939793e+01
9.616882238337241517e+01
9.513277214752440614e+01
9.777537386930723073e+01
9.456519263897300220e+01
9.287550670799008401e+01
9.527920795319234060e+01
9.537803483655477521e+01
9.394221025357087740e+01
9.387049041752351286e+01
9.711358909886240554e+01
9.560918004510570256e+01
9.816764118003879958e+01
9.299213194545383487e+01
9.864564614557730238e+01
9.882592474844598485e+01
9.536336873485490173e+01
9.705546093358643134e+01
9.601191972741172265e+01
9.787153819217378725e+01
9.803792255235958919e+01
9.559395737031412921e+01
9.324065143708025971e+01
9.259047156485139851e+01
9.384223768332381610e+01
9.298475558691934850e+01
9.260040950912765823e+01
9.607068074284548231e+01
9.324641601003693836e+01
9.434159653321704297e+01
9.703694229547949135e+01
9.630357391431319058e+01
9.596382904803202507e+01
9.878043980312132533e+01
9.532724226014511260e+01
9.682137052134568478e+01
9.811912240215791314e+01
9.683343946124404056e+01
9.891078501101644349e+01
9.575825228670586853e+01
9.884822015795356265e+01
9.560339404392755114e+01
9.784734571495356192e+01
9.677646539131649206e+01
9.551711925275974124e+01
9.905443346098553548e+01
9.501405393057602566e+01
9.097293724397748349e+01
9.478506858593873119e+01
1.027308710714674191e+02
9.570416571547653461e+01
9.831443864370132246e+01
9.550609693699824732e+01
9.562554153669165657e+01
9.666971969400047726e+01
9.527662637451639682e+01
9.787531017894761476e+01
9.667407247013487392e+01
9.832077065004793326e+01
9.497875975134680004e+01
9.588470763381261008e+01
9.608561828770334046e+01
9.389980666720838087e+01
9.419561796805976428e+01
9.952996149420508232e+01
9.509001742145329672e+01
9.511300059019662001e+01
9.643312405329156434e+01
9.460108562534229293e+01
9.676324753054667838e+01
9.808766471324385350e+01
9.505806998822070852e+01
9.646398278249853320e+01
9.522917747153994128e+01
1.010238521207541567e+02
9.611379519310703756e+01
9.282920718401528859e+01
1.004402611656517763e+02
9.891546580141907441e+01
9.913688031659773969e+01
9.603735249293305287e+01
9.468064472732478976e+01
9.779244216724383421e+01
9.422154898219926622e+01
9.830942416779929260e+01
9.064282414677229838e+01
9.860443287840585924e+01
9.651309324952555357e+01
9.725817943374993035e+01
1.008215873658673587e+02
9.473917525878756862e+01
9.687903522227964004e+01
9.500138659987140954e+01
9.772934423258983827e+01
9.266955930327011970e+01
9.804087812792559475e+01
9.979895298537952897e+01
9.396903155490858239e+01
1.007719546802560302e+02
9.661576673721688735e+01
9.259251722591945111e+01
9.494042232759053945e+01
9.867877895430699198e+01
9.556974121840885061e+01
9.559158873062817463e+01
9.866077541020962371e+01
9.598311334085258295e+01
9.554950433759537987e+01
9.628623865435821472e+01
9.938660140580803670e+01
9.652858947505950482e+01
9.807846375488743718e+01
9.872538148871853991e+01
9.619608932409811075e+01
9.616047086460660864e+01
9.880179662945843688e+01
9.870601997304042641e+01
9.416002637011142440e+01
9.646645729142937853e+01
9.911935213433511649e+01
9.848213751488435719e+01
9.782173518216916364e+01
9.613211838985697000e+01
9.186645364170770733e+01
9.708652747227347390e+01
9.507795921914389226e+01
9.726321105558631075e+01
9.873890807912921730e+01
9.432764550766638934e+01
9.392799746380156023e+01
9.366141730517240660e+01
9.492426660652911607e+01
9.848315706007721815e+01
9.904079881113213446e+01
9.795602454993880315e+01
9.610965814799700979e+01
9.724809993473861880e+01
9.600412748723043421e+01
1.000903705425300956e+02
9.363281513640318110e+01
9.856014500538627487e+01
9.667045468894190208e+01
9.347208269316685403e+01
9.627295475005749381e+01
9.375093480172418481e+01
9.983369232346989008e+01
9.996860701069255128e+01
9.870740271684134370e+01
9.643563769926082330e+01
9.816435944703889049e+01
9.678468419147650081e+01
9.199428313839746352e+01
9.203322738066731290e+01
9.133036871453995786e+01
9.680567271885789182e+01
9.593537662687452894e+01
9.677087840735860880e+01
9.600429570051889527e+01
9.712959604515160095e+01
9.793849279806110530e+01
9.410739342832978593e+01
9.727835019359032742e+01
9.685818307384522541e+01
9.645018550187288042e+01
9.566559193429533536e+01
1.010612286472948540e+02
9.878529424995831221e+01
9.894697107833432881e+01
9.758886416854416268e+01
9.561989101238938815e+01
9.827577745424768807e+01
9.341719760849110799e+01
9.953942213698059049e+01
9.432442841046805881e+01
9.330433670514106836e+01
9.564361875746870112e+01
9.873711720582494422e+01
9.657685001464186314e+01
9.444439132219390842e+01
9.553965062905315619e+01
9.728052213700166817e+01
1.005237202673618668e+02
9.658828877712689120e+01
1.022126425793265270e+02
9.464834164746953604e+01
9.871477535907649781e+01
9.485564885702207505e+01
9.507371991005983602e+01
9.792093731480362351e+01
9.858616959021199477e+01
9.397025705498695913e+01
9.741298678985629067e+01
9.893712877921184656e+01
9.772679106422350515e+01
9.622943934368809948e+01
9.776677743979068680e+01
9.803176741937005545e+01
9.348587627499557584e+01
9.633927198854428298e+01
9.364522286094100423e+01
9.706052111260252957e+01
9.579998820603672982e+01
9.467849733961179481e+01
9.610396726787446653e+01
9.824515768555215800e+01
9.690534665751499688e+01
9.827510804325065408e+01
9.855028925905259030e+01
9.695538490719516744e+01
9.416039866917202517e+01
1.020147798733167832e+02
9.392912568082250857e+01
9.657772016412542371e+01
9.558729841086061185e+01
9.079977345269932698e+01
9.215310476002989049e+01
9.539316121865311970e+01
9.905669987412166222e+01
9.692340458570772910e+01
9.690694718623554138e+01
9.573622473069430328e+01
9.561911849339885805e+01
9.440816692645169894e+01
9.501875599604190370e+01
9.858919997600473550e+01
9.066117023422528121e+01
9.882689423591364175e+01
1.006819745294922939e+02
9.632910173606109083e+01
9.306192222967328576e+01
9.662844913261901070e+01
9.910798139616257174e+01
9.502337394539506477e+01
9.684887910136359324e+01
9.625104028802572032e+01
9.640463826686659843e+01
9.607615541757138544e+01
9.146233282870292669e+01
9.732816755497646000e+01
9.499289811447928855e+01
9.771576615876494998e+01
9.551724127520505192e+01
9.608146537428906697e+01
9.606072916116777094e+01
9.538865766469703544e+01
9.450385722967534718e+01
9.558899312157920747e+01
9.588044187772730709e+01
9.489983967507778573e+01
9.572317997140550005e+01
1.016974998189711954e+02
9.838197091982601705e+01
9.645468529916992395e+01
9.630253038675498090e+01
9.448824138580276610e+01
9.518522006690471926e+01
9.703614033509784065e+01
9.493397891311357739e+01
9.467929667287961593e+01
9.599581937949389498e+01
9.551167428466347076e+01
9.171273402880210313e+01
9.876796689846928246e+01
9.756614871309211878e+01
9.742139522017251352e+01
9.843752270098373458e+01
9.465200497468740082e+01
9.862886629407262262e+01
9.553580294671731110e+01
9.130447536854111945e+01
1.002247711614202643e+02
9.911851488741849892e+01
9.292039639680001528e+01
9.749135816251310871e+01
9.379737305247695645e+01
9.718721974657238150e+01
9.436607201132017053e+01
9.429325285939032142e+01
9.524806886190538080e+01
9.653221397098911893e+01
9.475116555422134468e+01
9.571542838172143775e+01
9.787971134279872842e+01
1.030784979764924287e+02
9.508007933657006561e+01
9.259946793995685255e+01
9.551573882230673007e+01
9.437976272368462105e+01
9.463041906093415889e+01
9.750316970848288634e+01
9.801902964281684660e+01
9.505315381787281126e+01
9.515456022820092130e+01
9.471432717840832538e+01
9.942049729643223088e+01
9.764429030061197068e+01
9.677855725069331072e+01
9.215486611909122416e+01
9.616991811896889430e+01
9.694575778159220647e+01
9.875915317200012566e+01
9.771896975156290921e+01
9.819222486578530606e+01
9.582547937719644437e+01
9.429244649840470061e+01
9.654167040301183533e+01
9.628622110918597343e+01
9.779157402293026280e+01
9.879539947377929821e+01
9.723174700936466763e+01
9.497361131084332442e+01
9.412059378680865507e+01
9.844220958402553379e+01
9.472430001805611255e+01
9.419455260844601696e+01
9.615215143906574724e+01
9.314493697990567966e+01
9.801155739506612008e+01
9.893929637128225352e+01
9.457586594161713833e+01
9.468122043714274128e+01
9.567859456874566604e+01
9.688026077803903036e+01
9.655933314382875210e+01
9.384629284211978018e+01
9.703698047317759290e+01
9.204714835088246616e+01
9.846452540698133760e+01
9.334498185237124801e+01
9.926840120581199756e+01
9.838323714837109435e+01
9.472587577556220140e+01
9.608783564893963103e+01
9.418609738209610782e+01
9.505319882464591785e+01
9.888104980561043078e+01
9.799131103264622311e+01
9.789167219783045937e+01
9.784461452745615873e+01
9.537435517723467626e+01
9.629854030398003317e+01
9.462649534951641783e+01
9.978488619337960586e+01
9.713684395622534851e+01
9.718494978858078071e+01
9.434244875267587815e+01
9.515142500310659557e+01
9.798672030322158832e+01
9.752605407588586672e+01
9.817822385718648093e+01
9.333675141338261483e+01
9.784607327458004988e+01
9.891843835379809491e+01
9.306858910493576786e+01
1.008524511982503782e+02
9.663555514124040258e+01
9.591156358238208668e+01
9.687109074530964392e+01
9.457885847984496763e+01
9.565584787213114737e+01
9.440206597135522770e+01
9.731954954083066411e+01
9.658874632906241686e+01
9.736835519707815934e+01
9.653336417769590128e+01
9.361212924158273552e+01
9.645354589759770647e+01
9.791364904327205920e+01
9.256494761614236211e+01
9.781405007305268384e+01
9.661377460056020539e+01
9.542025923964675371e+01
9.683005020343139790e+01
9.810545987688250591e+01
9.684157329758127730e+01
9.348893583993611855e+01
9.544498150135400749e+01
9.683547091111384475e+01
9.844215670012189889e+01
9.538997415235606070e+01
9.692693441447647729e+01
9.969861685232918092e+01
9.491712743652867346e+01
9.598835911548410138e+01
9.415083499395008459e+01
9.268414006189784971e+01
9.608776156551863323e+01
9.517781517734604790e+01
9.739661156025707101e+01
9.749087747062300480e+01
9.396210778057447044e+01
9.590186321656250357e+01
9.687384665432932707e+01
9.680427178172323011e+01
9.556656103308105799e+01
9.462267178028062631e+01
9.621122197575348878e+01
9.325248065784271034e+01
9.557420272451589938e+01
9.613207689866578676e+01
9.783189406704507007e+01
9.453552242176105835e+01
9.441390878714513235e+01
9.729061985350618613e+01
9.635363242722401367e+01
9.850534376653956770e+01
9.267360089652784438e+01
9.773497013675678602e+01
9.379385961516555881e+01
9.906988233828766965e+01
9.574829828986813141e+01
9.447373867921996293e+01
9.337482931726442814e+01
9.631305307130570270e+01
9.354386298090349783e+01
9.520815069713134449e+01
9.787258589655546359e+01
9.444792724191960076e+01
9.423415422942041175e+01
9.523284247929814228e+01
9.437128208304095267e+01
9.586755035480051390e+01
9.572348311710918267e+01
1.012600069061846142e+02
9.815449892498733675e+01
9.815708461370532234e+01
9.870117850679035598e+01
9.276279672429977552e+01
9.406288267851897444e+01
9.643559266630013838e+01
9.495462692028003460e+01
9.573466374924075240e+01
9.704447427103762891e+01
9.687459983363783067e+01
9.476187281946663177e+01
9.418387353943089124e+01
9.767694385456526618e+01
9.632146052196742403e+01
1.000703733685161012e+02
9.567762689989294245e+01
9.597001991877263549e+01
9.816706004183579637e+01
9.848055919751703868e+01
9.502602034105225925e+01
9.125102361465242495e+01
9.647115963708215247e+01
9.427060917692458020e+01
9.746854096356804575e+01
1.004472660353227127e+02
9.359481286184060878e+01
9.450272292470431523e+01
9.471114075454116232e+01
9.473879124642279237e+01
9.803474695360634428e+01
9.470170051415210821e+01
9.868060861968150732e+01
9.723849561684444609e+01
9.624655603903534029e+01
9.670199672402206659e+01
1.019118738734534020e+02
9.747412790640555613e+01
9.699722487087062461e+01
9.237485879354268548e+01
9.866429094772189501e+01
9.280634890125185166e+01
9.387972786828404992e+01
9.312464411190165947e+01
9.297551282831911124e+01
9.515848033570603093e+01
9.759523493940397998e+01
9.617483751603802489e+01
1.034435435001447274e+02
9.489495373858413529e+01
9.937425850805672667e+01
9.403433175674440747e+01
9.916759406632179719e+01
9.672435500449400081e+01
9.355516525897877500e+01
9.463710941795714859e+01
9.739336863245323173e+01
9.591308253206037193e+01
9.322742696930927764e+01
9.588178633044151411e+01
9.697033896015999233e+01
9.774365513347395051e+01
8.862016627676149483e+01
9.534268839944876106e+01
9.854043709909495874e+01
9.572623165282368518e+01
9.770015556146348956e+01
9.675419758718688001e+01
9.582249238243213085e+01
9.352898059385036333e+01
9.610895467776695966e+01
1.003340974738258780e+02
9.344857955034794372e+01
9.698238757090601325e+01
9.528939943175811322e+01
9.325761590293036818e+01
9.544425271208395145e+01
9.443172129987256369e+01
9.780638091788988220e+01
9.236390031118978072e+01
9.360739433055013592e+01
9.616945732707272043e+01
9.788178980769460225e+01
8.961094720513411005e+01
9.617050538052816933e+01
9.503282005757247930e+01
9.442447891050738917e+01
9.673758049584994012e+01
9.824009200451422430e+01
9.713994035508900993e+01
9.556712999207229586e+01
9.392376702192163407e+01
9.827668950436691375e+01
9.869413986733074751e+01
9.433888335598236097e+01
9.772258924796884116e+01
9.755461331023586524e+01
9.870938474863150702e+01
9.859869523871140018e+01
9.476581821224338853e+01
9.462895543876076943e+01
9.690796231782859138e+01
9.347497979378080402e+01
9.922603872431463401e+01
9.575487747312872955e+01
9.513818183860733768e+01
9.490676298572255121e+01
9.590483629203599492e+01
9.638848504094760017e+01
9.877259323962016424e+01
9.701601285970714628e+01
9.630370041184657737e+01
9.840276243898814812e+01
1.024016225998675935e+02
1.012317284310135932e+02
9.258828710490715252e+01
9.942297571044468896e+01
9.416429056133591757e+01
9.736693981247198337e+01
9.608331082813896273e+01
9.470985342907603410e+01
1.009781246385212796e+02
9.703250479664058048e+01
9.677544710144341877e+01
9.924087368811929366e+01
9.682321073300211367e+01
9.420540328560645094e+01
9.573938559936665627e+01
9.617906562093226341e+01
9.786005787276020840e+01
9.743008401873224500e+01
9.557943976348811077e+01
9.608919822303299441e+01
1.010731231255112021e+02
9.620860653388086803e+01
9.661071583734955937e+01
9.758668402368441264e+01
9.701229954266140965e+01
9.737148374717281740e+01
9.658244139802908990e+01
9.505821190619751349e+01
9.892147176664605013e+01
9.750616590355024016e+01
9.743093379453330272e+01
9.799850412099159769e+01
9.687647309777388216e+01
9.135685139833461221e+01
9.507160901813134046e+01
9.569793814133561227e+01
9.544488381654778664e+01
9.545187678322184865e+01
9.598532228073290185e+01
9.487433655256037923e+01
9.508952941849366880e+01
9.874356075672083932e+01
9.343622984909598017e+01
9.547365281294189288e+01
9.746520955531453012e+01
9.663758549528422748e+01
9.721947319232923235e+01
9.512968570823763059e+01
9.670830852409008571e+01
9.512337476883065790e+01
9.787364426323401290e+01
9.690109009996237432e+01
9.561415558283526650e+01
9.622659173000066346e+01
9.568489888069704818e+01
9.512749403501982215e+01
9.765438220868873032e+01
9.814175236174079942e+01
9.482884836404595319e+01
9.349867109631969697e+01
9.969653857977448297e+01
9.385529963753999994e+01
9.579590739073462657e+01
9.675597945940432965e+01
9.397951667006566367e+01
9.758810819489281130e+01
9.912817411594711814e+01
9.571092061656842986e+01
9.545582058785466018e+01
9.380635489002436600e+01
9.371639962303783022e+01
9.740978572920244005e+01
9.510724947335607737e+01
9.905788556135277645e+01
9.373286166907679728e+01
9.154451885000224820e+01
9.645240073635523004e+01
9.358025438085675773e+01
9.217988572734856234e+01
9.774857875170160071e+01
9.590842127333102951e+01
9.745677403626912394e+01
9.591060514482720123e+01
9.634465709370610398e+01
9.838268492834616552e+01
9.635194161021429693e+01
9.594266555949118924e+01
9.600092692578367348e+01
9.701258527336376858e+01
1.007165052001104470e+02
9.537743291793171352e+01
9.847937265205926849e+01
9.227052274925723907e+01
9.782784280539060262e+01
9.422398926325351454e+01
9.486527251763428126e+01
9.491663516568723935e+01
1.006441431099836166e+02
9.115759610226679399e+01
9.730830881242690111e+01
9.555884728532761585e+01
9.859001934468096806e+01
9.495071154943877900e+01
9.621495737263663273e+01
9.412931088076727804e+01
9.813840562310096516e+01
9.771633328889291192e+01
9.610731075968378434e+01
9.742385910047349284e+01
9.644434393578183062e+01
9.502378541134943646e+01
9.683075823611800104e+01
9.562339086495502727e+01
9.670237054366441498e+01
9.536194663028756224e+01
9.733239722578235842e+01
9.591406233555822780e+01
9.130168162295743173e+01
9.449173268514590518e+01
9.558631940316465148e+01
9.579807117316293841e+01
9.523843880175130039e+01
9.697172833029176786e+01
9.421624531735085384e+01
9.428476611076308700e+01
9.518225830861037196e+01
9.577527626589912302e+01
9.657910363070223525e+01
9.680489570282476564e+01
9.571038158131376861e+01
9.451387367016198482e+01
1.000674786137000893e+02
9.638640483017846350e+01
9.693289825553674177e+01
9.290517900037247045e+01
9.652583272500581302e+01
9.362141042718444339e+01
9.132724296739650072e+01
9.520744769699319932e+01
9.579578666579620005e+01
9.168182073549422739e+01
9.711088458659322953e+01
9.817137737748412007e+01
9.375603053643234830e+01
9.906644925458559214e+01
9.348028090820216107e+01
9.633907863604106581e+01
9.665661467424149578e+01
9.512594228147933961e+01
9.753639308230899019e+01
9.487913757303989826e+01
9.944423720526296506e+01
9.729522898604429315e+01
9.890587323260058383e+01
9.660332856475008612e+01
9.783005286456010197e+01
9.569166779771660458e+01
9.808728539538230962e+01
9.508016280824205069e+01
9.502720234084743822e+01
9.766098373978636005e+01
9.387429587373743800e+01
9.798345687115535441e+01
9.371519150087497962e+01
9.292213766059458635e+01
9.938249436215136257e+01
9.378088207182814529e+01
9.415052862920053656e+01
1.010539064416825710e+02
9.649921956090798858e+01
9.596608333205830377e+01
9.541972602610017873e+01
9.822561966361888608e+01
9.478276679944944760e+01
9.448646930618120621e+01
9.524987919044598073e+01
9.663693166992457861e+01
9.193518716595676210e+01
9.649429672520123802e+01
9.242504836884292274e+01
9.762927701735064545e+01
9.613467633562817127e+01
