1.105330822490428346e+02
1.105343879213541669e+02
1.100710125312382814e+02
1.104215153139516161e+02
1.106760532442742857e+02
1.104914703852498263e+02
1.107821505376960260e+02
1.104620903714174460e+02
1.107270500474115948e+02
1.106890491209594529e+02
1.106665276070600328e+02
1.107561030175933183e+02
1.103231224242630333e+02
1.106671109337241461e+02
1.104485016318307515e+02
1.105592474529748301e+02
1.108261270250882973e+02
1.112313958843161004e+02
1.101627884660291130e+02
1.107489836825016596e+02
1.106440755568543040e+02
1.108074037463435388e+02
1.108932245833622687e+02
1.107700504924366527e+02
1.108975329338176152e+02
1.103868631572878769e+02
1.107029501614617999e+02
1.107591712754464908e+02
1.106876744943280642e+02
1.102546190074521633e+02
1.109857461080799226e+02
1.108795737649348894e+02
1.104708811490429383e+02
1.105645999365084293e+02
1.104785393393744073e+02
1.109616260118554436e+02
1.104287753808044954e+02
1.106106281783320355e+02
1.106593151644711810e+02
1.108042380796728708e+02
1.107316594470674858e+02
1.109341493080146250e+02
1.105234026017710818e+02
1.108138512969971714e+02
1.107224789450023223e+02
1.105335723435416924e+02
1.107277981105352183e+02
1.109737451950963134e+02
1.106253509489832112e+02
1.103656588435475925e+02
1.101794193845388037e+02
1.106299603387467698e+02
1.112961296866581762e+02
1.106690368098168875e+02
1.104314950670595294e+02
1.105628256776267193e+02
1.106813924709573058e+02
1.110634382375780120e+02
1.105450322333915949e+02
1.102339553824140097e+02
1.108175289122379610e+02
1.106411281776386915e+02
1.107762114232524624e+02
1.103588363093266054e+02
1.103791332973753470e+02
1.106612708521287090e+02
1.108147651880759952e+02
1.106981572821527351e+02
1.106876266856936297e+02
1.108013537462467326e+02
1.107933181630821906e+02
1.111493270477121484e+02
1.110382415518875376e+02
1.104054235461702973e+02
1.112731589179167173e+02
1.107462888902597200e+02
1.109140687523354956e+02
1.099971331412777715e+02
1.106141803197876214e+02
1.107596100804386339e+02
1.100451458638891609e+02
1.104780159052188822e+02
1.108344531746494539e+02
1.107841279760622371e+02
1.102574677475222131e+02
1.103699601676576378e+02
1.106646415416323492e+02
1.107791599933697739e+02
1.103515529612297001e+02
1.107378760345340964e+02
1.107712308072935912e+02
1.105098305175682896e+02
1.110263217156911253e+02
1.105623901027508538e+02
1.107150721472520019e+02
1.107069375681799812e+02
1.107266754588652731e+02
1.103644860621826496e+02
1.107263549463365990e+02
1.108032566713162339e+02
1.109041447278281964e+02
1.108277175404699335e+02
1.105087479533909800e+02
1.105860596487351160e+02
1.104144767626815593e+02
1.104746047056363665e+02
1.106969180098822108e+02
1.103450120415049724e+02
1.106197235761436417e+02
1.106661082778114888e+02
1.103746786128284469e+02
1.108911690134576276e+02
1.105653887509144369e+02
1.106914258187229194e+02
1.107110862662732984e+02
1.107773852023852328e+02
1.104555795572732251e+02
1.106405103082979338e+02
1.105825095443702821e+02
1.107285911127812312e+02
1.109473503818583424e+02
1.105979361225199682e+02
1.104687936100729075e+02
1.109711496580416963e+02
1.101519374649592606e+02
1.105415781599047307e+02
1.107683130029304124e+02
1.101786635806209773e+02
1.106085722125174300e+02
1.108571619381043263e+02
1.105282201946696574e+02
1.108301968231766921e+02
1.107724955530741937e+02
1.107457903962843915e+02
1.107241502707706644e+02
1.103557323793067155e+02
1.107437263161458105e+02
1.105701211122912468e+02
1.107478536387561689e+02
1.104115869985156309e+02
1.103799773000909425e+02
1.106444980671725347e+02
1.105187672021513805e+02
1.104207499870080795e+02
1.104963065004246374e+02
1.107198999461020321e+02
1.106126938874196384e+02
1.108756055724795999e+02
1.106395089181007023e+02
1.103095761453150772e+02
1.105686878262583974e+02
1.105366167087168350e+02
1.105152901996243600e+02
1.103380031601936935e+02
1.107595970905963298e+02
1.107350873615886968e+02
1.104740167636401367e+02
1.107286278960310284e+02
1.107497184492697642e+02
1.107363291590999097e+02
1.104531060357034704e+02
1.102592619314436320e+02
1.106678349614786754e+02
1.105743973256314945e+02
1.108062428180468544e+02
1.108901344609843420e+02
1.104674461009780941e+02
1.105977902474610630e+02
1.107363339576807419e+02
1.107716399473884650e+02
1.110173520288775819e+02
1.106968280391300823e+02
1.106438211211699780e+02
1.106832696300993177e+02
1.105206356909995975e+02
1.108402167090429060e+02
1.103584678868328268e+02
1.106890832897974661e+02
1.105771987909513285e+02
1.107021617630854280e+02
1.105213411131183676e+02
1.107698115605223990e+02
1.106568790656311592e+02
1.103959292073203073e+02
1.108147576596177117e+02
1.106525371741302735e+02
1.108699842436874121e+02
1.107765973985266470e+02
1.104720645376944788e+02
1.109393430718511695e+02
1.107025705104990152e+02
1.106275619662176695e+02
1.108207717179043073e+02
1.111148252004497152e+02
1.106810683409925957e+02
1.103423835878938064e+02
1.105822809138838068e+02
1.107893836332172270e+02
1.107902171234331519e+02
1.108389489394766372e+02
1.111068108283488840e+02
1.105438013706367286e+02
1.105764430944830394e+02
1.109119024798229844e+02
1.108176397149120334e+02
1.104777502153001336e+02
1.103333893137340311e+02
1.103803096128043677e+02
1.108123305284504596e+02
1.109420842750667759e+02
1.107399521661418902e+02
1.108746015771308322e+02
1.108419662288558953e+02
1.108734590024737514e+02
1.103618580362421397e+02
1.105154915831153346e+02
1.103797259288216850e+02
1.104364476873417118e+02
1.107177339158226204e+02
1.109172604448121859e+02
1.105684134418539486e+02
1.108213616923742251e+02
1.106241322702777978e+02
1.104422655068982237e+02
1.105120333797609646e+02
1.105349619606964922e+02
1.110202935708750971e+02
1.104850335656456082e+02
1.105265154080922230e+02
1.107758171774402314e+02
1.108162384188180738e+02
1.106848787386140032e+02
1.105695886135320904e+02
1.106795933865405033e+02
1.107531345133124461e+02
1.106970713520822471e+02
1.102967782266907477e+02
1.102255234054464950e+02
1.106279695647234576e+02
1.105481672247475586e+02
1.104657831638636907e+02
1.105368696581385137e+02
1.104737506557445954e+02
1.104451936895612505e+02
1.104186683119977772e+02
1.109323637426011544e+02
1.104033399835268767e+02
1.108463356211059221e+02
1.106583157476602395e+02
1.109843553274171768e+02
1.109215472416594963e+02
1.109025136990442917e+02
1.105896303514327315e+02
1.108642064945662895e+02
1.109331345907861817e+02
1.108538148173275601e+02
1.107482188596967205e+02
1.107162027037698238e+02
1.105032151347488565e+02
1.103021313620276374e+02
1.107047940251901395e+02
1.106478196657276669e+02
1.107931989446724828e+02
1.107104567693063188e+02
1.109771392034393926e+02
1.106001439974892975e+02
1.107896306700150575e+02
1.104194559206573558e+02
1.107979365545974844e+02
1.103275160247467284e+02
1.105947692478168420e+02
1.106007641266127877e+02
1.107171508559200817e+02
1.105667364916164530e+02
1.106122504634996631e+02
1.108126510638272748e+02
1.107171441729058756e+02
1.108718539352409636e+02
1.107292604593798018e+02
1.106346607325877756e+02
1.106280605549667229e+02
1.102060741730597329e+02
1.105212644164433300e+02
1.109748882509740184e+02
1.105873697451032172e+02
1.105809668837892019e+02
1.105274771564792218e+02
1.105713683245733279e+02
1.103516086544405539e+02
1.111505886910070444e+02
1.106404318684906940e+02
1.104514018514385327e+02
1.103866264924811844e+02
1.105570070018035835e+02
1.105825401386090618e+02
1.107217796356142259e+02
1.108446726249214436e+02
1.110148857745582376e+02
1.107747903188721210e+02
1.107466686479937437e+02
1.105488256523941715e+02
1.104764103336389809e+02
1.107851046906470600e+02
1.108883270249109216e+02
1.102098207815249538e+02
1.109123896201216297e+02
1.106930577056195517e+02
1.108953812347105412e+02
1.105307229096403034e+02
1.104490323008125472e+02
1.103417590337598142e+02
1.107454184396042507e+02
1.104380257509660197e+02
1.104898986233392293e+02
1.104620822763866812e+02
1.105928014026473960e+02
1.105130658064186093e+02
1.108539773587294377e+02
1.102286773830463460e+02
1.105251009843972696e+02
1.106264766769165959e+02
1.102311945858914726e+02
1.108010020448768671e+02
1.109340346114916969e+02
1.104350575639574856e+02
1.105820964024895119e+02
1.106083985936005263e+02
1.107014783875459045e+02
1.109503667386030941e+02
1.104137806863109148e+02
1.108092413196711306e+02
1.108189728094585291e+02
1.108996821747749806e+02
1.104776381746970202e+02
1.108497953920246175e+02
1.105402189959996520e+02
1.108628158127638414e+02
1.109819288078961961e+02
1.103423264641358514e+02
1.104795808809503654e+02
1.105323603885571089e+02
1.105378145297588190e+02
1.105625382018953644e+02
1.103976480998625931e+02
1.105630455151008817e+02
1.104150613686403091e+02
1.102332059610285597e+02
1.105809354708244001e+02
1.108964345040050006e+02
1.105517652065206278e+02
1.106127728662659990e+02
1.111132151768711225e+02
1.101206003827191466e+02
1.105837141380958570e+02
1.106248099503239928e+02
1.106465065247727750e+02
1.104847729927388116e+02
1.104985892708915713e+02
1.104429139508230691e+02
1.105194541202642426e+02
1.108108033635829059e+02
1.104629442029424808e+02
1.107623372520343707e+02
1.105476504345867852e+02
1.105797750721167887e+02
1.105186933115348040e+02
1.103975414289831605e+02
1.104663438954727326e+02
1.107803608407655815e+02
1.106971762085994015e+02
1.109910191348467663e+02
1.104976592092520633e+02
1.105148579121199219e+02
1.106595390242627133e+02
1.106005475235483715e+02
1.109911404276245861e+02
1.102874997819766207e+02
1.106353195699711023e+02
1.104881088129885995e+02
1.105990383472343979e+02
1.104037810186916317e+02
1.106393438728350276e+02
1.105748124694258365e+02
1.110269763755796504e+02
1.105939136223947941e+02
1.103788275920597215e+02
1.103843739227500862e+02
1.106724831607490245e+02
1.108385701231676848e+02
1.105312528254732456e+02
1.108918591403853355e+02
1.106615440142770979e+02
1.108662717738096148e+02
1.108731946140170095e+02
1.103725925394994221e+02
1.102788938388781332e+02
1.106127383344137485e+02
1.109279584303405812e+02
1.106087108545282973e+02
1.101775796325063226e+02
1.109032674014614628e+02
1.106058855788253936e+02
1.105669147576758178e+02
1.104005342719441103e+02
1.103143084254964066e+02
1.106809601199363016e+02
1.107515198975435169e+02
1.107864067994797637e+02
1.107158223397696446e+02
1.105971720327110859e+02
1.105391001375642901e+02
1.102227563511598447e+02
1.110571836597361113e+02
1.103803102597223784e+02
1.109451700438349775e+02
1.107247384095390288e+02
1.105698165787903235e+02
1.105471678017576949e+02
1.105824527791278342e+02
1.105284287768873384e+02
1.101159969043920341e+02
1.105163312645561575e+02
1.106968286601337184e+02
1.108435438872432854e+02
1.108257442402518507e+02
1.108191483716163503e+02
1.107718407463861894e+02
1.108262322974537852e+02
1.107773895940713942e+02
1.106564601058345403e+02
1.103862864474806713e+02
1.103208288116752556e+02
1.103768646501952588e+02
1.103614833394523203e+02
1.111450276265964732e+02
1.107997292059476990e+02
1.109170231943137281e+02
1.106184661815937176e+02
1.101865209533403487e+02
1.107817361947569594e+02
1.104326332988508170e+02
1.107596598543822495e+02
1.108115507232016910e+02
1.107682618755362256e+02
1.105327564452475144e+02
1.105254445175467737e+02
1.104947476513924443e+02
1.105474900824283537e+02
1.105298045550338202e+02
1.107137750832595913e+02
1.106521894493493789e+02
1.109522014947439743e+02
1.108109499041768373e+02
1.105795744819120188e+02
1.104855514879134120e+02
1.105483332497284579e+02
1.108404236325620360e+02
1.106229232638999349e+02
1.103944592807791878e+02
1.101623995149652586e+02
1.108384375221669558e+02
1.107435693760182289e+02
1.105865211211319803e+02
1.112087413198003247e+02
1.106381826670938011e+02
1.107840383603540886e+02
1.106106059052902992e+02
1.107652356706660299e+02
1.106732412076608512e+02
1.106515848551756278e+02
1.107812067511037810e+02
1.105851942351958996e+02
1.107350552900309708e+02
1.106184288837710739e+02
1.109786040233251327e+02
1.103567182004009055e+02
1.106948080652995827e+02
1.102298412565351100e+02
1.109226012722711232e+02
1.105743736954624836e+02
1.103683240738273241e+02
1.104469849196609630e+02
1.105191222496512751e+02
1.104029104867821189e+02
1.109224469973613196e+02
1.107701330622519009e+02
1.106389319878867070e+02
1.104443148311138856e+02
1.104633573272156610e+02
1.108901961436394146e+02
1.108528302317674417e+02
1.108252263708964449e+02
1.104143682802541804e+02
1.110326638127942971e+02
1.108358317488260383e+02
1.106928503953456726e+02
1.105561039338055451e+02
1.107880060546993803e+02
1.110158321581557033e+02
1.107179084366276953e+02
1.102898153124414762e+02
1.105371321668993971e+02
1.104776496468484766e+02
1.108664624528311720e+02
1.107454227234697015e+02
1.109128658220476922e+02
1.103315378605722543e+02
1.105677189024387133e+02
1.104739164556908975e+02
1.110337574181895661e+02
1.106061693347439103e+02
1.105724635680639523e+02
1.102686306620600902e+02
1.105113714166418788e+02
1.105733118662081296e+02
1.106863811742974661e+02
1.108915261164936226e+02
1.105935093416892983e+02
1.108737134729357052e+02
1.104638861392220122e+02
1.107675787297521310e+02
1.106217724034347611e+02
1.110028387148165763e+02
1.100882132354633995e+02
1.107000735070003117e+02
1.106960513082477604e+02
1.105834659917643137e+02
1.104924703596263242e+02
1.108463425736833869e+02
1.111037244456315989e+02
1.105931132945459723e+02
1.103205392089840728e+02
1.105756528292696999e+02
1.105954812391274373e+02
1.111977781946976762e+02
1.105166318425924175e+02
1.108940923031231023e+02
1.102974714914855809e+02
1.108639171231263845e+02
1.105493509929600862e+02
1.107814717560134454e+02
1.104333536131103983e+02
1.105761904084348402e+02
1.104199115547577179e+02
1.105244332763011528e+02
1.107766901672686117e+02
1.103685786979582844e+02
1.104952022332303443e+02
1.108243488871292044e+02
1.105685116424577643e+02
1.107380134793251187e+02
1.103095299019422271e+02
1.107360541421898290e+02
1.102167222171247687e+02
1.106808505160744573e+02
1.107127511450568136e+02
1.104319312739944507e+02
1.105968508577488194e+02
1.104716987224612978e+02
1.110467079567533801e+02
1.111459406337079656e+02
1.110683404051580965e+02
1.110002007134291944e+02
1.106943137484302895e+02
1.107661093132292507e+02
1.105703299734579304e+02
1.103327313601183732e+02
1.108787776560461680e+02
1.107438030016826218e+02
1.108315142732642897e+02
1.104383992880213725e+02
1.107116109868199629e+02
1.107262190361521732e+02
1.109156855485356488e+02
1.104167434754060935e+02
1.103861491096375005e+02
1.106989157820401175e+02
1.108801018034717742e+02
1.103648330045833603e+02
1.105119843922100529e+02
1.106786741750530467e+02
1.109336466293529071e+02
1.106870478730320144e+02
1.106471276034885136e+02
1.105701797086824314e+02
1.107231599417034289e+02
1.107376645384817522e+02
1.107401415476808779e+02
1.107788349357052624e+02
1.104629546130719007e+02
1.104859081055030856e+02
1.107354176201937008e+02
1.101554102931486057e+02
1.104421763881075691e+02
1.104778379378904987e+02
1.105989722741324783e+02
1.108802853492438203e+02
1.106855807778814551e+02
1.104186009779205335e+02
1.104501456091480094e+02
1.105306168975116492e+02
1.103717625281521606e+02
1.101652446970438604e+02
1.106537116471185414e+02
1.106231300633172765e+02
1.106238853845370471e+02
1.101567868327511661e+02
1.105131102930624820e+02
1.101527656097301389e+02
1.108291037070412273e+02
1.108757594444260945e+02
1.105430399713257685e+02
1.106149899093771865e+02
1.105738926878351975e+02
1.105763955387842685e+02
1.107758236641185476e+02
1.104687041874828992e+02
1.106155687960049789e+02
1.108650074559467953e+02
1.108592716138714707e+02
1.103614769589899254e+02
1.104577038299841263e+02
1.109550526781872577e+02
1.107679576990655477e+02
1.108612099562800211e+02
1.104265610826633548e+02
1.106855264497250459e+02
1.101691885141598846e+02
1.105205291023166012e+02
1.107432319957593876e+02
1.103853833203974801e+02
1.106661970572889402e+02
1.103967099065766888e+02
1.104683967023878921e+02
1.105961937886722666e+02
1.108058126276062865e+02
1.103622122461963784e+02
1.108718209644716381e+02
1.101014278314672339e+02
1.108515251539077582e+02
1.103538480744560246e+02
1.104408984600394064e+02
1.108954082892364283e+02
1.106135242676296428e+02
1.109298354886438602e+02
1.104830198010738087e+02
1.104872658786499073e+02
1.104966346825503081e+02
1.108744997557764691e+02
1.108145002032510718e+02
1.107264099074184571e+02
1.102010712455069523e+02
1.108809958420872732e+02
1.106704263948156211e+02
1.108238107755119159e+02
1.103302446249623472e+02
1.102185606879767334e+02
1.107171330356571275e+02
1.108933806647942930e+02
1.103957767216622301e+02
1.106903252506526485e+02
1.111113391100695651e+02
1.107321471549525000e+02
1.106005328576458311e+02
1.109194156683559527e+02
1.106244847617937523e+02
1.107910378926918753e+02
1.103919341655712145e+02
1.105397497266155540e+02
1.106962843006358099e+02
1.105281273941288021e+02
1.112740330656257015e+02
1.108805067381290996e+02
1.104843343834163818e+02
1.102411327898042543e+02
1.102604206945083831e+02
1.103483477295815902e+02
1.104953224957517079e+02
1.106396823156662634e+02
1.104602805369243299e+02
1.106789843304123906e+02
1.106273354870633057e+02
1.105621012180884861e+02
1.106388659341936602e+02
1.106240838454848330e+02
1.102834213482798589e+02
1.107198673207863351e+02
1.107388989435505948e+02
1.104234993910666418e+02
1.108314213871994554e+02
1.104718265467603402e+02
1.108732918654074382e+02
1.103722743338770584e+02
1.106541935199426661e+02
1.104469639360935389e+02
1.106277797972842905e+02
1.104588036882518480e+02
1.102373196747361703e+02
1.104664334955266014e+02
1.106779872954237902e+02
1.105014699670587532e+02
1.107217539162428324e+02
1.103937305906425621e+02
1.102551779309048356e+02
1.107074167812979937e+02
1.109414581401086082e+02
1.105821898462045283e+02
1.108342851105870324e+02
1.105605482592328457e+02
1.104704134750172670e+02
1.106169344421607263e+02
1.107004398040284627e+02
1.106361834537007098e+02
1.106171329066276883e+02
1.109035254162900230e+02
1.107994622384544101e+02
1.106808530640882253e+02
1.104676428629908429e+02
1.107018187571860324e+02
1.105054519580614283e+02
1.107420873224712068e+02
1.108527662455687590e+02
1.103909438852785883e+02
1.105628195999882877e+02
1.107370965871816679e+02
1.108037933429429955e+02
1.106172294724027125e+02
1.106591242621630045e+02
1.104123985053986701e+02
1.109501500839013204e+02
1.104332779355883645e+02
1.105205701982618223e+02
1.109049094268241618e+02
1.106432409524956739e+02
1.106791363085414872e+02
1.104792828974335208e+02
1.107843227262855521e+02
1.106065037813576879e+02
1.104235602069355480e+02
1.103800629803224069e+02
1.107766147754052639e+02
1.109045246204442918e+02
1.105277295683671497e+02
1.107164118438164735e+02
1.108435764683168827e+02
1.106585351683210519e+02
1.102760871249534631e+02
1.106537820065606468e+02
1.105146191608146182e+02
1.105347403930559977e+02
1.107326455640819631e+02
1.106023037316580684e+02
1.106203881069767192e+02
1.104563557969271130e+02
1.102649639912763035e+02
1.108964353852281022e+02
1.106524809365966320e+02
1.104132803374282616e+02
1.104501325184950389e+02
1.107651907375862521e+02
1.106030002092098812e+02
1.104375577515395577e+02
1.111293824969968256e+02
1.106321377698228474e+02
1.104026881042293979e+02
1.105863398927761665e+02
1.108573354885885038e+02
1.106575013500337406e+02
1.104405961443805779e+02
1.109353362116864474e+02
1.108116949683119685e+02
1.106084694584647821e+02
1.106658946999010027e+02
1.103150400087891398e+02
1.107890776182858161e+02
1.106459256886813449e+02
1.104689707428256895e+02
1.103836333441507094e+02
1.106521265743968030e+02
1.103938583433858867e+02
1.106929946523035682e+02
1.103947335685754041e+02
1.105475528171508586e+02
1.106479909151955354e+02
1.105775546153506639e+02
1.107634096860300161e+02
1.111917323004775540e+02
1.107636538747417347e+02
1.110831430798086643e+02
1.110296155539097356e+02
1.100650850762030899e+02
1.106073116210323803e+02
1.101890815502184182e+02
1.105265091826789359e+02
1.102478101392928096e+02
1.107351106854233080e+02
1.105969988872915479e+02
1.109749330091368336e+02
1.109544108072199720e+02
1.106723252752184692e+02
1.105129653625236443e+02
1.105031376396226506e+02
1.102674021065050312e+02
1.102855909923505919e+02
1.106473027325252758e+02
1.106412311517465668e+02
1.106484931739637290e+02
1.105460834690731673e+02
1.106877728235604934e+02
1.104671161050744388e+02
1.105338344622104643e+02
1.103931622941461654e+02
1.106996146024630860e+02
1.109367722415923936e+02
1.105419765329973956e+02
1.104050708601186130e+02
1.108965961580964432e+02
1.108165785681874240e+02
1.105576287739396548e+02
1.109810472289898087e+02
1.108366172943894981e+02
1.105773946076011782e+02
1.107710937434899421e+02
1.104360789229909159e+02
1.108888119337839981e+02
1.109873768600406549e+02
1.111547106207551536e+02
1.107138842380791885e+02
1.106824230421100026e+02
1.103908549960894021e+02
1.105980818657242679e+02
1.103462279097574879e+02
1.104151957806896007e+02
1.108475747502828170e+02
1.107726985378138806e+02
1.104165569856984064e+02
1.106385414072353228e+02
1.106345902257405385e+02
1.103716717128591824e+02
1.101736341633710055e+02
1.110758415349967407e+02
1.107045253184790141e+02
1.107051081773825700e+02
1.106967478354758896e+02
1.106403608439325836e+02
1.102385029896495041e+02
1.109225393460336875e+02
1.107059584431737704e+02
1.108665207239960040e+02
1.103713478429577037e+02
1.109215512078005759e+02
1.105929282898794668e+02
1.108180640434546831e+02
1.107997423855819363e+02
1.104028356185416015e+02
1.110698747914789379e+02
1.105149418503322636e+02
1.103994748932983612e+02
1.105695152089677435e+02
1.105986792884328480e+02
1.108950669219074143e+02
1.106062914468102463e+02
1.104683462957539035e+02
1.104714586087353183e+02
1.106091942518390567e+02
1.105712462231239641e+02
1.104419089647967525e+02
1.105124253468324014e+02
1.105805046581741635e+02
1.105585561924862787e+02
1.105344834699385075e+02
1.105587510392615940e+02
1.106467636463074058e+02
1.105389213430630946e+02
1.108296974781397921e+02
1.106341220140227080e+02
1.108407809922698135e+02
1.104419809104347792e+02
1.110602831730806628e+02
1.103687789603025493e+02
1.102306343330507445e+02
1.106773483133468403e+02
1.104720561463887236e+02
1.106131103041814470e+02
1.108086475867032732e+02
1.105362580502407610e+02
1.105400784822727616e+02
1.105137861479344110e+02
1.108578783023521765e+02
1.104906192618864651e+02
1.109197907113589423e+02
1.107497371432918385e+02
1.106519915152535560e+02
1.107889065042857197e+02
1.103013975603575147e+02
1.105599339588896299e+02
1.105673133960249572e+02
1.109964072219885765e+02
1.102825006306084958e+02
1.106749903319726087e+02
1.108894309394018904e+02
1.106587997910336441e+02
1.103670613605200685e+02
1.105968709149746871e+02
1.103994708349326004e+02
1.106842266108320274e+02
1.106647129708086226e+02
1.106687001734306079e+02
1.109694119934300147e+02
1.105428114006111855e+02
1.105763222162009924e+02
1.105466809268913124e+02
1.107009587221770204e+02
1.105286710031234634e+02
1.107292928090322306e+02
1.103741700323713957e+02
1.107759471143161960e+02
1.106191740475208434e+02
1.105102169803217862e+02
1.103832299065810361e+02
1.107076920324005442e+02
1.107177123313989853e+02
1.108398845939193222e+02
1.107661310709278411e+02
1.109428133894085420e+02
1.104306618377833047e+02
1.106598760926366225e+02
1.108220097491855967e+02
1.110662372584180133e+02
1.107575567018546963e+02
1.106655835699186099e+02
1.109912198800903838e+02
1.106752897220473955e+02
1.104299615160742860e+02
1.105290187361136418e+02
1.103563314011635157e+02
1.105767861037665085e+02
1.107710663296040678e+02
1.102210739127661583e+02
1.102012505570240393e+02
1.108531328919009695e+02
1.106301294171136789e+02
1.100128936354748816e+02
1.107602231812738438e+02
1.107171536600824595e+02
1.103426708078158640e+02
1.107541397386566473e+02
1.101868920750342085e+02
1.105058891498269986e+02
1.110379355403659929e+02
1.105040066117969246e+02
1.107397729029141544e+02
1.106446335116362860e+02
1.106402720997103444e+02
1.109313163757007885e+02
1.105588978592128484e+02
1.106316320643075528e+02
1.109641590022371105e+02
1.105780719655324873e+02
1.105602472491754042e+02
1.102457019848034179e+02
1.109116326699003565e+02
1.108697634226893172e+02
1.106459410767787119e+02
1.106845134402038298e+02
1.105724640124885241e+02
1.103935292466370868e+02
1.104768423789307121e+02
1.108447239972606297e+02
1.106712023845372244e+02
1.101266454453076022e+02
1.104703545052386602e+02
1.103422880502061076e+02
1.110686423603323192e+02
1.102647875037221183e+02
1.105009255782036917e+02
1.108455448871631575e+02
1.108156288923453872e+02
1.104920935055367579e+02
1.104700799139205287e+02
1.106691818038434150e+02
1.108545370549159657e+02
1.109670807002987090e+02
1.107837027825746361e+02
1.103294465871315992e+02
1.105421139929874812e+02
1.106501584453178850e+02
1.106485991743563204e+02
1.105746007478593071e+02
1.110196758377648933e+02
1.104372415145758310e+02
1.108630419464601431e+02
1.106655076846443677e+02
1.107023870581820404e+02
1.109472189282141983e+02
1.108198233228208665e+02
1.109896156626426063e+02
1.105602562655361112e+02
1.106169065005270085e+02
1.105445446983772939e+02
