7.314961990448306040e+01
7.272610870903662317e+01
7.331087329775046157e+01
7.256004404517875628e+01
7.281900711061059894e+01
7.271679168055736397e+01
7.344279693083286986e+01
7.321688864072557124e+01
7.301852090823756214e+01
7.279414366770252798e+01
7.286679196582680618e+01
7.307612092479682531e+01
7.309624981287846879e+01
7.300013637167556624e+01
7.322194799209104588e+01
7.274589695200475603e+01
7.297021467737313571e+01
7.323036667274988076e+01
7.281590039042431783e+01
7.273992558597143443e+01
7.308828637277500206e+01
7.257309032089287371e+01
7.323279980994915661e+01
7.314736275129679655e+01
7.265867685273150300e+01
7.267946321470444104e+01
7.297720600513558509e+01
7.279872143196668333e+01
7.307878589503582134e+01
7.316976887559714271e+01
7.291386441855802047e+01
7.304908870526307396e+01
7.333380396775521604e+01
7.264067192730189504e+01
7.289333685864680490e+01
7.298072311603947071e+01
7.299213981890230230e+01
7.257846947063060838e+01
7.311473061832295173e+01
7.298057776284471743e+01
7.315572087587042915e+01
7.332200589593517748e+01
7.330532234832216432e+01
7.297668114676463347e+01
7.268894016019277160e+01
7.289807033039498663e+01
7.300213307791277373e+01
7.299326146138156446e+01
7.310985818051101148e+01
7.324098121493680935e+01
7.331430655688225784e+01
7.291080139554172490e+01
7.304354829653242120e+01
7.301845822206757930e+01
7.281478683965184473e+01
7.320083112606722864e+01
7.287919540207622049e+01
7.275176460639505649e+01
7.294428393373891595e+01
7.316110746349180260e+01
7.314336983900017231e+01
7.274801649871669440e+01
7.266072496857813690e+01
7.281300997808672548e+01
7.279713189011162910e+01
7.330100920319307534e+01
7.324853175144875195e+01
7.323190108903754947e+01
7.334227027819549960e+01
7.311531039543179133e+01
7.291265768406005066e+01
7.297870552742206485e+01
7.312923382066053080e+01
7.317924950306786513e+01
7.266154457728418947e+01
7.281427773282659643e+01
7.283665980387431205e+01
7.302976568247567002e+01
7.273780096781196391e+01
7.245364138628477235e+01
7.259151717448540353e+01
7.285249225274181128e+01
7.343123126972487569e+01
7.285251230572892212e+01
7.287964673328110621e+01
7.283610611165688908e+01
7.275014958317166247e+01
7.277450695495537047e+01
7.278415212233957732e+01
7.313078945343120552e+01
7.316246380125416238e+01
7.296001494145176025e+01
7.303500687025218951e+01
7.316240315468847655e+01
7.267604642164769757e+01
7.308430223820261062e+01
7.314323415862394029e+01
7.259457315587073367e+01
7.286809009456038666e+01
7.299680167825924570e+01
7.315771291329588166e+01
7.333463469304331284e+01
7.262459173143287217e+01
7.315072734592364156e+01
7.311779364795810920e+01
7.292365722998547994e+01
7.289957347863392556e+01
7.294706344724673386e+01
7.318149463922711107e+01
7.293091879730059190e+01
7.242015652665106984e+01
7.280467116422362039e+01
7.287436513811232430e+01
7.297174111282119213e+01
7.266532254426087434e+01
7.285306621498922652e+01
7.254797553975829771e+01
7.290855926218367244e+01
7.292174136960858277e+01
7.309538774893916013e+01
7.333335333858792637e+01
7.275842560448612062e+01
7.309969020340287216e+01
7.230373978933299384e+01
7.301887553127718888e+01
7.288733829530292496e+01
7.317324551760701468e+01
7.345633406811045063e+01
7.289333174811527272e+01
7.262104590816331040e+01
7.320621931940021909e+01
7.290769535506682075e+01
7.274456475109336395e+01
7.303139065521450846e+01
7.348261951184765906e+01
7.261823513895630811e+01
7.284900892699076280e+01
7.254748684704732398e+01
7.306897971687502036e+01
7.312509667627676890e+01
7.324278403528465731e+01
7.296479403648514506e+01
7.302957843969970497e+01
7.282228175683682991e+01
7.292595195138615338e+01
7.295539840258443576e+01
7.296147832026990443e+01
7.265812761861546676e+01
7.297666657217531849e+01
7.336450523828479220e+01
7.318790450027942995e+01
7.286587054716368073e+01
7.265368128108353574e+01
7.274202932630520024e+01
7.274017381752535982e+01
7.290441414711301604e+01
7.283263615951521786e+01
7.268925192782219824e+01
7.317022686004230536e+01
7.294596328074983660e+01
7.290385940386208574e+01
7.269294092791446360e+01
7.284459867869684047e+01
7.256789080710794337e+01
7.294152720126696465e+01
7.276415547969536135e+01
7.298669835750362722e+01
7.296720698542355876e+01
7.331175003342758600e+01
7.281723073736053209e+01
7.263719497846820161e+01
7.268465809212955264e+01
7.284238266154157770e+01
7.296458117112067043e+01
7.294142713668819056e+01
7.336217457715650880e+01
7.268188434201650239e+01
7.262775516399550213e+01
7.295057533581621101e+01
7.295989862986967012e+01
7.289771166730233176e+01
7.273618279972603773e+01
7.266271039984322044e+01
7.297096061806547596e+01
7.321838772918889049e+01
7.306543593617776367e+01
7.264243190201865730e+01
7.283444927824513115e+01
7.318068923449709473e+01
7.283857120219587955e+01
7.315812945027282410e+01
7.262765715367513053e+01
7.271010192787584003e+01
7.299327996086786641e+01
7.306977837236006224e+01
7.285535220600638695e+01
7.260005546442640423e+01
7.283345834215288050e+01
7.287527723384505407e+01
7.224741164256555237e+01
7.323686686020936065e+01
7.312634102582356377e+01
7.310175172330366422e+01
7.282599090193740210e+01
7.317056895129559280e+01
7.304607667758024547e+01
7.303469244069307820e+01
7.286944366014216712e+01
7.270402176421787033e+01
7.309467253150718591e+01
7.291756809450107824e+01
7.319646235361558695e+01
7.248027887468057884e+01
7.329898258312540804e+01
7.262548745502238035e+01
7.301491026160353215e+01
7.283120544257440088e+01
7.264955409441975576e+01
7.284956482574654046e+01
7.302118479248626670e+01
7.253984972357282857e+01
7.331316447905709310e+01
7.282634536482713372e+01
7.261564230729729275e+01
7.271636934144829922e+01
7.282537570212790001e+01
7.305097896296283011e+01
7.323446477902820106e+01
7.289380558113118980e+01
7.315655793169828769e+01
7.280399209534125760e+01
7.287292049170984853e+01
7.277726782096536340e+01
7.321402048773560978e+01
7.331898051485218559e+01
7.265114087786292885e+01
7.330451449561373067e+01
7.308194311165463830e+01
7.301118839040539399e+01
7.303000013925404232e+01
7.303874998056015500e+01
7.301236195166218579e+01
7.275841899172014848e+01
7.297620554207131249e+01
7.310475551397257732e+01
7.345032877188457121e+01
7.329278127064830528e+01
7.309340039896940766e+01
7.268600638973693151e+01
7.312171248703207027e+01
7.301612223011512981e+01
7.290257092626981716e+01
7.271707242910510161e+01
7.246108739542675892e+01
7.269053251835170215e+01
7.259154040762015825e+01
7.293315309787537615e+01
7.287964831010415878e+01
7.271882078029358354e+01
7.286839231490637303e+01
7.288037975667432988e+01
7.326619711689760095e+01
7.283418668332981838e+01
7.286977736728159982e+01
7.270681672323202349e+01
7.276097008838871716e+01
7.292467935732339868e+01
7.329194297370463573e+01
7.301862170729590673e+01
7.326080606247933247e+01
7.312543286315450075e+01
7.246492745193917528e+01
7.305800896584143800e+01
7.344985342642770831e+01
7.271046115089382056e+01
7.289897944263270801e+01
7.308176678151717454e+01
7.274672481382555134e+01
7.317235779819927188e+01
7.286519146472923580e+01
7.279121241800426390e+01
7.304547351580640679e+01
7.294719660163100627e+01
7.275690544049882647e+01
7.291092645813955642e+01
7.307801335852484215e+01
7.301714804366034173e+01
7.299498814893425447e+01
7.346590656052313761e+01
7.279140727971005731e+01
7.295136159184978908e+01
7.290470940794408250e+01
7.256788156543174750e+01
7.310107043667630933e+01
7.271981865959430991e+01
7.293197695365333288e+01
7.262190230214622488e+01
7.281148351825282816e+01
7.260502787868396979e+01
7.321915170691251262e+01
7.321317350411825942e+01
7.280663139052613531e+01
7.302967006927957527e+01
7.294798231277478351e+01
7.344284454357513425e+01
7.265258051620794788e+01
7.270355268458770581e+01
7.303978847075610759e+01
7.284826403435761222e+01
7.288154703390316058e+01
7.260260708413989050e+01
7.316935779679548091e+01
7.296643955752429633e+01
7.311144673875622857e+01
7.287619202665986506e+01
7.288875015192640205e+01
7.306106029286864612e+01
7.325571488008633025e+01
7.293783469609293491e+01
7.274639738415096701e+01
7.288529953191542177e+01
7.288867012779896015e+01
7.303084672802640398e+01
7.305764922899156488e+01
7.309666360222625769e+01
7.284645519396894997e+01
7.276817531108629566e+01
7.303838797685574491e+01
7.302447331374446549e+01
7.268413141782089326e+01
7.277400495328426189e+01
7.265826696196228340e+01
7.292687189303246953e+01
7.276136004068470697e+01
7.315633381664309809e+01
7.306292324192652643e+01
7.302629814821985121e+01
7.331503270394321703e+01
7.278938719721598716e+01
7.292723228914060485e+01
7.313543875533551386e+01
7.286655331301561489e+01
7.291647576242695550e+01
7.276766617667870207e+01
7.279231158681399450e+01
7.267845864366736919e+01
7.292799290769715981e+01
7.318952588578585505e+01
7.295618216576902171e+01
7.313359633294695072e+01
7.270149695875097962e+01
7.285936332178015107e+01
7.324677704663625377e+01
7.285565100443722031e+01
7.288535719311695971e+01
7.289081453175209901e+01
7.300407172150389101e+01
7.278831130889169287e+01
7.275074061382784407e+01
7.293392696665088692e+01
7.308274823894196004e+01
7.278289372577452809e+01
7.318571789127005900e+01
7.315984432720499342e+01
7.288648264361212625e+01
7.246424295083812694e+01
7.288541371931623303e+01
7.284005417419692208e+01
7.272344384786826765e+01
7.311105060365599684e+01
7.280888783720051549e+01
7.305370317340502595e+01
7.298135361136600352e+01
7.322132109865901839e+01
7.267569090703345580e+01
7.323714952449445548e+01
7.279425648262252935e+01
7.344417793752748480e+01
7.311246824091028884e+01
7.260709072655436103e+01
7.321388519868330036e+01
7.243441118951049873e+01
7.248276237235714348e+01
7.275509158783521002e+01
7.285386134437001715e+01
7.314259793042371882e+01
7.323658472996125113e+01
7.285921928246864354e+01
7.278180658222879629e+01
7.267822408450446403e+01
7.293602270903613771e+01
7.313250315676002344e+01
7.341853547423959014e+01
7.287015785673226276e+01
7.261382942175059441e+01
7.295631965183628154e+01
7.299899990740846079e+01
7.280760137702588963e+01
7.271778121170926568e+01
7.301712492164818968e+01
7.295119182736077335e+01
7.304994770976918517e+01
7.277771047165730067e+01
7.312023677606627814e+01
7.298389140040333700e+01
7.285167251643910902e+01
7.306356165320779894e+01
7.266851218093404441e+01
7.314497670838920840e+01
7.312130559938842111e+01
7.301041690445659071e+01
7.294957470612717998e+01
7.314440182940951729e+01
7.291882122871366789e+01
7.303042464313540449e+01
7.307292242583876885e+01
7.320310580147221913e+01
7.297435532794463597e+01
7.332266453078695179e+01
7.319207724196787979e+01
7.281555676583975867e+01
7.306138116134295046e+01
7.274279462413568353e+01
7.282258151848283489e+01
7.309818093001746320e+01
7.302513027281530356e+01
7.338603303562599933e+01
7.322450795856167360e+01
7.304778520554989996e+01
7.349300611825036356e+01
7.266757425806541448e+01
7.301799743805005960e+01
7.311618837272777682e+01
7.287151600389475448e+01
7.326437479703859879e+01
7.296030986087293968e+01
7.269646887973239302e+01
7.273588726084624057e+01
7.325222064899389807e+01
7.312795902750363553e+01
7.289501337654688484e+01
7.294351418214687044e+01
7.285784251599216077e+01
7.345689998952359190e+01
7.272871116807837666e+01
7.280715202235022332e+01
7.329164593372875913e+01
7.293060897163036316e+01
7.340478790812939280e+01
7.300128385026688704e+01
7.300354520719352536e+01
7.276514462966176211e+01
7.316703692698422401e+01
7.298950285189441445e+01
7.285948654716015938e+01
7.257514751181250290e+01
7.310272644247410767e+01
7.336772653144396372e+01
7.295796025810986407e+01
7.310228550750822762e+01
7.280955299370239686e+01
7.324052601641439253e+01
7.293064189630472072e+01
7.297054872181745111e+01
7.303278990003339288e+01
7.303049488801637779e+01
7.303826466913940862e+01
7.301862525825649186e+01
7.300110882469843432e+01
7.290775494257847811e+01
7.279347295454175537e+01
7.337095534726843482e+01
7.274663920619779844e+01
7.301808474599489784e+01
7.256553533722171778e+01
7.295735332397401862e+01
7.292521651755259882e+01
7.241759599221335009e+01
7.326574700583186939e+01
7.300906962217578666e+01
7.266163397466981166e+01
7.296616478718689791e+01
7.292539840137224871e+01
7.307000092869625973e+01
7.285688677746463782e+01
7.287574992308844912e+01
7.315963952860805364e+01
7.263741267537442070e+01
7.307721671979282974e+01
7.318916174245548234e+01
7.342895546872320267e+01
7.284584261575439257e+01
7.267947450883946203e+01
7.289823212931028706e+01
7.290562625350622739e+01
7.297091776260688789e+01
7.351554796101609668e+01
7.311759183276681995e+01
7.299319319017358509e+01
7.310741562870349242e+01
7.332799957179426542e+01
7.266904400024830579e+01
7.315091340893940242e+01
7.265531617566568912e+01
7.262091599285932375e+01
7.324539782543622835e+01
7.275042513504962471e+01
7.270124699766782328e+01
7.314772924802804255e+01
7.271280064340990634e+01
7.311631420629565525e+01
7.268299545011903717e+01
7.279177499474023705e+01
7.309331428855287527e+01
7.286141158112940275e+01
7.301437238251403983e+01
7.278486424205757999e+01
7.317649479740884999e+01
7.298265854023340182e+01
7.300993497984836722e+01
7.244108014732253764e+01
7.282168236205149014e+01
7.290184861779056291e+01
7.311748980341558024e+01
7.289202246011483055e+01
7.270445433940651014e+01
7.321996700219605714e+01
7.303125724089220228e+01
7.300017384580840485e+01
7.288502543422860924e+01
7.260110193107098553e+01
7.289745706842349193e+01
7.271064967537952839e+01
7.297402696070244588e+01
7.281287633224764022e+01
7.280992097540456598e+01
7.329242297824599461e+01
7.295873264493445731e+01
7.297945420045688536e+01
7.302350232375715677e+01
7.272216621485576127e+01
7.307044437169774653e+01
7.305252284674212149e+01
7.338197797139305578e+01
7.283782480650999958e+01
7.280551567004458491e+01
7.259186660785752565e+01
7.292834646297660584e+01
7.300182794661319008e+01
7.286542484761345406e+01
7.311266285495361217e+01
7.305435803196168365e+01
7.273498363526613275e+01
7.283674617029777210e+01
7.261093196718921661e+01
7.291945049383642186e+01
7.317369912882256244e+01
7.330612994978059760e+01
7.270734326146555304e+01
7.285278274921503794e+01
7.261991500558713142e+01
7.302084944219693341e+01
7.289941529908830375e+01
7.269106913686916016e+01
7.313641080922496940e+01
7.288166782225356144e+01
7.316449186880812761e+01
7.301802014330333179e+01
7.304894501183066780e+01
7.282031182660982438e+01
7.258703785297822719e+01
7.286794164693839093e+01
7.324149798943429346e+01
7.289047561074626458e+01
7.281438771694810441e+01
7.287640503635445555e+01
7.305030202787408200e+01
7.320501259321794407e+01
7.300267686217422636e+01
7.265325793048381797e+01
7.292637604095557435e+01
7.285341072442531640e+01
7.303320181250761323e+01
7.330709955724161375e+01
7.283032233909261777e+01
7.282236133053351068e+01
7.297823340379669332e+01
7.289699377099060484e+01
7.257426983447713553e+01
7.294822641254177142e+01
7.299786648998924932e+01
7.245906405618842427e+01
7.286374808170154438e+01
7.274448359895056626e+01
7.293896565741798099e+01
7.278066705477223763e+01
7.297362780522428238e+01
7.289929305225822986e+01
7.310934850358511028e+01
7.292628410551910179e+01
7.323634630836089343e+01
7.294514735606864519e+01
7.302299712155476641e+01
7.282939722242251435e+01
7.290192246781798247e+01
7.291272155083717621e+01
7.298723820769133397e+01
7.303683957003352134e+01
7.326247500989704520e+01
7.279336345689289089e+01
7.335166664822958182e+01
7.294735164714660414e+01
7.285150670347040602e+01
7.293008234859165384e+01
7.324947594990005939e+01
7.308303700623839916e+01
7.290023888361545801e+01
7.280556832783985044e+01
7.306247400501153777e+01
7.313141781272940989e+01
7.318360554898106329e+01
7.252544097557512259e+01
7.321835658189360174e+01
7.312599252329003718e+01
7.337905948022168445e+01
7.264255449844836221e+01
7.262684512869060427e+01
7.283487589773953630e+01
7.274259134261654935e+01
7.324531636392610778e+01
7.278496740707791446e+01
7.266771649296444480e+01
7.292611840084185815e+01
7.245337376931401252e+01
7.281282238415970198e+01
7.280887769226725936e+01
7.288607803193467305e+01
7.267523503423134912e+01
7.278537592037091031e+01
7.270886731516671375e+01
7.273141540485431733e+01
7.297373543351459091e+01
7.240204411482257285e+01
7.311326883808722243e+01
7.296742855254228743e+01
7.278728038373218112e+01
7.321226448701591494e+01
7.269634483362010258e+01
7.332386040076079325e+01
7.299688650595177819e+01
7.305614326822202997e+01
7.288283237640062850e+01
7.308958465456990439e+01
7.295961946511904728e+01
7.306482455075365579e+01
7.288667394110183295e+01
7.261838952861363339e+01
7.341358916127128964e+01
7.265702295130500943e+01
7.266628425118089751e+01
7.275097901994681138e+01
7.307176647986941020e+01
7.298336668454936671e+01
7.320201158293703259e+01
7.262073932750566030e+01
7.266744985106144838e+01
7.322740547289404844e+01
7.281237246821787323e+01
7.289927863172150069e+01
7.319628021471962143e+01
7.280028469921541046e+01
7.301358466593656260e+01
7.311822864574693881e+01
7.264089566326858005e+01
7.281931293959800655e+01
7.341155293004050009e+01
7.268010460945393447e+01
7.290931024808021732e+01
7.288189395877881793e+01
7.257055990425375569e+01
7.313728446060460442e+01
7.311227735141109463e+01
7.329213579876778795e+01
7.317357335709385779e+01
7.290014751684910266e+01
7.284477209145515531e+01
7.298982421006344623e+01
7.284813179562620178e+01
7.305792118674366975e+01
7.317216466526490137e+01
7.342658270130763754e+01
7.256426164208231455e+01
7.258803268895731264e+01
7.289975077878560228e+01
7.332297981252337138e+01
7.328318148367927165e+01
7.271096363033112198e+01
7.271534538319558294e+01
7.282474801014775778e+01
7.298900699083822019e+01
7.310130908792476134e+01
7.329836233412579816e+01
7.285176554014734052e+01
7.281620258734760398e+01
7.273976651930496473e+01
7.304749793394552171e+01
7.303119078296414557e+01
7.239782363115600106e+01
7.296187527290680919e+01
7.281505252195603362e+01
7.353589805616853425e+01
7.292110483550185052e+01
7.295402776753707030e+01
7.303439480795378813e+01
7.319772342462790959e+01
7.302322279793736470e+01
7.315775980467752504e+01
7.299872438023976429e+01
7.312112953236295709e+01
7.275112249838976197e+01
7.304285738530307981e+01
7.302382936229267330e+01
7.342029414203905446e+01
7.274571231866838161e+01
7.299573332404365544e+01
7.308998837745306787e+01
7.314906693464502041e+01
7.308833066378380749e+01
7.278374567948226570e+01
7.271812505624761513e+01
7.261157836501989493e+01
7.286901198090771459e+01
7.289885868164473948e+01
7.288715796894054222e+01
7.340982353413045303e+01
7.297763031777132881e+01
7.291219020432278342e+01
7.274592005594202249e+01
7.276956555267909721e+01
7.244599741556933736e+01
7.290417876589108914e+01
7.283162917033320127e+01
7.318134518836347979e+01
7.250750032135661627e+01
7.275508913519159648e+01
7.314571231410872088e+01
7.299140851608659375e+01
7.291074524226149833e+01
7.307038537072236295e+01
7.318102838462583293e+01
7.306971857532772674e+01
7.312525776210520689e+01
7.263322351449262726e+01
7.301936125353678619e+01
7.312639067840153473e+01
7.277996005094342991e+01
7.297898123748601051e+01
7.297962700400351821e+01
7.247756294577185088e+01
7.254767620800707562e+01
7.285112855993818926e+01
7.304438489194133410e+01
7.283546921482512460e+01
7.323969444409365792e+01
7.348291415823969430e+01
7.314943213994949645e+01
7.279472626024960391e+01
7.285126410472969383e+01
7.275365187040905823e+01
7.325363891040368003e+01
7.311730248047219050e+01
7.282281138033280854e+01
7.294435425814990026e+01
7.322783185676691176e+01
7.276859885856855215e+01
7.310475288331964805e+01
7.292991810073077374e+01
7.326070395789950851e+01
7.305250951373447776e+01
7.286765340236256350e+01
7.252287589927834688e+01
7.276895259560291152e+01
7.299040231895371278e+01
7.314143783571208246e+01
7.289973370766165317e+01
7.288416000904987868e+01
7.323275057446083736e+01
7.325390060895939826e+01
7.271468427383078392e+01
7.341403486981926108e+01
7.291090638749837183e+01
7.260265647538255962e+01
7.290463310911437134e+01
7.286864777197121157e+01
7.290233544287808343e+01
7.343907583566596031e+01
7.287003831460960157e+01
7.273653268070617628e+01
7.278756319339474601e+01
7.300054492515171489e+01
7.258130255180223855e+01
7.340759139307240844e+01
7.274867164349967652e+01
7.288474872422438011e+01
7.294388964132313902e+01
7.313121043511416985e+01
7.256463811281955145e+01
7.317011008984204068e+01
7.293745835652551079e+01
7.292024577057848944e+01
7.300068730986538412e+01
7.315451630279349615e+01
7.288532374156683602e+01
7.282603281662190398e+01
7.254068173245445905e+01
7.253032304744928638e+01
7.312292345598449117e+01
7.270458597905793852e+01
7.296637764541043225e+01
7.335623596062427509e+01
7.249066841618346757e+01
7.325830165005412198e+01
7.297219467409591687e+01
7.316310104111023804e+01
7.306248351637736960e+01
7.329164765740102894e+01
7.296832517024799358e+01
7.281236377653330294e+01
7.309491939315721254e+01
7.294962794382793447e+01
7.303547027626174781e+01
7.307320952041547457e+01
7.289905723191765219e+01
7.297864754440756485e+01
7.305303448683349643e+01
7.292098935557073958e+01
7.326425827440321825e+01
7.296030420160549568e+01
7.276101852028041606e+01
7.289931317314032810e+01
7.262705345051897154e+01
7.296087281373762323e+01
7.308446378156172329e+01
7.281031067971963466e+01
7.225552005743448092e+01
7.291634418131118878e+01
7.251481632098575858e+01
7.293030029090742516e+01
7.277349892574554246e+01
7.316298079766710316e+01
7.263115083175580367e+01
7.270320501810662961e+01
7.306431805139202140e+01
7.274667652427824294e+01
7.300729524086595745e+01
7.331135666452648536e+01
7.276485048280156320e+01
7.309463580939082306e+01
7.270922304015596183e+01
7.282718684892807914e+01
7.275797938077364790e+01
7.288106678031017793e+01
7.278001734197403039e+01
7.313009878049325607e+01
7.276387280205025831e+01
7.279499932839796372e+01
7.274384204226649331e+01
7.289329148078854814e+01
7.301327633970220177e+01
7.283784800650839486e+01
7.322449963409826523e+01
7.315560036321259929e+01
7.318575715114764080e+01
7.301712309181182547e+01
7.324713583770630976e+01
7.280250602350025702e+01
7.310233330491921322e+01
7.300575902425831032e+01
7.310559242789665291e+01
7.290621805277292822e+01
7.293107029930156671e+01
7.255580058042276903e+01
7.271829924038624426e+01
7.304584666725803288e+01
7.294196162013778917e+01
7.295062957565291129e+01
7.313404053697480833e+01
7.266198669153382639e+01
7.275215303370725906e+01
7.293814346840488838e+01
7.299805184222745424e+01
7.313587435381141688e+01
7.304502556928417789e+01
7.281837743833033016e+01
7.295221006616499437e+01
7.285569342983696117e+01
7.296493722800514092e+01
7.314678698719525585e+01
7.313783098567330399e+01
7.331685870301940611e+01
7.317904274528665098e+01
7.276509493305961485e+01
7.261811659223894821e+01
7.275645634650071258e+01
7.285150806270807777e+01
7.295776007783199191e+01
7.310013073162788544e+01
7.329769389215333319e+01
7.255558226611859141e+01
7.298059587041123564e+01
7.319773192945795870e+01
7.282199408950283726e+01
7.279728090049363232e+01
7.290841629379733035e+01
7.266596902695390270e+01
7.288559173705932892e+01
7.317352912606230575e+01
7.289511455757713065e+01
7.277667975852064330e+01
7.270015590426733354e+01
7.294595266125288902e+01
7.303916491254504706e+01
7.327026863349624364e+01
7.316486363420344219e+01
7.277983657142073071e+01
7.291282705423650157e+01
7.288543781302252000e+01
7.278128997246707854e+01
7.308896754317318312e+01
7.296149820743333692e+01
7.277355639656130393e+01
7.292305857703377114e+01
7.287288848750404213e+01
7.315483926257284963e+01
7.318506799999995849e+01
7.299829434878343193e+01
7.320024196990415533e+01
7.272206427628395886e+01
7.310768958909254422e+01
7.285424146000511314e+01
7.311360230997227916e+01
7.284765913258274850e+01
7.303522808242080089e+01
7.291857231764265634e+01
7.284806996742656793e+01
7.298688772683424020e+01
7.296070017384830919e+01
7.326253392154043809e+01
7.305013880399232562e+01
7.279680951248884924e+01
7.284075929907244529e+01
7.255578664266512590e+01
7.300894599207870783e+01
7.320545595489898005e+01
7.316791077202843496e+01
7.291415543619902451e+01
7.297325029407868158e+01
7.270003327064530652e+01
7.280816577078454088e+01
7.305374534747288351e+01
7.309017052311365603e+01
7.282486397252836241e+01
7.279093020554228133e+01
7.305878503305564209e+01
7.297483527822437566e+01
7.298365765562512308e+01
7.309366127501257893e+01
7.328424134036133353e+01
7.282015953307248424e+01
7.325366056089960409e+01
7.309536964117278046e+01
7.294032012554937694e+01
7.274960302198488193e+01
7.323279643114753412e+01
7.305927064742449772e+01
7.288186106237378681e+01
7.298201017351289011e+01
7.291193358413411829e+01
7.313342347513390962e+01
7.319960885190423028e+01
7.330074592697931735e+01
7.280383823895002138e+01
7.296936198799706119e+01
7.309407806294686338e+01
7.242204052328331443e+01
7.289531668016998367e+01
7.295079280342702077e+01
7.298456124379161736e+01
7.308176245649643477e+01
7.323488894617202050e+01
7.322525016407513476e+01
7.301957883813122407e+01
7.270714085292200934e+01
7.264431407991938272e+01
7.310499243525526936e+01
7.271446634032012923e+01
7.289553218046361849e+01
7.310002367272937818e+01
7.301272731490089996e+01
7.250748979359435964e+01
