1.781250786500905008e+02
1.809372985414908612e+02
1.802435091739686470e+02
1.801192353039777743e+02
1.808233293020676911e+02
1.806440812765603141e+02
1.799880280772311778e+02
1.808896724581307467e+02
1.820802788213278802e+02
1.794493674672248176e+02
1.812975512282555144e+02
1.798782251262021816e+02
1.797599348161333239e+02
1.808007852074034929e+02
1.806901720689483000e+02
1.799957689695681893e+02
1.783327806050660058e+02
1.801589418211724478e+02
1.814483625179829005e+02
1.792778869759595182e+02
1.818258651810964182e+02
1.820606015589005438e+02
1.798302443997419289e+02
1.818589414995061588e+02
1.794702925673821312e+02
1.814015295734957647e+02
1.808152127802737255e+02
1.799515472216068872e+02
1.811624994604648862e+02
1.798342015561443930e+02
1.794788887822932679e+02
1.800869413728938184e+02
1.802705178816124203e+02
1.819692328530800864e+02
1.789720453507933087e+02
1.791344366747138963e+02
1.798039250827219178e+02
1.809880659075269023e+02
1.782291360102342423e+02
1.790229166875627129e+02
1.811024212071942259e+02
1.813336128202058433e+02
1.805922335066825610e+02
1.819686980440745288e+02
1.780777029928533466e+02
1.838229050346541840e+02
1.801621144531709149e+02
1.829170324282677598e+02
1.796678740153519129e+02
1.822850953807928533e+02
1.822925306966942287e+02
1.796009489628055462e+02
1.799225088651533611e+02
1.791499480688792403e+02
1.805778960859451843e+02
1.773934339387436978e+02
1.818536385220414786e+02
1.802686419979433197e+02
1.806168888874835261e+02
1.834829060632410460e+02
1.824815351237274967e+02
1.817721398137343840e+02
1.820118243659935047e+02
1.782567507426575162e+02
1.804655682910095891e+02
1.822219977370369008e+02
1.775469143698621224e+02
1.785256850397754818e+02
1.791003399830777880e+02
1.818256354652966138e+02
1.797954884714083050e+02
1.821490335613092952e+02
1.790361843254430880e+02
1.817252086790660996e+02
1.829924525848648216e+02
1.788190838072730742e+02
1.801836555641341135e+02
1.789420972374135772e+02
1.805691260450593063e+02
1.796293599969144736e+02
1.772139404842752981e+02
1.785380164694171299e+02
1.802054277155635020e+02
1.813898373608747647e+02
1.832420890585518123e+02
1.796692599869861340e+02
1.803046391657463801e+02
1.796116130109674032e+02
1.804137176055996861e+02
1.827598453971447725e+02
1.786007860195227579e+02
1.814007861857324144e+02
1.817466421183218301e+02
1.795685375162383650e+02
1.808814003767352574e+02
1.798682594598927835e+02
1.818697366388492753e+02
1.789203101293794873e+02
1.814420376954583389e+02
1.801645117154929778e+02
1.778103101522419820e+02
1.801071691640035226e+02
1.821802610453487148e+02
1.815371493478130276e+02
1.796234394155290204e+02
1.773056887646893358e+02
1.793555064511881767e+02
1.809411555873669499e+02
1.818615161835414824e+02
1.818031126243207041e+02
1.827880485507721744e+02
1.793450912238066337e+02
1.789066565991609821e+02
1.782391424378910756e+02
1.794452662910814809e+02
1.810853690717261770e+02
1.797317600082163267e+02
1.805908834221472432e+02
1.799578718938739712e+02
1.797700974680061563e+02
1.791500463354836654e+02
1.788349253586522138e+02
1.817326372539236274e+02
1.806353938596638500e+02
1.773815492270558707e+02
1.798365096580077704e+02
1.787646385267270261e+02
1.786177171352512687e+02
1.827064067223516872e+02
1.787290903188600737e+02
1.781993098837651530e+02
1.805527998452637064e+02
1.778279523438860679e+02
1.821951226691851389e+02
1.791948380072878138e+02
1.775724983837828006e+02
1.808213051526066977e+02
1.812166898132821018e+02
1.794576494717914841e+02
1.824067984256680006e+02
1.811555343104166980e+02
1.770551662708936647e+02
1.825523546721992432e+02
1.805096716920581059e+02
1.836878083348632344e+02
1.794048416817212228e+02
1.791073565948344424e+02
1.833032038557371664e+02
1.788384797881221004e+02
1.797228267754148305e+02
1.816825378515796956e+02
1.783688141911545983e+02
1.824390637961165851e+02
1.821352231155525487e+02
1.824097927474830385e+02
1.782933989508459547e+02
1.782736927054617695e+02
1.810798808554856691e+02
1.799675661562011442e+02
1.823559541997588553e+02
1.811504520378769314e+02
1.796775941184727117e+02
1.814235460692961226e+02
1.808617912518631101e+02
1.810218215960588566e+02
1.801766319371189695e+02
1.803649456237800450e+02
1.822633177895811514e+02
1.800227329586563201e+02
1.830060246620985822e+02
1.807296587151164147e+02
1.773454558663813998e+02
1.784645632756303542e+02
1.791417919978295004e+02
1.801873350875893038e+02
1.840832497544421926e+02
1.798749335232251099e+02
1.792532523656667536e+02
1.790024652671105798e+02
1.811960021513855565e+02
1.806712982347520722e+02
1.801787496830878013e+02
1.811209895062295629e+02
1.808545059338354406e+02
1.824852184726326243e+02
1.796465340536776978e+02
1.785416110518392543e+02
1.795641553824659695e+02
1.783620170961007432e+02
1.815150902199609106e+02
1.801678153301739087e+02
1.801850032518462115e+02
1.802899856957712075e+02
1.815781484981017400e+02
1.775311566191033705e+02
1.806634808098504550e+02
1.797749816100896396e+02
1.799153428219044599e+02
1.789408706690875022e+02
1.810824996331014631e+02
1.774729222794413488e+02
1.789652469188974635e+02
1.795418699611797138e+02
1.797680418281466643e+02
1.822437854236729038e+02
1.781091633995146140e+02
1.800837672444099837e+02
1.831601510550438832e+02
1.825548499818261803e+02
1.798924408415682024e+02
1.811595842280433999e+02
1.788079751223375808e+02
1.787898701797813601e+02
1.814227399279784834e+02
1.794731745862636387e+02
1.817634175917194455e+02
1.821387371827137258e+02
1.775498160407491639e+02
1.803715546394724072e+02
1.782246810085287052e+02
1.790297177909970401e+02
1.819563762937535785e+02
1.785102590570480459e+02
1.801639899638935560e+02
1.782779749876118842e+02
1.808954157305346371e+02
1.784936057437878958e+02
1.818323794015979047e+02
1.778406831845962017e+02
1.775931587962162723e+02
1.802765846459127204e+02
1.813497885304095405e+02
1.793263261493850109e+02
1.806568812999110776e+02
1.804910142778757631e+02
1.805439559220055514e+02
1.782287218170985170e+02
1.802000284593925983e+02
1.806479400563479203e+02
1.807919546462240135e+02
1.816677247631625676e+02
1.807064292355635473e+02
1.814986174291591965e+02
1.780761660483123876e+02
1.782928143001785770e+02
1.816065923969715357e+02
1.801421551594706045e+02
1.817970841880851935e+02
1.808509347017469793e+02
1.799748712034719347e+02
1.779205933739600312e+02
1.794562801757768113e+02
1.806856709107432550e+02
1.800673521781137083e+02
1.796770770986798595e+02
1.812740739254587368e+02
1.808920206209317598e+02
1.786803008823516166e+02
1.828483216840735395e+02
1.824923371092227740e+02
1.810168832819053932e+02
1.806130810611893480e+02
1.787999988619786791e+02
1.779126708377582702e+02
1.796146807533135075e+02
1.822016640610106037e+02
1.799473419719402045e+02
1.795106785812322414e+02
1.798418459962854570e+02
1.833047119384894188e+02
1.798369271922116752e+02
1.793042624497703343e+02
1.827125079466825355e+02
1.785343891653652122e+02
1.786398674002496421e+02
1.773734470602118165e+02
1.817013286820245241e+02
1.803351982122883896e+02
1.794653763144466154e+02
1.792781862603311538e+02
1.811148029545541647e+02
1.803738708332486453e+02
1.771131557013819418e+02
1.798797500951988866e+02
1.811242246891013110e+02
1.793240973827945197e+02
1.814506821828875900e+02
1.812518643973031942e+02
1.808543465889385686e+02
1.835919378864363125e+02
1.787905645943103536e+02
1.791730215850198533e+02
1.803268190301933203e+02
1.807855549117218175e+02
1.805136337753300211e+02
1.814567857269255740e+02
1.785187555895733738e+02
1.803925420478884689e+02
1.825610878369439831e+02
1.819456943219842628e+02
1.822075005432504895e+02
1.817123506645201871e+02
1.775837242692731479e+02
1.782775529826810725e+02
1.830018776999734769e+02
1.799517349950339735e+02
1.764949216266830661e+02
1.831322988254850088e+02
1.799583697746268456e+02
1.782033988133204900e+02
1.803233189448181122e+02
1.806498672712626217e+02
1.812201766873242548e+02
1.791851712360374620e+02
1.832962015919184751e+02
1.817185959119016161e+02
1.797630272005432914e+02
1.793699784268509632e+02
1.812607789073615550e+02
1.791162738330166064e+02
1.789441140727187189e+02
1.789317229675962722e+02
1.810276347757314568e+02
1.817553530919973070e+02
1.810122928279895689e+02
1.821475045368362657e+02
1.801958737122084244e+02
1.797846249440590327e+02
1.810109891643873254e+02
1.775590033561680343e+02
1.819681023646951132e+02
1.801315821925999501e+02
1.816458950162098915e+02
1.786497947766823131e+02
1.811895002006837387e+02
1.781828163182048286e+02
1.790465263056825052e+02
1.789734017185373318e+02
1.797424055773866769e+02
1.799491801433138960e+02
1.805700274249146560e+02
1.799185184152092063e+02
1.799536713067618336e+02
1.818759491966638393e+02
1.771846862822133062e+02
1.790894997999934901e+02
1.805688963285682576e+02
1.811182561868658638e+02
1.798639881060500443e+02
1.797734129162485317e+02
1.793662450663400989e+02
1.804597280560621755e+02
1.813274047573846417e+02
1.825230965619558390e+02
1.815550583775811333e+02
1.792219326596013218e+02
1.814307459111707885e+02
1.788697551842733731e+02
1.793390638216021955e+02
1.800980663797566592e+02
1.818902762529383779e+02
1.795445981422998614e+02
1.814366009467468359e+02
1.788183342671590879e+02
1.776365253642248092e+02
1.812349781462379212e+02
1.813206804644148349e+02
1.824007934110652229e+02
1.815310331844660254e+02
1.783645159444827470e+02
1.782963340278742805e+02
1.831129607696299217e+02
1.828897895933462223e+02
1.802932653526048909e+02
1.768414990057550824e+02
1.785840170698295992e+02
1.796439835908049645e+02
1.802236270393989344e+02
1.806908863149301112e+02
1.799101432132037530e+02
1.796468684965224725e+02
1.790431316506077337e+02
1.799418189334951990e+02
1.814817627454521585e+02
1.807792815925074024e+02
1.818969498193481797e+02
1.788385195863923229e+02
1.802984113099638819e+02
1.824395179796483433e+02
1.798230689344056543e+02
1.814868345952402251e+02
1.790385154579238360e+02
1.798063544915538330e+02
1.784651492410908986e+02
1.821437543070851746e+02
1.807580676442574941e+02
1.786691259826700104e+02
1.813375292212127476e+02
1.806547623796351729e+02
1.783393345668429788e+02
1.826463732922850625e+02
1.806963708541902349e+02
1.804950982598178655e+02
1.777770379988953948e+02
1.810839462891082690e+02
1.798168669153566555e+02
1.819685897448796084e+02
1.800838745059216421e+02
1.778425132200073620e+02
1.804674011491385670e+02
1.780414629045878883e+02
1.812502941753759842e+02
1.828100932072272826e+02
1.793911503496091200e+02
1.807924380216518045e+02
1.805261574078965623e+02
1.776906316734175277e+02
1.819782258772155501e+02
1.801768683523651475e+02
1.811396494596240814e+02
1.800028749038151830e+02
1.813541648713810162e+02
1.820157569851927235e+02
1.821611272453287427e+02
1.784476250568594082e+02
1.799655881130387627e+02
1.799550389660533938e+02
1.799608166044597510e+02
1.813533559764944698e+02
1.808928539327150418e+02
1.785973113858736383e+02
1.806199494233689791e+02
1.792342595742552760e+02
1.806053987224700563e+02
1.794966418135621495e+02
1.807449927730254444e+02
1.805809045357878517e+02
1.801543438221069948e+02
1.809017994735923480e+02
1.824935109798736335e+02
1.781837389037658568e+02
1.813089815625096151e+02
1.804658333249185773e+02
1.802870831531286626e+02
1.779324967118600114e+02
1.785729974717937694e+02
1.817465696035717428e+02
1.796857885645339934e+02
1.781145433195352439e+02
1.793252237105411382e+02
1.779755211266381139e+02
1.798322669536622129e+02
1.817196622035035034e+02
1.794205572480989588e+02
1.802305818832242892e+02
1.813919375435642394e+02
1.824447709417415524e+02
1.800835329460412879e+02
1.800272994758246909e+02
1.824275122267461313e+02
1.787518892105169641e+02
1.811833117498040338e+02
1.776981656955505571e+02
1.840043327813420149e+02
1.817151276061844669e+02
1.817657767038308521e+02
1.813744973637788576e+02
1.810264285066499497e+02
1.769174180522002473e+02
1.799659573393888650e+02
1.833189867794854990e+02
1.807099204561719432e+02
1.805859742206773717e+02
1.785135548047857412e+02
1.818594709350317373e+02
1.786955258431294737e+02
1.787801523379203559e+02
1.808868386425588994e+02
1.806136360569829833e+02
1.833107170221001638e+02
1.806572793258278296e+02
1.780217287548018987e+02
1.803271595003994037e+02
1.816741973257765039e+02
1.792552737549424933e+02
1.794586914169661611e+02
1.811470886085482164e+02
1.819125396981293363e+02
1.794132531549668101e+02
1.800003241206895837e+02
1.813411334174556373e+02
1.803503509237609990e+02
1.803071780307459733e+02
1.809552600172574728e+02
1.796785480466072329e+02
1.787577711349211995e+02
1.807379878828053847e+02
1.770161343513579197e+02
1.802007372790869226e+02
1.819714407814026913e+02
1.770561893758357144e+02
1.792473466749011664e+02
1.776086414736039387e+02
1.785069127892816141e+02
1.831653200279077396e+02
1.812852478330178769e+02
1.821411676188620277e+02
1.792111337924004033e+02
1.807838670263075755e+02
1.825056657582632340e+02
1.821570217987086551e+02
1.810444614331217394e+02
1.766839769007921745e+02
1.778200389496713285e+02
1.786635417392499505e+02
1.794548176067741281e+02
1.801468325904072287e+02
1.824573229501327205e+02
1.792692506638634313e+02
1.805584764543556275e+02
1.811612965412281540e+02
1.795194213117936783e+02
1.798603476401341084e+02
1.827856216786026380e+02
1.788918534094714801e+02
1.774905502056651869e+02
1.813079656048163031e+02
1.804655317897436078e+02
1.809759871533500188e+02
1.798817245928857744e+02
1.808394574774177670e+02
1.782002037997108914e+02
1.775046847348266965e+02
1.794434771512297573e+02
1.810555542235509279e+02
1.796260567607530163e+02
1.782741271717922587e+02
1.791114808365537101e+02
1.792673039959514938e+02
1.814632230731197069e+02
1.824669997267731105e+02
1.764094451235156669e+02
1.792663932959701754e+02
1.805324959918541765e+02
1.811029437694178057e+02
1.813720144180705347e+02
1.824490362001496351e+02
1.798948671034831648e+02
1.814472643650616419e+02
1.795870177796004441e+02
1.778773822896612842e+02
1.805790280326092727e+02
1.793465531102093848e+02
1.806775176959075395e+02
1.800937397945709506e+02
1.783055830118740630e+02
1.833753214240415161e+02
1.829297847895334712e+02
1.793935970828225095e+02
1.785930151970463271e+02
1.794570799872208511e+02
1.817273392365796383e+02
1.809214901675657075e+02
1.802717976238888582e+02
1.809440377879570008e+02
1.786476167365441086e+02
1.798985069742094822e+02
1.795389188221352299e+02
1.830756111842017049e+02
1.810145246398148231e+02
1.815529777154713997e+02
1.807758691419114427e+02
1.788266655273552601e+02
1.840332159809047425e+02
1.797586239786496094e+02
1.784959131800576699e+02
1.811073591409031280e+02
1.803852113259798671e+02
1.802606487615433366e+02
1.795397142547011811e+02
1.814120583214952376e+02
1.809107451005619112e+02
1.817491870386667472e+02
1.807940401238350887e+02
1.802989300921056497e+02
1.789241454425007589e+02
1.799691863562091498e+02
1.801073251651978921e+02
1.797108614461889715e+02
1.796597843414560032e+02
1.797424696056448852e+02
1.809375916045164843e+02
1.796930073718069707e+02
1.826151589052059308e+02
1.796582683457910434e+02
1.806199192452623095e+02
1.803592986881579066e+02
1.807915516156870126e+02
1.810006833097311301e+02
1.796778574631811125e+02
1.793856186306721270e+02
1.796490201333100458e+02
1.795969394211321060e+02
1.814535596984568144e+02
1.777554653148680757e+02
1.806783804205732338e+02
1.803495096311632722e+02
1.800781375352729583e+02
1.815217773707874755e+02
1.802850082524325046e+02
1.817649327814510514e+02
1.787777932029260342e+02
1.779160848293850563e+02
1.827612054622295261e+02
1.806430042635424797e+02
1.812727763511569208e+02
1.767536283021173062e+02
1.818776003236851579e+02
1.789862701908612337e+02
1.814746249477877313e+02
1.782444879381055785e+02
1.792492745256804483e+02
1.820150031698873931e+02
1.807074692402057963e+02
1.804010034616709390e+02
1.799105764915725274e+02
1.807635119426832659e+02
1.781127899553879672e+02
1.807705307691647931e+02
1.787126787597999282e+02
1.812513650393645435e+02
1.812647383545553339e+02
1.782572516208906279e+02
1.815528223932809055e+02
1.790925878459087528e+02
1.788136603213535523e+02
1.818318679952956529e+02
1.796891014589541271e+02
1.823036331117205009e+02
1.793300942748789453e+02
1.787731716024551645e+02
1.803869850711967047e+02
1.815164347780862784e+02
1.816440966188854986e+02
1.802526073797850472e+02
1.788191002771631872e+02
1.803539588784109355e+02
1.806088326244013729e+02
1.787754087723702412e+02
1.825001393742597600e+02
1.804282459880291754e+02
1.826512400135298719e+02
1.808724425201769463e+02
1.794654954892538399e+02
1.803569310686315248e+02
1.808274227079708112e+02
1.787608723953581205e+02
1.781509091516085732e+02
1.794146250287993780e+02
1.814768529237524035e+02
1.799465708340549668e+02
1.833735174691822465e+02
1.793941150498998240e+02
1.794990303778044733e+02
1.805572852576640059e+02
1.820162171688233741e+02
1.783206659166942529e+02
1.822382760108780246e+02
1.815186347618662523e+02
1.790406937841189858e+02
1.804888860970531823e+02
1.805335137400830945e+02
1.810020127095400824e+02
1.790137484575138274e+02
1.811093654762752578e+02
1.809720639541872629e+02
1.808553483952665033e+02
1.809593579878852836e+02
1.785941102200698367e+02
1.795372616307046769e+02
1.816952967810643145e+02
1.789408010273933769e+02
1.792337601121088824e+02
1.795590167855226866e+02
1.815160995985187924e+02
1.797603983619980852e+02
1.785716420505618487e+02
1.807020099540062859e+02
1.795393121855174456e+02
1.809368345688692443e+02
1.787796860861125481e+02
1.796548949012351670e+02
1.789322987467703001e+02
1.791631443221623385e+02
1.792117394635274366e+02
1.820928231156577226e+02
1.798740233510704343e+02
1.809773268826831156e+02
1.803914839842594233e+02
1.806506157828183916e+02
1.805197754186449970e+02
1.804247583199683902e+02
1.819890931032880417e+02
1.813375767194323771e+02
1.817516010320191810e+02
1.794453401376890724e+02
1.813208994818108977e+02
1.782229535891136152e+02
1.814474537538611116e+02
1.801022048077570616e+02
1.805831506080029669e+02
1.829362141082387723e+02
1.795362247128242359e+02
1.823141300464123447e+02
1.792474935775972540e+02
1.818727071202292507e+02
1.821493266776079452e+02
1.803702529790173799e+02
1.793665221531123848e+02
1.814309892492667018e+02
1.790459812913047131e+02
1.795884605894979131e+02
1.803923825040036206e+02
1.783110875715413215e+02
1.800159972480234387e+02
1.786769104909402301e+02
1.791701417263489304e+02
1.798489901569247138e+02
1.786676905256886982e+02
1.796836735013059467e+02
1.786575794579345597e+02
1.796308125787862195e+02
1.791067979757197008e+02
1.800655164016911556e+02
1.802540832541149314e+02
1.802434672048059952e+02
1.813917695486059927e+02
1.795096055510030340e+02
1.814665074483073681e+02
1.800913523915462235e+02
1.825954786851165750e+02
1.806013631211293955e+02
1.797804618907406393e+02
1.799964861610677644e+02
1.784320189510051762e+02
1.782927791670036868e+02
1.784352919196331868e+02
1.789183657859621235e+02
1.824455218071927334e+02
1.799312308194153900e+02
1.792203836309851965e+02
1.792800152436732048e+02
1.793817144180422645e+02
1.792307335414523664e+02
1.831599097911905574e+02
1.815947805563195629e+02
1.795432264095308881e+02
1.793212989829072797e+02
1.794932837226445201e+02
1.766560944605220129e+02
1.786901286851302189e+02
1.784989943353810418e+02
1.813060612743345814e+02
1.819490686639272496e+02
1.814076879629617167e+02
1.800981602978215790e+02
1.824780770289733596e+02
1.780548159186350574e+02
1.783297841154298453e+02
1.812876618387029737e+02
1.815142569190213067e+02
1.846827114381519266e+02
1.828801372480539555e+02
1.777526960586153848e+02
1.795643491977374140e+02
1.808828950451660091e+02
1.803374979615493885e+02
1.812690972472863393e+02
1.793567440250728282e+02
1.782690771608792488e+02
1.801197915139017027e+02
1.816088615358339382e+02
1.799992126632467659e+02
1.813065654828003233e+02
1.832562265311127305e+02
1.828790719354421981e+02
1.785908307012677199e+02
1.799008059139401894e+02
1.815576821122170657e+02
1.795102455327331086e+02
1.809485863146542783e+02
1.826250400676813967e+02
1.801400809546859989e+02
1.807102913130021875e+02
1.806599343705615013e+02
1.798541584236753295e+02
1.819227414631769761e+02
1.792809440647188239e+02
1.812293517417032547e+02
1.800761734779498227e+02
1.812205039634729360e+02
1.832564770359323063e+02
1.800397724873811285e+02
1.791193861188424989e+02
1.799817232703983620e+02
1.800870677873727743e+02
1.802806570775423722e+02
1.821575105136171828e+02
1.796563032740158690e+02
1.811000880830424933e+02
1.805140732044901881e+02
1.811470830029983858e+02
1.814618772027922944e+02
1.777986723789900907e+02
1.798007441720124575e+02
1.803050888073673832e+02
1.811051265352633095e+02
1.797667301611194262e+02
1.813337950183210410e+02
1.797453797256639518e+02
1.788956358625733287e+02
1.795417071588034048e+02
1.821765258700312984e+02
1.796912802419419961e+02
1.822232663723994506e+02
1.782326532797698917e+02
1.772231536698862158e+02
1.772136382880292444e+02
1.811446947578873221e+02
1.805006027511919058e+02
1.783266590143975918e+02
1.795596439514430358e+02
1.794391735457261916e+02
1.798727279092926494e+02
1.832209509651688109e+02
1.805804349035502412e+02
1.783388431215821015e+02
1.835113418820069739e+02
1.828965340371616435e+02
1.832670164514726991e+02
1.811673486979012750e+02
1.790753311778583452e+02
1.813366373225298673e+02
1.818452180176253989e+02
1.790620315098654203e+02
1.819174368175575296e+02
1.807203153995211267e+02
1.781500053012369733e+02
1.822900721596359119e+02
1.798713442993277170e+02
1.811046414575360188e+02
1.802732595696574549e+02
1.798058052218190994e+02
1.803372993436809963e+02
1.804959424386624960e+02
1.787240539987629404e+02
1.792854019533302790e+02
1.814419316896973555e+02
1.798882804637116237e+02
1.789603220657944007e+02
1.798990787940325902e+02
1.830726273119151415e+02
1.805820192449427850e+02
1.812290396930346787e+02
1.793312423744106638e+02
1.778874067341225498e+02
1.815607145847989443e+02
1.820419830177178824e+02
1.782368430881789720e+02
1.816987671533934758e+02
1.824244138322688968e+02
1.819121061775272494e+02
1.804116012065063899e+02
1.803173594869009264e+02
1.822760849138854837e+02
1.793846818436472006e+02
1.807968973721030750e+02
1.787572519155821738e+02
1.837893955631062681e+02
1.815003286250700967e+02
1.797482587532062723e+02
1.801643281153442615e+02
1.818710444205414660e+02
1.790042295242535602e+02
1.789438826779717147e+02
1.811303107649943627e+02
1.792459474682774498e+02
1.817254880569209661e+02
1.805702005241288646e+02
1.804975709971106141e+02
1.771767499443542988e+02
1.803315761565718560e+02
1.798736260653516013e+02
1.805023288530980778e+02
1.812191235150564808e+02
1.803383488964388732e+02
1.803721121992230394e+02
1.798348533010300514e+02
1.808322420916285864e+02
1.796457186021582970e+02
1.822404505189034865e+02
1.809166947196361832e+02
1.818527896332726073e+02
1.771072152332584437e+02
1.804568213435927646e+02
1.771896807225949999e+02
1.812074428569450788e+02
1.794420030459872635e+02
1.760246543742432834e+02
1.771293037135592101e+02
1.813796086708450446e+02
1.775861912618193230e+02
1.810765019441822403e+02
1.803685329990398145e+02
1.787782072790174084e+02
1.785822461788894771e+02
1.779948888558426745e+02
1.838798131343551177e+02
1.808843265436892409e+02
1.801159313149750290e+02
1.806629713668316413e+02
1.818005374954072693e+02
1.798825199726161088e+02
1.798974036345355501e+02
1.820325308224025775e+02
1.799615198082757388e+02
1.809365365098230143e+02
1.814987522173189518e+02
1.783317032195388947e+02
1.802424777285375228e+02
1.817220890295754714e+02
1.783437106613044136e+02
1.802563693929209876e+02
1.787129227103926894e+02
1.811438238210071745e+02
1.799083589266378738e+02
1.808266666344739804e+02
1.794843509122221974e+02
1.782680600334864494e+02
1.799883342063864973e+02
1.812477560750954240e+02
1.810732818962774786e+02
1.807828421576066091e+02
1.835974830657736163e+02
1.788575041667705534e+02
1.782835597044879137e+02
1.806017099736280898e+02
1.807046077041161709e+02
1.821536965817693385e+02
1.812714659512208186e+02
1.807696970946981310e+02
1.810549653480802021e+02
1.830626581466119092e+02
1.812432309146595060e+02
1.768744674358039219e+02
1.798412652992607832e+02
1.801445758233348897e+02
1.807642540161648128e+02
1.802541613825824811e+02
1.809379103124480253e+02
1.803866549197646520e+02
1.806864767975797861e+02
1.796021624341789504e+02
1.791905277402858587e+02
1.830338348317580710e+02
1.796470360745898631e+02
1.792259802179252404e+02
1.807086643942323860e+02
1.780958795145835438e+02
1.812695168295914243e+02
1.830481538161346293e+02
1.812572722156446900e+02
1.785812632468540926e+02
1.815814848645849793e+02
1.797094935839543552e+02
1.783170805385630899e+02
1.794367272281843668e+02
1.790302717636355965e+02
1.792627379724404477e+02
1.792025511919634084e+02
1.793200809998922125e+02
1.807050216821071729e+02
1.820535802118775166e+02
1.806082622652864131e+02
1.817815693959927330e+02
1.796165677221441968e+02
1.788667117215575502e+02
1.812247847809121026e+02
1.759548412657827043e+02
1.800883280799661179e+02
1.802986784940654559e+02
1.793531106247308742e+02
1.791260930236236959e+02
1.804768108156122537e+02
1.813096634532843154e+02
1.837932941261607596e+02
1.788049014023306995e+02
1.794440486545193778e+02
1.778505405863458861e+02
1.808513995579425284e+02
