7.541233021845941664e+01
8.060697398251384982e+01
8.045863560985888796e+01
7.916134519207142262e+01
7.868177544672170143e+01
7.955053755771791657e+01
8.043868575339105575e+01
7.772887498203355960e+01
7.371021382473919914e+01
7.798472965815372504e+01
8.034027502793693998e+01
7.753793007572761553e+01
7.884796919555408579e+01
7.606295110992472530e+01
7.646870826505589491e+01
7.846815464161576870e+01
7.655552977969590245e+01
7.698831994028606118e+01
7.605871286002705745e+01
7.570960270886381238e+01
7.867698841273180221e+01
8.099072693741587159e+01
7.550368163291651058e+01
7.483816773810553968e+01
7.769962601735646501e+01
7.952377924869563230e+01
8.128775859191627262e+01
7.326004754752364079e+01
7.874826878560971011e+01
7.604739598374537479e+01
7.898572495362911638e+01
8.037496152923306170e+01
7.569047364786868570e+01
7.752669149632444601e+01
7.385862151379735963e+01
7.725350485559359015e+01
7.620247092688919111e+01
7.523271640787474723e+01
7.446996188442510345e+01
7.487176223171059064e+01
7.689296753799952455e+01
7.682910257051318581e+01
7.855642000643665313e+01
7.801368737280972709e+01
7.745325209585990933e+01
7.897640769241674263e+01
7.685919026130689247e+01
7.824169185841168428e+01
7.905425044995494943e+01
7.521002546996037097e+01
7.722708100231767503e+01
7.437873193490236190e+01
7.770307700086975444e+01
7.638834210656277435e+01
7.829107242259566135e+01
8.415377174457427145e+01
7.709926545978687784e+01
7.809059526623124725e+01
7.538349206458073581e+01
7.823206271331490314e+01
7.327654507647177695e+01
7.400486740228397764e+01
7.592232910996692397e+01
7.574672626910493989e+01
7.677314567729919759e+01
7.631829890461374077e+01
7.912064983837633747e+01
7.401559768754532342e+01
7.885188067185799810e+01
8.001780378256158599e+01
7.630966493461846767e+01
7.923080756761959265e+01
7.813772078811409472e+01
7.807761848882961431e+01
7.600565937291317198e+01
7.370739807067526783e+01
7.757541280918863436e+01
7.842566696331640230e+01
7.898782373322481476e+01
7.420628801841003508e+01
7.721552356557573660e+01
7.824552188447842127e+01
7.673623266811264898e+01
7.506544290861198476e+01
7.687317817155825139e+01
7.805879575616873467e+01
7.800860820564496123e+01
7.791450102879566941e+01
7.546790376018964253e+01
7.757163096631376220e+01
7.668274828827159695e+01
7.853907204028459432e+01
8.052141959030041107e+01
8.123854595495092212e+01
7.710317265570415657e+01
7.854132928884661169e+01
7.612654637588528317e+01
8.172850985837243343e+01
7.689839191509341276e+01
7.814675898556122036e+01
7.593934576875081177e+01
7.748086745937251862e+01
7.483820131374847051e+01
7.553162699840142125e+01
8.033701614292306203e+01
7.656685563131853201e+01
7.657901078437770082e+01
7.759273937853652114e+01
7.731848478300908312e+01
7.579687709977596910e+01
7.889265753403719827e+01
7.901483409204205088e+01
7.713460559362046354e+01
7.305392117441195410e+01
7.638014861845277892e+01
7.662120055691180198e+01
7.684306379963096845e+01
8.016021488133310413e+01
7.847234302079688462e+01
7.531014217105386876e+01
7.860793439295977691e+01
7.421991004754630694e+01
7.371985383747882281e+01
7.451436680392573919e+01
7.917956559924664361e+01
7.557817839296413354e+01
7.982072024589483306e+01
7.457049621039081444e+01
7.813158618739899453e+01
8.042170201455537892e+01
7.962337814428282456e+01
8.094176050519550358e+01
7.824717654657395371e+01
7.504889329265289177e+01
7.730324873245321271e+01
7.623113604065613913e+01
7.745238427865625397e+01
7.844836837918842321e+01
7.920990671517044746e+01
7.581709053604100745e+01
7.905118219954539427e+01
7.710465762248091437e+01
7.750027338315369718e+01
7.875371348282881456e+01
7.427238789019665433e+01
7.541862038927365575e+01
8.018423823338355305e+01
8.115471218465154379e+01
7.682334063511910927e+01
7.691366337872277370e+01
7.857354361401986864e+01
7.391192641226004412e+01
7.884876006160617123e+01
7.726423954852894838e+01
7.999236150408293611e+01
7.877113633920319558e+01
7.575589548532252593e+01
7.170190110768788827e+01
8.053639211041041790e+01
7.973878873354767904e+01
7.577921428144411209e+01
7.643267963886150085e+01
7.787167975795321695e+01
7.619607794392780420e+01
7.593152067396650295e+01
7.646778256255274187e+01
7.778524831542668494e+01
7.816556349665746950e+01
7.834486080164873556e+01
7.259097777647498617e+01
7.923675091617215571e+01
7.761411728117298026e+01
7.871616120983625819e+01
7.981307108728283595e+01
7.641803233937604034e+01
7.572438472425467637e+01
8.199072133646971849e+01
7.461162972044685660e+01
8.272261709517084682e+01
7.760585585755551108e+01
7.824530870738388444e+01
7.426958561470036102e+01
7.901411958344368713e+01
7.405789432795266691e+01
8.014960055185315468e+01
7.643802987456925280e+01
7.862874708165740856e+01
7.866192121347437194e+01
7.930253113947156862e+01
7.306321579018482737e+01
7.529254021446149636e+01
7.522815623950144470e+01
7.273665541871281448e+01
7.862520799264844129e+01
7.338728198609177866e+01
7.794691788881850414e+01
7.517657866595624228e+01
7.891864588389209700e+01
7.445197708485315502e+01
8.058660279393927794e+01
7.570765222597638910e+01
7.582295519026624220e+01
8.164411238679143423e+01
7.865988483867218406e+01
7.333576245136552529e+01
7.625808134402721805e+01
7.802929850780398624e+01
7.593751112420903837e+01
7.874925988015201028e+01
7.400427496206253863e+01
7.666580435170135388e+01
7.314800106937241253e+01
7.427407870292252312e+01
7.559281437059057396e+01
7.410384763337788172e+01
8.077783867241217308e+01
7.837258195047721188e+01
7.338492085154599920e+01
7.852568931966035848e+01
7.588888259887259835e+01
7.929430232661457012e+01
7.624737006971129460e+01
7.709877623639590638e+01
7.945625326366653951e+01
7.521744392806672863e+01
7.912943207611461105e+01
7.735865088345305196e+01
7.386730250789346996e+01
7.736446111484232802e+01
7.439267234696922060e+01
7.698930526509164451e+01
7.531277891278557490e+01
7.990345707898021033e+01
7.591796200715657505e+01
7.752895276762076548e+01
7.625517301603825615e+01
7.447432359604029273e+01
7.456259408345911766e+01
7.760167292799081906e+01
7.460549987515777559e+01
7.835630058247481600e+01
7.586952980354381282e+01
7.931236141951757190e+01
7.466945707329603010e+01
7.889602307580504714e+01
7.706376177490967905e+01
7.758612833584984969e+01
7.745594939455394012e+01
7.586858422765276089e+01
7.244714405717321881e+01
7.604817929089706752e+01
7.684095970234912443e+01
7.625390945561181866e+01
7.913162778034069333e+01
7.951232157348769647e+01
7.795143425737373377e+01
7.769212294549959097e+01
8.019708259148201535e+01
7.910297225885824446e+01
7.335757743301853395e+01
7.682967196084301520e+01
7.845634638611358014e+01
7.644715649025074811e+01
7.673675586259246018e+01
7.702500741510439752e+01
7.746055346477920978e+01
7.777834555029710373e+01
7.841280339043933623e+01
7.827782062573011501e+01
7.366349958306540202e+01
7.544124655007989588e+01
7.824107046382236774e+01
7.370977655199897072e+01
7.525865717741524463e+01
7.588948992137223115e+01
7.732706570488923603e+01
8.034281895788352301e+01
7.622121098999292599e+01
7.527617459881561501e+01
7.796083142321171522e+01
7.441995546202562650e+01
7.638629555736733323e+01
7.509168987702398113e+01
7.313443892254356626e+01
7.909822289288520381e+01
7.593372960682395956e+01
7.759540889074412462e+01
8.003546103660535493e+01
7.974932202366552758e+01
7.659352608793132333e+01
7.970131656320656077e+01
8.092766489949548259e+01
7.584596582510165774e+01
7.545906902037930308e+01
7.549079943506481527e+01
7.560005984567543180e+01
7.739488968336088703e+01
7.630675626996684002e+01
7.665892166202652902e+01
7.590442790163250208e+01
7.795402937272694999e+01
7.683086506386696612e+01
7.371438896853146616e+01
7.423310256650600536e+01
7.941078632735276699e+01
8.041325719451160126e+01
7.888950329567578024e+01
7.857799437324676717e+01
7.945316016596537168e+01
8.190806282558349949e+01
8.004925610161946281e+01
7.736351806615816429e+01
7.518953155871415106e+01
7.738851646771929893e+01
7.553849563018746949e+01
7.723387587371182406e+01
7.422939274624192763e+01
7.990463063200310501e+01
7.884598969686057046e+01
7.667517946920868610e+01
7.622847791626485048e+01
7.750417039340113945e+01
7.672819470150569998e+01
7.772199907931518226e+01
7.541103068646100382e+01
7.719983256591980592e+01
7.851306614599467082e+01
7.686056041476149403e+01
7.677779212487024552e+01
7.592535500640366308e+01
7.843170008593909870e+01
7.641224370981136360e+01
7.705994474381132875e+01
8.059045859582005278e+01
8.118840801043185706e+01
7.263566140899882839e+01
7.835426893713055563e+01
7.682991299560397636e+01
7.579412460716282851e+01
7.593412212352775725e+01
7.772212291094427883e+01
8.289919940603041937e+01
7.762428786095483702e+01
7.595558990576972747e+01
7.555731442014629806e+01
7.788237928924068854e+01
7.551198596658286988e+01
7.972220071064023728e+01
7.728859548792362943e+01
7.768530309364309971e+01
7.504575203176767673e+01
7.308852224318552260e+01
7.695395069781898201e+01
7.592035346974947174e+01
7.591031236785994452e+01
7.830350296050438885e+01
7.614979755866472999e+01
7.780562671066506653e+01
8.073563187720722567e+01
7.871162232595065689e+01
7.693829345842556222e+01
7.823234648306279837e+01
7.760381566420986132e+01
7.822729564871779928e+01
7.282558788156218554e+01
7.724140418407182551e+01
7.902776297525264226e+01
7.436992941287391545e+01
7.506203383246599969e+01
7.742136278159274809e+01
7.799859951981473216e+01
7.401776863932251160e+01
7.656735877442424965e+01
7.584476336712923228e+01
8.110186561769003788e+01
7.686277921087750542e+01
7.787834555162035599e+01
7.583893035148308570e+01
7.922771941263292206e+01
7.551807486120056012e+01
7.788740099236267156e+01
7.904295254431637829e+01
7.103607186038061627e+01
7.409743495139849756e+01
7.480006407959618286e+01
7.642475683879055737e+01
7.294805831682819530e+01
7.648324614079159289e+01
7.480355750370507906e+01
8.138913315797648806e+01
7.427678772719150402e+01
7.538039033075727957e+01
7.637978671078383286e+01
8.098591423948863621e+01
7.620652489490194625e+01
7.627788451079057097e+01
7.840330455329883819e+01
7.623402140036603214e+01
7.533262400639326017e+01
7.641098717402309148e+01
7.587388255296050943e+01
7.860251561721467795e+01
8.101684575322407511e+01
7.763467740156160346e+01
7.425816282721029893e+01
7.959545531054882872e+01
7.816386037901897055e+01
8.023897973892802327e+01
8.106240086084032725e+01
7.731051646088708651e+01
7.903816430754491762e+01
7.689010052575946474e+01
7.687227027760660292e+01
7.697614185757898042e+01
7.890479072465559796e+01
7.340749434854930655e+01
7.895878709268956186e+01
7.603668148874177746e+01
7.788417535073246256e+01
7.337369047710936343e+01
7.458036845962327277e+01
7.747481506539055829e+01
7.956400420754522429e+01
7.491663890665182635e+01
7.320063652991871095e+01
7.987178070068007685e+01
7.891329425788599394e+01
7.617662706123282135e+01
7.419265396986679661e+01
7.829674147179623844e+01
7.803941001380694331e+01
7.789045880214452211e+01
7.743188763328302571e+01
7.804853942418989732e+01
7.563246110867665095e+01
7.824258672800907277e+01
7.846158044460310066e+01
8.041232862961017247e+01
8.072258615693938566e+01
7.436955045548462806e+01
7.789978171350394121e+01
7.699870075431969951e+01
7.345514949090588175e+01
7.569112949906859455e+01
7.475624307196738982e+01
7.958809333509618966e+01
7.542491644218253555e+01
7.690269424168421608e+01
7.871261087371505027e+01
7.769011965495873540e+01
7.990148618505041611e+01
7.448611838629673798e+01
7.781917963719820364e+01
8.160522466329663871e+01
8.003487670325264958e+01
7.512775819314789771e+01
7.535723324994350492e+01
7.611280028233485950e+01
7.622608747659928952e+01
7.551266373556424583e+01
7.516445643664256693e+01
7.897882040507799672e+01
7.427585275096822670e+01
7.418024744003403725e+01
7.673028499498848021e+01
7.600030869290795010e+01
7.606024934841332197e+01
7.919080758777931806e+01
7.518380200492785548e+01
7.871427268916181674e+01
7.851236943443542771e+01
7.361860501095341647e+01
7.374534228867372576e+01
7.741214176165142646e+01
7.775316942118492136e+01
7.809751228346776486e+01
7.743573538763948250e+01
7.699050503572088644e+01
7.900408101532089233e+01
7.619400275740170514e+01
7.669953777183680188e+01
7.834470305132185786e+01
7.692169297301931863e+01
7.682423996677731282e+01
7.999640699817963707e+01
7.699701508934032290e+01
7.486086189796235146e+01
7.809211020016887517e+01
7.457127359084259410e+01
7.733234764858693211e+01
7.585318227228702881e+01
7.745241090857258826e+01
7.863909477759683853e+01
7.840000417778695407e+01
8.025615744498917081e+01
8.096588253892498699e+01
7.510891810671796520e+01
7.761036922698349372e+01
7.700232040808045042e+01
8.062941438797614069e+01
7.250151525514637285e+01
7.635161563383122996e+01
7.404702818669618125e+01
8.214301150400368101e+01
7.538037739064702691e+01
7.613492679232973614e+01
7.805666179607227662e+01
7.688421604604030790e+01
7.710680369912655863e+01
7.615619729613642619e+01
7.428522744081836038e+01
7.893876834489627470e+01
7.595109443503689306e+01
8.022871007551138689e+01
7.665887671769256428e+01
7.549895501950247478e+01
7.647895085364845613e+01
7.445489260160265133e+01
7.689468134893066065e+01
7.611168189837597708e+01
7.542499626874341345e+01
7.778629961983780561e+01
7.454577369243092733e+01
7.383311660292905287e+01
7.709709886893755026e+01
7.833594203868265993e+01
7.376463290726972843e+01
7.029468948006703499e+01
7.701563668060464352e+01
7.766920254799715906e+01
7.583454119799819182e+01
7.825922371879566697e+01
7.818656165513991141e+01
7.715831748925938882e+01
7.842719909740891637e+01
7.510223735172834836e+01
8.089692116206296646e+01
7.660830028954740101e+01
7.554919125436636307e+01
7.902536916983787307e+01
7.860757034909265428e+01
7.595793035411996641e+01
7.666973579506361602e+01
7.782843855173911152e+01
7.807095198873534514e+01
7.511126737727579439e+01
7.869591795279291091e+01
8.163962308657963263e+01
8.035920164059552917e+01
7.313249268982139029e+01
7.555619289800195304e+01
8.092672664620938860e+01
7.713296165144964789e+01
7.992731171885868946e+01
7.911552006689251471e+01
7.575307497952015012e+01
7.960424983611795824e+01
7.452414308810156740e+01
7.907786262547760714e+01
7.610250315723624226e+01
7.871031158565862995e+01
7.437935986297941326e+01
7.932062517391938172e+01
7.972596182713232338e+01
7.599591663217870519e+01
7.556611179771546460e+01
7.441104303958056221e+01
7.524731443506362893e+01
7.670242393885307308e+01
8.126474921780540228e+01
7.605609773789019812e+01
7.447814759712767341e+01
7.826357934224265023e+01
7.866980985658511827e+01
7.741691697925166693e+01
7.470393246627043027e+01
7.519674156294306044e+01
7.940765166679773301e+01
7.661097606465149568e+01
7.669823532639125574e+01
7.713408714997102322e+01
7.712138250985071863e+01
7.741643342852620435e+01
7.781782815044992674e+01
7.973764268278895884e+01
7.857020345968017239e+01
7.889771015940704046e+01
7.533942022322257515e+01
7.889029304882286908e+01
7.462308007281947653e+01
7.791905055371982769e+01
7.841997081406570658e+01
7.682512126152475673e+01
7.645242227753610109e+01
7.654714388585018980e+01
7.994547840074613987e+01
7.930408379883181169e+01
7.867709262768850920e+01
7.771002527682678362e+01
7.955082504056404957e+01
8.025923048891425537e+01
7.649541979832316940e+01
7.846978196350195844e+01
7.480206823553419326e+01
7.839574008723558052e+01
7.824792024530943024e+01
7.609733149384548767e+01
7.544953863063879851e+01
7.824011461769701725e+01
7.568962887179776544e+01
7.499104021018196420e+01
7.481782978819198604e+01
7.548070259268111215e+01
7.817374108581795156e+01
8.028534738886705213e+01
7.829268291032991556e+01
7.765267508586586587e+01
7.801043188091649938e+01
8.116942890875670003e+01
7.683253948181707926e+01
7.750909998964772285e+01
7.786003903954620853e+01
7.591099675492594656e+01
7.608842336459771616e+01
7.536498566663895815e+01
7.667252831080577380e+01
7.656483890217448618e+01
7.865931101426944849e+01
7.724776064837183753e+01
8.016052410726551614e+01
7.606266546410800800e+01
7.850259974783477901e+01
7.806988099511706025e+01
7.880397978692394645e+01
7.876510345195804064e+01
7.732760634038183412e+01
7.837570141056204420e+01
7.826657805631040787e+01
7.607228526354695930e+01
7.422421285427320470e+01
7.502994249497638179e+01
7.899411963679607140e+01
7.450695804683255119e+01
7.768618028273826326e+01
7.703246179652558112e+01
7.346643275606351153e+01
7.808947506102735758e+01
7.704352609410689467e+01
7.752055399553402992e+01
7.697523989458744609e+01
7.760941212172424741e+01
7.750670707706989049e+01
8.020722519264329264e+01
7.707320754658601913e+01
7.820438224165654617e+01
7.676253849040458022e+01
8.004000569011306254e+01
8.112603897352680349e+01
8.148372579968837215e+01
7.740491189114200665e+01
7.841726802321143452e+01
7.676877084097115755e+01
7.875371572126911701e+01
7.818716985965829736e+01
8.007185734733707250e+01
7.552281445773752466e+01
7.928064880987629692e+01
7.740503193416378735e+01
7.149871767235278242e+01
7.566336615877612815e+01
7.697437764962691631e+01
7.794955208799142099e+01
7.659534228139311551e+01
7.754305780913456658e+01
7.621144197451175728e+01
7.401110905255903560e+01
7.370281908330713350e+01
7.555603481127100451e+01
7.728948406198625776e+01
7.380684094750697000e+01
7.684845256801816049e+01
7.427693273979534183e+01
8.225532801488037649e+01
7.515924809974634968e+01
7.606192471225863017e+01
7.535575137544354618e+01
7.779057843423073848e+01
7.712247386529490711e+01
7.844798697987512526e+01
7.442882614083160320e+01
7.758315974015756922e+01
7.552424252085728540e+01
7.560623814892201722e+01
8.179003791786702493e+01
8.054701389544015910e+01
7.825359762512385942e+01
8.001469801999031972e+01
7.740043494788800160e+01
7.736665887751388482e+01
7.743346638074046950e+01
7.373665664342361481e+01
7.673339035326851842e+01
7.183982941794904775e+01
7.441029591982106695e+01
7.834418780503099811e+01
7.592614313716967445e+01
7.734313190690009776e+01
7.991044276756367992e+01
7.797044485281024606e+01
8.120146316820218146e+01
7.551632214751478500e+01
7.556162552408507338e+01
7.686153274101883426e+01
7.671986739141318878e+01
7.711201643279628115e+01
8.059213933088750537e+01
7.814483743749779876e+01
7.815723633178798480e+01
7.225655130028815165e+01
7.719789839558163180e+01
7.362009323094846991e+01
7.584641971933162097e+01
7.884125495686581075e+01
7.695074367080295019e+01
8.027865986060368186e+01
7.816484874770497981e+01
7.977483195919181469e+01
7.608972987025302359e+01
7.889284345749457827e+01
7.743036440226231321e+01
7.783302602012929583e+01
7.922834360130624987e+01
7.267536266016112734e+01
7.859305666780643662e+01
7.770850707101570265e+01
7.652951863260581433e+01
7.374169843047144468e+01
7.468057956682837073e+01
7.694879746931121645e+01
8.051899336939439422e+01
7.763739430713461331e+01
7.770709571740185595e+01
7.732199613825208928e+01
7.477573932729927719e+01
7.802436729102052482e+01
7.882590694558182065e+01
7.900643094096959373e+01
7.631265905906133185e+01
7.695950470154910761e+01
7.640933298282990904e+01
8.104956467064423009e+01
7.957234838439033808e+01
7.501642669794495077e+01
7.840135446370989314e+01
7.746949948432896349e+01
7.650864738290411537e+01
7.583819089443571215e+01
7.661493059402987171e+01
7.482298050233141851e+01
7.556403463128890508e+01
7.488830227152392638e+01
7.563559420613607642e+01
7.937101385525204478e+01
7.784602148351230255e+01
7.549718266818182144e+01
7.772238600922949558e+01
7.831926507894364420e+01
7.539534596855931170e+01
8.021010792355124863e+01
7.541441797206336162e+01
7.764442978074406199e+01
7.768178720245701641e+01
7.979093954056912708e+01
7.742967643319811089e+01
7.693344398474619084e+01
7.638994198509530520e+01
7.652397597609964919e+01
7.833168692496452934e+01
7.511475368064387226e+01
7.483255661726816754e+01
7.773369447266600218e+01
7.797596481365168586e+01
7.869960923690378252e+01
7.978434372236552008e+01
8.085231240495085103e+01
7.402233427521609599e+01
7.555336594917817195e+01
8.029166268023161024e+01
7.683288113257152929e+01
7.692653984548404367e+01
7.560027593393719769e+01
8.001366926550947767e+01
7.626794598462169006e+01
7.829712311360067645e+01
7.586645560580961956e+01
7.505576121975667547e+01
7.717585415902294699e+01
7.780307056900267071e+01
7.740760250493809735e+01
7.562460749806973581e+01
7.401542001653204750e+01
7.808666329858854738e+01
7.798486901424948314e+01
7.399740816804315102e+01
7.838577213120035481e+01
7.411078825203654219e+01
7.717119564441335910e+01
8.120933132053569636e+01
7.547960049377574876e+01
7.475928653714883865e+01
7.666594773681555353e+01
8.024489769273048978e+01
7.638529687077857488e+01
7.791634865004880339e+01
7.796207483738869826e+01
7.327700517272842262e+01
7.627217555237477598e+01
7.767324290424107858e+01
7.763920925378653237e+01
7.587958580904042094e+01
7.763321811232231084e+01
7.542306248417440884e+01
7.852320566967256354e+01
7.641361177211467748e+01
7.606991560016166432e+01
6.995804864557709379e+01
7.661739920476517796e+01
8.074928702388100987e+01
7.745999878519509707e+01
8.008931613970331398e+01
7.958074765132170114e+01
7.534571745661376951e+01
7.733986793792993808e+01
7.928974981340682859e+01
7.905188784080729647e+01
7.418431250789858211e+01
7.515218619350838480e+01
7.865330691789569073e+01
7.737726512108029908e+01
7.450076775145930696e+01
7.504171276688428804e+01
7.411484017166527849e+01
7.827677445906527964e+01
7.177376268215489574e+01
7.681052310109323855e+01
7.934763049707925120e+01
7.980076760333729169e+01
7.864111422016328845e+01
7.553402731024206673e+01
7.763157380080056669e+01
7.504858202586244431e+01
7.497295993586678264e+01
7.836730572299704534e+01
7.649893453941977839e+01
7.877164172602601866e+01
7.763061266594861820e+01
7.829433961980957690e+01
7.977458886802261873e+01
7.679744805785192341e+01
8.189457374098206799e+01
7.760241753105464113e+01
7.563637961968234436e+01
7.794478377800531632e+01
7.781442175502071734e+01
7.615290852897888385e+01
7.734060153536141513e+01
7.596792501971094680e+01
8.050101004765321022e+01
7.501119315063603210e+01
7.836123984997900038e+01
8.304562374789713886e+01
7.743105226437961619e+01
8.112992819145550527e+01
7.788168001646194227e+01
7.738198923967537723e+01
7.728144272741521092e+01
7.403012622307815604e+01
7.817857058649464363e+01
8.049428964925481012e+01
7.889479322906692005e+01
7.404109876002411283e+01
7.791445184570262938e+01
7.517498660486390349e+01
7.713733062552512365e+01
7.602550513446057323e+01
7.491574408735880297e+01
7.858112936638127621e+01
7.877396793089006621e+01
7.627642655906630864e+01
7.842818622640169224e+01
7.529563589439393922e+01
7.899646732423870787e+01
7.718720890081732477e+01
7.542615439276657696e+01
7.803797263325346023e+01
7.634362362094785226e+01
7.872828674089844014e+01
7.565563570776807012e+01
8.212091323476897742e+01
7.412834608727366970e+01
7.817534454418847645e+01
7.897065572644488896e+01
7.895503157855242193e+01
7.741324939835820373e+01
7.934016567820594901e+01
7.701203715977702302e+01
7.451930806757526682e+01
7.694644257357713002e+01
7.657965697401044736e+01
7.836450269996412032e+01
7.895941316389485110e+01
7.752608920698868644e+01
7.727679112395328787e+01
7.480704953301727755e+01
7.698106539109498669e+01
7.892223326922400872e+01
7.502659806020645306e+01
7.753506918430419148e+01
7.518252966635914447e+01
7.494733852127865248e+01
7.954492440721712398e+01
7.577714927883513951e+01
7.278892419519182511e+01
8.143102328691794867e+01
7.680315075173562889e+01
7.546870475050171478e+01
7.665847793274608080e+01
7.543391060792481539e+01
7.562688258339011327e+01
7.949410945236645887e+01
8.023937983692435694e+01
7.880634558612048579e+01
7.970197895283796186e+01
7.397711659593718991e+01
8.026052286302349614e+01
7.613746970696757899e+01
8.045844581126671358e+01
7.873777931618209891e+01
7.971354958706088212e+01
7.458646004853086708e+01
7.940637409643355227e+01
7.381099973168203121e+01
7.808348980212586810e+01
7.663052163525038907e+01
7.791352334341718233e+01
7.521852556446278015e+01
7.628951990004721040e+01
7.876726167877018270e+01
7.593640766647313001e+01
8.139716352449943315e+01
7.733840258326495132e+01
8.054908653811101260e+01
7.571864018247720196e+01
7.575618878660993971e+01
7.513509938963289869e+01
7.748093888422734210e+01
7.552719060539118345e+01
7.998454353948679341e+01
7.412105358681561995e+01
7.548614904071501996e+01
7.492278002763008260e+01
7.328986310828179285e+01
7.865872396188770210e+01
7.848399237467276635e+01
7.378179548828816792e+01
7.721997569423206187e+01
7.658444436025422419e+01
7.896870257775907476e+01
7.885886166381730789e+01
7.765267287119598905e+01
7.875354040561099112e+01
7.361432516159187855e+01
7.584527835255732953e+01
7.495332667450671238e+01
7.541865669790368543e+01
7.784687743046748665e+01
7.372221069846594332e+01
7.623837399660705216e+01
7.671866724628168299e+01
8.020859299771242945e+01
7.635862879714335349e+01
7.764484446064321332e+01
7.658280472725343202e+01
7.371815413719458832e+01
7.534403533636974259e+01
7.739731441358080133e+01
7.887583563432615108e+01
7.737572228111719141e+01
7.990567389379887686e+01
8.023379958741452356e+01
7.766790254013289996e+01
7.707994501106747975e+01
7.847580596373282447e+01
7.762562259625646277e+01
7.996702136314081599e+01
7.566144563757140418e+01
7.567271239040057651e+01
7.423658176757662375e+01
7.766968794863269920e+01
7.769297514671029603e+01
