8.069341191242156697e+01
8.160464164084423544e+01
8.110381226636320662e+01
8.385171681387147657e+01
7.538436793498935629e+01
8.050929405976370390e+01
7.970943058055250674e+01
8.366984412543166627e+01
8.177733935361017359e+01
7.857549506725091248e+01
7.990414165558159709e+01
8.278376447587517362e+01
8.386365166580698371e+01
7.970601508094789267e+01
8.211567204140791887e+01
8.390894771694513565e+01
8.509639106358410743e+01
7.929554299747319135e+01
8.254357438786492196e+01
8.040054715284128406e+01
7.885303178729829199e+01
8.373428092022356850e+01
7.971135491351239466e+01
7.552007806239073773e+01
8.478522728866002467e+01
7.846762829395024141e+01
8.005099256084635329e+01
7.937516283210891288e+01
7.943617844505426717e+01
8.235065516585208911e+01
8.544337451170338227e+01
8.056713212993399509e+01
8.231080039274250737e+01
8.396986740138021332e+01
7.957523198430500599e+01
8.008668211900094036e+01
8.327986027685268766e+01
8.153165165658526803e+01
8.199941430162618872e+01
7.898197094177135114e+01
8.056479065621168445e+01
8.172283038415646672e+01
8.323113509713033409e+01
8.288430612525142749e+01
8.282093626776200779e+01
8.238422166483186970e+01
7.752677714022443922e+01
8.060227846583602229e+01
8.007076395346895481e+01
8.493913754324168508e+01
8.083096802471084175e+01
8.030845775313909485e+01
7.972357276515938906e+01
8.055527369386230419e+01
8.217930241533183278e+01
8.413940751413154828e+01
8.197861204887051656e+01
7.994522784974516583e+01
8.261036174532647181e+01
8.283558191664569392e+01
8.089698341453852493e+01
8.504321092311273844e+01
8.314291708371480638e+01
8.282074873564657480e+01
8.359651477924184348e+01
8.024862334947319198e+01
8.276225099665320784e+01
7.998742171302220072e+01
8.040765631816732650e+01
8.276362792683296732e+01
8.005930409089252464e+01
8.021656390209278698e+01
8.259083712804458344e+01
7.952693023160733787e+01
8.021410355014370452e+01
7.956663049998576298e+01
8.091632824078308772e+01
7.932119171411476088e+01
8.298572902504457716e+01
8.187653010290235045e+01
7.826899207381198664e+01
7.790202049747030344e+01
8.015926786670652859e+01
8.179255673543300986e+01
8.035828994589799379e+01
7.597604859575129410e+01
8.240567071453385495e+01
7.763897583578076933e+01
8.153330821508869519e+01
8.140087660930191760e+01
8.108243381648490811e+01
8.635218198099281040e+01
8.182132374498195304e+01
8.024466002358921912e+01
8.060934788921078109e+01
8.082760094116953553e+01
8.264581792594191256e+01
7.925752891360978936e+01
7.936698032766817335e+01
8.176853773667029657e+01
8.273352600021387104e+01
8.123681911854932025e+01
8.422931213574116782e+01
7.940921461821950800e+01
7.848156291180332289e+01
8.236322024424485733e+01
8.093178168097067271e+01
7.914452377318418996e+01
8.184607334744016782e+01
7.948742065703291360e+01
8.164330822752170036e+01
8.267534584750094950e+01
7.925611486896742974e+01
8.029300225353910037e+01
8.057592922966345839e+01
7.890396877560361588e+01
8.026430302356162372e+01
7.754930235641785430e+01
8.376898965658247675e+01
8.232025558440030011e+01
7.873267256892481214e+01
8.025044184308015360e+01
8.250905460298545790e+01
8.106607984455645521e+01
8.079385948896059233e+01
8.070665291100445415e+01
8.115168170880659204e+01
7.898170928265973600e+01
7.957365678914842988e+01
8.014224317937477338e+01
8.039483492599826775e+01
7.835855420382549141e+01
8.287103203841870425e+01
8.358767868535154832e+01
7.908318121282273694e+01
8.242190768146998892e+01
8.302677970184521428e+01
8.139963224436510814e+01
8.202130081001025985e+01
8.140969711909617956e+01
8.252860627744271937e+01
8.570256487156967751e+01
8.143937610869052435e+01
8.141324550839314611e+01
8.232306088422438961e+01
8.290982549715286609e+01
8.347046134071619861e+01
8.374986543338850709e+01
8.105733243949686084e+01
8.243444195773508909e+01
7.895879804359432796e+01
8.169896726004796506e+01
8.276694447819076572e+01
8.224884090425588568e+01
8.360030248232189365e+01
8.046003907831588720e+01
7.861789111473564162e+01
8.216474765746285414e+01
7.647319787044018824e+01
8.187514386016233914e+01
8.196453864656506028e+01
7.871676441481579900e+01
7.998757103154643744e+01
8.113386788476749700e+01
8.254547291242643325e+01
8.148364218513572155e+01
8.049054879278334340e+01
8.003430592060777826e+01
7.846823684174056268e+01
8.057717141019776363e+01
7.925887910493655397e+01
8.239368523841265812e+01
7.997964427785140629e+01
7.939670402847131925e+01
7.810844215766813647e+01
8.129402394959494416e+01
8.077209839210887310e+01
8.311671867566244032e+01
8.289868564573747278e+01
8.176906109952365398e+01
8.378414353180644980e+01
8.036009941740235263e+01
7.855784289351113614e+01
7.970243473487010988e+01
8.182776536323410710e+01
8.038643877891881573e+01
8.202083029322560037e+01
8.195132204415152444e+01
8.419673288662400523e+01
8.192237663304689477e+01
8.060200828366079406e+01
8.337545036226892137e+01
7.751694112679300019e+01
8.212605958034326648e+01
7.939410317113244275e+01
7.799134008597283696e+01
8.180559827017837904e+01
7.956186071321155850e+01
8.206632148585624975e+01
7.696978681997839544e+01
8.311746234122499288e+01
8.346716488055997729e+01
7.915064382328942827e+01
7.821406137676603976e+01
8.043710323426506648e+01
8.208858623354871042e+01
8.128084627320427558e+01
8.318653913866219796e+01
8.092756974470694331e+01
8.183988706861828177e+01
8.293555965754056558e+01
8.361740825476516648e+01
8.338091815226819392e+01
8.021482435433719616e+01
8.077188368198910950e+01
8.141211431863821701e+01
8.219775408121148530e+01
8.115602797753896880e+01
8.053763818559781384e+01
8.084647533924555773e+01
7.770831703001728386e+01
7.859417117790461305e+01
8.219705526648057514e+01
7.528433935255203835e+01
7.851260171692877066e+01
7.953232753415501577e+01
8.120016609601012192e+01
8.136275449238945612e+01
7.777002319639936445e+01
8.172573664176208297e+01
8.131484566138371406e+01
8.256241500384349763e+01
8.242559207834557355e+01
8.179974601089962505e+01
7.945512038578540626e+01
7.962175694544572480e+01
8.301142655015055993e+01
8.035432539298294330e+01
8.071502892965672515e+01
7.938278637030362006e+01
8.513864311909485139e+01
8.038807753529845002e+01
7.950853053114349223e+01
7.923333181776754941e+01
8.206246374397920818e+01
7.779640732530239688e+01
8.070264155883137391e+01
8.105264124332697406e+01
8.313866662418509179e+01
8.486542428508417402e+01
8.285507071571601045e+01
8.253284387264194777e+01
8.290431221520032068e+01
8.003070265418141105e+01
8.187620752205209840e+01
7.996396351184520768e+01
8.199006491817945630e+01
8.182812849284641743e+01
8.092080357749348707e+01
8.066522244231207139e+01
8.124302508784968779e+01
8.207039831764930682e+01
8.064643958667275569e+01
8.025789248953095978e+01
8.158111820549571291e+01
8.255467958258671501e+01
8.301985016648291094e+01
7.864543976034549644e+01
8.088416248018779697e+01
7.987138155809147122e+01
8.009285294987012094e+01
8.284380621910287346e+01
7.898352220154751535e+01
8.073983569010545125e+01
7.802295518160718757e+01
8.263229278256697796e+01
8.167373401193370341e+01
8.086625950716729960e+01
8.296935507953816114e+01
7.890072186942731491e+01
8.198453779970984101e+01
7.905167294374194853e+01
8.283302105403443250e+01
8.216408759976594922e+01
7.695017678923002791e+01
7.966160478506709808e+01
8.172675472286221066e+01
8.047387482829847727e+01
8.185325060448738554e+01
8.419854281429869047e+01
8.261072029811916195e+01
8.041513869041101259e+01
8.101941325822804174e+01
8.324295877984104663e+01
8.170467557471552311e+01
8.108174117036885775e+01
8.116706110444567912e+01
7.908845236669412770e+01
7.954975954856477927e+01
8.038719281784558746e+01
7.807910496664325706e+01
8.427071433440927706e+01
7.954455972494102411e+01
7.844663874043025942e+01
8.372932575444920644e+01
7.866097609433062132e+01
7.970884524368513269e+01
8.129361905358548768e+01
8.472013324146659841e+01
8.190515040805665592e+01
8.151708094612064315e+01
7.699945614813604777e+01
8.084282294251038081e+01
8.377213158619525757e+01
7.873110839752392565e+01
8.002823183124557715e+01
8.737663468011538725e+01
8.124203086708713784e+01
8.257689606673382343e+01
7.754531556711096130e+01
8.021367033908363453e+01
8.230319195145584388e+01
8.274328236589025209e+01
8.363652784575569399e+01
8.240191979736798089e+01
8.236789291214712705e+01
8.048895761203965549e+01
7.931339443018090662e+01
7.937955687431286833e+01
8.224562207822822302e+01
7.930209791169031064e+01
7.919203947951579892e+01
8.383051752417091507e+01
8.505174270772150180e+01
8.166266865199501979e+01
7.999200469035255878e+01
8.090859567530013408e+01
7.941522349853637763e+01
8.357469967450462889e+01
8.089213715181664099e+01
8.133623194597490169e+01
8.094547908441852258e+01
8.006543628902197440e+01
7.808381187691371395e+01
7.954554282049696212e+01
8.242309090628977231e+01
8.009321773158332292e+01
8.317619244877263895e+01
8.020865579876459606e+01
7.991591094671132112e+01
7.874231598024809387e+01
8.348051416271911762e+01
8.266184328976038387e+01
7.917681208893594658e+01
7.916235605144329668e+01
7.919271724396389800e+01
8.064056557640640222e+01
7.798909462871776554e+01
8.199938974629482402e+01
7.959251181442719769e+01
8.229114662359120302e+01
8.140276335677432940e+01
7.932661966429556344e+01
8.145915596272158155e+01
7.923542995333585282e+01
8.394841678601738977e+01
8.375006525765309107e+01
7.791505071188525733e+01
8.067508102268189418e+01
7.670023905498932493e+01
8.030625680447410275e+01
8.179601753106770445e+01
7.850528264852643190e+01
7.993722148833958840e+01
8.064021999154785192e+01
8.019401171453634447e+01
7.780757198827826926e+01
8.456713594585363580e+01
8.084727402885519609e+01
7.960606230734089195e+01
7.838978331348739914e+01
7.900030212422441878e+01
8.172450492540023959e+01
8.319152140160170461e+01
7.799384037883022813e+01
8.140471330161645369e+01
8.351284773003547457e+01
8.011155227625096131e+01
7.920658594811726516e+01
8.345633201999162054e+01
8.228054009173139605e+01
8.230897227848880959e+01
8.069277223302992752e+01
8.111262067916626961e+01
7.819584841047058887e+01
8.262700444771904529e+01
7.834087581748998730e+01
8.029104158984436879e+01
8.067954278599775364e+01
8.224092468641055120e+01
7.943257719704581632e+01
8.254002670714599788e+01
8.178280371140462535e+01
8.033357133375959336e+01
8.539072122342599869e+01
8.018689986095924382e+01
8.172752800316958144e+01
7.759396191354153416e+01
8.104170900141647849e+01
8.237278093592655637e+01
7.981198896958818523e+01
7.946450136722025093e+01
8.178427928621226783e+01
7.996461057244434301e+01
8.435381377950898241e+01
8.162590689398312804e+01
7.939113910006483366e+01
7.832707655842366989e+01
7.820235806843112414e+01
7.940302130623491905e+01
7.744228846032163460e+01
8.152951036994198830e+01
8.254069309243581642e+01
8.122911675106493590e+01
7.802601820381319442e+01
8.013848781898803963e+01
8.050958036683054786e+01
8.563818915453653347e+01
8.221166278831624652e+01
7.968728670479383425e+01
8.296942529728094939e+01
8.220569474279014344e+01
8.428789737841142937e+01
7.830977001343018173e+01
8.203701350391867209e+01
8.005976513918064086e+01
8.095687674247638199e+01
8.399453940684074382e+01
8.389395918416548170e+01
8.141478191868640124e+01
8.324592006811428746e+01
8.607926996954999765e+01
8.120115649080860010e+01
8.259694375206724715e+01
7.694158380023699806e+01
8.017713196704094969e+01
8.255408480212041411e+01
8.231964563911230925e+01
8.086495740365003826e+01
8.282987118847448471e+01
8.431015778916838599e+01
8.258352889329871971e+01
7.964161918818597030e+01
8.206008507376891714e+01
7.992284783309915497e+01
8.335906250587437682e+01
7.993127293299029645e+01
8.278100895527425962e+01
8.347342427414868382e+01
8.239012399020101896e+01
8.245248552600048697e+01
8.161678413685430655e+01
8.044161555773816019e+01
8.114726292081032000e+01
7.545269202514479900e+01
8.053085781584439928e+01
7.986718470805816139e+01
8.030580822295679866e+01
7.926912183635175779e+01
8.257636189595787357e+01
7.856466727039064324e+01
8.225523996908934521e+01
8.002114842086335500e+01
8.257820212904871937e+01
8.146245151650519745e+01
8.191201253594661580e+01
8.000309396889582558e+01
8.005147935366440493e+01
8.275018235035462055e+01
7.965909844901818815e+01
7.942437427546887818e+01
8.418374663929202484e+01
8.417129270167400534e+01
8.191884611765746627e+01
8.329333714163375646e+01
8.246643775002941368e+01
7.898499466334202168e+01
8.155954401885882987e+01
7.986608918242804123e+01
8.395651720792196215e+01
7.733005784502418578e+01
7.997071768212545351e+01
8.506808511656778649e+01
7.812925535754482098e+01
7.998895788073933488e+01
7.808220145101621767e+01
8.055741365643463325e+01
7.716154063818336795e+01
8.233783743673612321e+01
7.887880233157679299e+01
8.194285577229973683e+01
8.222077640139040966e+01
8.120163246821398673e+01
8.069364500002686214e+01
8.280199899970291710e+01
7.782471878349545591e+01
8.086973652078367536e+01
8.397424100436680305e+01
8.417285610553486208e+01
8.370713667424001869e+01
8.250796130785013816e+01
7.988983954133539100e+01
8.098555956841381942e+01
7.899885631371851957e+01
8.112424989240695083e+01
8.187709419064188410e+01
7.965514886898864688e+01
8.276478781487782044e+01
8.142312156018459746e+01
8.234515645569098297e+01
7.861996795965505669e+01
8.298028858696149257e+01
8.253936618490038768e+01
8.074042513981484603e+01
8.171580170296863344e+01
8.090130035894691218e+01
8.174529677076377254e+01
7.954884041779855863e+01
7.797209300731080361e+01
8.539927999222865651e+01
8.212599027171037847e+01
8.279099923021692575e+01
7.986596311909137569e+01
8.035808930765011837e+01
8.515756632652859537e+01
8.127620987763329197e+01
8.389860402003971274e+01
7.890349598929284980e+01
7.902263266448790091e+01
8.110131881080171468e+01
8.274136740353947062e+01
8.335682628625190205e+01
8.215203574799936348e+01
8.167464399237580608e+01
8.191194362148029029e+01
8.325251109034489616e+01
8.033348826738274795e+01
7.952647508948219013e+01
8.278044932792539612e+01
7.881739044396354643e+01
7.912158356581925034e+01
7.921538913030772733e+01
8.487587815616879539e+01
7.836500315275218043e+01
8.370451490408130724e+01
7.946486715744825347e+01
8.231370099411446972e+01
8.329500218913263154e+01
8.125376943167604793e+01
8.379775103085140131e+01
8.462145250362270588e+01
8.088937746027046671e+01
8.487277609978427506e+01
8.255632067080145475e+01
7.949675632831041128e+01
7.924922304476197610e+01
8.152490713181751403e+01
8.094200880810920751e+01
7.942174390550025009e+01
7.934133937798577563e+01
8.206291335381081353e+01
8.017161272306373121e+01
8.139676646307802343e+01
8.109463554114785211e+01
8.385878274349205697e+01
8.291020520012340000e+01
8.190266509265396166e+01
7.908441657888937470e+01
8.268258896583749618e+01
7.942855931956545135e+01
8.160412194359331295e+01
8.297848934668212451e+01
7.536881484296091571e+01
7.905935909937153383e+01
8.197200407551969192e+01
8.234294863028321743e+01
7.902626787994235258e+01
8.059874782960565653e+01
7.844202783745481611e+01
8.318170357246933122e+01
8.354180653037110460e+01
7.884547428973853300e+01
8.102145584167010384e+01
8.211925721482258211e+01
7.949932564253813894e+01
8.039183775453825831e+01
8.126473089718112419e+01
8.027782923849561314e+01
8.386996107597231287e+01
8.045120410495816543e+01
8.126602478689743236e+01
7.786840958746137176e+01
8.239315421480068835e+01
8.184193872004657067e+01
8.259124263795020227e+01
8.248720985868484945e+01
8.405470210367225548e+01
7.899801239924137519e+01
8.096109237156184690e+01
8.219580060964702284e+01
8.392172335632977820e+01
8.394747368633746021e+01
7.990282191970077008e+01
8.597749680524547955e+01
8.372525923866504627e+01
8.301273030675513098e+01
8.082959661542005847e+01
8.238525407791935606e+01
8.358850286287537301e+01
8.438723598714697971e+01
8.760720389423016741e+01
8.156531546289149048e+01
8.356866589630134001e+01
8.237263085429324860e+01
8.102905118686680908e+01
8.129050521989211120e+01
8.205989892817507325e+01
8.249943343317444544e+01
8.259989533032224074e+01
7.929606709669765507e+01
7.932121215701926076e+01
7.940539671101397801e+01
8.150805254500592412e+01
8.306842311808664192e+01
8.293311640618152580e+01
8.250620762335918812e+01
8.246892466252758425e+01
7.836172322692870296e+01
8.266372507223287869e+01
7.940701611821887695e+01
7.946078542351813212e+01
8.257526743438018002e+01
8.616728149772808365e+01
8.231524448180799425e+01
8.198210947657459258e+01
8.055568518165863168e+01
8.214749294470296093e+01
8.075112189865676271e+01
8.260796738484259549e+01
8.032252093541042370e+01
8.127048856587119019e+01
8.238071314499930509e+01
7.713521785281803034e+01
8.417837262737882043e+01
8.610764357697541982e+01
8.232906797908688645e+01
8.582826256309201085e+01
8.171816472067813208e+01
7.906658143077765999e+01
8.150757218619020250e+01
7.948047910736825372e+01
8.098706852702109416e+01
8.356185088444068754e+01
8.177597688217792893e+01
7.823402139838370317e+01
8.114333262358798038e+01
8.240881713152712962e+01
8.150590764461577464e+01
8.231348999609670614e+01
7.963013999629377793e+01
8.451506620953539084e+01
8.159022029688063071e+01
8.486077514582432002e+01
7.980057623308458403e+01
8.569360035539278897e+01
8.027748595272754528e+01
8.049653953450876998e+01
8.242277804300222499e+01
8.365265556351496912e+01
8.241563384087397992e+01
8.019504140674571602e+01
8.036890261043531325e+01
8.408512881235245118e+01
8.162205989389062211e+01
7.941887161598704381e+01
8.126145527273877178e+01
8.221214976801607577e+01
8.304126071086982108e+01
8.035443325901448475e+01
8.140888975216341805e+01
8.308594792271333063e+01
8.204599384973630549e+01
7.876542602105659796e+01
8.075710453206274053e+01
8.161474928171725196e+01
8.033071789112145211e+01
8.161225425141917356e+01
8.107866870210771992e+01
8.056495388303845573e+01
8.316939604817912368e+01
8.068932489536523178e+01
8.317142801605155000e+01
8.302241591790456710e+01
7.690293754453222164e+01
7.814273433417984904e+01
7.989988758209891273e+01
7.917700645510834079e+01
7.976155362931577031e+01
8.193052751494914787e+01
8.251802659132667372e+01
7.920422308236679498e+01
8.298929436843094720e+01
8.371653176660299778e+01
8.024495181095801399e+01
8.316494883097186630e+01
8.109605320495877834e+01
8.245431305416899193e+01
8.076958562343415338e+01
8.488765356192162415e+01
8.249146612935767564e+01
8.229292914065572973e+01
7.828192293584108086e+01
8.003593741274259799e+01
7.877266585489755357e+01
8.205534430516578936e+01
8.039146688709790567e+01
8.165369428952266162e+01
8.429885096665789490e+01
8.096027956215263544e+01
8.336494850838464288e+01
8.138604955370895766e+01
8.091461757990371950e+01
8.077626359682449220e+01
8.137047204633364572e+01
8.048775378808313974e+01
8.515997823753694718e+01
7.985605304705032381e+01
8.276676328875711874e+01
7.815478886131073466e+01
8.638742063858383347e+01
8.100496174222668344e+01
8.235202906337094930e+01
7.987513490430582408e+01
8.408677664312547506e+01
7.933503819892372633e+01
8.111226696885324827e+01
8.383587448971333345e+01
7.666000471931496918e+01
8.035237705708816236e+01
8.333493149225631669e+01
8.026758742386152790e+01
7.884727354852093129e+01
7.824878232325558258e+01
7.995509859584561241e+01
8.060443601848011497e+01
8.368893607169684401e+01
7.857849510927084680e+01
8.450487509848238687e+01
8.519176965739309537e+01
7.765052993570782291e+01
7.965142580768072378e+01
8.364326472710793325e+01
8.014849835980319881e+01
8.045157603534801183e+01
8.225044216044450707e+01
8.298867069769849536e+01
8.611941390811247743e+01
8.191139900255616624e+01
7.876469108062377700e+01
8.148486976202444509e+01
8.240975864801390571e+01
7.993157493958642590e+01
8.203188486086500575e+01
8.207526021903092328e+01
7.955213979105580790e+01
7.844533755571364964e+01
8.012192576557127666e+01
8.241381588987901807e+01
8.116859361967087239e+01
7.856584091091687583e+01
8.222297967326494472e+01
8.083278309097174485e+01
8.192421020154574762e+01
8.271483087937791367e+01
8.019725300250458133e+01
8.197300200962997963e+01
8.250865424241364110e+01
8.019654581938048921e+01
7.942142905869155811e+01
7.806310466040969231e+01
8.574475219076921917e+01
8.371630772874206627e+01
8.031438697807057281e+01
8.176228947130331903e+01
8.145056674586335532e+01
8.102518007102065667e+01
8.234043034663861249e+01
8.284006366961790491e+01
8.334916450166127788e+01
8.338208911504845844e+01
8.005391553308314201e+01
8.204094288595071305e+01
8.269599838249455104e+01
8.355634992092038260e+01
8.068340978545379016e+01
7.892758486967325382e+01
7.847547164732621638e+01
7.809113971397272280e+01
8.192984935085134168e+01
8.167821409718733605e+01
7.962053499748923002e+01
8.202216359070189355e+01
7.944959825726058966e+01
8.517518845406466710e+01
8.468340459309578705e+01
8.244905380975164633e+01
8.533619725774138942e+01
8.512384649656604552e+01
8.433823966723163323e+01
8.048442168416413267e+01
8.089551947247726105e+01
8.222249642679217629e+01
8.004737767794846093e+01
8.134997693953916098e+01
8.151624007971233254e+01
8.281425316480114418e+01
7.840769385358895249e+01
8.119174427201998867e+01
7.823582434305320987e+01
8.088074248364884511e+01
8.267509780984427437e+01
8.148891875677868768e+01
8.312077689994485752e+01
8.223455698225832577e+01
8.024315700654057082e+01
8.173675881376048835e+01
8.361554739124903790e+01
7.702174127789064073e+01
7.642599355104043468e+01
8.393504677108440148e+01
7.861610211517563584e+01
8.003449538612493086e+01
8.028079784356604875e+01
8.388584094494954968e+01
8.296902590714076098e+01
8.488857926961671296e+01
8.030373009224214798e+01
8.119059142786635164e+01
8.325962611119146572e+01
7.678352658059712610e+01
8.037087296111214130e+01
7.794621019927214434e+01
8.166250244296600158e+01
8.105936929621668696e+01
8.098103929249033683e+01
8.243779969354268644e+01
8.308210293775114508e+01
8.188796778393606246e+01
7.989005101918883156e+01
8.497651547506380609e+01
8.177297046846420869e+01
8.178791626400393966e+01
7.894339648920369257e+01
8.406613683431194772e+01
8.240695450788679466e+01
7.788677815401203475e+01
8.161501305582036991e+01
8.051676749603271332e+01
7.858127943186838138e+01
7.960392604774706626e+01
8.096112714963496160e+01
8.123042461106466305e+01
7.965639492794552723e+01
8.412348988473081590e+01
8.056934977462134384e+01
8.155099317701117911e+01
8.032168112333444299e+01
8.051734039558360223e+01
8.223811408168546677e+01
8.475523638498758316e+01
8.441075875089246949e+01
8.252758536806479128e+01
8.483743027664711178e+01
8.252811337670965486e+01
7.956176505173941393e+01
8.047910269406507666e+01
8.136937480009626711e+01
8.042169383758027834e+01
7.891630861203697123e+01
7.963958824804645076e+01
8.124254514423670059e+01
8.183028112574548629e+01
8.071803303944018637e+01
8.490202171153838151e+01
8.118693613878116366e+01
8.223816629786023213e+01
8.116229157023913388e+01
8.141492391434171338e+01
8.444260209507278603e+01
7.975555157253266714e+01
8.273875081349805782e+01
8.187909512798057676e+01
7.800232744305503729e+01
8.297436392029806029e+01
7.969315205083528042e+01
8.176610694682189262e+01
8.302665319539187294e+01
8.071262811445036789e+01
8.038086099198808654e+01
8.016119502111244799e+01
8.258011759358805648e+01
7.826765195289434018e+01
8.055451323740074088e+01
8.140320569741619749e+01
8.316551501789277268e+01
8.171097019224293945e+01
8.591442312360597100e+01
7.937902613712431332e+01
8.051841238532037437e+01
7.871963635910832124e+01
7.816090346547572665e+01
8.042545004598531477e+01
7.655712872735719543e+01
7.924170049760661527e+01
7.859297030660276562e+01
7.937225485462509766e+01
8.017871533477607215e+01
8.120059531735530811e+01
8.122489253027499956e+01
7.876072654081116298e+01
7.840285724754130570e+01
8.168511175148330494e+01
7.900354701409483482e+01
8.102804610952181008e+01
8.329046602734022997e+01
8.162160931397288266e+01
8.187899064270965255e+01
8.127928540872177621e+01
8.346939712858332427e+01
8.056631169312341001e+01
8.086067455855804553e+01
8.082836440414634183e+01
8.021201894639041541e+01
7.922523896255702880e+01
7.788467972535839579e+01
8.105574887531859929e+01
8.069958180963540428e+01
8.247136992172538328e+01
7.811583356101677111e+01
8.010263528314649761e+01
8.121673347546759203e+01
7.886640845156856017e+01
7.820911420826017491e+01
8.330772143175765621e+01
8.336764300073315326e+01
8.271929319631837529e+01
8.431694539431461521e+01
7.953066055227068887e+01
8.172259584666893772e+01
7.868224749037617016e+01
8.236699936218900575e+01
8.237478831699962711e+01
7.901696593162704119e+01
8.086419888071544904e+01
7.787881164528835143e+01
7.867776285271351355e+01
8.378287353395589321e+01
7.964397603174148799e+01
8.081136247137560247e+01
8.149523543895116973e+01
7.882772943054466452e+01
7.929743531457728523e+01
8.047119625098545725e+01
7.827739668035317777e+01
7.973251432133727690e+01
8.273957869396325293e+01
8.034227376366879980e+01
8.392565640912241065e+01
8.238194547858108763e+01
8.253698888498924191e+01
8.055195413469749610e+01
8.266260277345662644e+01
8.301064566600150840e+01
8.273100186636084175e+01
7.949770864592676389e+01
7.707731044822884314e+01
8.043564086019736692e+01
8.102271580614689128e+01
7.874012706441938292e+01
8.222812063714573583e+01
8.259305873294712796e+01
8.063794357832928483e+01
8.233915879135332716e+01
8.155825902053246068e+01
8.087886776840962000e+01
8.204161439742232176e+01
8.012327137403765676e+01
8.188524946038795349e+01
8.146708514388855349e+01
8.111204410629494532e+01
