1.079379444104791617e+02
1.071341004654925797e+02
1.085002910339422186e+02
1.077230326461286580e+02
1.068004050110962595e+02
1.088836071446532259e+02
1.090022338733061247e+02
1.076243172489199083e+02
1.084500398265194292e+02
1.077690984571371331e+02
1.052962902323897652e+02
1.080299621173129054e+02
1.066410011366710506e+02
1.076218713889458769e+02
1.066825211664633031e+02
1.103074780348591730e+02
1.082653248852890897e+02
1.068575105430175114e+02
1.083804168921977293e+02
1.098031944504779176e+02
1.084457321266286840e+02
1.091462498634659255e+02
1.069692972609998520e+02
1.090184794688980929e+02
1.083468214362426494e+02
1.066644508652583170e+02
1.047043158965866070e+02
1.080488654472856354e+02
1.100203225185175171e+02
1.052164798389347737e+02
1.048709040920722373e+02
1.069824988069294704e+02
1.087055729286518471e+02
1.086774327955128854e+02
1.091875783866879885e+02
1.115815837715386749e+02
1.097134444887380909e+02
1.074188806986869480e+02
1.071960198151988237e+02
1.074719370497836195e+02
1.084979885093748067e+02
1.091471316493630468e+02
1.073632713520855191e+02
1.091861993713851007e+02
1.052518176012098792e+02
1.086015408048411075e+02
1.057746718941456550e+02
1.075472622562583638e+02
1.067692194083963386e+02
1.070525981371772275e+02
1.079385536541258119e+02
1.081905557273023391e+02
1.102204116848162556e+02
1.073628222820456415e+02
1.082113000684900896e+02
1.086900829108026585e+02
1.066988528580397571e+02
1.084337502520774734e+02
1.072578649642686486e+02
1.073443230630595906e+02
1.080324422819216181e+02
1.053381989284725506e+02
1.063932406432567603e+02
1.078518882040136049e+02
1.082329370737738259e+02
1.075392729181784262e+02
1.067868139785025932e+02
1.052930193011506361e+02
1.075830635079720707e+02
1.070722699834472991e+02
1.082355905112662242e+02
1.058318210072311985e+02
1.071236218027710549e+02
1.063658883038995242e+02
1.082765660246552528e+02
1.078311534904197799e+02
1.073065628321517408e+02
1.051039666386996316e+02
1.076225743494639175e+02
1.082326851333307616e+02
1.068146172041195854e+02
1.082729252037845811e+02
1.074608705244685325e+02
1.058196546233049418e+02
1.074473828538195477e+02
1.080313315987452114e+02
1.083794803201432870e+02
1.071831443305451046e+02
1.083207252122717108e+02
1.089676364817879204e+02
1.096438715605487886e+02
1.091163803779998887e+02
1.064842386086274786e+02
1.113584104482588941e+02
1.060971806402769033e+02
1.088800643645983683e+02
1.079207739620008795e+02
1.092174366594360606e+02
1.088723825185121115e+02
1.100911038127222241e+02
1.059976328826181060e+02
1.054203360697764253e+02
1.095016275137734141e+02
1.066018266543259330e+02
1.068524595876753267e+02
1.077575944957120271e+02
1.077069491724766408e+02
1.092247214100321173e+02
1.069624857576561254e+02
1.086762389435045293e+02
1.082455895518931470e+02
1.073246450907531369e+02
1.078908812305888318e+02
1.088865900655989805e+02
1.051890614326473781e+02
1.061134275350881353e+02
1.073520214289797394e+02
1.051033589804725636e+02
1.060709095922870375e+02
1.082712447427637841e+02
1.097783777649145662e+02
1.056075521259105443e+02
1.092810976590312038e+02
1.102806134430402381e+02
1.081754915573087743e+02
1.061774860868230093e+02
1.059605260697475728e+02
1.083290519768616349e+02
1.090820873085312002e+02
1.077123974546144325e+02
1.069101140006224000e+02
1.068156321854467166e+02
1.064137094821467855e+02
1.054699440725181034e+02
1.110170061153709042e+02
1.070749474780363215e+02
1.074015622588167531e+02
1.074685845452248856e+02
1.081560328113866234e+02
1.065063847265444110e+02
1.075242669651804732e+02
1.077599282244679415e+02
1.070199706133702193e+02
1.095843458044255243e+02
1.070027620708175817e+02
1.069598169792458862e+02
1.057483463550434521e+02
1.086001684551821995e+02
1.089896845148826401e+02
1.078166927420069072e+02
1.073606211211087356e+02
1.064432070823218623e+02
1.075731421003538486e+02
1.065373829186915486e+02
1.073753601292080901e+02
1.065907147301439153e+02
1.059971386694321893e+02
1.074632845975257140e+02
1.088968441920530523e+02
1.070007035205476313e+02
1.110935792312589712e+02
1.093342158111661604e+02
1.082706212721320895e+02
1.042486961248733053e+02
1.072361665790959933e+02
1.088596329446299080e+02
1.043825024475271732e+02
1.102441919477933254e+02
1.059816170971654827e+02
1.070615108562793694e+02
1.076178151403800882e+02
1.114101790552335842e+02
1.059592696064910200e+02
1.077367890471113867e+02
1.065661751304123470e+02
1.075113347276875118e+02
1.070201450197660904e+02
1.069545394905744047e+02
1.044907682125796526e+02
1.074561110662812240e+02
1.090287466420673894e+02
1.120074605383772308e+02
1.064475675719930052e+02
1.078428088734386421e+02
1.076197620626501958e+02
1.063564282886898837e+02
1.074732605208663898e+02
1.084492426223255421e+02
1.059664285782485251e+02
1.080263352045787570e+02
1.079881559121693613e+02
1.087220942523395024e+02
1.067954085278955745e+02
1.066483029789357033e+02
1.063177454846187828e+02
1.086420337896687585e+02
1.086783816847550526e+02
1.068824582269497938e+02
1.059004129426995036e+02
1.082688713279511887e+02
1.086057535790669561e+02
1.094087755703800724e+02
1.061827365218871648e+02
1.075488052212854200e+02
1.072741276433602025e+02
1.056486952689514709e+02
1.073492753844135024e+02
1.076620766939736455e+02
1.081055181524127704e+02
1.075128518130395463e+02
1.087905571609049247e+02
1.080882897984291162e+02
1.080804552431187915e+02
1.059985539270678743e+02
1.061493014018599723e+02
1.086092277092944016e+02
1.047785161093329407e+02
1.069324401375990732e+02
1.083189853526521631e+02
1.087357871764026100e+02
1.064926013771641493e+02
1.078171179601746132e+02
1.087141233739609305e+02
1.057474890442134239e+02
1.071455730644579063e+02
1.082895641378257068e+02
1.065998396927399625e+02
1.059573304285850810e+02
1.064502734841511256e+02
1.077064675475097886e+02
1.084016552357542906e+02
1.081518345867655029e+02
1.063221756379929985e+02
1.076491107325674221e+02
1.088728494559617701e+02
1.082717238795493131e+02
1.052863705333413407e+02
1.074801213668082340e+02
1.060294279220496918e+02
1.082345168230338857e+02
1.086313238127360279e+02
1.073097283026049951e+02
1.085002176827085236e+02
1.072079477046341083e+02
1.093530128646568187e+02
1.070119182471069053e+02
1.096074037283096771e+02
1.082225680059738835e+02
1.079761514711937167e+02
1.081590477259381657e+02
1.089676673873658643e+02
1.098545839302549894e+02
1.092545673498282923e+02
1.077495998402405917e+02
1.085911595631958733e+02
1.093139541552460656e+02
1.081092982080049865e+02
1.086586079922877985e+02
1.071095305962851540e+02
1.080798527879877895e+02
1.046131511760233366e+02
1.099411339348038723e+02
1.062705693111834222e+02
1.095382791547685031e+02
1.092440034355913099e+02
1.039492149472858813e+02
1.067362733347539034e+02
1.093763126920725597e+02
1.079526657446211431e+02
1.066379769056886886e+02
1.092636823111763960e+02
1.064513456912718539e+02
1.077437194737390485e+02
1.058994415188683433e+02
1.102550037407526418e+02
1.081273448589065680e+02
1.088610581967020607e+02
1.086561590145729923e+02
1.075656340825354675e+02
1.106952118824108027e+02
1.088664880818152341e+02
1.103993238345887988e+02
1.071423664752434632e+02
1.092104377694107740e+02
1.092977792608579080e+02
1.061430743731745565e+02
1.080249214053143163e+02
1.068888107434674453e+02
1.061986855382494070e+02
1.072408241685591577e+02
1.056196850846290261e+02
1.071004589483849117e+02
1.090705749080661917e+02
1.077748135122637052e+02
1.093960020905836501e+02
1.093223308246043644e+02
1.074249415564686956e+02
1.072456847838283949e+02
1.062591920349104555e+02
1.079813929060941149e+02
1.078207449931194333e+02
1.083485089809980906e+02
1.087047119291981829e+02
1.054590228941622740e+02
1.064046349286884379e+02
1.071301533494557248e+02
1.068676132077251424e+02
1.075234015080210952e+02
1.071876324965612781e+02
1.090736419589634352e+02
1.104512231106791660e+02
1.083774862644487911e+02
1.109225527213843350e+02
1.070562055382135185e+02
1.055790544527095705e+02
1.094245045053113898e+02
1.089126461808253055e+02
1.073814861745142935e+02
1.075539567575062421e+02
1.068334965421514511e+02
1.088238455019535422e+02
1.090799550400937505e+02
1.086943511879709519e+02
1.060203390199055065e+02
1.075916002045091204e+02
1.097220084599316294e+02
1.083541742807783379e+02
1.087873611758119665e+02
1.068073587822001258e+02
1.081351773276168018e+02
1.066599708967727764e+02
1.054693537804668608e+02
1.083837834263685522e+02
1.057644019437230014e+02
1.054495382796465748e+02
1.067321518579034887e+02
1.075032932915244714e+02
1.087382133474921488e+02
1.064438661322744508e+02
1.075838021125894954e+02
1.087519124614918695e+02
1.083786884654609395e+02
1.076024464610570135e+02
1.093263524241886984e+02
1.067910042538659212e+02
1.083101834154263940e+02
1.087429375017583766e+02
1.087583350091518071e+02
1.097762462005129152e+02
1.073815004256876335e+02
1.099559165666171197e+02
1.078501472128859717e+02
1.094129385575856617e+02
1.057353607288436592e+02
1.063881159104805363e+02
1.079066168605254461e+02
1.079477939180871999e+02
1.081665003675281156e+02
1.080300948433134067e+02
1.084551090028285216e+02
1.082096358229132704e+02
1.076284470273196661e+02
1.056971223489813951e+02
1.042729769158449926e+02
1.075027702012185813e+02
1.064496649531124035e+02
1.086526151804091285e+02
1.088317115192515985e+02
1.063798040264277205e+02
1.065836416967541709e+02
1.059296107405912579e+02
1.080566150234712524e+02
1.072554021054250626e+02
1.069999442561694991e+02
1.086930260428519404e+02
1.069966684207486622e+02
1.071836290739650650e+02
1.061004465160600887e+02
1.092819231894412013e+02
1.086056509447525400e+02
1.068175495913355348e+02
1.072296777529691809e+02
1.060373128112250214e+02
1.128578109377144045e+02
1.062849452948791082e+02
1.077383586332780396e+02
1.076804054041235474e+02
1.062916065990170296e+02
1.074627191035003193e+02
1.065972273689137069e+02
1.072392347465053462e+02
1.068795823168678254e+02
1.089973450760196982e+02
1.068645269985089641e+02
1.091578197906306684e+02
1.074494177023801313e+02
1.088042876840016930e+02
1.064928172814045695e+02
1.082822909884896063e+02
1.063425663520332307e+02
1.050321129897269969e+02
1.087325076971694102e+02
1.079528181739045039e+02
1.070996004194275457e+02
1.093421511824272727e+02
1.089068330016597628e+02
1.061078061387462554e+02
1.057718232282577304e+02
1.069741031380646206e+02
1.095385621421660716e+02
1.063996499715715203e+02
1.085587899300141856e+02
1.092202929856741207e+02
1.085143527645006571e+02
1.068256855376616983e+02
1.074118855357561984e+02
1.096643187252970080e+02
1.098493922611594655e+02
1.068569008457269689e+02
1.105651514594369047e+02
1.064586293737233547e+02
1.081047792675797723e+02
1.071090723947278320e+02
1.069772882083300658e+02
1.051699872803883267e+02
1.072720207919281279e+02
1.079758628396800475e+02
1.085594763093736788e+02
1.074839558256001055e+02
1.056341081053049038e+02
1.080921543790958594e+02
1.083946864032111819e+02
1.080177239735098738e+02
1.078291934798527762e+02
1.076914431971388098e+02
1.065784339809926848e+02
1.069074373803078686e+02
1.078852316225877530e+02
1.081104221204604130e+02
1.087948622547248902e+02
1.075741999412784935e+02
1.072037549650672474e+02
1.065457224208254274e+02
1.078839917905679613e+02
1.081383079016836035e+02
1.067724026006778644e+02
1.092087518815207829e+02
1.081102556018027911e+02
1.083913620025810900e+02
1.084379224857154327e+02
1.074162816923209931e+02
1.085660938124763391e+02
1.091030319573314813e+02
1.063305010978638876e+02
1.085405420654695376e+02
1.090980815947524007e+02
1.090168292230934242e+02
1.063240802788979096e+02
1.118002879820125770e+02
1.080341792751357275e+02
1.085549057369008921e+02
1.088781431227013172e+02
1.058223650116204908e+02
1.071431823854681085e+02
1.071107824184654191e+02
1.084062652504787820e+02
1.060644773968694921e+02
1.084616242906394206e+02
1.094240284877633940e+02
1.080057874404062375e+02
1.088996678456094287e+02
1.093582010870702845e+02
1.069489939577431699e+02
1.085067051945904240e+02
1.071297084006725839e+02
1.062437898890271413e+02
1.055368819488937220e+02
1.089743607666903387e+02
1.109479828791793352e+02
1.078798643030787616e+02
1.090072227809952352e+02
1.085662428337710850e+02
1.072777526011791167e+02
1.086304979193377704e+02
1.089011351745970302e+02
1.072991928894095963e+02
1.085395817365378264e+02
1.059617410417341006e+02
1.079915456414250343e+02
1.073631924137305589e+02
1.071490133362687942e+02
1.066104032421415013e+02
1.057754251424479435e+02
1.076626245447761505e+02
1.070490106864385496e+02
1.105369505276349429e+02
1.083800584476009163e+02
1.077721343695467766e+02
1.074460543681319820e+02
1.085145374562390828e+02
1.081352180638100009e+02
1.084708523728464797e+02
1.063197453291267465e+02
1.079326030509867564e+02
1.078882424156680031e+02
1.048648606691983929e+02
1.066725479161394077e+02
1.077224466554799847e+02
1.075323126498023356e+02
1.097435852486300547e+02
1.078371781750570477e+02
1.076043861319217996e+02
1.063906478140413583e+02
1.062131450921008451e+02
1.059419399794413295e+02
1.072510006594879854e+02
1.060292222102018371e+02
1.101139982950906528e+02
1.072711212774495948e+02
1.078992796122135474e+02
1.049592962463416370e+02
1.081093950382939539e+02
1.073329621030019325e+02
1.075311668698095531e+02
1.080824806064699288e+02
1.065898158311852058e+02
1.087145189995663657e+02
1.067115497595942628e+02
1.091450912862031686e+02
1.078134846165401086e+02
1.078370233793065438e+02
1.075610671550447250e+02
1.085590358710429939e+02
1.043035589919598749e+02
1.090149796093989778e+02
1.079679503103772333e+02
1.072218965375713537e+02
1.071046762306787912e+02
1.062353913539154462e+02
1.082039191798196072e+02
1.073769572100987375e+02
1.061164963441912761e+02
1.071384778450160411e+02
1.052892897658714162e+02
1.085392237421844186e+02
1.080528075793954770e+02
1.047667842043093884e+02
1.081020272582212982e+02
1.090903463196591474e+02
1.072188920921884119e+02
1.073825761020253680e+02
1.077298438020403921e+02
1.075373033925414603e+02
1.051754063809277540e+02
1.060069579963496693e+02
1.083769801141656473e+02
1.069419383374132906e+02
1.082589364059016361e+02
1.069090577978092256e+02
1.074436762725009089e+02
1.092647723489868241e+02
1.082279156890476344e+02
1.053456238267623490e+02
1.067579500978422971e+02
1.114582244122777439e+02
1.093119609263609817e+02
1.090399359441162517e+02
1.077125194617090926e+02
1.087069390782061902e+02
1.081661042149091827e+02
1.082498050993592216e+02
1.076751470700904179e+02
1.079170377335773026e+02
1.089145903424932413e+02
1.063799041144195030e+02
1.065370189355654134e+02
1.075577518667992649e+02
1.082145260518320526e+02
1.087778353650071921e+02
1.095386023398967268e+02
1.083255319560962278e+02
1.088992413590751340e+02
1.085786506404254084e+02
1.079201391760577025e+02
1.074781055633842328e+02
1.069720166261340211e+02
1.065226334407490469e+02
1.062141062291067186e+02
1.062051935798735229e+02
1.059110533220388106e+02
1.073008336764554258e+02
1.092126761677098585e+02
1.090107677185651056e+02
1.044744951862488875e+02
1.076113833491531295e+02
1.047899783928768755e+02
1.083466272547721729e+02
1.095367597251725016e+02
1.093847756662784576e+02
1.098033615844050104e+02
1.076436307120779077e+02
1.087184877005261967e+02
1.076731785286045948e+02
1.090850715419925905e+02
1.061293933551328905e+02
1.060166306242513343e+02
1.083105657620920823e+02
1.080345958496498611e+02
1.092287452162795063e+02
1.074246342815216479e+02
1.090997218251122405e+02
1.071253698901210782e+02
1.094684676889093140e+02
1.061631166969415290e+02
1.074464189679526669e+02
1.079411567742431828e+02
1.057872461189626563e+02
1.054569722228331869e+02
1.047506239874608553e+02
1.078902806297092241e+02
1.094411245719585111e+02
1.090976779129924097e+02
1.083021725683614989e+02
1.087916983397724806e+02
1.071520423120761620e+02
1.097900278607588263e+02
1.092396404587754120e+02
1.081019855042476792e+02
1.084125517102784499e+02
1.079914281314517126e+02
1.044218344970824432e+02
1.101916076754617961e+02
1.080256068699412282e+02
1.084320354386146619e+02
1.090704984959004804e+02
1.092736255485571064e+02
1.095507229869998014e+02
1.100875376290080254e+02
1.084044967361806613e+02
1.069083949316797515e+02
1.056887341511640557e+02
1.056657017013057072e+02
1.106639929008857166e+02
1.091604312982002511e+02
1.076188756606407821e+02
1.130742702595584461e+02
1.064013462735682651e+02
1.081783105435653738e+02
1.060912337467996451e+02
1.072529050733114104e+02
1.059328035125777490e+02
1.071018507223149072e+02
1.072930350453330561e+02
1.098283775986125193e+02
1.082147758325411502e+02
1.082725209329321956e+02
1.095967984424275272e+02
1.078528750125998670e+02
1.095807417622152258e+02
1.063165040138722048e+02
1.080284283167586779e+02
1.082613497183262439e+02
1.071223528580800064e+02
1.080211595123085289e+02
1.072720930362070106e+02
1.055014340709711576e+02
1.074822143613620398e+02
1.040812045397611740e+02
1.051577409925668007e+02
1.076956532546784615e+02
1.072338069962583660e+02
1.065953355948598755e+02
1.098855071677413378e+02
1.092645223786531545e+02
1.059740089314044127e+02
1.068834122200647414e+02
1.069121972338267881e+02
1.077254281566085581e+02
1.083130987950048905e+02
1.077885906457989762e+02
1.081756589428135129e+02
1.078259548437859507e+02
1.086613553987203318e+02
1.052931318977054360e+02
1.095841483621406667e+02
1.090208326801941752e+02
1.071323507806626765e+02
1.085585789890108117e+02
1.076579327536350092e+02
1.078922360542948411e+02
1.078527111277228130e+02
1.053724232749687530e+02
1.070371494465408375e+02
1.083743955866977871e+02
1.060131081806042062e+02
1.088894486814664333e+02
1.077050621856034525e+02
1.068659246553848305e+02
1.054817973666573891e+02
1.074427817019668510e+02
1.090989032766630231e+02
1.080290520371159033e+02
1.091861331132458020e+02
1.096726137611627081e+02
1.093371483718136687e+02
1.075029179269983075e+02
1.084583331041890659e+02
1.073299387567131902e+02
1.086323274338783733e+02
1.082125545039762926e+02
1.047669452948852893e+02
1.080550473377708158e+02
1.081034794721675212e+02
1.080457149341942795e+02
1.086369683146189118e+02
1.100819002944492695e+02
1.085392414075984391e+02
1.079627310818964361e+02
1.054692139500691326e+02
1.076923061200205893e+02
1.069915812780791811e+02
1.077021276077170739e+02
1.071851723817768232e+02
1.100485095802987843e+02
1.100072851392575046e+02
1.077728208748567909e+02
1.056070332668310954e+02
1.075133846768929260e+02
1.067701800258690668e+02
1.078738931257775846e+02
1.089356056355198348e+02
1.079505263805799729e+02
1.052999641139939513e+02
1.064085774215543694e+02
1.070315091653001929e+02
1.067905070586279237e+02
1.077535466384489382e+02
1.110907332181206186e+02
1.070037970797125411e+02
1.088804558777601841e+02
1.071146779876327457e+02
1.087918338742094164e+02
1.071944602830828472e+02
1.075356193868563679e+02
1.088813622844920275e+02
1.063315802226362479e+02
1.077331898145360753e+02
1.088707969624350511e+02
1.091740521572295961e+02
1.094883912302183546e+02
1.097692623811775263e+02
1.054168754364284410e+02
1.081810582346008403e+02
1.080484606150862561e+02
1.081720006158628280e+02
1.070315580094995624e+02
1.066345428083463531e+02
1.105843821113432028e+02
1.055309629920627970e+02
1.053369110347589839e+02
1.074757268397803784e+02
1.066505911507745452e+02
1.081850273119482182e+02
1.100146703610459156e+02
1.063100982749151200e+02
1.084426841667816461e+02
1.068525048987677621e+02
1.071308442294298828e+02
1.087274909968187586e+02
1.057478538516514135e+02
1.072440926119432021e+02
1.060428419581464254e+02
1.065136715175440401e+02
1.077661700786664625e+02
1.061308240371521521e+02
1.053325137984979278e+02
1.088252158152472333e+02
1.085792201756733419e+02
1.059410732632300238e+02
1.083913510385797139e+02
1.076468641966716007e+02
1.074651019559159124e+02
1.077247042745558758e+02
1.077702635854234217e+02
1.083690657116268028e+02
1.088657369207270165e+02
1.072007847594759511e+02
1.082786242956474609e+02
1.083759610658850221e+02
1.062066293204182301e+02
1.059731722325756067e+02
1.090037850495105971e+02
1.051569763396689723e+02
1.052705968159168890e+02
1.065157783865022338e+02
1.075566505446325181e+02
1.071667653564322649e+02
1.072238326966597839e+02
1.077806574312816394e+02
1.072451237068027154e+02
1.066533634825389214e+02
1.082879443983210734e+02
1.075331369464902735e+02
1.081357617163937874e+02
1.096702602935382629e+02
1.061915648720542436e+02
1.079616718968750888e+02
1.073313103645453168e+02
1.064565876209799882e+02
1.098348005723969294e+02
1.070761517673453938e+02
1.089199082799804330e+02
1.096701201272197466e+02
1.068072326383319677e+02
1.053866099146351161e+02
1.075536871383860955e+02
1.092186369802195145e+02
1.073504409412961706e+02
1.069304046068483842e+02
1.079701817489487610e+02
1.072539275328626331e+02
1.068630626501723100e+02
1.078403374401425765e+02
1.070967437726248050e+02
1.081370966415476289e+02
1.081042068708872534e+02
1.060266024398695066e+02
1.077800414568387026e+02
1.066592459100621397e+02
1.063467130608561035e+02
1.088106355571465116e+02
1.069714485529758292e+02
1.080692842030402119e+02
1.079661306999355048e+02
1.084103915760451855e+02
1.079632889925553201e+02
1.083311759320124565e+02
1.074220538426451412e+02
1.067600401702595860e+02
1.081094970224049945e+02
1.055951936868408296e+02
1.077689910615300874e+02
1.101514824211749328e+02
1.077205762815400192e+02
1.067849161795033268e+02
1.092347637264499269e+02
1.079015025601107993e+02
1.047041561199081627e+02
1.062875105279898662e+02
1.057932340853557918e+02
1.077297939571748913e+02
1.079506730722194590e+02
1.094061359008412921e+02
1.054422203249924337e+02
1.087445255940131261e+02
1.063484526905722021e+02
1.091621706261989857e+02
1.047861292404106734e+02
1.068238094309284207e+02
1.049355322243686288e+02
1.076434571988067717e+02
1.066933500696718795e+02
1.056323893481948204e+02
1.095725550111197748e+02
1.080803568202140923e+02
1.047838019107847316e+02
1.059258477301078472e+02
1.080403657428553572e+02
1.111154809175465203e+02
1.097911986625265826e+02
1.087482340053223311e+02
1.068895973531160877e+02
1.081198703874314901e+02
1.083108750042514288e+02
1.072421559490012726e+02
1.117599743734722466e+02
1.067576666084109291e+02
1.081188928864552281e+02
1.067284737806505888e+02
1.094431372942309366e+02
1.057185785635497268e+02
1.084313649426389077e+02
1.089129989215186356e+02
1.082858694487725444e+02
1.077259267225895911e+02
1.070358973255871291e+02
1.068956541486848835e+02
1.070643870816634404e+02
1.083685429196954715e+02
1.087235483420386402e+02
1.054036119699758842e+02
1.076806747498073520e+02
1.067656662003704042e+02
1.081086196605946270e+02
1.064672060020584183e+02
1.072369720976304563e+02
1.082307210580578243e+02
1.066103195748785026e+02
1.085612338049036367e+02
1.068044072118888295e+02
1.087107175961746037e+02
1.079071450840953474e+02
1.063250790652916749e+02
1.068696675034738917e+02
1.049584558758582205e+02
1.070288070336068955e+02
1.084005996992954124e+02
1.072617095355216037e+02
1.054048289366622839e+02
1.071682776043335963e+02
1.079484393237672890e+02
1.093232892313590554e+02
1.064877920461790382e+02
1.049600134898450818e+02
1.075239473296098964e+02
1.086192584360774305e+02
1.092362199032230876e+02
1.074717874017260471e+02
1.116396250987079668e+02
1.063463682764007672e+02
1.057198270912301439e+02
1.083553930764837077e+02
1.083488599565882851e+02
1.067791848187640937e+02
1.059172125644358147e+02
1.088609280535790305e+02
1.067759926894168672e+02
1.079465928352315984e+02
1.072140856830637290e+02
1.061556662578276899e+02
1.077203714858399479e+02
1.073228465947933330e+02
1.066687533326540205e+02
1.070030075325568362e+02
1.069609551157884511e+02
1.101390032889042345e+02
1.087913862666793534e+02
1.066607257347954345e+02
1.064780926511213295e+02
1.060055990485717956e+02
1.085429805689444152e+02
1.099801279225749795e+02
1.078020287623651967e+02
1.066873945336524514e+02
1.079410366014990501e+02
1.066217709707043895e+02
1.075382206988930420e+02
1.064314991100477954e+02
1.073269403818544134e+02
1.100448668757756820e+02
1.070781418666377363e+02
1.074601182750921566e+02
1.041857207021023726e+02
1.089683062757149798e+02
1.076087118291499962e+02
1.091729306109275797e+02
1.073907972342507264e+02
1.059030846382846818e+02
1.074268634921917425e+02
1.082619285704110155e+02
1.091867356332621029e+02
1.101321813721935570e+02
1.095632019561683421e+02
1.085324902263644304e+02
1.088266171765155974e+02
1.047292383916339134e+02
1.079044833326995843e+02
1.108023839879264187e+02
1.060053854821486254e+02
1.075636797187903539e+02
1.067925981290812842e+02
1.064342122927740633e+02
1.069973864587081209e+02
1.081673745147429884e+02
1.077948831502891380e+02
1.073890249289165837e+02
1.078344410264694062e+02
1.072583775666048211e+02
1.081152762487363361e+02
1.105154048793906725e+02
1.038124671055579142e+02
1.061158557467102526e+02
1.053035541333501612e+02
1.062931137834244879e+02
1.055057780684961841e+02
1.067584451692939780e+02
1.071408366940934371e+02
1.073396522537881452e+02
1.076662361682552813e+02
1.075110061289306742e+02
1.068115733274827619e+02
1.086618075004756889e+02
1.077603570370325201e+02
1.069940456307325007e+02
1.072238626946626709e+02
1.089575780554630313e+02
1.070221151040021397e+02
1.050963219824439108e+02
1.095570936835875102e+02
1.066291104488739734e+02
