1.807173367032530678e+02
1.734582384682065310e+02
1.743699727480237698e+02
1.774466184551012304e+02
1.805401926533129426e+02
1.726070066573872452e+02
1.834326777606763130e+02
1.662854254320753000e+02
1.719124358187395387e+02
1.728570571719836266e+02
1.783665249856159676e+02
1.794189832138562792e+02
1.683394424426411149e+02
1.695953418392365109e+02
1.682538577969176288e+02
1.767414565216271285e+02
1.834085589113329888e+02
1.789215076139789460e+02
1.721684171906243250e+02
1.629739976752802590e+02
1.710719506778875427e+02
1.728590247429321778e+02
1.760675506352653770e+02
1.811677002639339662e+02
1.903345800815459938e+02
1.824703774538717198e+02
1.862362490323714326e+02
1.764667803512090529e+02
1.774272814845064090e+02
1.771043317903649381e+02
1.800989157306425170e+02
1.702410032236626307e+02
1.839313745471467314e+02
1.700533260616359712e+02
1.671636214340120148e+02
1.804952314332452943e+02
1.835441890469059274e+02
1.721214483043346490e+02
1.725688495600614374e+02
1.748805409312680013e+02
1.709324643317614516e+02
1.728251768080855015e+02
1.929714522851004688e+02
1.751469763401915429e+02
1.801840782270063812e+02
1.720536923221877146e+02
1.698317216431711927e+02
1.759816181810462297e+02
1.693587730314513351e+02
1.849920775881392672e+02
1.732720140246456708e+02
1.736366659463822941e+02
1.824990810840523352e+02
1.808698801898253805e+02
1.864961350652616545e+02
1.836865361556020559e+02
1.830524970224250012e+02
1.799893134221196647e+02
1.861352615734622020e+02
1.770950015050565014e+02
1.830942445399662120e+02
1.723861057891253665e+02
1.794040170943673900e+02
1.754712644396038854e+02
1.731742692847076626e+02
1.819754498578417383e+02
1.719873518013292539e+02
1.695383972889227380e+02
1.752104689817896599e+02
1.692847983395543565e+02
1.896703224678786910e+02
1.808147376150718912e+02
1.692484744912721339e+02
1.667253409093325729e+02
1.857659381326791106e+02
1.739192514107226941e+02
1.777002098883694714e+02
1.723843620694285050e+02
1.767419742575086445e+02
1.717931810902429106e+02
1.781670015295800340e+02
1.898808008926841069e+02
1.789687551072928784e+02
1.750590419603369696e+02
1.847141259388962169e+02
1.829276237388750417e+02
1.735190031989661748e+02
1.742552862437393344e+02
1.825127904112813724e+02
1.782318934781769997e+02
1.740689631341047914e+02
1.697208699702181036e+02
1.744999796510441570e+02
1.755816185168587538e+02
1.825304212105980355e+02
1.749017213660655159e+02
1.732881332770418794e+02
1.816556961723135828e+02
1.714945386639179787e+02
1.809115993519999108e+02
1.776978120718601986e+02
1.762675619780422096e+02
1.800361731355702091e+02
1.725735877663447582e+02
1.817014560407385773e+02
1.758384407368073994e+02
1.785582689692723477e+02
1.769365817489811832e+02
1.697982562577722661e+02
1.891884694811648160e+02
1.695450865190327079e+02
1.873211604246165223e+02
1.802739880920950384e+02
1.734033136862940410e+02
1.771020284428386731e+02
1.773557230495496526e+02
1.672011968468081591e+02
1.749864346357388456e+02
1.763126884196087190e+02
1.642791802037849038e+02
1.745790513891745661e+02
1.799270663516151387e+02
1.751237509489175750e+02
1.841627515192224678e+02
1.795280873433010527e+02
1.706059137235539822e+02
1.800198159924558183e+02
1.697047771104270737e+02
1.803573849101416613e+02
1.838680949087612646e+02
1.663298984551286708e+02
1.767212735855664789e+02
1.744397887629785941e+02
1.695960549808948201e+02
1.844713018725266522e+02
1.721303669520705739e+02
1.811317107635746595e+02
1.735768136697335819e+02
1.801970526108984529e+02
1.739632688435553973e+02
1.773759736682148400e+02
1.762111163931056979e+02
1.736783316172292473e+02
1.783776634350039103e+02
1.730334181196617180e+02
1.724683155452638914e+02
1.741591840663076880e+02
1.778198701807398550e+02
1.721790838663720251e+02
1.720089555758863753e+02
1.687767789365932742e+02
1.802722283181896898e+02
1.838806673889795320e+02
1.759493415437845840e+02
1.692389137289934524e+02
1.811345900045782287e+02
1.789383732889423584e+02
1.713865050648764736e+02
1.811152156928781096e+02
1.758843038484629915e+02
1.736336678415642325e+02
1.692386718654153697e+02
1.666352076394135509e+02
1.738614081512366738e+02
1.772845212250449549e+02
1.770853626243512338e+02
1.801431144126042625e+02
1.787517388379335159e+02
1.699428407623844066e+02
1.781404266169333255e+02
1.880864415647796761e+02
1.689539809989731225e+02
1.712519103595885213e+02
1.776047680700686158e+02
1.698442318165222105e+02
1.745416162634831494e+02
1.786177469244708789e+02
1.726659528530995544e+02
1.660972352943068699e+02
1.770935869302872732e+02
1.729887662203711614e+02
1.716356342926508773e+02
1.785320431578965952e+02
1.784429293091090472e+02
1.713167466941323482e+02
1.707648182039500284e+02
1.712217422543596115e+02
1.834503074892035102e+02
1.822968632310047212e+02
1.759192062686324505e+02
1.709847217695256347e+02
1.699638794798145227e+02
1.694338962922047074e+02
1.714789571798137899e+02
1.780447280730619468e+02
1.676643379913451213e+02
1.786067803287990898e+02
1.712585571251166527e+02
1.699120542104089111e+02
1.793790961687965080e+02
1.771169546960487651e+02
1.740249673084940696e+02
1.831043510986528702e+02
1.685325885107642705e+02
1.781648084507693000e+02
1.665577381050009080e+02
1.798747019763275716e+02
1.742892459358367319e+02
1.767253886226370412e+02
1.716454725118754823e+02
1.803106372321214792e+02
1.755645474593233075e+02
1.839143404085658347e+02
1.815600865000876638e+02
1.768571208515332671e+02
1.785525949150836595e+02
1.658646698079328701e+02
1.641891661676495744e+02
1.782265098300728710e+02
1.675678309923426355e+02
1.773063017653067277e+02
1.815296512057038285e+02
1.708766278520963056e+02
1.656294377604509975e+02
1.802458691847926104e+02
1.737843549170019912e+02
1.732648911386443160e+02
1.729865416008624379e+02
1.733114198835458240e+02
1.778677388008544256e+02
1.816804762123728096e+02
1.789049428053738211e+02
1.723857739064697512e+02
1.797836428864383436e+02
1.785008023356264459e+02
1.796343211244328586e+02
1.741520308077562049e+02
1.798291034719635775e+02
1.802625511216635914e+02
1.764636525286518349e+02
1.730720930276357308e+02
1.772731090146980932e+02
1.688887327117455470e+02
1.696186283321641781e+02
1.749855956399014474e+02
1.677699754632275244e+02
1.705581739334652980e+02
1.764416753530784376e+02
1.658468349552410928e+02
1.817770248764501275e+02
1.660039936895982180e+02
1.733132816594106771e+02
1.751562731146376848e+02
1.843810526253561477e+02
1.747088198536131358e+02
1.752815543670993748e+02
1.656646691204483375e+02
1.813450322546202358e+02
1.790949560522900015e+02
1.721943248796563921e+02
1.797824165097610774e+02
1.754132278234778823e+02
1.756311919646406636e+02
1.757776572463996843e+02
1.773178120697546376e+02
1.728294822149218533e+02
1.715371748501395075e+02
1.756996372904309283e+02
1.782286943893997773e+02
1.847373795189687939e+02
1.737622506826054973e+02
1.826947181272605008e+02
1.833209581702431876e+02
1.940690852935376540e+02
1.800340171604161412e+02
1.870506361476769541e+02
1.789507861743588819e+02
1.822049034479254317e+02
1.836389461090297459e+02
1.883670801414182279e+02
1.737239048254891713e+02
1.695694750878125774e+02
1.805094851343429241e+02
1.806605114380152770e+02
1.654161064736709363e+02
1.669864404560016169e+02
1.777228410149568845e+02
1.838584443033947764e+02
1.796870361810256327e+02
1.711031068362668748e+02
1.714447882758469461e+02
1.827680067111529070e+02
1.799740403031355243e+02
1.730803012713214457e+02
1.801792788786456754e+02
1.776334362222286813e+02
1.830664800284591252e+02
1.760747874727190094e+02
1.851872966878678142e+02
1.770007258777229140e+02
1.797834996914639589e+02
1.794161084706253746e+02
1.741628075515961882e+02
1.861172794451080392e+02
1.709666466340864304e+02
1.839274896863405786e+02
1.679993765711281810e+02
1.799795243435442558e+02
1.665224833833157447e+02
1.760671548027191022e+02
1.752249315932373293e+02
1.753886735113491966e+02
1.801118430414119302e+02
1.804434683706966780e+02
1.756884110987299437e+02
1.734049861093079699e+02
1.785878070300126979e+02
1.824674844869452102e+02
1.716647017922254008e+02
1.702762072255166572e+02
1.823457908489513670e+02
1.706724799635626653e+02
1.725248554673569856e+02
1.731505348555356818e+02
1.684326353731940742e+02
1.842464988177973169e+02
1.769540343389953989e+02
1.793234419287936987e+02
1.762707305917505778e+02
1.750250747484224121e+02
1.746096907791201716e+02
1.710049617353901965e+02
1.788841456765809426e+02
1.781783787578417559e+02
1.742093287054297264e+02
1.745203656436861763e+02
1.697767941009503261e+02
1.771642247795114713e+02
1.815910521418281292e+02
1.778890314392558025e+02
1.753669391662590726e+02
1.780991274316484407e+02
1.788541036379144202e+02
1.760148352880241873e+02
1.778315130666167363e+02
1.751850064739641368e+02
1.787145720753880482e+02
1.793712049252596046e+02
1.703640522815592533e+02
1.671214604458006363e+02
1.809554698899966638e+02
1.846400054567259588e+02
1.773262732830193045e+02
1.789782038746383250e+02
1.789002940583305872e+02
1.810750894813576792e+02
1.696400845966217616e+02
1.768066556776682603e+02
1.700522914966153394e+02
1.817473657461693506e+02
1.764438051239649212e+02
1.877342813617470938e+02
1.674052359598062765e+02
1.703506629653618916e+02
1.797810396885271018e+02
1.630145618989747618e+02
1.782911444832935786e+02
1.708354696838893290e+02
1.767404986015956183e+02
1.734978435025271324e+02
1.781631514453002012e+02
1.703154114485213597e+02
1.729461776376512034e+02
1.823228430648498772e+02
1.813762481537527549e+02
1.750933080455412210e+02
1.670957195967162079e+02
1.773657962584483414e+02
1.747187055345860358e+02
1.759856339782307373e+02
1.796081295230854096e+02
1.820348859444567324e+02
1.741870096764421874e+02
1.751581671580697446e+02
1.798165989826954387e+02
1.705262268464842919e+02
1.727525710027196340e+02
1.694690637811154375e+02
1.795282129113958831e+02
1.789169520152686061e+02
1.743450215880941414e+02
1.731810375656044698e+02
1.729104720623300295e+02
1.763521524716571491e+02
1.767867193054439667e+02
1.714276973239444430e+02
1.676229786488437696e+02
1.713575705160428697e+02
1.769023541804103274e+02
1.746375972864717028e+02
1.713276036250317702e+02
1.798471612925833369e+02
1.822677363569982276e+02
1.875969654404017319e+02
1.777008515091774257e+02
1.711711479937016520e+02
1.758016912906220739e+02
1.751563105644898712e+02
1.733805280921497172e+02
1.703100376951429951e+02
1.735920644033909070e+02
1.711696654235618098e+02
1.753580193911152492e+02
1.747348604197804605e+02
1.768257323232474221e+02
1.773391468523138030e+02
1.706332517013294989e+02
1.724998008054105583e+02
1.719009251805635756e+02
1.871990705450086523e+02
1.790703277949133110e+02
1.833794758732743730e+02
1.792348197177134921e+02
1.784448219641080016e+02
1.777128927446302100e+02
1.768293432880908824e+02
1.767119212848976986e+02
1.873207804716051328e+02
1.758374596558986127e+02
1.756539013673258012e+02
1.728811092657033441e+02
1.716866457090854112e+02
1.709388332576095308e+02
1.845496983451531037e+02
1.767258388718138065e+02
1.820774528144646922e+02
1.746299462396116837e+02
1.670740397348936881e+02
1.783612745279226317e+02
1.766913156466775945e+02
1.747938915743209236e+02
1.770501681976841724e+02
1.802162695258434724e+02
1.756061158697455369e+02
1.798003896532888461e+02
1.735627311888868292e+02
1.717778405968156221e+02
1.729675821091416026e+02
1.788590138597833175e+02
1.748494050858421360e+02
1.802495136181458406e+02
1.722422051603699629e+02
1.726234849614971836e+02
1.738223214858374206e+02
1.845121315579073666e+02
1.727990980856379224e+02
1.730125718058285429e+02
1.878861657260789002e+02
1.743530861752449823e+02
1.705081176199543336e+02
1.741302249683903085e+02
1.762908765433627707e+02
1.679786285074540615e+02
1.819572529816103668e+02
1.733857100234254176e+02
1.771534763208933896e+02
1.761234297295510771e+02
1.709277197117688445e+02
1.794011890765644353e+02
1.793173775201681508e+02
1.758535115017764667e+02
1.803058609914852752e+02
1.664947936651897180e+02
1.753798829577568483e+02
1.728217152534550962e+02
1.743010550716844023e+02
1.757551473079570314e+02
1.738893767958393823e+02
1.679471279665868622e+02
1.654638186744992652e+02
1.710219033281301222e+02
1.792435146130134171e+02
1.863970930860393196e+02
1.831955374073857001e+02
1.782649916541314212e+02
1.725534501152994267e+02
1.657625862515174049e+02
1.782551227734932979e+02
1.741367961003680023e+02
1.753683228364713500e+02
1.797179162554776326e+02
1.718602512914940235e+02
1.815148601791024987e+02
1.806601984223964621e+02
1.734772527292842881e+02
1.870502134850406435e+02
1.762575523442654344e+02
1.833049314239324872e+02
1.858360054388609228e+02
1.831561101527616415e+02
1.754709580974614767e+02
1.745043033083780699e+02
1.763140772990214487e+02
1.720200522923213953e+02
1.784179960767839646e+02
1.792278947982839838e+02
1.659936602228229674e+02
1.730719662295682610e+02
1.735279777550588847e+02
1.679861478191335777e+02
1.751538939326021875e+02
1.793423106721137685e+02
1.720513950631608395e+02
1.816661561928986544e+02
1.822002290071820028e+02
1.716661325550941513e+02
1.792188452169456241e+02
1.778400878758282317e+02
1.757667343325219917e+02
1.796510793294668247e+02
1.702578816560869370e+02
1.752838329348912225e+02
1.748034550478998028e+02
1.663685467040785397e+02
1.718563028537188018e+02
1.802772094206784459e+02
1.827206423707870897e+02
1.841392499640191147e+02
1.768894764217884870e+02
1.873633759314903671e+02
1.750762694633478702e+02
1.800615641741197521e+02
1.853266558024540132e+02
1.777728712333387477e+02
1.731681542890991068e+02
1.807228197651380128e+02
1.754226452540384571e+02
1.786531794291303186e+02
1.784877712935860075e+02
1.729065061730057096e+02
1.769473526659477329e+02
1.804735687769325239e+02
1.736253895556483826e+02
1.739028415194928812e+02
1.826354895833861178e+02
1.800121242159603980e+02
1.807775690291178137e+02
1.757621923600043772e+02
1.800169081933944142e+02
1.712202805344353180e+02
1.726389984607612291e+02
1.787572646125272229e+02
1.776757115778652576e+02
1.814171577849152186e+02
1.792872627214724730e+02
1.738331452223351050e+02
1.777090834820819509e+02
1.802916350751158916e+02
1.783345665006900731e+02
1.709523932627825218e+02
1.737222538072264513e+02
1.940755683389392061e+02
1.744898093146196913e+02
1.850001164143328367e+02
1.759233366806045922e+02
1.856560911492021546e+02
1.783136022151485349e+02
1.724846182915453880e+02
1.759160922716857272e+02
1.793712480044390816e+02
1.739240791376153368e+02
1.734833228512744654e+02
1.717416580661592889e+02
1.761388804190341659e+02
1.788577490593887092e+02
1.712607760819593921e+02
1.724736416026966310e+02
1.821827117865513515e+02
1.781290040797094889e+02
1.719264967172007630e+02
1.684158063678713972e+02
1.700162029739713319e+02
1.711981526699715914e+02
1.848484693872270554e+02
1.765089177148346096e+02
1.732715285619659937e+02
1.745394331241684256e+02
1.810633856719066159e+02
1.695142143561633361e+02
1.765207177417369451e+02
1.809982791428490145e+02
1.790364657220091829e+02
1.818317335209255816e+02
1.778313023226332916e+02
1.758531612722089790e+02
1.817623713226326743e+02
1.748915340948293249e+02
1.808138618330804093e+02
1.831902538223509680e+02
1.775099654863055321e+02
1.819954422867944004e+02
1.793508429863223341e+02
1.667218920428828710e+02
1.798412389413727794e+02
1.784179794247919517e+02
1.794730824920552550e+02
1.844683344262681715e+02
1.737702822786404795e+02
1.782550331598593800e+02
1.828196464345498669e+02
1.721573389282731625e+02
1.818388356841080054e+02
1.756973005903478509e+02
1.890687252374849834e+02
1.697880107613380858e+02
1.836007389607865150e+02
1.854217905048751902e+02
1.825423209346768658e+02
1.779947194636821450e+02
1.815076439423785075e+02
1.723677584291942253e+02
1.701541015382968567e+02
1.784733941588472419e+02
1.709070803412960231e+02
1.840217522228166160e+02
1.744118518865111014e+02
1.815538954761329933e+02
1.802248841155750654e+02
1.840265107993652975e+02
1.791800630112495014e+02
1.747498201635595194e+02
1.732165443179450222e+02
1.726497433058101194e+02
1.802080668021746703e+02
1.742918847546957579e+02
1.808041479552035753e+02
1.728659833838511304e+02
1.697067256537363278e+02
1.778842693490804550e+02
1.783217975843554370e+02
1.717488606089236498e+02
1.704212723459702374e+02
1.843021729608997816e+02
1.783405793785155424e+02
1.634164473374002284e+02
1.760440363257192757e+02
1.698646349639602704e+02
1.706482171219518875e+02
1.811031723914043994e+02
1.707929465908653697e+02
1.743023678537565218e+02
1.727880795779632592e+02
1.727653050925834748e+02
1.785404455041308722e+02
1.823728224550813479e+02
1.804797646374451006e+02
1.700934927104879932e+02
1.787570648808903115e+02
1.761950843526921346e+02
1.737630294475386847e+02
1.777300670957702380e+02
1.828980506764527831e+02
1.717782253789971492e+02
1.731955646989329409e+02
1.792444886137699029e+02
1.779396886954498314e+02
1.874750421264425881e+02
1.836100787818372169e+02
1.721498221587139312e+02
1.758598423046314849e+02
1.792488338544769135e+02
1.799755123252347175e+02
1.704219281935404524e+02
1.755815992451341288e+02
1.845390346170477471e+02
1.698538627881754621e+02
1.762743493434596473e+02
1.648204803811937325e+02
1.648071158532241896e+02
1.804357673979644687e+02
1.805308257144141635e+02
1.755351615819902236e+02
1.799993643547324211e+02
1.733654947794139787e+02
1.761523191284251766e+02
1.744041784923464320e+02
1.808268375989358390e+02
1.866961745240185166e+02
1.707573911499649739e+02
1.764892675781320293e+02
1.817307474503087121e+02
1.713676728951883774e+02
1.933362994188729829e+02
1.950626583685316291e+02
1.721610874858681939e+02
1.728600101349643694e+02
1.738422957226455878e+02
1.751364812809514433e+02
1.734810975091523630e+02
1.771519719182416281e+02
1.832160641006662445e+02
1.778422081467196563e+02
1.739349181042709063e+02
1.755863724284463103e+02
1.878408762176959215e+02
1.828869183673602095e+02
1.780285186231699583e+02
1.739230807494420787e+02
1.727691426370546139e+02
1.648907530431131931e+02
1.852601754418347468e+02
1.852209531983678517e+02
1.766845109257373565e+02
1.766015234644333418e+02
1.690887608756062832e+02
1.723223632423584206e+02
1.756127038509341958e+02
1.761311799684670802e+02
1.910649126367611927e+02
1.824864289280351102e+02
1.825443490730283997e+02
1.740781342266268723e+02
1.704553340169995863e+02
1.772951976390502864e+02
1.794863158509962489e+02
1.769563876161955136e+02
1.721079284445002884e+02
1.732317901241827940e+02
1.777542203930537710e+02
1.709453672249084946e+02
1.770589936951362517e+02
1.651926298289260444e+02
1.783651076633230446e+02
1.736905384019065934e+02
1.763240977726763106e+02
1.735689338223131699e+02
1.803933537549651192e+02
1.828926949731642537e+02
1.751114456214189943e+02
1.741678310615561713e+02
1.857690086923389288e+02
1.745009768209396555e+02
1.799372763914132918e+02
1.661218837847432610e+02
1.817945327780750233e+02
1.886416262468905529e+02
1.814948796286631705e+02
1.738666909754089147e+02
1.766956399758497582e+02
1.792313558716433590e+02
1.812606571326442975e+02
1.788720986011546756e+02
1.701390235299988376e+02
1.814489385937042130e+02
1.772069793864189080e+02
1.819127597357121715e+02
1.923310579951943282e+02
1.749469459195856302e+02
1.842163899781307919e+02
1.675913933754245306e+02
1.775532472503492727e+02
1.669975066739050646e+02
1.783712515500173481e+02
1.781970044053464619e+02
1.869183005154165187e+02
1.811617156739787049e+02
1.829133237127413736e+02
1.917452334880451303e+02
1.727460852403879983e+02
1.819392778793624075e+02
1.723562565155064021e+02
1.779477067081686812e+02
1.787464170692346670e+02
1.765677402885160916e+02
1.628916326547063704e+02
1.716898274771772890e+02
1.762550583606205805e+02
1.714178697957373743e+02
1.776226582180083255e+02
1.699498460943253235e+02
1.750196513782259160e+02
1.730248091615913211e+02
1.760900431113023785e+02
1.731921999971698654e+02
1.755456542865238703e+02
1.873375689168495910e+02
1.713741424640224977e+02
1.715743268061284255e+02
1.802795773534768102e+02
1.806323698374331457e+02
1.848110679590228926e+02
1.777308275626963052e+02
1.687831140562485359e+02
1.733089935898143779e+02
1.846638854083361707e+02
1.771113410098831196e+02
1.816677850070271916e+02
1.816444288866600800e+02
1.714223823127168203e+02
1.813412110072612791e+02
1.811146651951360980e+02
1.747867072726850211e+02
1.789355617203262057e+02
1.859691677634688745e+02
1.878562954671801890e+02
1.773579543006985375e+02
1.752239227456624633e+02
1.767870543450937646e+02
1.860235729304145593e+02
1.719338209515326241e+02
1.694408170693686202e+02
1.716719949124884010e+02
1.719839006051223294e+02
1.693543268793527830e+02
1.740924971466832574e+02
1.743900074453922855e+02
1.683801535467833332e+02
1.646138393094141747e+02
1.738712835164494948e+02
1.730087136746181216e+02
1.721628937221516935e+02
1.811821245607683863e+02
1.766346730232713185e+02
1.692665194607995431e+02
1.875771806093291332e+02
1.789998933523489768e+02
1.710380559128208802e+02
1.734928692868826090e+02
1.702191099772264522e+02
1.801175410016184344e+02
1.717052817396654802e+02
1.776826138962546793e+02
1.756877133775850837e+02
1.746487557844578760e+02
1.825665985528011959e+02
1.749764335283302898e+02
1.764164474150132094e+02
1.783389364413717146e+02
1.805089801754043606e+02
1.730218174436443519e+02
1.887930411403457356e+02
1.806533684474335928e+02
1.759880861704372421e+02
1.796956072465942782e+02
1.764713747749410118e+02
1.760973091026400823e+02
1.811955898200298520e+02
1.750684742399130869e+02
1.752277723260110065e+02
1.810942961742478019e+02
1.780706309298486758e+02
1.786959445141697245e+02
1.738108748638075838e+02
1.831900095519257832e+02
1.735662302272894806e+02
1.768954330847751066e+02
1.903905430203131175e+02
1.771756655695688210e+02
1.750758629521980652e+02
1.824625649656764494e+02
1.804743240818854417e+02
1.791780475344863817e+02
1.648623378734036464e+02
1.679479603417681233e+02
1.739812416223671221e+02
1.780252395420866662e+02
1.813667302913106028e+02
1.747086327164192596e+02
1.774513587659127722e+02
1.830529893148311942e+02
1.811206233546126612e+02
1.796376437248716513e+02
1.847884743219719894e+02
1.774683417856670076e+02
1.697370665055665881e+02
1.749575976551420240e+02
1.776143164976851665e+02
1.697462263777637759e+02
1.759409920825409017e+02
1.712177830730470305e+02
1.737633065653023436e+02
1.770889616042869648e+02
1.679521867382962341e+02
1.743844289570631645e+02
1.782730642089196920e+02
1.762174236364273554e+02
1.757568045649503290e+02
1.823032883794872134e+02
1.747478599318530428e+02
1.772431415141096807e+02
1.814978718928846604e+02
1.708187345949565952e+02
1.843561097056125675e+02
1.823454563188990676e+02
1.722662064915033113e+02
1.733766331995344387e+02
1.750207995707045825e+02
1.785388558731283979e+02
1.821787340538476769e+02
1.731947707583792067e+02
1.714869309394007360e+02
1.748655814367953383e+02
1.781501642098347133e+02
1.703074937399430837e+02
1.768695268896272239e+02
1.782251615051902718e+02
1.723635988872169378e+02
1.788842846746171915e+02
1.749015100123673676e+02
1.822700823159285903e+02
1.842910967601693244e+02
1.874888429120123874e+02
1.781165550987539632e+02
1.757862524339433605e+02
1.842050463061936227e+02
1.902522156382984235e+02
1.839553379743246637e+02
1.810103248390092006e+02
1.731731180497101263e+02
1.736034221558619208e+02
1.731806639038865114e+02
1.784257976611643812e+02
1.816874154544417195e+02
1.806346068861024889e+02
1.784311729905714969e+02
1.799598639227715751e+02
1.766143416282928058e+02
1.787316702533318562e+02
1.692494507754182962e+02
1.666938525741190631e+02
1.816044701687950180e+02
1.837254385431574519e+02
1.623313234825307347e+02
1.749525464215002160e+02
1.852177729245998421e+02
1.770038208099090866e+02
1.727951074356270738e+02
1.803415550034931130e+02
1.685869855988098607e+02
1.728573717960980787e+02
1.777167493402056095e+02
1.658908414134431837e+02
1.687120341614085248e+02
1.746427719790603703e+02
1.820814814055616750e+02
1.759848283092786687e+02
1.682929041549894009e+02
1.778168595122385511e+02
1.756863095506576542e+02
1.660138332024120587e+02
1.777895253190819176e+02
1.743942295548488062e+02
1.761339049831219370e+02
1.724732040256344021e+02
1.743648193081663464e+02
1.797126021709912891e+02
1.834630714580606821e+02
1.796960947226224903e+02
1.853014706170446004e+02
1.910281874652890792e+02
1.692426095014295981e+02
1.861969655443999159e+02
1.772131768808634433e+02
1.796370903293202161e+02
1.755389506449280930e+02
1.739120757939846840e+02
1.792575730155803342e+02
1.866620636673145270e+02
1.788251911664531235e+02
1.763949355189464541e+02
1.803086763641307471e+02
1.740316173013027878e+02
1.781148258541812481e+02
1.710401674577405515e+02
1.837286145143388296e+02
1.779728348959271216e+02
1.771162145981046194e+02
1.699112991540474411e+02
1.719974914055016200e+02
1.705925541626794200e+02
1.795490174681491169e+02
1.803921170534644887e+02
1.714203215190424316e+02
1.744419195964891287e+02
1.791110010074970376e+02
1.803276503848397283e+02
1.682562651770343223e+02
1.842693729067957520e+02
1.688747736518783711e+02
1.795998970285289147e+02
1.785146900848523330e+02
1.734928950729191968e+02
1.831548656686563561e+02
1.792567822068951386e+02
1.750222401533259813e+02
1.793965930629090337e+02
1.852930962017132401e+02
1.766996534963311944e+02
1.679869174587036298e+02
1.826188797879622427e+02
