1.800979922907280297e+02
1.720296775948208676e+02
1.738691274575769512e+02
1.845947612212959541e+02
1.704796371987271755e+02
1.720413289400671601e+02
1.764134920604018646e+02
1.762534542963397826e+02
1.719753442044557517e+02
1.696446109933287403e+02
1.775094179629768973e+02
1.739095109895507960e+02
1.804918001200063031e+02
1.677873918386977721e+02
1.789971006829965461e+02
1.751289476610190263e+02
1.564988137035717273e+02
1.700712924944132283e+02
1.784228269958940416e+02
1.633229281436762221e+02
1.659808184039448236e+02
1.741160421143148085e+02
1.730607801427533445e+02
1.889615286353830754e+02
1.765851800759429864e+02
1.697383777376876139e+02
1.733962360356583190e+02
1.771793216799806601e+02
1.677903759385676778e+02
1.628644767214445608e+02
1.791592087948847620e+02
1.707873725665298821e+02
1.716110064678976812e+02
1.743303723787093702e+02
1.637234460506678602e+02
1.752096416442304303e+02
1.749664418478241998e+02
1.732270368208384070e+02
1.697160028442954740e+02
1.699458016163528384e+02
1.722073862621971614e+02
1.785124059910777703e+02
1.719142559729363029e+02
1.815085038883152606e+02
1.687992681386537299e+02
1.750190935827387477e+02
1.672279741035400207e+02
1.766793711599974017e+02
1.760287916399503274e+02
1.758754886775672617e+02
1.881653983419369069e+02
1.786286463048034250e+02
1.814981498738646906e+02
1.681523633715793551e+02
1.723313076285731711e+02
1.739084692001368921e+02
1.675442911686946559e+02
1.790471818263472983e+02
1.713441411394659610e+02
1.683072944219580904e+02
1.800071489110925711e+02
1.717603430067016745e+02
1.801124038310133244e+02
1.674154387827847756e+02
1.800909356615511001e+02
1.783522055336251810e+02
1.794638476843292665e+02
1.660563099394306334e+02
1.748086051239455401e+02
1.705459955525377040e+02
1.703559198733753419e+02
1.720931781706364632e+02
1.711584475830443353e+02
1.662390935795617111e+02
1.759288438284472704e+02
1.726121138792211411e+02
1.755890005812747745e+02
1.798226497428848347e+02
1.743407853601895567e+02
1.752889117592976618e+02
1.754710456636279616e+02
1.779323776822458001e+02
1.802188752556432689e+02
1.767446685921469225e+02
1.744750122719532044e+02
1.725664143076880350e+02
1.852960084513554193e+02
1.735242721785048730e+02
1.679988588595594479e+02
1.755807746656548431e+02
1.743514998704129084e+02
1.712726503618373499e+02
1.689702440406152562e+02
1.705073721869920576e+02
1.648949769040719104e+02
1.699630758217551829e+02
1.711410979791563136e+02
1.653447160826945606e+02
1.890054975995832365e+02
1.820792680714884568e+02
1.731924596958447182e+02
1.770917343417880829e+02
1.709330253642169453e+02
1.734808575941081017e+02
1.692840963333779030e+02
1.674394401735926579e+02
1.684892438149651355e+02
1.749674804683414777e+02
1.723295849539094604e+02
1.652129484640037731e+02
1.778811431053433694e+02
1.703057342236895124e+02
1.753961235567785479e+02
1.730929950507569970e+02
1.883891393783705723e+02
1.659515155018294763e+02
1.730352051623765135e+02
1.761000785617488873e+02
1.702768250410277062e+02
1.678287423917254841e+02
1.785920633212062114e+02
1.751297316520609968e+02
1.739966357864921065e+02
1.700216477955742960e+02
1.696000156107233181e+02
1.835149392209974053e+02
1.716547488479395440e+02
1.760586420126566338e+02
1.758650539583109946e+02
1.746086460837637446e+02
1.698669370862409380e+02
1.660501520266825821e+02
1.628567235120311807e+02
1.789520494971867777e+02
1.727120560117470518e+02
1.752084413035010471e+02
1.740821830096802216e+02
1.742212786702326923e+02
1.770716084951630762e+02
1.705898973489283037e+02
1.829338045202244416e+02
1.718807089475957639e+02
1.781217385287754098e+02
1.670648358810755951e+02
1.710001496331191504e+02
1.728198110682093329e+02
1.669450393909723971e+02
1.735128502983180852e+02
1.742239057679653058e+02
1.739640801322180721e+02
1.658678030607030109e+02
1.728923064768139284e+02
1.789998572936056007e+02
1.688399186180743641e+02
1.752757141606260234e+02
1.669156503301766179e+02
1.646249725335288758e+02
1.723610341464771238e+02
1.784022238647229130e+02
1.751068638372962880e+02
1.748910591204630691e+02
1.736125961402017595e+02
1.697929209000938044e+02
1.724096312319172739e+02
1.729058093889738075e+02
1.755359238130229187e+02
1.704354177468642320e+02
1.800458152238741150e+02
1.731807736804301499e+02
1.792959543696479727e+02
1.809221422420835665e+02
1.753402907560432595e+02
1.745634636368535553e+02
1.758170061311152210e+02
1.725289856308342280e+02
1.820709881766390765e+02
1.675588510921512011e+02
1.716259833764945597e+02
1.677699665786310561e+02
1.715853048622308847e+02
1.664729814793563207e+02
1.638806042973489241e+02
1.699873370241829775e+02
1.800590824714349765e+02
1.812095203736336373e+02
1.731615654336747809e+02
1.740967462960850298e+02
1.765821075620673639e+02
1.755398307634507660e+02
1.733171654134463608e+02
1.759035921907175464e+02
1.748040868133356298e+02
1.735910944613563629e+02
1.606397333799724265e+02
1.621325394010923446e+02
1.806362047525518051e+02
1.681373262456169471e+02
1.736137881171020467e+02
1.774335378518375137e+02
1.720036965809537151e+02
1.654390988376804330e+02
1.684150553477617791e+02
1.730656724439953962e+02
1.703046526511057834e+02
1.731406339301510400e+02
1.737611472646359800e+02
1.750620298167496287e+02
1.700479276559386221e+02
1.745956583513539613e+02
1.792436474196385916e+02
1.861326435452851911e+02
1.671642735888599418e+02
1.786797109795102187e+02
1.727726633066633326e+02
1.686920228143073075e+02
1.699895695982781945e+02
1.698868059097294747e+02
1.761667149854296213e+02
1.759483880738922039e+02
1.741025771572546716e+02
1.699184062384564413e+02
1.765490363874751267e+02
1.685556965217622292e+02
1.734646427154592061e+02
1.708369441971221931e+02
1.765750399382667979e+02
1.709861386532715528e+02
1.807479969712028947e+02
1.791321034084937480e+02
1.842613836924577129e+02
1.682669870183456737e+02
1.780396216288064295e+02
1.770429058726722644e+02
1.705409179956955654e+02
1.784432576017911458e+02
1.779554081996818411e+02
1.668568656561614887e+02
1.730703823574748128e+02
1.686375640235229980e+02
1.737122197759379958e+02
1.747571664665037758e+02
1.680040661125352983e+02
1.636181824387224708e+02
1.796172820347470633e+02
1.736205791140428687e+02
1.751437251746648087e+02
1.742221298049730365e+02
1.792059767820812226e+02
1.748326869911181234e+02
1.768902446091678371e+02
1.680781579377011212e+02
1.724032778267005881e+02
1.743980295432567402e+02
1.722428391964517118e+02
1.716559827633243174e+02
1.732107752631967514e+02
1.780692911271378307e+02
1.758326841556797149e+02
1.639135709310410505e+02
1.687063598555417343e+02
1.742225122546734326e+02
1.690457120137301672e+02
1.795263156745211290e+02
1.689918384361782842e+02
1.743445579566467813e+02
1.747442069328324123e+02
1.717419464548305541e+02
1.694747136684104305e+02
1.732933235237508427e+02
1.737745425192319999e+02
1.751963475186678920e+02
1.720945929860945114e+02
1.760773706387149105e+02
1.743858579807407523e+02
1.762575006949927285e+02
1.703193535244555790e+02
1.723830914786034327e+02
1.730648860789492574e+02
1.727280259266170219e+02
1.672235551428533427e+02
1.684051985656448380e+02
1.689220447959731359e+02
1.620382530920504678e+02
1.673446684504932591e+02
1.753173121759926403e+02
1.751733247768856074e+02
1.759059202167469778e+02
1.779940912672090860e+02
1.701955010115379423e+02
1.686964763824190925e+02
1.741153997984377781e+02
1.731488669131532276e+02
1.751134027845378967e+02
1.773977947361717042e+02
1.611371098222886360e+02
1.707322230453321765e+02
1.849306257058880760e+02
1.727185308402641510e+02
1.649682070375544924e+02
1.683090532503586303e+02
1.742623329435032531e+02
1.674377377340104545e+02
1.720861942412144856e+02
1.715331174121245397e+02
1.657782214263165201e+02
1.738183012329457995e+02
1.767022847482274983e+02
1.667872408707310399e+02
1.684916887464937361e+02
1.678691021266546670e+02
1.765446569290696175e+02
1.782551920369114384e+02
1.756271215461946156e+02
1.765062173774149983e+02
1.808336093880540716e+02
1.750040516053156239e+02
1.725453399200404476e+02
1.693377916486645347e+02
1.733679694409777881e+02
1.842013849613078946e+02
1.789936978813291262e+02
1.627052853304791995e+02
1.804892409061301066e+02
1.860739283104654191e+02
1.746605689533458587e+02
1.709390291490052789e+02
1.725977724468735630e+02
1.738296980921666375e+02
1.771204239187338203e+02
1.642030637765793131e+02
1.696176103334187815e+02
1.855526411494408308e+02
1.675995032279726331e+02
1.744651510010387199e+02
1.811548159995901415e+02
1.759773334413208090e+02
1.800048126906275741e+02
1.714809139703645826e+02
1.734449668492585204e+02
1.707436596762793215e+02
1.702476447726939455e+02
1.781190790540974547e+02
1.691567159307934958e+02
1.688579157543545932e+02
1.726608114291352081e+02
1.741606391845039923e+02
1.699217435108495238e+02
1.669005912428379474e+02
1.729569978683271927e+02
1.677817985215780254e+02
1.693402803108919557e+02
1.653296633096145172e+02
1.828506440311985273e+02
1.767548573881315406e+02
1.775004675690424563e+02
1.730400297399054068e+02
1.729765077337105765e+02
1.760356903273777220e+02
1.691546083683176107e+02
1.744904116861870023e+02
1.737273917181967704e+02
1.769142183524342329e+02
1.753703718305396819e+02
1.703952429397196511e+02
1.782255565645120896e+02
1.580689260774812794e+02
1.766818498520864011e+02
1.685229853644213733e+02
1.790798186768891185e+02
1.686084567277925714e+02
1.790140033399495110e+02
1.767384959909105078e+02
1.691009923847407208e+02
1.699581643005100489e+02
1.858934120403524446e+02
1.806256182342030172e+02
1.734782080408342324e+02
1.754757815558780010e+02
1.639327128881088811e+02
1.743019650139115129e+02
1.756806015121268274e+02
1.696373583604762132e+02
1.729126563313146221e+02
1.755437282702405923e+02
1.809458739058723324e+02
1.784912589686522324e+02
1.771264604060390013e+02
1.731658034151796528e+02
1.735450665923400777e+02
1.703552419271622682e+02
1.752319157254393360e+02
1.657140010657848279e+02
1.747887209949182648e+02
1.668239345916888396e+02
1.765581810806747569e+02
1.707616145619210499e+02
1.835169406792583118e+02
1.718573665653949263e+02
1.742690888501807365e+02
1.754455127836638724e+02
1.707315648337830396e+02
1.719988484573354128e+02
1.717500254087453015e+02
1.736561649728057262e+02
1.719979136016019083e+02
1.719562253314144868e+02
1.796438556865530529e+02
1.709399867544453571e+02
1.812524527763276865e+02
1.646874899348727581e+02
1.683087455091069558e+02
1.668255193959921314e+02
1.699785392911850295e+02
1.790719258489950789e+02
1.732351793506130377e+02
1.789129424830865389e+02
1.719630079457799923e+02
1.818000589977542916e+02
1.642788657026487726e+02
1.768768136789718710e+02
1.684988292216181378e+02
1.740890962982431631e+02
1.781454638836485458e+02
1.793202666065881203e+02
1.721255502044943739e+02
1.793859638926522564e+02
1.731462914854796793e+02
1.759101088127548280e+02
1.711589733656129511e+02
1.758736122388633021e+02
1.767894510486545130e+02
1.684857672385145122e+02
1.784401159941158710e+02
1.769590394132281403e+02
1.785151093946259664e+02
1.765180262903585344e+02
1.862721829118264054e+02
1.713981364665763749e+02
1.733629773083954149e+02
1.739607087607041365e+02
1.756010979928674658e+02
1.697536183102857592e+02
1.750000131445271165e+02
1.769389346352097334e+02
1.769987910215068894e+02
1.850358888426023896e+02
1.751328999751082449e+02
1.761241685350665307e+02
1.742107381123298069e+02
1.786950320893647302e+02
1.691730516814137104e+02
1.719604118700783033e+02
1.671852162424669643e+02
1.766912612628888439e+02
1.789921223553982657e+02
1.651132920446807759e+02
1.766030510334074393e+02
1.677272975510846891e+02
1.721959876329722192e+02
1.691799160386866561e+02
1.721778131354900836e+02
1.689888535056045953e+02
1.789568525153023870e+02
1.611750997141299138e+02
1.759648823087306369e+02
1.774702996029027986e+02
1.771403752709553601e+02
1.766414525141074137e+02
1.729907347370059654e+02
1.816027118704792542e+02
1.728547792321794248e+02
1.780505065253474584e+02
1.730903507730220952e+02
1.707370162091631869e+02
1.716261504823040980e+02
1.765773039157685105e+02
1.708096426219395880e+02
1.757994172720106292e+02
1.756770133860493672e+02
1.690818201958103657e+02
1.779668300983146310e+02
1.765649538453810123e+02
1.721786673323806554e+02
1.662794711193763249e+02
1.850284743553926603e+02
1.775752364737112714e+02
1.673650977614852593e+02
1.727565253087141173e+02
1.679258537163714209e+02
1.658323811632906768e+02
1.668966859735543551e+02
1.706554109369259322e+02
1.694344667341622426e+02
1.681087224772038837e+02
1.801372384013363614e+02
1.706994752678772045e+02
1.813888321405941326e+02
1.770147273439904723e+02
1.693151182431464292e+02
1.696461806407195638e+02
1.682950661383081581e+02
1.754057682109962286e+02
1.721563534068019976e+02
1.797472552578305169e+02
1.686127149323154981e+02
1.715986177255344387e+02
1.671079431552825270e+02
1.702549287161443203e+02
1.743304019058690244e+02
1.777117208230681911e+02
1.875049859400223511e+02
1.685998323617599226e+02
1.730093590248008866e+02
1.753220992416106014e+02
1.684539417843693911e+02
1.745942622120629153e+02
1.719358225967688156e+02
1.698159981945153163e+02
1.818094301743715278e+02
1.728156044371195037e+02
1.790443039368971654e+02
1.697592861628505432e+02
1.732165412513620026e+02
1.849928377895286928e+02
1.731381703778433234e+02
1.652154439512069928e+02
1.770514677268526498e+02
1.739642483295772593e+02
1.685346578638691426e+02
1.777962146536568184e+02
1.641859200496483027e+02
1.656320352836293353e+02
1.693287294769731943e+02
1.698967101399776993e+02
1.688425745496712409e+02
1.687697183721348608e+02
1.713912740815478912e+02
1.775458993499142935e+02
1.783930069209256715e+02
1.752822443044317993e+02
1.720018467462820695e+02
1.687611211636432245e+02
1.816553768437927374e+02
1.797917013980914476e+02
1.684889021169487364e+02
1.640274884867848471e+02
1.677813416841782441e+02
1.825706345409203379e+02
1.699044130579725049e+02
1.813999194605082721e+02
1.742854295487129548e+02
1.684581479409654889e+02
1.651613244373731959e+02
1.751660207747316633e+02
1.763163999950810705e+02
1.678837500329273951e+02
1.719202033026187166e+02
1.679858886449247279e+02
1.787395617991082020e+02
1.768446040795504928e+02
1.689769037768533337e+02
1.705273263574521536e+02
1.808797016434171780e+02
1.762331417623003915e+02
1.801566613068929996e+02
1.685217790379521716e+02
1.757112128593047657e+02
1.633471930033701369e+02
1.763835847039473208e+02
1.792219636823820963e+02
1.703378781847039249e+02
1.720893715352559354e+02
1.693585938625725191e+02
1.697652349023072986e+02
1.716913457210449678e+02
1.790252305221836480e+02
1.690572069095891550e+02
1.684395409628877189e+02
1.709127221355789175e+02
1.693844540481419756e+02
1.741418050935477027e+02
1.743508033397695840e+02
1.644460601796972696e+02
1.663944430438270672e+02
1.720280322779905191e+02
1.728199730395875520e+02
1.635906005547636255e+02
1.758870774925463536e+02
1.689534455929283752e+02
1.751872305962346275e+02
1.727086581976049899e+02
1.754582562830372581e+02
1.807831879524514989e+02
1.734691981452866401e+02
1.740906841475362796e+02
1.708065447632898781e+02
1.720908118961807531e+02
1.748022169066373408e+02
1.700055530765922924e+02
1.797638566174421442e+02
1.722421160703685246e+02
1.694404157422929700e+02
1.663620976790023747e+02
1.653067707822349632e+02
1.720353190479592911e+02
1.776314563634163051e+02
1.712675744251789354e+02
1.736099015942544668e+02
1.667136967090739859e+02
1.727044925296840745e+02
1.703683414339368767e+02
1.678436231478504794e+02
1.748306613789733888e+02
1.786888147436231122e+02
1.805686299081351649e+02
1.701561245286996780e+02
1.799319521211945130e+02
1.706198762772354769e+02
1.748165471652623637e+02
1.703464613101596399e+02
1.676696916791245826e+02
1.751303508691792388e+02
1.859037850549221957e+02
1.606758145425562248e+02
1.736488328598141209e+02
1.694041377164483890e+02
1.783447030779728664e+02
1.666035957825972105e+02
1.727824859899226055e+02
1.669226854341373780e+02
1.766770083402442992e+02
1.685312753672437225e+02
1.753579922265176094e+02
1.764129866674362859e+02
1.717828942159259213e+02
1.809095910752683949e+02
1.734007183580299625e+02
1.651335394530082397e+02
1.694592783673089400e+02
1.804369292097558457e+02
1.700710871785671827e+02
1.813982424193783913e+02
1.677253103990955196e+02
1.687095446675832022e+02
1.708544437387377002e+02
1.719569995400240714e+02
1.644752845175026437e+02
1.728813537603932389e+02
1.716751164032017414e+02
1.708019638027803637e+02
1.707783454572983715e+02
1.722273104870296265e+02
1.761593372328912608e+02
1.694461613702935665e+02
1.732860996876229649e+02
1.787248219148772534e+02
1.637498258159065472e+02
1.659069181585189199e+02
1.693290523549936495e+02
1.660784115910392700e+02
1.781499240480596598e+02
1.684555670580333810e+02
1.780734328445573738e+02
1.734924346876671564e+02
1.728023384974484031e+02
1.691003779971161407e+02
1.751259870150901179e+02
1.654879133412470082e+02
1.726430124140113662e+02
1.667966775017461032e+02
1.755931402050103429e+02
1.784087707330785975e+02
1.651414258598231584e+02
1.739174371727597759e+02
1.749943891813510390e+02
1.746186616739119302e+02
1.737874685605733021e+02
1.631358081433882035e+02
1.716239215587877425e+02
1.794533171461965537e+02
1.680368380388277956e+02
1.794356978772052855e+02
1.715250768704652558e+02
1.737703344783335524e+02
1.737424792872875514e+02
1.736224058780387338e+02
1.757955455921178327e+02
1.674595715525981632e+02
1.766893291332148124e+02
1.704769252176402574e+02
1.766469379587662445e+02
1.792344460193041016e+02
1.792561839870244853e+02
1.728431141246699667e+02
1.769714585563455387e+02
1.744432474454397379e+02
1.794151445465816153e+02
1.813943065907353969e+02
1.676023338403592220e+02
1.715251375519972612e+02
1.770708173621296453e+02
1.842530849775222919e+02
1.668131756994304169e+02
1.792086929698570543e+02
1.733307689975137578e+02
1.705084017038101933e+02
1.665324291245951258e+02
1.738178487851060083e+02
1.791426036247378306e+02
1.763777763519141217e+02
1.733777840870019702e+02
1.664606317696314477e+02
1.760783751910596493e+02
1.713983701565466333e+02
1.718070486254431444e+02
1.725504705946423201e+02
1.706754151483696091e+02
1.771605493844334944e+02
1.738945742392725151e+02
1.576033297478986128e+02
1.785221337924551506e+02
1.746227939060225651e+02
1.696733782237532466e+02
1.814536668033619264e+02
1.774163008642424870e+02
1.748116374942867139e+02
1.617930002836009180e+02
1.782709261812554473e+02
1.682154276719413417e+02
1.701467343486464188e+02
1.713890382562529737e+02
1.785179611189085449e+02
1.655404434940409715e+02
1.803225739125640530e+02
1.683034176864121321e+02
1.628313599429640419e+02
1.782163482212225176e+02
1.757935254575930628e+02
1.717246293860825688e+02
1.771915928909716058e+02
1.716139330374797396e+02
1.728275864676200229e+02
1.786886773591747328e+02
1.653728615476535140e+02
1.680374035274600999e+02
1.746146413972558662e+02
1.754961813888662050e+02
1.725129123344032962e+02
1.698416331356371245e+02
1.784989253222450145e+02
1.717583977973901312e+02
1.666228214498775344e+02
1.823172657779819872e+02
1.789206395318975638e+02
1.681736429656793064e+02
1.769115952688814275e+02
1.788093224330960709e+02
1.718091317657673187e+02
1.667803574098434467e+02
1.827957703637422071e+02
1.709198471987986352e+02
1.744336189228244223e+02
1.744718118399479749e+02
1.671325750712660465e+02
1.716830487451657916e+02
1.816033527942362866e+02
1.709223434143876830e+02
1.763738877188170022e+02
1.687448067827339173e+02
1.836382557216464306e+02
1.723433089270245659e+02
1.718171195385247074e+02
1.699878028228901030e+02
1.692623339685047767e+02
1.660368390906869251e+02
1.576680710450816321e+02
1.738492953284956002e+02
1.824813339071521909e+02
1.690166406772441974e+02
1.841142204805103688e+02
1.762482519262594849e+02
1.743196629905048951e+02
1.683991275723766705e+02
1.713543547668736551e+02
1.728864346244927503e+02
1.674547225829850845e+02
1.689484478805409253e+02
1.679558108710359079e+02
1.812359369088017331e+02
1.770067563616025552e+02
1.685836104356758369e+02
1.694664839200566178e+02
1.675098365487510819e+02
1.789826858466441024e+02
1.770410923795591032e+02
1.686807546780913754e+02
1.778552929406581882e+02
1.758599484912188586e+02
1.778689847393053185e+02
1.806422268771759718e+02
1.709905610987426314e+02
1.791742285179244902e+02
1.712540739484284416e+02
1.647063297295279085e+02
1.786862422823348027e+02
1.755106856453097350e+02
1.706001285924013473e+02
1.743065807903313384e+02
1.762260210554434536e+02
1.753768162149347347e+02
1.749055920937702240e+02
1.722043315427183074e+02
1.702516215474352066e+02
1.834427598657757983e+02
1.726241296564323306e+02
1.815100096012087079e+02
1.704967033446833398e+02
1.701869943505249694e+02
1.726824262771886254e+02
1.620487793288366447e+02
1.707915728921193761e+02
1.754023518533847721e+02
1.692534962998166179e+02
1.666899649805395711e+02
1.756178546301376002e+02
1.725110034796849448e+02
1.821371771578868959e+02
1.779663691030952748e+02
1.764494917746899034e+02
1.666204323389319200e+02
1.702164586646620421e+02
1.713986466611719379e+02
1.756107441722663793e+02
1.752202648070663713e+02
1.699345900770389051e+02
1.767181527330224640e+02
1.639492296855050029e+02
1.834515980816784690e+02
1.830980453488990634e+02
1.688092884253327668e+02
1.727346410373815218e+02
1.701641683612971292e+02
1.754329897871352557e+02
1.687629665986599434e+02
1.714930694413343133e+02
1.789752413920080869e+02
1.679678814771536395e+02
1.734121544648733959e+02
1.850024703265772530e+02
1.725153630358252599e+02
1.670743482064425507e+02
1.773643296450155731e+02
1.790611464219599327e+02
1.725460279972687374e+02
1.740281107901396638e+02
1.772085907587435827e+02
1.841959445081201636e+02
1.840687910083368024e+02
1.743985426948671886e+02
1.712406619608816811e+02
1.749133669554870778e+02
1.719393473779229566e+02
1.769608561779002969e+02
1.781843271999425724e+02
1.663847365491382106e+02
1.767213676231923785e+02
1.671911358749924830e+02
1.723774041277816025e+02
1.759705613018496990e+02
1.683283601096685800e+02
1.737461052100551626e+02
1.728096806528096181e+02
1.786143071623137928e+02
1.826535552146108330e+02
1.770395476895549223e+02
1.696284954939891918e+02
1.786648551293305331e+02
1.750776587790694236e+02
1.648292027206383921e+02
1.762353752059309500e+02
1.766604872051946700e+02
1.751641802715901974e+02
1.765032827984353787e+02
1.749817512799371002e+02
1.632514097826044122e+02
1.769805039856523194e+02
1.738830666263619946e+02
1.742909516855790741e+02
1.781368842537387138e+02
1.713455718492373876e+02
1.784674179370273919e+02
1.744449135984919792e+02
1.753071054901229502e+02
1.843257973112766024e+02
1.702889750669784519e+02
1.810696172019410710e+02
1.596390366706052930e+02
1.734246905135952375e+02
1.763853123556909281e+02
1.830014634406386449e+02
1.719881592265175811e+02
1.754503167253524794e+02
1.783253844082927060e+02
1.759067956414415050e+02
1.759439803649893861e+02
1.768810178425270010e+02
1.760410047195810535e+02
1.742048012897903391e+02
1.734836420194004063e+02
1.729636207052100190e+02
1.703190736849109044e+02
1.716569465312423688e+02
1.778108107098296955e+02
1.682525574986258050e+02
1.628311480424568174e+02
1.771403019856930996e+02
1.648020551933104230e+02
1.677354512248703600e+02
1.768544104918311177e+02
1.750065476173732861e+02
1.754090357040827257e+02
1.673292063015694566e+02
1.730243472777364389e+02
1.801027928344128384e+02
1.745431207593227896e+02
1.780491174233950744e+02
1.720155298205795873e+02
1.808136776314529186e+02
1.677625631569738118e+02
1.772951343303883505e+02
1.763309368279991247e+02
1.646318371176308801e+02
1.685034279836537223e+02
1.745260283911603949e+02
1.768979905109762285e+02
1.659549847042399620e+02
1.795208958434470787e+02
1.660720590359811979e+02
1.711654001566767533e+02
1.751058001458945625e+02
1.720720023697411989e+02
1.781947490633280324e+02
1.749792758625074498e+02
1.756185165504150234e+02
1.648626747283791190e+02
1.802055744273974653e+02
1.670861341297887463e+02
1.646973735910906953e+02
1.837202506962082111e+02
1.791843036900255299e+02
1.763805072604819770e+02
1.714971921145294971e+02
1.838378817958358411e+02
1.692727008028599300e+02
1.753160048463470559e+02
1.783080209837067969e+02
1.778705707738597823e+02
1.688927118362654483e+02
1.746843946442640174e+02
1.679313005456870656e+02
1.703366574559355513e+02
1.777368032782518981e+02
1.763638134671924433e+02
1.711486244633234719e+02
1.740170402982578537e+02
1.695245275496205295e+02
1.698528326445769778e+02
1.701917238001456667e+02
1.687423356700754198e+02
1.774238041118804006e+02
1.684750186899835853e+02
1.685647270207969939e+02
1.722987896223616531e+02
1.659896241309765799e+02
1.709821090611397949e+02
1.745458610944306201e+02
1.798692770009436117e+02
1.768658800542368112e+02
1.761627970395810792e+02
1.810527089838851396e+02
1.773085305827166565e+02
1.701795891985100297e+02
1.738150306412133546e+02
1.689998432879840777e+02
1.719538488816197628e+02
1.772971760918333075e+02
1.589263704958339929e+02
1.657049598313743388e+02
1.687932684118252666e+02
1.717504964425301921e+02
1.726339185338247546e+02
1.705978001755058528e+02
1.817715050243959070e+02
1.701586639183602756e+02
1.650739914870525240e+02
1.727539134153350915e+02
1.695164973871362690e+02
1.765169632013772230e+02
1.735094100358385845e+02
1.782726918716198838e+02
