7.597542851020263299e+01
7.577783789475002152e+01
7.872320488487554258e+01
7.668660852414143392e+01
7.786042204020613156e+01
7.661712522273117543e+01
7.431573761230426101e+01
8.102418300767831738e+01
7.790319872259289014e+01
7.709372376202134092e+01
7.705675814397007173e+01
7.517274794918859016e+01
7.851232688490780731e+01
7.892911581636045071e+01
7.993234717492407526e+01
8.226294892757260868e+01
7.811202151471485422e+01
7.420031611643420888e+01
7.626125377026211538e+01
8.098492974214366313e+01
7.696709242681056651e+01
7.521412905347102651e+01
7.724636895499145339e+01
7.824266048245787886e+01
7.550639347527710754e+01
7.706700233880110318e+01
7.824859120735169427e+01
8.068957777938666709e+01
8.010450898668651121e+01
7.923594004104081989e+01
7.821002408762763025e+01
8.046113435487578158e+01
8.155504484502698404e+01
7.213643041341219941e+01
7.450693123167994258e+01
7.441483079542797441e+01
8.078972841791109261e+01
7.237771362089100080e+01
7.701509898408637866e+01
7.196910765019700307e+01
8.219924502430852442e+01
7.264286819931332673e+01
7.187934376048362139e+01
7.556688233510925556e+01
7.556614092541944672e+01
7.786822647942851461e+01
7.446469460523462658e+01
7.717607846532382609e+01
7.524042277328661044e+01
7.801457915578542668e+01
7.654355835694904897e+01
7.452670679083540506e+01
7.392609186210719940e+01
7.726881999262580791e+01
7.836043863604676574e+01
7.609307849405180946e+01
7.563298162572773720e+01
7.755751712410754806e+01
7.637493618461385836e+01
7.525642050789326731e+01
7.561854401360965028e+01
7.842862499550946609e+01
7.728987985892626966e+01
7.841471829599301202e+01
7.597757245714335284e+01
7.592451525956428782e+01
7.868890253652151046e+01
7.733132557037151855e+01
7.584455007040278929e+01
7.810237717357446741e+01
8.081486912841106118e+01
7.841426389199715175e+01
7.814021477782564773e+01
8.016384303674745127e+01
7.536242277454756788e+01
7.920248540201112064e+01
7.849216809650835103e+01
7.686581881159946761e+01
8.344431805064716912e+01
7.828705850408354650e+01
8.037313672059374881e+01
7.651974032965706840e+01
7.697492055712235981e+01
7.556765329395608433e+01
7.582323295752692616e+01
7.816795809383710036e+01
7.522969273115387523e+01
7.653999228023651824e+01
7.390917614837931637e+01
7.262081355010998607e+01
7.572281530591847343e+01
7.962458731061005324e+01
7.708512096788651036e+01
7.684900481074328127e+01
7.823053538784003536e+01
7.480857871387176772e+01
7.372683661150051648e+01
7.581611167437394272e+01
7.694937205062527141e+01
7.396370726884252633e+01
7.903162422103386575e+01
7.620251246639820408e+01
7.782641938460190545e+01
7.640593363818912565e+01
7.893752067325647204e+01
7.858050835442631410e+01
7.682873350024507886e+01
8.015614605960404049e+01
7.500382086093148359e+01
7.404589313062916744e+01
8.033379765160785269e+01
7.705096046208913663e+01
7.293132278338572405e+01
7.410423118677269372e+01
7.399257250563680088e+01
7.781673798604194303e+01
7.632101415949597367e+01
7.546252208607758405e+01
7.422084580392198916e+01
7.660668605091750294e+01
8.051430592701061073e+01
7.973995433949109213e+01
7.691128806821468800e+01
8.136575630226718658e+01
7.423697893045651597e+01
7.903158332119218699e+01
8.227743787092438765e+01
7.708530349969909423e+01
7.448157206101616623e+01
7.721435300871634411e+01
7.711196728807580314e+01
7.590646879569418104e+01
7.693726400100834439e+01
7.935304384361234042e+01
8.012402999130212322e+01
8.178124842542690942e+01
7.342152988838090266e+01
7.945131477218450300e+01
8.024453874313017820e+01
7.948889843825428159e+01
7.460584551064692960e+01
8.091718251746374335e+01
7.793437623013613802e+01
7.872537901258861837e+01
7.543176561509912403e+01
7.488023212502011461e+01
7.949062308818929523e+01
7.546267242416318766e+01
8.148009456928755867e+01
7.334528357495815953e+01
7.895326189717529530e+01
7.402407476717640122e+01
7.853571142105465697e+01
7.903769973156796880e+01
7.790021473330416768e+01
7.532401538175766120e+01
7.651555000554785124e+01
7.663168765561557905e+01
7.783137498338381022e+01
7.918342118899646209e+01
7.898335210259904215e+01
7.636860220976264202e+01
7.711045426276550074e+01
7.639537246087829203e+01
7.718519485355068355e+01
7.443301784773642282e+01
8.053351746729262572e+01
7.359272305893222210e+01
7.752143560369867714e+01
7.612725163169359632e+01
7.836675050093924710e+01
7.353419584334025672e+01
7.718308560643458804e+01
7.481561181766436164e+01
7.701021903341359121e+01
7.735911715026500701e+01
7.830421915062794369e+01
7.307450216922684660e+01
7.816554649190052828e+01
7.699984272601548696e+01
7.634756641868339955e+01
7.918286451599136910e+01
7.225179785819523204e+01
8.250700294613767483e+01
7.536211193358975891e+01
7.373483262477719791e+01
7.899029164808494841e+01
7.504673352352939730e+01
7.990199462914708306e+01
7.438838711780068991e+01
7.681281475672145120e+01
7.560690035920519847e+01
7.667254149512000083e+01
6.967866543836461801e+01
7.675504461058390859e+01
7.643621689264827523e+01
7.923258541715634351e+01
7.797844859322749755e+01
8.065494401237663169e+01
7.802564688116557079e+01
7.912556832516365546e+01
7.481242112351591800e+01
8.091846247435839246e+01
8.062583799265220819e+01
7.304651395013360116e+01
7.511674414987638215e+01
7.703012485283520050e+01
7.582799239647121681e+01
8.056693694329678124e+01
7.478224108403776427e+01
7.800324835781624699e+01
7.555196006592517222e+01
7.661133422480899924e+01
7.483312758887602456e+01
7.615528134916890224e+01
7.440855971055476914e+01
7.661543454250420382e+01
7.720029996212373646e+01
7.011165537603254450e+01
7.656855001635935309e+01
7.902534212909601763e+01
8.123430395104354318e+01
8.115041878749720183e+01
7.720398780519813897e+01
7.967016422627725092e+01
7.927418616456039047e+01
7.914475805388330798e+01
7.655806024329157822e+01
7.681542269858161376e+01
7.548987922397286354e+01
7.849108802198207968e+01
7.779883320046977246e+01
7.669419549157979077e+01
7.486153123243728658e+01
7.887014341911577731e+01
7.315831543626273969e+01
7.866745829039706450e+01
7.773609677481988456e+01
7.945679085149359366e+01
7.466949517509998202e+01
8.003918129028245687e+01
7.253756960540744103e+01
7.712369452732814068e+01
7.953740260085274372e+01
7.481752809846867081e+01
7.751774953825020020e+01
8.206737407157510233e+01
7.473343933110267301e+01
8.407489696208570251e+01
7.507251797154435735e+01
7.643331732063522566e+01
7.708330746848774595e+01
8.137795648436683393e+01
7.945251919877016178e+01
7.722823570281190086e+01
7.923201134199911166e+01
7.762707487517755567e+01
7.770392728378993752e+01
7.887677823409038069e+01
7.917725882958649208e+01
7.706122973210044336e+01
7.698466377869840471e+01
7.954705385343891066e+01
7.855535246492657109e+01
7.182594042254540057e+01
7.726510576148187681e+01
7.863185159858012696e+01
7.808863793813362975e+01
7.876568014693857833e+01
7.761694721695286603e+01
8.103300250122465798e+01
7.765216384367148805e+01
7.427500354177138320e+01
7.586135832849949168e+01
7.687864280449603882e+01
7.564532511810541848e+01
7.682226896354509904e+01
7.965189207611001621e+01
7.753655494094887501e+01
8.119280483518117819e+01
7.639412928775965383e+01
7.667551989674899460e+01
7.664014613593663228e+01
7.495275188550309053e+01
7.871889776818562723e+01
7.323524759072140000e+01
7.604446664752434515e+01
7.235152578996179784e+01
7.700702648315269983e+01
7.416737236512135212e+01
7.741724650453319612e+01
7.895308204760088699e+01
7.493288734963977049e+01
7.525821964717759727e+01
7.450302362154816649e+01
7.587614774474732826e+01
7.705680159048019107e+01
8.205211123809561968e+01
7.832120174860187944e+01
7.508256856947710389e+01
7.947411725005029837e+01
7.680241602456118244e+01
7.095690551143502489e+01
7.207726505498216341e+01
7.729556296187742248e+01
7.371647341284267441e+01
7.898670219297720507e+01
7.595026399003394602e+01
7.503696605735503056e+01
7.801218638868897415e+01
7.206957239919425717e+01
7.896017009344635085e+01
7.474023754548764487e+01
7.658729017688619933e+01
7.711416193223186610e+01
7.598306646549467303e+01
7.664120452513029136e+01
7.806355724730028101e+01
7.876808644694574468e+01
7.776912041865375613e+01
7.633167518883206526e+01
7.487719509240830007e+01
7.570460141052157610e+01
7.767954762543593006e+01
7.596841568445130122e+01
7.043433880764010269e+01
7.684138936284170995e+01
7.621488844369059734e+01
7.378775075521107851e+01
7.863616981276925344e+01
7.449454224949182901e+01
8.272654260242971702e+01
7.669950528253234268e+01
7.962592291554339852e+01
7.452472709031258091e+01
7.668292109477863505e+01
7.784749126700386057e+01
7.993409949429140227e+01
7.566008456411850602e+01
7.083360893957912197e+01
7.841510789943512805e+01
7.786220758683970189e+01
7.181092455541536879e+01
8.151328868941988048e+01
8.004122232460025543e+01
7.877829899073287834e+01
7.756063842100574846e+01
7.000149099876453818e+01
7.479334429336957157e+01
7.787775615971116849e+01
7.760122983619453407e+01
8.040714885624302610e+01
7.980572358756080575e+01
7.134581499729614507e+01
7.893618444039165638e+01
7.609416844066868180e+01
7.513083629095078209e+01
7.811855572007189608e+01
7.879812494200334072e+01
7.717749433846765328e+01
8.219327160405438804e+01
7.661815180843754547e+01
8.015341199743886591e+01
7.836383158631110746e+01
7.562358533010180395e+01
7.574959631701959495e+01
7.863223845884095908e+01
7.869416047228187949e+01
7.256100408514674882e+01
7.783387461017190390e+01
7.496093536772744415e+01
7.620253343492149156e+01
7.848073378135075018e+01
7.980291988284893989e+01
7.757852811384681502e+01
7.642652321019602368e+01
7.482062907000853613e+01
7.775754474604393351e+01
8.042239669395300439e+01
7.496400671570079055e+01
7.812686454961027493e+01
7.782177841955108022e+01
7.739236967396941225e+01
7.545178131282540335e+01
7.988432876409714822e+01
7.778751953574955280e+01
7.619926242113251647e+01
7.449127740675211840e+01
7.766459676722647032e+01
7.555435477527433363e+01
7.790183374540370664e+01
7.986041224955779683e+01
7.894488495685598650e+01
7.690034519213878639e+01
7.458654597344842330e+01
8.157236190214997862e+01
7.961660022596910835e+01
7.559689131909397020e+01
7.705826186873802897e+01
7.791547865032065090e+01
8.475186488331317491e+01
7.773831751857433403e+01
7.514424348473029625e+01
7.385873204549133675e+01
7.352033429486752425e+01
7.810857953178776825e+01
7.504503271494978378e+01
7.852118450822004547e+01
8.009175131111832968e+01
7.549511814456040781e+01
7.731854848520384849e+01
7.684575091732428120e+01
7.598273277648155499e+01
7.603298393965418711e+01
7.769430050188178427e+01
7.481302898200844709e+01
7.950512925811609932e+01
7.660598826715957443e+01
8.198523942495646111e+01
7.244927123067132868e+01
7.390103876732619881e+01
7.749450558823430413e+01
7.588203771913272533e+01
7.827795929724922530e+01
7.503381484204594187e+01
7.478199320827752672e+01
7.820585442422846256e+01
7.829782636362307358e+01
7.310281062131659269e+01
8.154272756257691412e+01
7.431447106472474218e+01
7.834446774316917583e+01
7.603050470339834987e+01
7.560537982806171442e+01
7.859796393010867632e+01
7.772884447895955873e+01
8.316453789365164084e+01
7.523485906602948603e+01
7.584361359437754402e+01
7.705410169118745500e+01
8.316472364672154072e+01
7.349888357889228985e+01
7.394991934334575490e+01
7.633265443563094266e+01
7.507979251387338593e+01
7.761503879862254962e+01
7.849971193816192283e+01
7.729826238182555187e+01
7.500127063265759375e+01
7.905437168054915276e+01
7.647971236175106924e+01
7.462438542430749067e+01
7.890840961622581062e+01
7.624028014320113300e+01
7.397400891120264532e+01
8.048002078403160908e+01
7.695346229072374911e+01
8.004884423915306968e+01
7.720343580205087619e+01
7.678761106527961999e+01
7.773937288083222086e+01
7.916878028270794232e+01
7.487737002156490007e+01
7.779835540730692856e+01
8.010992724629547013e+01
7.774951056501976154e+01
7.490954375658377273e+01
7.700404244824268574e+01
7.754805169176353274e+01
7.595041733182745247e+01
7.627421004322324904e+01
7.758084582924263373e+01
7.932219472675903660e+01
7.155538316114302688e+01
7.995925664678270550e+01
7.930521086389443042e+01
7.916518790848188303e+01
7.573952709149521922e+01
7.776387991100085628e+01
7.520007771188379309e+01
7.380950867317308450e+01
7.606896660428976986e+01
7.159974881778292399e+01
7.945035805183421473e+01
7.331108746462265913e+01
7.526870431087044722e+01
7.704212340911439583e+01
7.457732907193231142e+01
7.931663350076577501e+01
7.815748892029553474e+01
7.981892964775806831e+01
7.432460623949755529e+01
7.804653509349563478e+01
7.758816968487504084e+01
7.791013796621645326e+01
7.683020748383617615e+01
7.965159612423477142e+01
7.946135621188903997e+01
7.823537640311121777e+01
7.701295428971066315e+01
7.277847202558949391e+01
7.783044762344920287e+01
7.871185293610109568e+01
7.689799057228238155e+01
7.337955614166638441e+01
7.545276191511453590e+01
7.492745902485086162e+01
7.280243910247421013e+01
7.299328812891293694e+01
7.578354222665117845e+01
8.262478152728348846e+01
7.859773169349121247e+01
7.917771399350966988e+01
8.151717368185653356e+01
7.953946206922132944e+01
7.429875880083783102e+01
7.812607974765252550e+01
7.438469723870963435e+01
7.645264122013053054e+01
7.945724527654401470e+01
7.648614956920759766e+01
7.369566801118681099e+01
7.787275289835277192e+01
7.647709912381637309e+01
7.337927470418736675e+01
7.660720024877251433e+01
7.275775128770224853e+01
7.489291674270170063e+01
7.627255295951268010e+01
7.532399052623665625e+01
7.156061961217938006e+01
7.809014263563972236e+01
7.586349851456992610e+01
8.208692692039203109e+01
7.870569377821408352e+01
7.421181992168044417e+01
7.673502860693264438e+01
8.216837696295527849e+01
7.823850264329129800e+01
7.802035089721427141e+01
7.594463685247653473e+01
7.955790741769757801e+01
7.902450199808471609e+01
7.399516568088208146e+01
7.561154376534710764e+01
7.522622209993957654e+01
7.587633369486117374e+01
7.710520661784320851e+01
7.905499437941406882e+01
7.591984179865723092e+01
7.462540696496161274e+01
7.811106627040318529e+01
7.768855260816378916e+01
8.081124962043566029e+01
7.906099278223828719e+01
7.607829275086895393e+01
7.690305776030936613e+01
7.552671934651777974e+01
7.615201200594583497e+01
7.554825867582280807e+01
7.381233755905947191e+01
8.065457137993317360e+01
7.616184384507673144e+01
7.555537183019319514e+01
7.641783328842545586e+01
7.706229435941715167e+01
7.643930541858536287e+01
7.804909167565057260e+01
7.847531810022086063e+01
7.664523136674310422e+01
8.004969275883227908e+01
7.720388807005484466e+01
8.019490446932783811e+01
7.636164053940187557e+01
7.957135968427463979e+01
7.620528058823742867e+01
7.919008289146671586e+01
7.488009890353225728e+01
7.329068142276153708e+01
7.637324798293879269e+01
7.627716105363472820e+01
7.805855358192340532e+01
7.521853462754134512e+01
7.932591860249905835e+01
7.606411288727950648e+01
7.842231207561842155e+01
8.216683537997840858e+01
7.886680263791123480e+01
7.492160009904343099e+01
7.685083801945602033e+01
7.530450428938969765e+01
7.835518543282728388e+01
7.620375601892349948e+01
7.805011192698691502e+01
7.935170399604247393e+01
7.993362340625010631e+01
8.319378085764552111e+01
7.751800839430133294e+01
7.692255744899864567e+01
7.650337405171156036e+01
7.589879497421480892e+01
7.316206827117386524e+01
7.539376890381954865e+01
7.334769234262626014e+01
7.415114967025985493e+01
7.612914847509607341e+01
7.440748907938917966e+01
7.626213900499132592e+01
7.368264519157439452e+01
7.584629241583422754e+01
7.985582354015491546e+01
7.695172382079965701e+01
7.705837440052255261e+01
7.872008891842476430e+01
7.377585152410281921e+01
7.626709315809397083e+01
7.276029543749966422e+01
7.816115605912045794e+01
8.036516545510693277e+01
7.691385927980923043e+01
7.919627812970871616e+01
7.809190239606233774e+01
7.387030079458028808e+01
7.073828460211764479e+01
7.842704798912775743e+01
7.404965001884323783e+01
8.215485423011261901e+01
7.676263180063018865e+01
7.819805103446300620e+01
7.816090182086664129e+01
7.736442164369844932e+01
7.670254613242902053e+01
7.918114190251793616e+01
7.809397981847912718e+01
7.702360443564835180e+01
7.711415040367931795e+01
7.752909223451760568e+01
7.533117282028190687e+01
7.511864334266812193e+01
7.221273134355983814e+01
7.847316740811422164e+01
7.411689689661653802e+01
7.786671788541886485e+01
7.923845235690895095e+01
7.716942070315742797e+01
8.197900316583638869e+01
7.656488325733398881e+01
7.806157914670461651e+01
7.889450983879078194e+01
7.266382253626605348e+01
7.714958079134225954e+01
7.209520805016472877e+01
7.298556156143554574e+01
7.594290857628746494e+01
7.719075962291158532e+01
7.926419775196096396e+01
7.690793850498634754e+01
7.807801728641716466e+01
7.870050731367336994e+01
7.826220599403080769e+01
7.735532262348984034e+01
7.628854895574453110e+01
7.758780023897966771e+01
7.459496359391508236e+01
7.395731488911569329e+01
7.720997640170925536e+01
7.955230753555518675e+01
7.804117782999627195e+01
7.959131688004498528e+01
7.713007133308954621e+01
7.478060129323559124e+01
7.462297689228762465e+01
7.318656177632375659e+01
7.379640971294858787e+01
7.460750546758515611e+01
8.139291559579980628e+01
7.908587401807608330e+01
7.617724635886099804e+01
7.894036969381375002e+01
7.440822643125559921e+01
7.086792864178066509e+01
7.253153038355040394e+01
7.936595179984399806e+01
7.945873180433595451e+01
7.577555254770889803e+01
7.678444810367632556e+01
7.868711194268820464e+01
8.120768384522548899e+01
7.925429091051381647e+01
7.597582484092704647e+01
7.610373873972052650e+01
7.955570692037878189e+01
7.637641745638953239e+01
7.231678972970202324e+01
7.676843035413840255e+01
7.746377467981875498e+01
7.859598457098969959e+01
7.848013254664728322e+01
7.390481080521129797e+01
7.660966078463071938e+01
7.765928793159437760e+01
7.683265320052026937e+01
7.552624168795358628e+01
7.387039099047265722e+01
7.633069159729082287e+01
7.527439286113444439e+01
7.348952792482020868e+01
7.622123095493026312e+01
7.378889070266274075e+01
7.856979984286303420e+01
7.326499157820792618e+01
7.781069246120971172e+01
7.675215045125605684e+01
7.819660773971928336e+01
7.534194792256985806e+01
7.556305560956580791e+01
7.681585765832510049e+01
8.030166848369502475e+01
7.657597258500605619e+01
7.458497004886012860e+01
7.659155702671121446e+01
7.854246742596538411e+01
7.810943228893810897e+01
7.499530541944150741e+01
7.337494598158518500e+01
7.297056190599805348e+01
7.848724716023575354e+01
7.618922947108220001e+01
7.515035484545066424e+01
7.594104481332379919e+01
7.527990148230486511e+01
7.761292036769248170e+01
7.460050798231769420e+01
7.323344326000396620e+01
7.694785913510048658e+01
7.701595884936700998e+01
7.810095152117034445e+01
7.621677685295595950e+01
7.413860108302669971e+01
8.048866197459409477e+01
7.414845662712974672e+01
7.773090421825963858e+01
7.945526982371251279e+01
7.807016386792092533e+01
7.662694023656312936e+01
7.717954279143665985e+01
7.944532033298345652e+01
7.562506084130004069e+01
7.657298266458280978e+01
7.831431022106065143e+01
7.764015244756861023e+01
7.436857564955492705e+01
7.699660341390185181e+01
7.201963562369317629e+01
7.399016737310753911e+01
7.627703827830865180e+01
7.794229963819354623e+01
7.480012656191885867e+01
7.761096401470283013e+01
7.502877593734955042e+01
7.702272283494187377e+01
7.577657007313007398e+01
7.656388099006116477e+01
7.774811639482634007e+01
7.809002015661528162e+01
7.875910959773139552e+01
7.952672934239564029e+01
7.616678585842296911e+01
7.690992200116980371e+01
7.631522978142116642e+01
7.943617011914558645e+01
7.825498660823160435e+01
7.881783879277054439e+01
7.673596269078518617e+01
7.984514143854100610e+01
7.312085918314039645e+01
8.107771841154412584e+01
7.933758554857955403e+01
7.595182187665416507e+01
7.551410813325699678e+01
7.336518907827101543e+01
7.739149142932068060e+01
7.457701910750702723e+01
7.419542972910291212e+01
7.688245382279221474e+01
7.441746650655107942e+01
7.313018553782488596e+01
8.014342166249193156e+01
7.648099404843354421e+01
8.349794740549414485e+01
7.645772916052180790e+01
7.403073654837291429e+01
7.422459111730074710e+01
7.495471937445979904e+01
7.448930149402626455e+01
7.516267946791315069e+01
7.942373236382644563e+01
7.069728397914822438e+01
8.004179714052078509e+01
8.099485464902141985e+01
8.186802901940640709e+01
7.836683936332788392e+01
7.535763037051886215e+01
7.790010551143048190e+01
7.948499187006450484e+01
7.624394416037931421e+01
7.772204113960259519e+01
8.227833791314802170e+01
7.642353611894078824e+01
7.687696214103158354e+01
7.667782895879716420e+01
7.210158121315376434e+01
7.690170598116122846e+01
7.799017528710058400e+01
7.326134348345020442e+01
7.581248300545904328e+01
7.519670464854014824e+01
7.909787411645677935e+01
7.403349367503770395e+01
7.871628697133628805e+01
7.708947037940758662e+01
7.940529883417563894e+01
7.851493849827210170e+01
7.886650733484304965e+01
7.867103184940228289e+01
7.345805347503431904e+01
7.539395221401642289e+01
7.579074812499737845e+01
7.659421375012512101e+01
7.250909087092688310e+01
7.637075615925358818e+01
7.864234068805987476e+01
7.318892281702468949e+01
7.943597538768949562e+01
7.555605468331229702e+01
7.428297458728523850e+01
7.545941876681546034e+01
7.654792323949460808e+01
7.621348227120395791e+01
7.853213434176728924e+01
7.656333246057782560e+01
7.608518624067640701e+01
7.403615184867898336e+01
7.526567390909637822e+01
7.990099650317520741e+01
7.683129862516521769e+01
7.562741230706691908e+01
7.596721301650400449e+01
7.485596161115125824e+01
7.642577768787853643e+01
7.928713281300370852e+01
7.808421758658410283e+01
7.800949325840980464e+01
8.057864890271540048e+01
7.617133391924106434e+01
7.660811899201681285e+01
7.844461085055309013e+01
7.818354084820327898e+01
8.251936377139243461e+01
7.926760415774289470e+01
7.505856606918405305e+01
7.685563687369634067e+01
7.342130652751170317e+01
7.240541867914541285e+01
7.544422931019367695e+01
8.341941308506284258e+01
7.528985134589945005e+01
7.306533544936091573e+01
7.638049778280570479e+01
7.525099720921535607e+01
7.471623257058821821e+01
7.679483532497302178e+01
7.456854597881678615e+01
7.563211230919849015e+01
7.918367562911959112e+01
7.670547835750760157e+01
7.626799503509779754e+01
7.502292751587818032e+01
7.510729451692211001e+01
7.723620094501009703e+01
7.613165047089336213e+01
7.524196297141796208e+01
7.933324099245494665e+01
7.403672297114229650e+01
7.536442667773020787e+01
7.666865645300548238e+01
7.645585292192815530e+01
8.021162993229640392e+01
7.341309845705487191e+01
7.609361473568847600e+01
7.748662696134412897e+01
7.518972866321047377e+01
7.956053234563650278e+01
7.745205476371882014e+01
7.442018139047982572e+01
7.682887171888789624e+01
7.810840905312252858e+01
7.617190524755031333e+01
7.747418082799357819e+01
7.589118279192638283e+01
7.634836835995008641e+01
7.475016564633773442e+01
7.213891413967918709e+01
7.848551466199484139e+01
7.232551047437017644e+01
7.800761411176597449e+01
7.715343875742080115e+01
8.283452188940336214e+01
8.195899859735989423e+01
7.970003972413037729e+01
8.274715445849906814e+01
7.780637301000808748e+01
7.712477108745306964e+01
7.481161274461325661e+01
7.811965102459296872e+01
7.596002039662747052e+01
7.746341064726289005e+01
7.715113398749598161e+01
7.562983586437127315e+01
8.053376607200415549e+01
7.835000134969760666e+01
8.135423467468964986e+01
7.367034220224017815e+01
7.951794763928597831e+01
7.666309694630778893e+01
7.553618277683392535e+01
7.790364951658641246e+01
7.822193470091612255e+01
7.199936289959062208e+01
7.891321429212042915e+01
7.614343008734002183e+01
7.904067395430575971e+01
7.585026151159418362e+01
7.259254741432150126e+01
8.001154168055869320e+01
8.074531150696525117e+01
7.770151844561293331e+01
7.658131887699188667e+01
7.514136890966457827e+01
7.483021128041747261e+01
7.313690803283535047e+01
7.783792420325262640e+01
7.207893394492073469e+01
8.096806833033348028e+01
7.815771605156255930e+01
7.246030807341820434e+01
7.664474067020849191e+01
7.800043555790574601e+01
7.763974273826866579e+01
8.066832229405282817e+01
7.959599490839858049e+01
7.447543656226417852e+01
7.918769211364991634e+01
7.429518056148781113e+01
8.142555121252186723e+01
7.933179980744264981e+01
7.789705586090433087e+01
7.863401130224374924e+01
8.046561792628271803e+01
7.653894162135810575e+01
7.680537484140917570e+01
7.080803418492054391e+01
7.613632924249066036e+01
7.992832087559483512e+01
7.939230301310676907e+01
7.922269149426153945e+01
8.252675997151544607e+01
7.644550181398646771e+01
7.626179573582774651e+01
7.826787475404675831e+01
7.385740758838466036e+01
7.805918633812177632e+01
7.118834253750216590e+01
7.627670567035511340e+01
7.289314669814527292e+01
7.256473830498224231e+01
8.082869739128855713e+01
7.600759209011899031e+01
7.910715566585351155e+01
7.592356320488224242e+01
8.101284788341726539e+01
7.990161891488932611e+01
7.493918521868735638e+01
7.693320056319450373e+01
7.517197583333084765e+01
7.741844706443220048e+01
7.761841444732604600e+01
7.546843059451070701e+01
8.009222265163658960e+01
7.502114098525892416e+01
7.610496302482395947e+01
7.625322925621533443e+01
7.455523488627008533e+01
7.248261649882209667e+01
8.061998367281762512e+01
7.661898924406727929e+01
7.716598676347493324e+01
7.600978447852625663e+01
7.733446041417298034e+01
7.621277689557376789e+01
