1.176051466851241827e+02
1.153364958810872167e+02
1.171121448806544834e+02
1.149002892275909460e+02
1.148995328132052975e+02
1.153691565125224088e+02
1.155498498636583378e+02
1.151881139227351554e+02
1.142564367290390948e+02
1.124151039705418782e+02
1.182739673038530412e+02
1.163513224121409735e+02
1.186302944220000342e+02
1.181774815246708528e+02
1.138811121480360953e+02
1.144197393443970157e+02
1.149897030810944329e+02
1.120978565332333119e+02
1.161592165958232101e+02
1.177390202482144446e+02
1.178861296298198198e+02
1.148487561953461835e+02
1.164813887893208033e+02
1.144191745483447136e+02
1.159824861529070148e+02
1.175505253428344190e+02
1.139567628546749347e+02
1.153489067635414216e+02
1.177338206208477516e+02
1.167342560555470499e+02
1.183044317606757545e+02
1.132824368516899938e+02
1.183071336163735197e+02
1.155779803772074388e+02
1.159653052734864218e+02
1.143387201764858787e+02
1.162099923025205754e+02
1.160125003726988524e+02
1.163539584183175748e+02
1.166602001395189490e+02
1.128696292393312888e+02
1.162794538858613862e+02
1.153662643278034778e+02
1.163494420035661960e+02
1.156117760143067272e+02
1.153010856777812307e+02
1.167158740327197393e+02
1.139022016760363982e+02
1.131346570054268312e+02
1.151693106483858315e+02
1.154228955131071643e+02
1.191401228151839291e+02
1.154067721815017791e+02
1.146057655572943901e+02
1.159249035771539411e+02
1.161779179848317938e+02
1.159608917023211490e+02
1.128433549588359028e+02
1.161414101214338075e+02
1.173600392779489425e+02
1.168746117250243231e+02
1.146185146928783638e+02
1.148314633271877625e+02
1.181274449293304230e+02
1.167578801073023982e+02
1.134272603229797625e+02
1.150047141398806474e+02
1.127959993891053614e+02
1.151756120796792544e+02
1.191131509375328221e+02
1.197237596742369874e+02
1.157787735161050477e+02
1.141144104711408005e+02
1.153612099896742222e+02
1.149029358280814535e+02
1.154457957337158973e+02
1.154376893540074747e+02
1.168497000108380064e+02
1.174905189308988867e+02
1.162198148189713294e+02
1.176047447391083693e+02
1.166286230270855810e+02
1.164489979967998750e+02
1.157150909158237795e+02
1.164141850139889840e+02
1.124352696080417502e+02
1.151609929262580181e+02
1.153641013738033365e+02
1.134864542343732978e+02
1.170378441775677913e+02
1.148485043870392985e+02
1.169526881312056759e+02
1.161945185848452979e+02
1.207680423731801085e+02
1.168354437290399375e+02
1.143011994553201163e+02
1.131705334552446658e+02
1.165496392954700582e+02
1.145084826017252624e+02
1.170399441624439589e+02
1.141786303196629291e+02
1.171623287091817502e+02
1.155376078842547969e+02
1.168049022938576798e+02
1.123065363162846495e+02
1.172568298390027621e+02
1.158934102901148862e+02
1.156009426156427509e+02
1.148461718641478484e+02
1.145882878678791599e+02
1.160577480064076781e+02
1.139685185201383177e+02
1.160945999976141820e+02
1.170005952928360244e+02
1.151866515948130854e+02
1.151008494708863452e+02
1.163500236640218475e+02
1.179878547330633580e+02
1.180379144082273513e+02
1.199941628106963378e+02
1.178293127490875492e+02
1.163949579526485394e+02
1.150907022035079592e+02
1.186018063324727194e+02
1.176616223578063227e+02
1.160911597294024773e+02
1.169956522578339104e+02
1.149923332730078016e+02
1.159233600579836292e+02
1.168313152689934213e+02
1.168932450567558874e+02
1.182812300280633480e+02
1.111422533863966038e+02
1.149070050108228429e+02
1.147976507161717876e+02
1.136405101575987828e+02
1.178281335974973274e+02
1.159556523771856007e+02
1.147306615134806549e+02
1.157198024283596993e+02
1.163559575536329760e+02
1.132521617508837721e+02
1.163870197320786559e+02
1.156878715178348074e+02
1.175999462899338965e+02
1.161978685351075598e+02
1.156819026712892651e+02
1.172155175563290328e+02
1.120500049793153323e+02
1.175673256732392815e+02
1.180296440106180569e+02
1.165637269600289301e+02
1.136678038640309154e+02
1.138258240972479314e+02
1.181592799887194758e+02
1.178581786052660334e+02
1.132848211721409655e+02
1.192463728668859630e+02
1.162844722122109715e+02
1.139246853685607590e+02
1.186004840167725263e+02
1.156596475961979706e+02
1.148555471193012352e+02
1.180951174605157661e+02
1.159608499106136179e+02
1.131567741479011175e+02
1.157318843978349889e+02
1.133474762911806550e+02
1.169119560011713617e+02
1.148293847728996582e+02
1.160164519423457250e+02
1.169663787872480896e+02
1.155134413948233032e+02
1.151634172626294088e+02
1.139542320510340119e+02
1.174123486815694832e+02
1.169291229799930107e+02
1.146304976137915617e+02
1.172336110037660291e+02
1.160852155154902903e+02
1.154240890004407163e+02
1.150012152177523177e+02
1.146205446275659057e+02
1.150305450721398870e+02
1.129901733867312288e+02
1.182598831722080917e+02
1.158124035809763939e+02
1.129519129599992198e+02
1.163865990531906931e+02
1.133641602127390371e+02
1.184404828298402208e+02
1.167706706693035699e+02
1.146029738269254210e+02
1.140182337927978722e+02
1.141309178661295505e+02
1.168433983446151103e+02
1.148487176362377937e+02
1.156218163155995171e+02
1.191631659152304081e+02
1.162935131294417772e+02
1.162543465788809414e+02
1.159571078978785437e+02
1.154399715560727486e+02
1.137258112473880232e+02
1.143257981383135302e+02
1.177677657389175181e+02
1.172380829013271608e+02
1.163912834435621733e+02
1.185722046340144544e+02
1.155600188953327034e+02
1.189836919660868659e+02
1.166587941508467168e+02
1.154665869446468776e+02
1.165147108628204364e+02
1.148768876156038488e+02
1.166014898292314825e+02
1.195491163525153269e+02
1.148662118451294276e+02
1.142472462402005533e+02
1.136564461670529482e+02
1.123905067989011286e+02
1.166263692661217561e+02
1.174145162440066912e+02
1.158776133633159588e+02
1.172997358337569693e+02
1.161522026436077795e+02
1.144313622585944756e+02
1.142409729819830488e+02
1.143032215406446284e+02
1.168434898716679271e+02
1.171969957669300157e+02
1.147563321975217150e+02
1.125416384283908258e+02
1.171977359782441539e+02
1.137975864335999034e+02
1.182530364595864256e+02
1.182363986147634876e+02
1.166029872498018278e+02
1.163330309910593030e+02
1.189530217419221003e+02
1.131920372307030931e+02
1.159712120721352306e+02
1.152933423372679158e+02
1.162206621168902956e+02
1.160509741109545132e+02
1.133990083319182389e+02
1.177690711927792506e+02
1.157996892778644593e+02
1.162088595725869453e+02
1.151017943231545786e+02
1.137753041935087595e+02
1.166586694766252634e+02
1.151090810245089955e+02
1.152520645332073883e+02
1.171832136305517906e+02
1.143437748777976424e+02
1.165804791383446855e+02
1.190826698156447065e+02
1.172488314241566201e+02
1.142461482462863245e+02
1.149839988612587405e+02
1.172418886631103589e+02
1.146363138386554681e+02
1.187756371276002056e+02
1.151613388641660123e+02
1.153713217444715298e+02
1.177823817436055833e+02
1.172678837507282879e+02
1.150986963627898518e+02
1.141458999999860850e+02
1.179403813339106222e+02
1.160699848034424804e+02
1.135739011905261151e+02
1.153032829722032062e+02
1.192744745516741887e+02
1.132554957819647115e+02
1.151711927783069029e+02
1.164190692266302136e+02
1.167299069080548861e+02
1.161672786143030294e+02
1.160061728601338729e+02
1.129664400084403866e+02
1.158030260971320615e+02
1.136185383279522227e+02
1.151428914202238047e+02
1.172733213797029208e+02
1.151198261097576108e+02
1.160721882817403952e+02
1.128268485728859361e+02
1.146629324150896139e+02
1.158253095545134670e+02
1.154924851491902729e+02
1.191149462450169807e+02
1.122457019287586490e+02
1.161413209365940986e+02
1.182706533764560390e+02
1.166092192161542869e+02
1.166400005280422363e+02
1.156278660655571997e+02
1.163297860923146203e+02
1.142876972701738651e+02
1.181335643326964941e+02
1.160024293778665481e+02
1.168786142012449432e+02
1.145687459816721372e+02
1.156674682814586674e+02
1.156720672885822836e+02
1.165674400844642662e+02
1.142133541529184271e+02
1.165071172373732509e+02
1.161622191797703749e+02
1.198933709956108089e+02
1.182570021644952902e+02
1.162978167049063529e+02
1.160826649446747467e+02
1.110176921275534454e+02
1.123030613949157157e+02
1.165526024646424617e+02
1.196677061458386930e+02
1.168087433776839958e+02
1.191792784239852523e+02
1.124151666599829582e+02
1.176594407587284365e+02
1.157280517560951267e+02
1.163808848013987074e+02
1.159300645776038152e+02
1.171806631951267406e+02
1.164266463817584452e+02
1.173579708278533644e+02
1.184081669008788680e+02
1.125892859644259687e+02
1.152475599299429803e+02
1.162309649533549845e+02
1.142613811338430310e+02
1.183824362546543227e+02
1.157614647090767619e+02
1.159177827293759435e+02
1.135556277410723283e+02
1.184796013275140609e+02
1.166467339329544046e+02
1.162647777466055175e+02
1.136782810197848193e+02
1.181428789897514235e+02
1.182098649033883646e+02
1.148458571666705126e+02
1.167889912191142514e+02
1.172948663917185428e+02
1.129075612081054913e+02
1.145382167175021522e+02
1.167537557271762410e+02
1.143682539937393159e+02
1.158624158725079241e+02
1.193960016461022207e+02
1.150494224112383250e+02
1.170170036081448757e+02
1.158499786111079288e+02
1.129204466698555933e+02
1.176925436437473849e+02
1.191314804994575240e+02
1.149473352201837173e+02
1.187495187959315075e+02
1.143540481759962120e+02
1.155307425932880108e+02
1.176076656042851880e+02
1.172809503839444432e+02
1.177193097272190698e+02
1.163119960237858663e+02
1.154567010200265145e+02
1.167090020758580948e+02
1.157942176204816178e+02
1.132216606383288848e+02
1.139693102441259498e+02
1.166949250294992453e+02
1.174719940348838918e+02
1.159563579658031358e+02
1.154819391926683494e+02
1.172751954443940008e+02
1.155352760392486857e+02
1.168104146110966184e+02
1.158158240995914383e+02
1.135977613189430713e+02
1.162727336095991575e+02
1.141138829143678493e+02
1.167960346560551415e+02
1.182775476477144281e+02
1.171479268638093316e+02
1.149628116417820394e+02
1.154763763351446357e+02
1.143659501152372826e+02
1.171167101138974544e+02
1.160344471751587747e+02
1.163659945903890218e+02
1.135407730797788872e+02
1.157277183222168446e+02
1.160985415324156378e+02
1.160486649110160329e+02
1.153559441801661620e+02
1.165760095566898542e+02
1.168616201776125791e+02
1.169676442069847013e+02
1.145330866183919341e+02
1.156294222136232719e+02
1.198177587576907115e+02
1.125195649610264184e+02
1.153387195307084170e+02
1.152741640838726767e+02
1.135314117520600519e+02
1.145403253190176258e+02
1.160426208318271364e+02
1.135949523517226396e+02
1.150527471190295898e+02
1.147919753605707314e+02
1.199192910171551461e+02
1.173630546977867510e+02
1.168959304289383709e+02
1.196039890894423934e+02
1.138831137749053823e+02
1.163865781907130668e+02
1.161413944127437503e+02
1.151902232330827474e+02
1.143138588596520577e+02
1.172532723077449077e+02
1.165076902786780977e+02
1.166622087079914394e+02
1.169979445613651166e+02
1.152955399387165016e+02
1.149685636858724962e+02
1.187199058177815800e+02
1.158434856700641973e+02
1.157326390336661035e+02
1.183146228477744728e+02
1.173407025984206342e+02
1.167932521284742364e+02
1.157812156842511797e+02
1.189322329386782542e+02
1.183275768485082864e+02
1.168719491999313931e+02
1.160922553790240528e+02
1.167416113565322604e+02
1.153914861115640207e+02
1.183447205794542612e+02
1.160803264776244959e+02
1.176095818819915593e+02
1.179777931216145817e+02
1.153364674924291648e+02
1.168092229930348935e+02
1.172362468350255966e+02
1.154530149808193613e+02
1.165815794636120160e+02
1.175113754573254425e+02
1.169209093302289659e+02
1.131446054650597546e+02
1.168864528757730881e+02
1.155586861214072911e+02
1.140129550874860485e+02
1.138805397385624474e+02
1.170493610652038967e+02
1.172916530383179321e+02
1.179794210382351878e+02
1.156042168451716208e+02
1.136365535220539300e+02
1.183681258743049654e+02
1.170212265886850389e+02
1.169667019873074025e+02
1.158736452370805523e+02
1.151732215043227114e+02
1.158769065455512077e+02
1.139548769177258407e+02
1.138345901647426786e+02
1.157128103762606344e+02
1.171042820342400148e+02
1.194910930795829529e+02
1.139931183882106183e+02
1.158002018189653910e+02
1.130286662827001720e+02
1.164457520054492505e+02
1.156043186760565078e+02
1.146622954065628903e+02
1.153899440356245094e+02
1.160464399922551166e+02
1.170776793670604832e+02
1.181912017504097179e+02
1.174063006212544451e+02
1.165285676171971687e+02
1.159578833221695362e+02
1.121900515101170441e+02
1.170413756899568796e+02
1.140439157206655096e+02
1.158687638164220459e+02
1.166462999685325883e+02
1.160485885038824989e+02
1.149977090353395681e+02
1.145738458055609073e+02
1.154450987445767254e+02
1.122186607648185657e+02
1.205594563444443423e+02
1.171993421217068061e+02
1.133995232877980897e+02
1.152231165605595038e+02
1.163899638599587547e+02
1.181397861466724066e+02
1.164034920294698168e+02
1.131979299814371558e+02
1.157850711816740414e+02
1.174166329271562859e+02
1.138706745385424171e+02
1.142785669380937179e+02
1.155910432760801569e+02
1.159622697271747001e+02
1.173134586362183569e+02
1.167522446129320741e+02
1.171107761424826634e+02
1.166912116872259446e+02
1.156806999889816154e+02
1.172597954981706607e+02
1.178951814741295578e+02
1.140586889514266318e+02
1.160939423386321181e+02
1.154562025060599382e+02
1.150450961571657871e+02
1.168692509129565735e+02
1.184306991552403900e+02
1.164987583603003571e+02
1.153334663529417980e+02
1.158524446862057005e+02
1.157066133258493466e+02
1.160513491398036194e+02
1.146385738647034742e+02
1.194340551176561860e+02
1.160121222498260209e+02
1.182988816651180883e+02
1.185558758438818643e+02
1.155657815454302551e+02
1.158554694457279055e+02
1.156820994219494310e+02
1.139763620449111130e+02
1.192651356701323806e+02
1.153775362840635808e+02
1.183213843728587022e+02
1.150368825186309323e+02
1.154910108692190533e+02
1.159856656247885667e+02
1.175320381862269272e+02
1.154753384406833732e+02
1.147787313307784700e+02
1.138885941854901773e+02
1.136268709537113892e+02
1.161815513321092510e+02
1.175255429162178302e+02
1.152432399535175449e+02
1.130505621273596120e+02
1.164208022655381711e+02
1.128156161105988531e+02
1.160274108991760897e+02
1.153385053840635095e+02
1.190634828942902317e+02
1.155875091491604252e+02
1.159605120004895014e+02
1.144727065838875717e+02
1.163874192483446706e+02
1.159835967811466588e+02
1.153732250970677597e+02
1.169981801940168396e+02
1.139854639048184595e+02
1.144071706995392219e+02
1.166547942349672837e+02
1.164866682296207330e+02
1.193076116777234574e+02
1.137832376239212664e+02
1.161369800495878621e+02
1.165901375562097684e+02
1.155037657485362388e+02
1.133583432030330584e+02
1.143409956396007630e+02
1.136153320264685078e+02
1.182662885076149024e+02
1.162260042791181007e+02
1.146680393851347475e+02
1.155088196505448792e+02
1.169078240210257746e+02
1.151532259864550127e+02
1.169318624563072859e+02
1.199765475080839536e+02
1.154708616766142910e+02
1.155933076804333552e+02
1.175718784560944954e+02
1.157036169341607206e+02
1.167205233188799127e+02
1.155799642860658452e+02
1.191302823957014851e+02
1.132190419575747171e+02
1.151095898384833447e+02
1.148670443018623502e+02
1.143318265094563202e+02
1.131283831612308006e+02
1.134438842793761069e+02
1.146684694460535638e+02
1.164985453709671361e+02
1.140174087424881435e+02
1.193098119409999356e+02
1.185982802796246887e+02
1.148732432508403889e+02
1.148576041600304052e+02
1.134623119136053333e+02
1.163059816580808814e+02
1.180221088750381284e+02
1.175342489155501653e+02
1.121232123665565155e+02
1.159082773609922725e+02
1.149498521876567594e+02
1.127301379462393669e+02
1.168266523711530027e+02
1.152838615321809357e+02
1.131136615766475586e+02
1.153621629556807449e+02
1.181192070511336425e+02
1.149460924685018028e+02
1.170222508308019229e+02
1.176980517461411324e+02
1.151673338443172270e+02
1.149578314779916184e+02
1.142070104814980454e+02
1.128536170946322699e+02
1.159273016806673695e+02
1.155058660545712854e+02
1.174120659092263708e+02
1.164715128910246307e+02
1.159424590958934260e+02
1.198264759375073254e+02
1.174185768756270960e+02
1.144047045681967063e+02
1.187183531307441200e+02
1.152093312127686175e+02
1.153975437833786941e+02
1.161301645881164575e+02
1.166791634450877808e+02
1.168668378458631167e+02
1.163119229724421473e+02
1.153872430099888788e+02
1.158635371423060292e+02
1.167812435425680917e+02
1.141014607756237353e+02
1.156997200616316803e+02
1.161774595975487898e+02
1.149661656650673223e+02
1.179082416016357939e+02
1.168926495792411799e+02
1.171195049946347382e+02
1.171696529784426843e+02
1.180504449645096372e+02
1.149176784266815190e+02
1.186553584974591331e+02
1.138219678891399695e+02
1.138629148142685921e+02
1.165798848326281103e+02
1.180549607581124008e+02
1.166222758459391429e+02
1.172458921087799695e+02
1.160720074841122340e+02
1.179117600263474941e+02
1.171405618805344915e+02
1.174467958559022378e+02
1.141627331300337431e+02
1.153325867479176452e+02
1.179146879183558951e+02
1.187020426718259500e+02
1.138267877485008341e+02
1.162039212939720301e+02
1.157334756656390198e+02
1.145753298795337827e+02
1.144272324919719637e+02
1.158019671368327010e+02
1.196317188996454206e+02
1.150811038330289762e+02
1.168849139496110610e+02
1.169453935814986067e+02
1.157799606791978562e+02
1.150056520334177463e+02
1.158285038417241566e+02
1.156048360676043814e+02
1.165984397242111044e+02
1.195687708841834649e+02
1.139762528455452895e+02
1.183204748660671015e+02
1.136395111102898170e+02
1.151266140445720367e+02
1.140328120993967929e+02
1.192665607379995834e+02
1.177614810184303167e+02
1.168382889660314135e+02
1.162123804700062237e+02
1.181296076774509771e+02
1.157368617563485316e+02
1.158648267925851201e+02
1.190367639934146666e+02
1.145978955131172370e+02
1.141847255456394663e+02
1.171473074041698794e+02
1.171293303979246758e+02
1.140597884047804058e+02
1.144337745019176822e+02
1.171975156355967442e+02
1.155379855663236839e+02
1.171431818231564108e+02
1.175380213091366954e+02
1.153350860419365631e+02
1.177357338220919587e+02
1.150156735745489982e+02
1.158832643020578956e+02
1.186593739972174006e+02
1.130825051981136085e+02
1.155293916481681009e+02
1.178414232382016138e+02
1.110439703879205098e+02
1.178587020353943444e+02
1.179576985566677791e+02
1.150658432377286573e+02
1.144789402183046292e+02
1.149265038299605663e+02
1.145145152176065011e+02
1.136421046215020141e+02
1.134716823050787156e+02
1.177315257678440048e+02
1.186740713990193825e+02
1.154204816875875110e+02
1.156282547748832457e+02
1.140998912491590858e+02
1.162430832285950686e+02
1.178021746871225020e+02
1.171590897359880046e+02
1.156688561667019286e+02
1.192016098936985458e+02
1.129707516493807020e+02
1.163222445066461717e+02
1.148346627972533440e+02
1.179372579488553185e+02
1.151075801649596002e+02
1.140636774463352481e+02
1.163849571192257173e+02
1.119779788704366297e+02
1.136870037365367807e+02
1.176255935607198069e+02
1.145348395563125194e+02
1.144843648171341499e+02
1.186826134489416660e+02
1.200493964940793035e+02
1.169827452060355029e+02
1.182904862922667064e+02
1.153200854773641453e+02
1.159409748781518630e+02
1.179546028679398120e+02
1.179793076809084766e+02
1.148211314941603121e+02
1.157758031142399489e+02
1.152886477879148401e+02
1.143689705044304219e+02
1.126467909426187077e+02
1.138180411496697957e+02
1.159471028636731091e+02
1.166642939378838548e+02
1.145169090037945097e+02
1.157615822426707837e+02
1.144027480569515234e+02
1.170946407006971839e+02
1.158165533153106566e+02
1.158592717882459624e+02
1.176905674414337852e+02
1.176800074231395854e+02
1.138998929677756848e+02
1.163465886163278640e+02
1.120412254786603938e+02
1.166468622203255734e+02
1.172997854058170475e+02
1.179218660433279524e+02
1.174333930934442662e+02
1.155102348574106230e+02
1.155102371406169510e+02
1.150914341752927896e+02
1.141462147103980413e+02
1.159157240099403623e+02
1.150151428543232015e+02
1.170082579197769661e+02
1.183436454588192532e+02
1.139336261903085017e+02
1.135982093072027226e+02
1.145536086814127401e+02
1.167565170939484460e+02
1.193883744380861458e+02
1.153522382807495745e+02
1.185378899706193607e+02
1.153788729416183116e+02
1.181195779410684707e+02
1.179022412288558428e+02
1.158220970436972834e+02
1.193145908250611456e+02
1.148198909329492068e+02
1.133177540952356281e+02
1.136701475642061467e+02
1.150525751253677669e+02
1.149745107547649923e+02
1.148192142873744501e+02
1.139634609080128769e+02
1.124931137591916865e+02
1.177678881734554892e+02
1.183891287997096242e+02
1.159331790716708923e+02
1.178508597394661024e+02
1.196278157154053474e+02
1.167310124444166632e+02
1.164162611501328541e+02
1.155199059254325107e+02
1.168707280376678455e+02
1.148284180907615877e+02
1.180013286780669262e+02
1.153015249712775443e+02
1.145657200862740126e+02
1.178452331964550552e+02
1.168114085754546210e+02
1.183532675611218536e+02
1.161660749451992842e+02
1.156107621782659010e+02
1.130726860954040234e+02
1.105844926469256961e+02
1.154367545567877755e+02
1.149413795809326473e+02
1.169827630103797986e+02
1.176404062234511798e+02
1.150519479418815791e+02
1.174457264691841090e+02
1.150425734832605258e+02
1.156527311243783345e+02
1.179247932589614720e+02
1.169158820177829341e+02
1.176216769613238000e+02
1.157360957721603114e+02
1.136324297316526213e+02
1.155134093129061341e+02
1.175200824055509088e+02
1.160323028571194044e+02
1.165186938938508803e+02
1.170042586556697302e+02
1.148643820732441014e+02
1.141118055351708591e+02
1.153233160042941279e+02
1.151227174755353246e+02
1.170758095354111674e+02
1.183959221406269222e+02
1.136901212010505446e+02
1.163007468380261713e+02
1.168361835051506006e+02
1.162252365049977811e+02
1.161407788405985286e+02
1.170853991468782453e+02
1.150234956019311880e+02
1.167012070274700193e+02
1.170794183138750384e+02
1.158546608292959235e+02
1.168800200581287214e+02
1.188625621902196912e+02
1.169743305652319947e+02
1.167005199897260326e+02
1.139663964815603521e+02
1.173823286442031986e+02
1.141523422542618107e+02
1.166447700584801481e+02
1.127651508780183036e+02
1.147876791998424295e+02
1.156179006955344164e+02
1.148906767370134361e+02
1.196360599370029973e+02
1.165810587743531954e+02
1.143974076875356047e+02
1.157197213203307626e+02
1.126908658099429204e+02
1.154394809671134965e+02
1.169782623929502989e+02
1.178195982966429511e+02
1.147259382797341942e+02
1.164902996511105471e+02
1.147013598770215168e+02
1.126393840618862328e+02
1.162848819115627066e+02
1.134257841638628577e+02
1.169689965425473162e+02
1.175824079550077954e+02
1.147787956917292718e+02
1.135550260811791077e+02
1.157417266920076457e+02
1.158892056619545627e+02
1.142764926774778473e+02
1.161097178769942673e+02
1.167806231875114520e+02
1.145910678685772695e+02
1.130125208769336353e+02
1.146988334101369702e+02
1.162387640732931118e+02
1.163445845993993970e+02
1.137276305667574547e+02
1.163149570797285008e+02
1.149633723645664247e+02
1.174722432056253183e+02
1.177017823484385133e+02
1.190311518632217229e+02
1.147458735165247106e+02
1.173291494280700533e+02
1.145644886559399822e+02
1.129440265589132224e+02
1.137022669129974588e+02
1.159631128194189671e+02
1.164897507802675136e+02
1.156675527228537703e+02
1.180470940914198934e+02
1.140847333548687175e+02
1.156856625436430619e+02
1.159741601481215838e+02
1.130784806709228150e+02
1.172988814386384320e+02
1.128778161375346798e+02
1.147694896955880779e+02
1.180350293035508145e+02
1.175187368266827974e+02
1.165485229377755161e+02
1.150922582642565146e+02
1.171739664026291621e+02
1.160837609535168582e+02
1.179419167288876054e+02
1.152567665204814489e+02
1.155391729907649108e+02
1.126514994312328781e+02
1.178926438901810059e+02
1.156347136688517878e+02
1.136378650394287178e+02
1.153254364339392737e+02
1.153840150926080526e+02
1.127523634731769278e+02
1.138381037559445872e+02
1.208322520202956127e+02
1.153012008756811042e+02
1.163653180704152561e+02
1.165004981259269528e+02
1.147925349896934648e+02
1.173176715150171816e+02
1.138582753203233011e+02
1.186989151730316507e+02
1.163519279462979483e+02
1.157237466444708218e+02
1.149828709132338389e+02
1.150572722543689821e+02
1.165595048684006088e+02
1.171959586790864734e+02
1.158212990841263803e+02
1.158700228723851353e+02
1.140391069608165111e+02
1.177390255655649867e+02
1.142108290379829612e+02
1.163075367866918981e+02
1.167626607530752665e+02
1.150343992549664023e+02
1.173421120643080826e+02
1.148091552706188878e+02
1.162062852123914638e+02
1.164842330367572032e+02
1.151376267570859540e+02
1.166903260009216439e+02
1.133442044052683002e+02
1.144972488103663011e+02
1.163828892536640609e+02
1.158553244454750626e+02
1.173473116468263697e+02
1.156079712005726208e+02
1.157295044659864658e+02
1.147051678724766219e+02
1.150650871564398585e+02
1.161197385992947773e+02
1.176723653841321919e+02
1.164490449107811969e+02
1.122395257587730839e+02
1.145059845149433642e+02
1.172048865908255237e+02
1.174002403316907674e+02
1.183169990881691120e+02
1.176926256937028370e+02
1.159541441962938819e+02
1.158658168444175658e+02
1.157918799516932467e+02
1.164844912946041120e+02
1.163589730992543849e+02
1.149014422462977620e+02
1.156669145800162397e+02
1.131776107732403176e+02
1.141069507553454514e+02
1.167371910710167242e+02
1.177665234910168977e+02
1.155285848569094327e+02
1.174765610226908734e+02
1.158416529001759443e+02
1.144594549031132829e+02
1.139705575653208598e+02
1.192164686781096350e+02
1.146495052375249060e+02
