1.166528480030223847e+02
1.160752159950327780e+02
1.152085947085191719e+02
1.181347828680038958e+02
1.143846624991472112e+02
1.186529210030172976e+02
1.132661379283833440e+02
1.160670287980903623e+02
1.169438434672227345e+02
1.209827460100553651e+02
1.142913188489983014e+02
1.162756693737391345e+02
1.144543304869712870e+02
1.150751853573422352e+02
1.129022837695316497e+02
1.185405444052806416e+02
1.165605798069586285e+02
1.142514923015271933e+02
1.170561237635959344e+02
1.161703832074594374e+02
1.170474055642661284e+02
1.173952458071264289e+02
1.169104635372137153e+02
1.169323412589984486e+02
1.169987007077775587e+02
1.133508462375452694e+02
1.149407645411339587e+02
1.152885679579211882e+02
1.163408210728240419e+02
1.140738665270983745e+02
1.143649039752175156e+02
1.169681963898534462e+02
1.136819455582989633e+02
1.128514664070318503e+02
1.151850455823309431e+02
1.187413779162448293e+02
1.175532873497779462e+02
1.148932906861672478e+02
1.196935926502820422e+02
1.169370242556206563e+02
1.158849014375611972e+02
1.161200235909272038e+02
1.160237876257535419e+02
1.152580772781832508e+02
1.203810561245430790e+02
1.145319931080577049e+02
1.168612432918042714e+02
1.153970699393171202e+02
1.142057426916330343e+02
1.157496384773075562e+02
1.177973382946578624e+02
1.152086858962609739e+02
1.154678417082756567e+02
1.145571166736901176e+02
1.173756871981357222e+02
1.171000916223997592e+02
1.158429970663404447e+02
1.145384079333442173e+02
1.157906057753178004e+02
1.157442940699807252e+02
1.156615433780279005e+02
1.171396081000069103e+02
1.149404355138772758e+02
1.153175219942620515e+02
1.151391046541512679e+02
1.160557092016639729e+02
1.157842426668899236e+02
1.150793821459517545e+02
1.153471144492164626e+02
1.139771636020567342e+02
1.161731978431661929e+02
1.155209400877335781e+02
1.156755483747109281e+02
1.167499814047608453e+02
1.167750560766781120e+02
1.160656692031268165e+02
1.162016911944778030e+02
1.178628190471996788e+02
1.175592482062660764e+02
1.186577541423033608e+02
1.174003730777803014e+02
1.167056954063148453e+02
1.168767765916668537e+02
1.168874530056452841e+02
1.166800954748056398e+02
1.156677699424026429e+02
1.179541681947334837e+02
1.189407782925230350e+02
1.170281006323837545e+02
1.149473926155641550e+02
1.165658249247784113e+02
1.154735466509689132e+02
1.169146790384649108e+02
1.197298010619895763e+02
1.142737401119935612e+02
1.149067793611367847e+02
1.169438715833161950e+02
1.170063097919553741e+02
1.174947138335307955e+02
1.159340384744949546e+02
1.179625450794505639e+02
1.158221466394463306e+02
1.170434480770704653e+02
1.153358125398852394e+02
1.163818150834265026e+02
1.141706265783953569e+02
1.151398326710236262e+02
1.181391886308761201e+02
1.175504639612527598e+02
1.144765363820013562e+02
1.138640321865975551e+02
1.140981584543258265e+02
1.179689401174263139e+02
1.156749231154177551e+02
1.192506786058119843e+02
1.165479392321431646e+02
1.176924023827949952e+02
1.169271461487051766e+02
1.160873266989706138e+02
1.151864343139643694e+02
1.164930391382583963e+02
1.167545250765245868e+02
1.144721040398223693e+02
1.142476321679126414e+02
1.157935692088806263e+02
1.157931602802775473e+02
1.183697617663422079e+02
1.172514038059287600e+02
1.149640891831029990e+02
1.166117244111737818e+02
1.180635460366754756e+02
1.149327074409453360e+02
1.146044248236610628e+02
1.139247308604569753e+02
1.166643240441885183e+02
1.152127452827194389e+02
1.156926208382111554e+02
1.168149395366446441e+02
1.162908833471249181e+02
1.142909365147032048e+02
1.166446191507448447e+02
1.186187664018528096e+02
1.134099317707160850e+02
1.139238804630985697e+02
1.149123531985618456e+02
1.155895826429741504e+02
1.158134658638489469e+02
1.156414012002235694e+02
1.143287123155012637e+02
1.149207063462465328e+02
1.186460819777155820e+02
1.168348980981999006e+02
1.160241931762439691e+02
1.187459734413820769e+02
1.171245036628519500e+02
1.138398601114457307e+02
1.140100795836212342e+02
1.170943957114066620e+02
1.170201958938836526e+02
1.169876834718364051e+02
1.134505981930810918e+02
1.163440056157299125e+02
1.162654048490649359e+02
1.162623965008455116e+02
1.171297382720593561e+02
1.165683463980582104e+02
1.140363246769346972e+02
1.154239696534474433e+02
1.177223327491974345e+02
1.188961418259559224e+02
1.162360921886331511e+02
1.159375501809786897e+02
1.162137187847975497e+02
1.145970905108000153e+02
1.153606158452384705e+02
1.147314008030990209e+02
1.146129426393045065e+02
1.118957159714210974e+02
1.166316910365702739e+02
1.160745236022423938e+02
1.146590795088796142e+02
1.166336845909983424e+02
1.165916428024708296e+02
1.134491760495839969e+02
1.169370739108758528e+02
1.151897443792854290e+02
1.139163247277983260e+02
1.152201289894075416e+02
1.186525333085591285e+02
1.150989028159255412e+02
1.193617108573545949e+02
1.165935700243136495e+02
1.150039414724165994e+02
1.152418134382768784e+02
1.168409883253977597e+02
1.144788273889400756e+02
1.156700378418252342e+02
1.166106316042595665e+02
1.164438426951289358e+02
1.162080570761694389e+02
1.187578775654454120e+02
1.157796213338641849e+02
1.163534262602456266e+02
1.139811142644533106e+02
1.168919075432349501e+02
1.174156457560213340e+02
1.141703547814015138e+02
1.163214639306660985e+02
1.132122091850976489e+02
1.181684476405317525e+02
1.136524935696516962e+02
1.162711571950119946e+02
1.157983313349358809e+02
1.144352113901341426e+02
1.182843873697151764e+02
1.154906449778052036e+02
1.143767405794212237e+02
1.158777239201954359e+02
1.150419058047406367e+02
1.146017265414236590e+02
1.155053450910604624e+02
1.141701403016072334e+02
1.129185338941446730e+02
1.171354209520587091e+02
1.177817355417658263e+02
1.158543608888419669e+02
1.144747178922369528e+02
1.167499702289789951e+02
1.165438536681524937e+02
1.164633369487533088e+02
1.191502293402091510e+02
1.153211429582237457e+02
1.166349608417006039e+02
1.162031270494699839e+02
1.104207684160590190e+02
1.163985843264695887e+02
1.172870808309693444e+02
1.159390539335939252e+02
1.180180566572875165e+02
1.189415350750409317e+02
1.162958804531575510e+02
1.154410512826446080e+02
1.168712969793835299e+02
1.153893815520161041e+02
1.158002218246282240e+02
1.185767586275159857e+02
1.163840827552015895e+02
1.166421967584491313e+02
1.160318532050061719e+02
1.188548490700130742e+02
1.158197714237545028e+02
1.150372915766588306e+02
1.165360361011476016e+02
1.139170273305165892e+02
1.170786409671139410e+02
1.175124406314893122e+02
1.162370126641177279e+02
1.155582581321751121e+02
1.150165719648125844e+02
1.148870439469211107e+02
1.167654679509282829e+02
1.151916473823367681e+02
1.164403945359374859e+02
1.155622935471542263e+02
1.145396386552887549e+02
1.182264100483609610e+02
1.168387050321515801e+02
1.160132062011382317e+02
1.163832984335288643e+02
1.181249819867117026e+02
1.167590493067201010e+02
1.120288959633722214e+02
1.172361902838998020e+02
1.158894207943286858e+02
1.162564661332600480e+02
1.145063404669903377e+02
1.168375215084695498e+02
1.171422830799932626e+02
1.159056845345055677e+02
1.144043388592995996e+02
1.183624943389698245e+02
1.128022521344545623e+02
1.171553200764832923e+02
1.181916673715208361e+02
1.167753886628123610e+02
1.178846722062299648e+02
1.161999460687479768e+02
1.185709973531998855e+02
1.172724560655181847e+02
1.163210344838115020e+02
1.163399558224364796e+02
1.176444094091890662e+02
1.176139941488897591e+02
1.172827983075356570e+02
1.200471458077123543e+02
1.166877629520987796e+02
1.156024217720347025e+02
1.155452647304342264e+02
1.191563426113267781e+02
1.151921064098186065e+02
1.161853316723000233e+02
1.146926150879135946e+02
1.140143865875432141e+02
1.159904195644097058e+02
1.186069897815568197e+02
1.152182385302427150e+02
1.178234862908223448e+02
1.162607907274831689e+02
1.160633973927566984e+02
1.151238107591970561e+02
1.153300930001998950e+02
1.177914519073178923e+02
1.178889904454820936e+02
1.142190789536912519e+02
1.172968529934251194e+02
1.138302588907879169e+02
1.189172814091510020e+02
1.147330797838297514e+02
1.155064984544054738e+02
1.150177973767596882e+02
1.143636768395447234e+02
1.179376703522660677e+02
1.146555020738779547e+02
1.170928382516442809e+02
1.131820038116828755e+02
1.126981428983086744e+02
1.158415959289217625e+02
1.145710162522969853e+02
1.167282457470983701e+02
1.168106618164522388e+02
1.181507130548168050e+02
1.136426491434547756e+02
1.177652472413323750e+02
1.146448350964851812e+02
1.176455057217991538e+02
1.184564435101863040e+02
1.142155013332981071e+02
1.162311654647027126e+02
1.166611876208739602e+02
1.152123661333444460e+02
1.176004010281434944e+02
1.136368362430135335e+02
1.154526615332719075e+02
1.171382947180433689e+02
1.153793624684058869e+02
1.173365676569040943e+02
1.140878237194569920e+02
1.161982746984218267e+02
1.158660351957760071e+02
1.145626986960405702e+02
1.159882442856418834e+02
1.155521400221982020e+02
1.195318969605232127e+02
1.159972068826376983e+02
1.180150390364787114e+02
1.186592553419342551e+02
1.159186410081271958e+02
1.159310400627828272e+02
1.159036949395118796e+02
1.175868415935888862e+02
1.146634747580036162e+02
1.166440336495902557e+02
1.185920907145643923e+02
1.154771031637149576e+02
1.169964694057489112e+02
1.170326985627978758e+02
1.197814509098507756e+02
1.167431028898994754e+02
1.168431803828119513e+02
1.158583609200819637e+02
1.165523869816503151e+02
1.164326604552488504e+02
1.173959996750999579e+02
1.160698053256644044e+02
1.166544847568751067e+02
1.162024290878310779e+02
1.138518987814910872e+02
1.142268188064184073e+02
1.129426597583568253e+02
1.183350364156463002e+02
1.170273298163552766e+02
1.177700227260372969e+02
1.160109791118617721e+02
1.155551889707954416e+02
1.145624533038677697e+02
1.144546580979663730e+02
1.168543604264800564e+02
1.156681166440673536e+02
1.166004185163518088e+02
1.149771067811762748e+02
1.159517284014861929e+02
1.182306581377924459e+02
1.146284762416476468e+02
1.151990391766650816e+02
1.175685027535284775e+02
1.187397640764882851e+02
1.199948276639791658e+02
1.188381978322359629e+02
1.108668477235460443e+02
1.192280496799724290e+02
1.160088155351589165e+02
1.166477617760079823e+02
1.154649906791712510e+02
1.175875437645693182e+02
1.124149615715704158e+02
1.182203418777631612e+02
1.163674740647913524e+02
1.186554980709702107e+02
1.150223901080890556e+02
1.136815649132617807e+02
1.144042552652782234e+02
1.165835375082637455e+02
1.162261015904249035e+02
1.177447545714417743e+02
1.170731611691005583e+02
1.147935750003755402e+02
1.171398638003555561e+02
1.170791885209323624e+02
1.166053855012100087e+02
1.148445794293786548e+02
1.159308209371109939e+02
1.178375369608144467e+02
1.161614827430479835e+02
1.151809055062176981e+02
1.157379005437579877e+02
1.170050257657018165e+02
1.171432157026409016e+02
1.160537154976254897e+02
1.175538491369397462e+02
1.191826387030716319e+02
1.162602896505097476e+02
1.156967303640275162e+02
1.143249877675647213e+02
1.172698916399028377e+02
1.161232964709889046e+02
1.164321404321805602e+02
1.157493751361919294e+02
1.169339768461296956e+02
1.151600788178935346e+02
1.175682203029544013e+02
1.126975400645218031e+02
1.154945217197348626e+02
1.129213310754383173e+02
1.131850992467917081e+02
1.148410890809091569e+02
1.152355662057982073e+02
1.163905198202500628e+02
1.143146025247291107e+02
1.151619003127398173e+02
1.142988560141371295e+02
1.142466972638610372e+02
1.176717063119007491e+02
1.134832377348320733e+02
1.170669280368735770e+02
1.193011642279487887e+02
1.182230245895236749e+02
1.139926064274041693e+02
1.159655077446937668e+02
1.154454029322061643e+02
1.145690251322098590e+02
1.194964243787391496e+02
1.171160344156194384e+02
1.168469235658648557e+02
1.150779838616064126e+02
1.151650594616511114e+02
1.163087557075932352e+02
1.167331170301570751e+02
1.158100644199001152e+02
1.146246729611888924e+02
1.153055273189749670e+02
1.147467482535071639e+02
1.150794220654532865e+02
1.150122716399917095e+02
1.158594346017886778e+02
1.181298334040256464e+02
1.159595849241423480e+02
1.173325087965055502e+02
1.155868335088125605e+02
1.156654086606960448e+02
1.154816937835044115e+02
1.163771781209594138e+02
1.178934703149643752e+02
1.145150378066224164e+02
1.150943095466991366e+02
1.145530312706613216e+02
1.152094743593053181e+02
1.144765733135050709e+02
1.149271104569919828e+02
1.155972480841916905e+02
1.173380741830527256e+02
1.130884895670740065e+02
1.175503867145275905e+02
1.142157258220072293e+02
1.156338727052015685e+02
1.141792964739325669e+02
1.187127626089497596e+02
1.175657083904039268e+02
1.151723202502198689e+02
1.173272384965846697e+02
1.166978059603929552e+02
1.152610637948713617e+02
1.154528411306839644e+02
1.164891669459051684e+02
1.146831902014943410e+02
1.171522660411643244e+02
1.181695944524397248e+02
1.144653392745709368e+02
1.183321430697372989e+02
1.172620865087412483e+02
1.165390836912934844e+02
1.151017510394547969e+02
1.156158869725205562e+02
1.152396030184010556e+02
1.144187669574590984e+02
1.170443191897601452e+02
1.188685296781039824e+02
1.174045015461433508e+02
1.158898641184989629e+02
1.169128542118440350e+02
1.192764175328945555e+02
1.165603036582627112e+02
1.183905675469444674e+02
1.155729992059916498e+02
1.173542045654397157e+02
1.160406067587460655e+02
1.157941237723130428e+02
1.185534744655756896e+02
1.178993532841635528e+02
1.140293044935993407e+02
1.153029284869442535e+02
1.170509488828017624e+02
1.177245334726651436e+02
1.135420830352247776e+02
1.164440395518472116e+02
1.138229082960803282e+02
1.157121366071033890e+02
1.171631186154888553e+02
1.175865654923894255e+02
1.140108615071796692e+02
1.157673577292778475e+02
1.161922865985280424e+02
1.148533193699051509e+02
1.160468614959957421e+02
1.156723869686677091e+02
1.166912257942500730e+02
1.166610708244330397e+02
1.153821401208986543e+02
1.161190595305550772e+02
1.160205644761337282e+02
1.152479681841821275e+02
1.156276178412153541e+02
1.174368044195162071e+02
1.141851135362809089e+02
1.128673630160796932e+02
1.158437863306672000e+02
1.174767693195990574e+02
1.141210926051362122e+02
1.157132014553699833e+02
1.152107011767882767e+02
1.142145855660865834e+02
1.174094966254031362e+02
1.177319019653886869e+02
1.155193125175996443e+02
1.170470876237205005e+02
1.163234247460927548e+02
1.166110171754524885e+02
1.162378544793968729e+02
1.139183424173971417e+02
1.173059703520749792e+02
1.158599309374305761e+02
1.167082209574083578e+02
1.172664744219797939e+02
1.170539937813963718e+02
1.157339797967710240e+02
1.160768660623655535e+02
1.152344809557093441e+02
1.177961826670906191e+02
1.143346093344134573e+02
1.159159392887845144e+02
1.153084396462085550e+02
1.164789709631863701e+02
1.149896520970526268e+02
1.179154817478709134e+02
1.178664466718471999e+02
1.165651229418330956e+02
1.143277568920971845e+02
1.157168551557521283e+02
1.150558397764060174e+02
1.164837186157831894e+02
1.161616608651724647e+02
1.129891958518311554e+02
1.144590097621939293e+02
1.141983183674499145e+02
1.152914427056739868e+02
1.168972801630039839e+02
1.160033063745413955e+02
1.176615832746106349e+02
1.163707934196677058e+02
1.151597327234501336e+02
1.178683727404165325e+02
1.144494699872738011e+02
1.154278876322826193e+02
1.151388157726412658e+02
1.175170044442358517e+02
1.173581563020156011e+02
1.175622778276260476e+02
1.179894795457056205e+02
1.161354961372101968e+02
1.164129102382257486e+02
1.162577246264041975e+02
1.175747985336978445e+02
1.166628455854100963e+02
1.136372556385524462e+02
1.145730790726219226e+02
1.173114777173802565e+02
1.168361767104052120e+02
1.135223281906750259e+02
1.182197538392571090e+02
1.201315177302193007e+02
1.150846790492689564e+02
1.156234981809023026e+02
1.143145592387877230e+02
1.137167110866099762e+02
1.154319525760537459e+02
1.130802970645051602e+02
1.171547420076753383e+02
1.139789019507750254e+02
1.182656910007571440e+02
1.149192744798230592e+02
1.169730319217039067e+02
1.164047013372045001e+02
1.156778306509541778e+02
1.170115465362778338e+02
1.173458689369454362e+02
1.160848344144193192e+02
1.175512982062361402e+02
1.140417435544553655e+02
1.181173878034484801e+02
1.142015615848817305e+02
1.145975914081630265e+02
1.185166134013430224e+02
1.167713197504661622e+02
1.144461598702378780e+02
1.156494390823298488e+02
1.157898956966837147e+02
1.131311235632900036e+02
1.158959337489058470e+02
1.158347600633521353e+02
1.193835337322945094e+02
1.151650338454912230e+02
1.163507696081653791e+02
1.148567284300566769e+02
1.155848586488363736e+02
1.168523006099194816e+02
1.141199555109535453e+02
1.161544982586029846e+02
1.168128220724251491e+02
1.181245439183420274e+02
1.153256302857844702e+02
1.160541469493558679e+02
1.139631194793232964e+02
1.162097052618986908e+02
1.192780419377253054e+02
1.168755304940274158e+02
1.188024015556897268e+02
1.138265396741824702e+02
1.166340335365107848e+02
1.158507811309782767e+02
1.132972731463208191e+02
1.151492994002699675e+02
1.172272162986372734e+02
1.155904702869518985e+02
1.177169567196937834e+02
1.171854963497168143e+02
1.141844180648356826e+02
1.171722477897685621e+02
1.147746789331923196e+02
1.176189270852530484e+02
1.159294144187447131e+02
1.185686793029231865e+02
1.160255193997992791e+02
1.167075265009994212e+02
1.165974604273923632e+02
1.165922035176901943e+02
1.178758648560798150e+02
1.156030215174113920e+02
1.174816385999739197e+02
1.145168755033217707e+02
1.146634291754614594e+02
1.154595379128624586e+02
1.160545488633093072e+02
1.180822128991954116e+02
1.163606526368215981e+02
1.141588103576609541e+02
1.151601457710480219e+02
1.160101992442375121e+02
1.151591865429145543e+02
1.164410942521229373e+02
1.135814600827324625e+02
1.170952212988414374e+02
1.153104652687795095e+02
1.165108945215630740e+02
1.168862205737238327e+02
1.159437032472450113e+02
1.158682508449037840e+02
1.156525786603506987e+02
1.155623625186641164e+02
1.154454587426201613e+02
1.159093229516101928e+02
1.160538833465065238e+02
1.173762852402555268e+02
1.161628200195555394e+02
1.172850196601609980e+02
1.135462265420129455e+02
1.168268015095946026e+02
1.170219543501092971e+02
1.138498953795190118e+02
1.177598443361563056e+02
1.174091397124221032e+02
1.154477620905016124e+02
1.122589271975804479e+02
1.180028282547828411e+02
1.175726389665888973e+02
1.147136291610500507e+02
1.188074140945497703e+02
1.149553218674986255e+02
1.175129068264162839e+02
1.176927289280695135e+02
1.166811990790479854e+02
1.154135821885182906e+02
1.162094983574305047e+02
1.163172167598869322e+02
1.169768375461104313e+02
1.160330177365162001e+02
1.158542728980874870e+02
1.162993206032499813e+02
1.150632952137307825e+02
1.145460972829840784e+02
1.146982431245782408e+02
1.179076972685254816e+02
1.154184888182681306e+02
1.162426902511236477e+02
1.136136517075267420e+02
1.136848651829970009e+02
1.136933280104190942e+02
1.139519059320056158e+02
1.151426060215519556e+02
1.152136331921997510e+02
1.143181814715165814e+02
1.148593390502646088e+02
1.149789268479031676e+02
1.142966748066603202e+02
1.163735382625582275e+02
1.149074824147264877e+02
1.149484495862859035e+02
1.167125225548422094e+02
1.157300649846068552e+02
1.137930475029809116e+02
1.169019086645025851e+02
1.178901731090823972e+02
1.157132256823520322e+02
1.158841858741665618e+02
1.167896354137686927e+02
1.165225216358993947e+02
1.151518693909416839e+02
1.165943078109267503e+02
1.154124948506888302e+02
1.152096703560397231e+02
1.150604413802030734e+02
1.167855074296111866e+02
1.169709678244595494e+02
1.169770353261629197e+02
1.177563331715456201e+02
1.177263324168682033e+02
1.157742117677187821e+02
1.164933589807862120e+02
1.150842853330015458e+02
1.144485459863193313e+02
1.191949570261530198e+02
1.140418648074834636e+02
1.160003174770596814e+02
1.157588198659168341e+02
1.174944816077100285e+02
1.160024275700108376e+02
1.146166590530121283e+02
1.171928432959823851e+02
1.137483032319967293e+02
1.160277269382708880e+02
1.151942239015785674e+02
1.162546571730714646e+02
1.153483495494909761e+02
1.178840302557769064e+02
1.142572583218054945e+02
1.152398172539748913e+02
1.150572849867734391e+02
1.139995433973648744e+02
1.156856876541151280e+02
1.146068922081860535e+02
1.156484643152238618e+02
1.162831035487412095e+02
1.158663207396516128e+02
1.175892278487953035e+02
1.172279730012085395e+02
1.164962605805543063e+02
1.151930655761830309e+02
1.139357531169747233e+02
1.135789257654208910e+02
1.163242355223063527e+02
1.133695528240797898e+02
1.166964521822835366e+02
1.130455125124796893e+02
1.155296608688937710e+02
1.165343393152032547e+02
1.175829607530051533e+02
1.156542767640841731e+02
1.182280545089875972e+02
1.179804480775030413e+02
1.174995923633441492e+02
1.163709456211429796e+02
1.155842222047037779e+02
1.145235820383648644e+02
1.165871740912270553e+02
1.171723464337164557e+02
1.148691948520982464e+02
1.161027526100881460e+02
1.139495089761511508e+02
1.165231928592996979e+02
1.140280261880762822e+02
1.172390373744715930e+02
1.144154313071002065e+02
1.195248559015005014e+02
1.154062202286139893e+02
1.160845702624149567e+02
1.173942806773231666e+02
1.183994326095781418e+02
1.150006430964832020e+02
1.146536991433807202e+02
1.186634244173937560e+02
1.157187083561443899e+02
1.180609275197785166e+02
1.160291559575865250e+02
1.159921772880953625e+02
1.135811436409169914e+02
1.143202251840691304e+02
1.163355845441323311e+02
1.157995938239252069e+02
1.147601829405479208e+02
1.167167102376048149e+02
1.149587239522162321e+02
1.177378944697141918e+02
1.159287895642887918e+02
1.137749292887559278e+02
1.185115228777960965e+02
1.176452499504294451e+02
1.158522312871470064e+02
1.159419122538464251e+02
1.171299609674090618e+02
1.139087844677903831e+02
1.188294893372939924e+02
1.157378752544134528e+02
1.159706020056275406e+02
1.178664667858752608e+02
1.165732843393473530e+02
1.162685780637243909e+02
1.164823028632815607e+02
1.152609968176243882e+02
1.174305598605314316e+02
1.149123275399311979e+02
1.179864469348826077e+02
1.192057220402381859e+02
1.166071426675643892e+02
1.177718550085737945e+02
1.175631516215971999e+02
1.189403634212555403e+02
1.157794129524462221e+02
1.141852484311347666e+02
1.168407239240166717e+02
1.176598264545425110e+02
1.165632046150782060e+02
1.171924799678868965e+02
1.178536207687714494e+02
1.169540891656629071e+02
1.154271707665866558e+02
1.146793737492188114e+02
1.156441893476722527e+02
1.157179234659776483e+02
1.161444217257741940e+02
1.168752260507241090e+02
1.165212637613613254e+02
1.153777005151082591e+02
1.178585077100290590e+02
1.127311748059599665e+02
1.126293854303509789e+02
1.150534374444203536e+02
1.154160153928306300e+02
1.167992029477953793e+02
1.147257566850322661e+02
1.151031750625180621e+02
1.170990586517069403e+02
1.153233686555143720e+02
1.171915255865174714e+02
1.165469563355708686e+02
1.169533816682362897e+02
1.164164309880585506e+02
1.132817975163631274e+02
1.161381824505565135e+02
1.177048033515692680e+02
1.136255432662702276e+02
1.160554206851908532e+02
1.155747124014554572e+02
1.167627640577414212e+02
1.170727511343499145e+02
1.190106552575331591e+02
1.169952336632377268e+02
1.143636490247096162e+02
1.166821556823319952e+02
1.147139285168564413e+02
1.159285247628426276e+02
1.154520743310910547e+02
1.150864291753754856e+02
1.178090938582266318e+02
1.163953846671060575e+02
1.140153060526324253e+02
1.160187286590794855e+02
1.165973441869656853e+02
1.153822787051740875e+02
1.152139721657187010e+02
1.155603267864767361e+02
1.176618656596888570e+02
1.143963845571075240e+02
1.176475064091385576e+02
1.177384210333194972e+02
1.163311256096695843e+02
1.145177874479636557e+02
1.150455754376765185e+02
1.171110260778787193e+02
1.153092183386607843e+02
1.128520899079947668e+02
1.171026092982505844e+02
1.158529183569360441e+02
1.168092161606992505e+02
1.144281976978767688e+02
1.172320384051211306e+02
1.169222793367952278e+02
1.169426615895933850e+02
1.156773981713757280e+02
1.178937460351667852e+02
1.166137155160058541e+02
1.178673340800267653e+02
1.155340380093846591e+02
1.151269966556236284e+02
1.143461091374667689e+02
1.180506603979551841e+02
1.155095782253407179e+02
1.156704398839282106e+02
1.165428765477259674e+02
1.151513513989722384e+02
1.148855695775162644e+02
1.162151720850432781e+02
1.159754830400872265e+02
1.162468977707411710e+02
1.164661511443757149e+02
1.177611492978053747e+02
1.169258723643611546e+02
1.154815278433415386e+02
1.144285778038341874e+02
1.165222471735649918e+02
1.184261323881220562e+02
1.168488956014518294e+02
1.169663442885136959e+02
1.161150113690730024e+02
1.186215241443757975e+02
1.126901926473337880e+02
1.138761161694629607e+02
1.166257949855084064e+02
1.155993662533713859e+02
1.158777954460239954e+02
1.164765091078541133e+02
1.171322272055426055e+02
1.173898578264574155e+02
1.161951511804352748e+02
1.145568153193541718e+02
1.155739889276214569e+02
1.165008693060662495e+02
1.154284151426444112e+02
1.165178350039038264e+02
1.144398537757837602e+02
1.163947040805233684e+02
1.168040865992950188e+02
1.158966450413791307e+02
1.157479852530863127e+02
1.153164290975046384e+02
1.160572997084202740e+02
1.144298146617199450e+02
1.170229983409069234e+02
1.175341009212856989e+02
1.177311227250823720e+02
1.135907943972068495e+02
1.147148706467168040e+02
1.152670548006257008e+02
