1.492359992059796809e+02
1.520228228525774341e+02
1.465020189828135244e+02
1.503198250953296622e+02
1.462611559401649970e+02
1.533049907161571639e+02
1.547834857201453644e+02
1.456384107436674356e+02
1.587458827877234739e+02
1.469176531410503515e+02
1.451636819722701546e+02
1.463968776209791542e+02
1.522358776883063456e+02
1.504563450953035897e+02
1.544010202178132545e+02
1.520742755676105844e+02
1.496658116006813088e+02
1.465715345126447460e+02
1.507502853363197630e+02
1.533390705928547959e+02
1.475102783678720471e+02
1.455527180379467040e+02
1.488043933918673929e+02
1.495851734651906497e+02
1.499302467685898534e+02
1.543727706129153034e+02
1.491261651220718818e+02
1.507974274498791658e+02
1.506833047300684427e+02
1.463806172530970855e+02
1.444775785021455761e+02
1.502709850256108837e+02
1.500006391687360860e+02
1.468267969984657952e+02
1.591107541997261023e+02
1.487921548340858919e+02
1.521895956279198572e+02
1.480302011511024602e+02
1.459928490631551199e+02
1.464879849539777297e+02
1.528764657979537276e+02
1.498416017949921297e+02
1.516801875030335793e+02
1.464990278653886264e+02
1.483818282105406752e+02
1.524937784749888579e+02
1.498788940800506566e+02
1.469002087928618039e+02
1.525003964856923631e+02
1.530454181808204339e+02
1.513777562933895524e+02
1.495078597223439090e+02
1.535017991525276386e+02
1.518421636493097822e+02
1.494759692396105777e+02
1.560349868342173920e+02
1.514086713990830333e+02
1.498692129828199029e+02
1.552667050508873103e+02
1.482123325268940164e+02
1.495101737310222063e+02
1.491311841964827636e+02
1.483069673063536129e+02
1.456878341774514070e+02
1.530838928380647701e+02
1.449828507609766177e+02
1.453388150614698020e+02
1.442503750348259359e+02
1.520342305944720067e+02
1.453864604824014179e+02
1.456675577565573576e+02
1.476512567794227380e+02
1.563589748883402990e+02
1.461905554798949538e+02
1.484637900349677579e+02
1.497607097019316882e+02
1.489443306216496694e+02
1.487533638440135064e+02
1.499810901783090173e+02
1.440561057965545899e+02
1.524000786359901838e+02
1.518349064071386465e+02
1.457652084235709253e+02
1.524669485846984571e+02
1.485253911384720880e+02
1.509376991052064056e+02
1.511126800817626474e+02
1.507533765070305378e+02
1.515310643568644480e+02
1.463456050556222863e+02
1.545516143132907416e+02
1.437841661090255343e+02
1.450667082048180418e+02
1.491636737819532925e+02
1.473154654427532648e+02
1.515616669265525900e+02
1.514789251155189334e+02
1.535203961361718257e+02
1.490882661290629869e+02
1.548458691430016643e+02
1.523087886528722663e+02
1.541968774010425705e+02
1.525802832701613454e+02
1.478480332606046090e+02
1.543314637154218474e+02
1.471191391213269526e+02
1.484852619727095373e+02
1.462715942685868526e+02
1.512003246741502949e+02
1.498174032678880394e+02
1.589784963715061679e+02
1.536807655064361597e+02
1.505527519878855855e+02
1.510837503107950681e+02
1.499852090170214467e+02
1.489511504313468322e+02
1.508198044271375693e+02
1.467290682567084446e+02
1.586884908356678636e+02
1.431697474058966009e+02
1.495412499006297651e+02
1.464563139627118176e+02
1.562520966298626774e+02
1.557583761478738325e+02
1.493656820114357799e+02
1.450170121270466836e+02
1.443436911138522305e+02
1.595730176490596079e+02
1.482773071202653909e+02
1.456205630702285134e+02
1.498958349243809778e+02
1.527125946299870236e+02
1.491143579477589753e+02
1.514466637368071531e+02
1.469817986112809933e+02
1.502270633828036068e+02
1.491857580031567920e+02
1.497229418749550689e+02
1.467980330495666124e+02
1.533033842478751581e+02
1.413517181480790441e+02
1.492660744543537135e+02
1.516233419021290274e+02
1.522834251862801409e+02
1.423995346960751647e+02
1.447426040666592257e+02
1.516667823686712495e+02
1.502310748029987337e+02
1.480008990927043158e+02
1.461376749605838938e+02
1.465866587144483333e+02
1.561131594879807380e+02
1.495167264371966098e+02
1.486617564798721105e+02
1.537724379323691437e+02
1.505675190032367823e+02
1.463482384594508972e+02
1.506806645538098621e+02
1.485215000446731324e+02
1.519872532907313882e+02
1.529742692342061332e+02
1.470411646461687667e+02
1.451125739139850737e+02
1.470216352323622289e+02
1.461605339364085694e+02
1.481521251294936690e+02
1.478454552445899708e+02
1.513375581354540884e+02
1.516744109654528074e+02
1.552047441544345645e+02
1.572027910885911695e+02
1.476335920679663047e+02
1.551639821320029569e+02
1.475565549397478264e+02
1.505147895615818072e+02
1.516175433874678902e+02
1.482977002904809467e+02
1.466044543759398664e+02
1.489744491583216472e+02
1.459100305054611795e+02
1.455354252944354414e+02
1.472150848253959339e+02
1.474179622824066200e+02
1.567537574963929501e+02
1.492036297500411024e+02
1.480321397135170685e+02
1.447434395453716149e+02
1.471982593372759140e+02
1.480917730670658443e+02
1.474467426929745386e+02
1.497042168604997414e+02
1.477955544787688495e+02
1.475570853508588414e+02
1.514802146021949056e+02
1.477072601566864307e+02
1.496718200872526268e+02
1.506221419395408532e+02
1.471440598455385214e+02
1.506197331101133727e+02
1.504618801306898490e+02
1.472370437102497647e+02
1.521591395524244206e+02
1.558789619325509364e+02
1.508596715120040983e+02
1.520126766294501692e+02
1.495754448661915887e+02
1.478759316139872340e+02
1.489567306872337440e+02
1.492909574192131856e+02
1.492329720263352044e+02
1.472041981605625551e+02
1.472771978046970389e+02
1.523401531332960417e+02
1.482773315623527139e+02
1.453833312938364486e+02
1.532289558264308482e+02
1.482919509820558801e+02
1.454805378543106542e+02
1.511075934177097793e+02
1.560778797438737229e+02
1.482090966185429579e+02
1.521950250570182561e+02
1.499880814021745152e+02
1.500895847313855427e+02
1.489571231568742462e+02
1.473313949611754765e+02
1.494228773098951422e+02
1.508760816990941294e+02
1.520307975749831826e+02
1.501674671379428219e+02
1.451490875024537388e+02
1.493731639246517773e+02
1.496684614911884807e+02
1.524222429126873806e+02
1.455378987727430626e+02
1.532767458489439889e+02
1.526812291873405343e+02
1.481137673728065920e+02
1.488524963886365811e+02
1.529599501103446073e+02
1.474910437437864346e+02
1.452171001864045934e+02
1.447863482691697357e+02
1.525393356327053880e+02
1.476974699968719165e+02
1.526800363477515816e+02
1.511147785888821318e+02
1.464147151156819007e+02
1.458026695077650743e+02
1.500472494108790613e+02
1.519726659537537046e+02
1.498566119989923493e+02
1.478752549572823227e+02
1.484407065280891516e+02
1.524034956353278574e+02
1.541460562993666485e+02
1.489721258126853058e+02
1.509546690167440488e+02
1.435014432585357440e+02
1.508990272121388898e+02
1.430461004404962466e+02
1.492932091863515041e+02
1.524298523657259636e+02
1.525262534177595910e+02
1.542130661463337162e+02
1.492441274800603708e+02
1.527188880071534811e+02
1.478535455315042952e+02
1.425890901813788219e+02
1.509346624485984023e+02
1.471138307900339441e+02
1.505058785203142691e+02
1.517365179738425240e+02
1.489016318892800825e+02
1.463175320775296768e+02
1.478376934512141929e+02
1.415410817839972424e+02
1.534615280415943914e+02
1.517824633940995795e+02
1.491182487447974836e+02
1.519245071618699967e+02
1.449242289067335889e+02
1.473680477210510276e+02
1.449035836676964948e+02
1.438040851590765214e+02
1.504918496234384691e+02
1.462687317236834019e+02
1.452677004742121767e+02
1.466044979050491008e+02
1.477885977424495252e+02
1.545914313873103936e+02
1.502252652464175924e+02
1.502686769551555699e+02
1.491038388814081941e+02
1.426969795796597111e+02
1.576405738540586867e+02
1.519247882716511526e+02
1.444138132113459676e+02
1.595080853212567433e+02
1.538850205572738332e+02
1.549186085860488333e+02
1.455195680511821195e+02
1.479660134373846745e+02
1.499833195159657180e+02
1.553379444489913794e+02
1.459203664984258353e+02
1.437047689643539172e+02
1.531700448865005910e+02
1.488103082411475100e+02
1.497799790394342381e+02
1.469609575894968145e+02
1.477882620561668432e+02
1.490178528536176259e+02
1.499274608317629145e+02
1.529214466629623246e+02
1.496659822938172226e+02
1.538947690968974769e+02
1.464332750725321830e+02
1.460524467214949027e+02
1.484557855169180414e+02
1.476855342741413892e+02
1.472842143637228673e+02
1.475300061762839618e+02
1.513386283344326273e+02
1.541670676433326150e+02
1.505421125571839696e+02
1.440585549358480080e+02
1.494511711019141273e+02
1.515442079558884245e+02
1.441869315465872319e+02
1.599496687512466622e+02
1.566393927736581020e+02
1.518397516779175476e+02
1.538178939505907294e+02
1.543727293707024160e+02
1.485583691709239531e+02
1.471880437933624535e+02
1.493757470011542523e+02
1.472917377642603185e+02
1.535938854870237549e+02
1.510182430567128620e+02
1.467234040791039433e+02
1.488707091573052708e+02
1.488452495455895530e+02
1.502513709543058269e+02
1.529596724281285844e+02
1.507641631870348817e+02
1.480900527233069681e+02
1.482082593312108827e+02
1.435813470204647615e+02
1.465572355599658181e+02
1.536855685586409095e+02
1.496501237571188483e+02
1.475705224646624174e+02
1.532634473817755918e+02
1.466271652034159558e+02
1.524862552889607343e+02
1.470531400091410319e+02
1.510998793099699355e+02
1.510285260153091826e+02
1.448561401677156937e+02
1.506636951367759423e+02
1.459864170599486499e+02
1.491070724749556007e+02
1.533950253484042889e+02
1.495062940124780653e+02
1.450050451341081725e+02
1.489771456538240386e+02
1.556781079708168818e+02
1.506042218359316109e+02
1.472266925688226138e+02
1.444061663575693046e+02
1.505777808680336136e+02
1.536533389405501282e+02
1.483872320764966162e+02
1.494573041691628816e+02
1.495114976395987014e+02
1.462623169128104337e+02
1.437618531885118784e+02
1.541544879641785428e+02
1.445149082815796930e+02
1.489949926815026515e+02
1.540381416253245561e+02
1.511251489644876074e+02
1.480919717337556278e+02
1.525044304489766489e+02
1.541932744849485175e+02
1.510265022257038083e+02
1.474650287907940367e+02
1.561799889617695101e+02
1.430401504605563616e+02
1.457259500574651554e+02
1.493523911474796364e+02
1.494053704175088058e+02
1.484751160260821052e+02
1.553098539544461971e+02
1.530280184694071295e+02
1.556160475542055792e+02
1.517870091877703942e+02
1.489214196489725168e+02
1.474839450039362987e+02
1.421804452074475478e+02
1.543574694629299415e+02
1.511230829159928533e+02
1.462804171085691678e+02
1.492371313433471869e+02
1.502756910533723556e+02
1.530429992237817487e+02
1.469442550869690649e+02
1.561031336358680619e+02
1.515628704519210999e+02
1.507990963170061605e+02
1.473252152052357644e+02
1.446225346504515983e+02
1.460836372490997803e+02
1.509806614943881300e+02
1.516544629025379152e+02
1.454959237277475950e+02
1.433380442921341000e+02
1.456051642236463124e+02
1.484014054514782686e+02
1.500321360070483081e+02
1.462183640738318786e+02
1.485886874123563359e+02
1.549464239182533163e+02
1.489578782024068175e+02
1.527633787581184492e+02
1.533161447932840531e+02
1.510654516672771592e+02
1.492901651273189714e+02
1.497728112707811476e+02
1.481900473942870917e+02
1.490321996877107722e+02
1.546907940436006186e+02
1.474168313280131315e+02
1.459129471011491148e+02
1.520261986948233357e+02
1.487920061650798971e+02
1.490578221274208772e+02
1.586232017989600536e+02
1.467218737824659343e+02
1.487669597309542837e+02
1.522544284378315353e+02
1.483228626748966121e+02
1.475058809894650551e+02
1.500502493701101798e+02
1.483459693488344158e+02
1.507190967240401278e+02
1.533362675677948914e+02
1.491748263512052972e+02
1.510420064823659061e+02
1.491176882913682959e+02
1.498971209133975435e+02
1.512414340644450590e+02
1.526802851844064151e+02
1.533811102610569321e+02
1.501444175905830605e+02
1.520144205031049296e+02
1.482760774761636071e+02
1.538448055101872569e+02
1.530482184772337462e+02
1.512445753960987531e+02
1.480375758225749223e+02
1.486492062865669084e+02
1.481402897505021201e+02
1.530878053271550812e+02
1.416627677192959709e+02
1.485252261778846048e+02
1.473450333947169497e+02
1.475354837599205950e+02
1.517166359049175526e+02
1.536516833106964555e+02
1.541247349535900071e+02
1.484138024706581120e+02
1.491637529206932413e+02
1.438545915921721416e+02
1.442593545126370884e+02
1.519939686667077012e+02
1.489183666825434784e+02
1.555825520804649216e+02
1.486190264894258632e+02
1.454853040362734475e+02
1.524310492233923071e+02
1.481252525786088938e+02
1.464482208884283523e+02
1.492100854962909011e+02
1.515174300250764361e+02
1.500948151909552450e+02
1.491950071539187093e+02
1.467318716883497700e+02
1.549516407957192996e+02
1.434630252173780320e+02
1.484709445982909699e+02
1.535739981461452714e+02
1.524858611676729083e+02
1.464927362763869780e+02
1.491543090741616595e+02
1.479020658614537069e+02
1.493039894518652773e+02
1.513072492697509404e+02
1.487815023716248106e+02
1.479330465592080941e+02
1.470019332425741538e+02
1.521650693542382555e+02
1.449178332274061063e+02
1.491286328450181600e+02
1.551391405974441398e+02
1.466934627130901845e+02
1.478492933817485095e+02
1.566672671130995695e+02
1.567283255021596062e+02
1.480040270949187686e+02
1.505212941920550520e+02
1.511750129841344119e+02
1.579025004703719901e+02
1.476037635781912911e+02
1.454150935135744760e+02
1.490581362024724967e+02
1.411146708405281629e+02
1.494339961042630023e+02
1.447594246089173566e+02
1.505789013602760349e+02
1.420572027988415869e+02
1.478042184201771931e+02
1.544590347344125689e+02
1.495608859639641253e+02
1.405225784626738630e+02
1.519444663121688563e+02
1.514427343578762191e+02
1.513190550039708455e+02
1.441909626050905899e+02
1.529306612502896883e+02
1.523347632773482303e+02
1.517234777196918287e+02
1.435640444560216338e+02
1.472022188656918331e+02
1.527043031856377695e+02
1.491196992488855528e+02
1.489599349710229603e+02
1.405062697036947839e+02
1.484585926872188679e+02
1.476023510605403430e+02
1.481435007084212714e+02
1.470043608820920156e+02
1.517513130431080413e+02
1.508446266157295383e+02
1.468399456684873314e+02
1.472606517209400465e+02
1.504240393833242990e+02
1.483070090389499569e+02
1.483370154840044961e+02
1.488433911378275809e+02
1.489499780599888368e+02
1.517213112651227505e+02
1.515158203685511751e+02
1.482981516014614840e+02
1.491882091782674991e+02
1.494191649136060676e+02
1.502867505914369133e+02
1.576518117736403326e+02
1.519693768775345859e+02
1.517128410610716287e+02
1.487244760553350034e+02
1.501382672891930099e+02
1.511199565627943571e+02
1.443193422332633986e+02
1.415402943450478972e+02
1.419032813458649400e+02
1.478497024863806928e+02
1.511919740512478256e+02
1.489304538183888553e+02
1.463710006729791075e+02
1.535462275837130903e+02
1.483938950480038841e+02
1.517935209611519838e+02
1.531727543509929035e+02
1.492085238068582385e+02
1.440497854315272832e+02
1.482506562450365664e+02
1.506016512012590169e+02
1.467912081042423154e+02
1.457070848962326579e+02
1.469318874123773071e+02
1.570410431991370501e+02
1.464577482775074770e+02
1.436742417603240369e+02
1.541817816559235155e+02
1.476775180143771422e+02
1.533687819832140633e+02
1.449827874487461372e+02
1.528538528426530263e+02
1.452771190148652352e+02
1.462759290752703123e+02
1.533022288978336007e+02
1.485664546699967730e+02
1.474744447497027409e+02
1.472818229653129265e+02
1.455868815470416280e+02
1.504235147890218229e+02
1.479749339524226173e+02
1.515748207886178420e+02
1.516460810490819711e+02
1.433169129131619854e+02
1.509042120797654718e+02
1.470933033331220656e+02
1.514350774108331450e+02
1.491080704499633782e+02
1.496786450286464571e+02
1.480764693122901008e+02
1.484884945769061346e+02
1.509294776461218532e+02
1.518491556795040083e+02
1.493688004483807958e+02
1.518284658831880449e+02
1.504324264605610892e+02
1.537508315871079390e+02
1.484762467701093840e+02
1.456943279203836141e+02
1.559302887874917189e+02
1.447777375406377587e+02
1.498850450930547993e+02
1.464052540711669792e+02
1.467983270232732878e+02
1.504712193730313743e+02
1.460317772015430648e+02
1.500522404685197557e+02
1.445680191393074097e+02
1.484766107411290363e+02
1.410489197520591915e+02
1.497853691799968772e+02
1.505108892297891430e+02
1.508062803732641441e+02
1.486290644979578417e+02
1.484565069637341708e+02
1.503343680812081686e+02
1.517679430931124500e+02
1.533937416082872289e+02
1.524933841847054339e+02
1.552711196595951719e+02
1.486779050394523551e+02
1.533807611642276356e+02
1.526618575107603988e+02
1.476510026390800192e+02
1.514712475085637209e+02
1.511542714137954135e+02
1.457453877075894866e+02
1.521361044840473937e+02
1.447258089852567196e+02
1.566813560051045613e+02
1.534164037545668293e+02
1.513633799399617885e+02
1.512437241613023673e+02
1.537265277776299683e+02
1.536090902488985819e+02
1.468441814117967681e+02
1.525666847144267138e+02
1.440984685052532086e+02
1.549127110092277917e+02
1.527312467622015220e+02
1.523917654140851710e+02
1.467587435496773480e+02
1.516445005240442470e+02
1.514976804388863627e+02
1.540610240992998285e+02
1.466828076240386736e+02
1.480210143851259090e+02
1.501697077309545136e+02
1.542793808754366296e+02
1.483121762904374634e+02
1.496313188576332891e+02
1.490702216905190198e+02
1.562993552983765255e+02
1.479537457284957043e+02
1.471110606313391145e+02
1.503892751902180578e+02
1.522399012106192231e+02
1.526386869357088756e+02
1.479805270696576542e+02
1.563074360682783777e+02
1.546845270951393729e+02
1.485438450608814662e+02
1.572287021907538644e+02
1.516557285545530078e+02
1.417648363168813432e+02
1.526260223082837513e+02
1.482738310449910557e+02
1.480044776682584029e+02
1.499048878978456969e+02
1.500993454385019561e+02
1.465760806085601189e+02
1.502543118877419772e+02
1.477010623390297610e+02
1.591189669868844589e+02
1.509261364331076436e+02
1.532172877091491898e+02
1.443362022556618740e+02
1.486240205701005266e+02
1.520529122248727845e+02
1.470748492206878382e+02
1.524057485419975251e+02
1.471983865699178011e+02
1.421024005056155488e+02
1.561639580757544934e+02
1.543997921948774490e+02
1.497806414300929418e+02
1.556822132060182753e+02
1.441633309562717784e+02
1.539548754557349639e+02
1.493558306401160110e+02
1.459712678760795370e+02
1.505923405986050625e+02
1.522007586993553048e+02
1.516417411148704275e+02
1.477308578655976419e+02
1.492982815588761127e+02
1.440518605338985481e+02
1.523904290852919132e+02
1.497774108993220352e+02
1.513188383083975737e+02
1.489003333032988792e+02
1.521339007999202408e+02
1.467268377204210879e+02
1.449104081596153719e+02
1.430950620600718253e+02
1.491254857995533882e+02
1.518337935783728199e+02
1.496225970406949557e+02
1.531493732210970506e+02
1.466331420391069287e+02
1.461468566119530692e+02
1.456447437862309187e+02
1.495950333406637753e+02
1.441963679499553166e+02
1.487734105845775616e+02
1.479957791442213022e+02
1.487571558373864491e+02
1.504019253449785651e+02
1.486345311112859804e+02
1.529703621467121479e+02
1.499191428077407124e+02
1.541816536764267767e+02
1.463553084320307960e+02
1.511083118946717150e+02
1.546662123981180912e+02
1.457770469153752799e+02
1.485028168577403846e+02
1.469682619366881795e+02
1.460791794877488883e+02
1.508774518702948910e+02
1.489606603922120200e+02
1.485374658648937327e+02
1.481025717140074391e+02
1.458122946125608905e+02
1.513582287759592475e+02
1.498801570750073040e+02
1.526558938159971319e+02
1.479347340929518850e+02
1.499935931720719395e+02
1.507950895350448945e+02
1.536493435617763055e+02
1.484300806043713692e+02
1.509214474478372665e+02
1.544113796158644902e+02
1.475607050268205285e+02
1.466317430036785083e+02
1.559465688586548993e+02
1.517952006074827409e+02
1.490434592730071870e+02
1.426101873525823862e+02
1.540774660187685186e+02
1.489645359917886935e+02
1.472629357739147054e+02
1.497775517965209247e+02
1.526269726093903785e+02
1.476936019652622463e+02
1.523391902546339907e+02
1.482296407221007826e+02
1.493094920584288730e+02
1.504133042807321772e+02
1.517491963533310866e+02
1.567889154937197702e+02
1.414336592441665914e+02
1.496857470146937601e+02
1.506827160309171632e+02
1.425688223364329872e+02
1.479340987366076376e+02
1.485748892973788031e+02
1.474628902279536078e+02
1.486509978040369617e+02
1.513866209204722395e+02
1.470664273637765120e+02
1.520375971217875133e+02
1.541728167196821175e+02
1.519620724598875086e+02
1.470233900163745773e+02
1.545757021944705798e+02
1.486341897024276193e+02
1.568338009123565655e+02
1.403273494903029075e+02
1.455157249007035034e+02
1.523238591453982735e+02
1.437987455211370218e+02
1.519748784058851925e+02
1.449284918556287778e+02
1.534604701348260676e+02
1.436971651518541933e+02
1.534878896538140793e+02
1.431986716987692887e+02
1.483550745280695367e+02
1.475211190257525402e+02
1.489818526599099471e+02
1.503302927556860027e+02
1.453746150914616067e+02
1.488022694888879869e+02
1.497542341325501809e+02
1.489362848649461739e+02
1.491367484754730128e+02
1.446488195297272910e+02
1.449131060639381303e+02
1.501943654093128657e+02
1.494488428591950822e+02
1.431448835953329990e+02
1.451285119893411490e+02
1.451581106292422021e+02
1.481603048154447038e+02
1.521134659390235413e+02
1.489796833280727242e+02
1.480391660925400856e+02
1.458308509131638857e+02
1.492882725476214034e+02
1.498722326248820593e+02
1.486689578389373310e+02
1.466442173780651785e+02
1.558131373976611371e+02
1.475040115079346776e+02
1.513880375552598139e+02
1.517987438745923612e+02
1.477065477284201904e+02
1.510071664556169537e+02
1.475425744071172005e+02
1.507451097411741330e+02
1.476709702984319108e+02
1.501699555141060785e+02
1.472072838599292481e+02
1.491650590361251716e+02
1.538061271360633668e+02
1.431319224344022132e+02
1.524758297192376233e+02
1.559268369646273129e+02
1.464531208642995352e+02
1.470802497482742695e+02
1.552570332244171425e+02
1.447835398887748966e+02
1.532820383033925111e+02
1.463596387210970136e+02
1.417081290809366578e+02
1.500058082877744425e+02
1.470978325799531774e+02
1.521615448240293063e+02
1.469017160647453295e+02
1.508959610464711432e+02
1.499075692360087828e+02
1.481530013220403816e+02
1.471722258699639951e+02
1.525717491353316007e+02
1.442462107838595102e+02
1.424908657714885862e+02
1.566807323307996853e+02
1.489668296749614740e+02
1.530144126493710530e+02
1.442147870490846060e+02
1.447754896931938049e+02
1.447617873679949128e+02
1.488201924477179432e+02
1.523898786724091678e+02
1.477623063985904537e+02
1.467472258173905857e+02
1.476604410164369199e+02
1.560418129646646719e+02
1.461872085680413988e+02
1.473432993515310159e+02
1.478108810128016444e+02
1.463803353491137216e+02
1.471607659065880682e+02
1.492853774906278090e+02
1.503198887943141528e+02
1.535718628545835998e+02
1.403904945793274806e+02
1.452513632312095808e+02
1.497660622718640013e+02
1.448055792299747679e+02
1.527093540657308495e+02
1.491524548316073719e+02
1.499892021985756401e+02
1.453965121152988331e+02
1.454650395877417566e+02
1.453343380326818988e+02
1.447097134292583860e+02
1.427884686630614510e+02
1.504100240637808952e+02
1.513565503856345913e+02
1.436141274960930900e+02
1.492601339165094316e+02
1.513590230735127307e+02
1.479353269456213695e+02
1.505283907745126726e+02
1.446824629421380166e+02
1.494693302183905246e+02
1.461206132336070596e+02
1.444712024418801093e+02
1.509803555059759788e+02
1.460706009165589023e+02
1.497051156536039684e+02
1.481067356703236158e+02
1.512821992390037735e+02
1.522993395761027671e+02
1.565275677287254723e+02
1.468271277802295742e+02
1.558696163065086182e+02
1.520091433052034517e+02
1.503115464594052924e+02
1.502593238308147363e+02
1.487527324386414875e+02
1.438206948138633834e+02
1.498727266697389666e+02
1.547447602770774040e+02
1.512892833731812914e+02
1.522414364176603101e+02
1.551949776893916635e+02
1.475780725726141327e+02
1.475346697215090899e+02
1.524341500911360470e+02
1.480813897662649197e+02
1.449012675813301598e+02
1.470831244569056935e+02
1.437151901627764232e+02
1.521792549644797532e+02
1.556365965877884889e+02
1.443869372172412398e+02
1.483947270731256651e+02
1.496861689437658640e+02
1.464159412957772588e+02
1.476041420466398506e+02
1.432974596170033408e+02
1.509509483539673624e+02
1.439779348880777263e+02
1.574920308290155049e+02
1.471489639496774942e+02
1.482381268429912495e+02
1.481682139427700804e+02
1.497993927166853609e+02
1.481388945917749140e+02
1.461366734614711902e+02
1.541616483630822074e+02
1.484656859165470735e+02
1.501356265268851189e+02
1.538304499591050956e+02
1.521589382107695485e+02
1.515944136158265110e+02
1.526406032832662163e+02
1.633278793069961523e+02
1.497137344689381280e+02
1.520328255686954151e+02
1.528913865080089920e+02
1.479557428850629321e+02
1.486170596150914776e+02
1.509958060594210281e+02
1.498227727758713570e+02
1.502500987436215496e+02
1.495093220577286388e+02
1.478338617716060241e+02
1.530443406798137573e+02
1.540041333956607446e+02
1.533393167756549644e+02
1.554399696616577842e+02
1.592777594390082356e+02
1.475702254741460706e+02
1.510697757562570018e+02
1.531432676592060034e+02
1.525233673669964958e+02
1.499340580383153565e+02
1.540399593791831876e+02
1.546772086611758539e+02
1.456392112722697618e+02
1.534282599152496971e+02
1.443246858850971535e+02
1.499371151229473753e+02
1.466279729346134388e+02
1.475678371231966821e+02
1.563441912468817065e+02
1.478979516871453086e+02
1.509801802653179266e+02
1.551903676139077106e+02
1.499333117680895668e+02
1.485454655652443421e+02
1.510419557116616431e+02
1.440342694013292260e+02
1.486914774060799118e+02
1.487253839753187492e+02
1.485461377006975567e+02
