1.812710135286874333e+02
1.828689145383352752e+02
1.839366826124803538e+02
1.834005875122068403e+02
1.834599334038012728e+02
1.803926273596169949e+02
1.806722275300122931e+02
1.814342079004050277e+02
1.760416654475974099e+02
1.831538305719524828e+02
1.810804167734877126e+02
1.795299346757581134e+02
1.788775736007396233e+02
1.799439258201161067e+02
1.857821213275252035e+02
1.776045387879872237e+02
1.806329139828032453e+02
1.813125019042911390e+02
1.812028357204489168e+02
1.808515867029341280e+02
1.831727558422383311e+02
1.816335061876170869e+02
1.835033180564691691e+02
1.797929876136727216e+02
1.836459511484142979e+02
1.831442680028948189e+02
1.782540000486726228e+02
1.803526952633969245e+02
1.808373652643748244e+02
1.796472725057938078e+02
1.797431136884171963e+02
1.811247286218491013e+02
1.820472298104669449e+02
1.789095936659425092e+02
1.771717237481760208e+02
1.803767192168855047e+02
1.828119536309830551e+02
1.796709393155958878e+02
1.803323061225422634e+02
1.801735962720089219e+02
1.841405573678767382e+02
1.833218897971422905e+02
1.791446444558983728e+02
1.814722384258606382e+02
1.786468832757511791e+02
1.832269846778792441e+02
1.805582757022929172e+02
1.808562634756873706e+02
1.827529330626092872e+02
1.813317414752502259e+02
1.831001257058937881e+02
1.824271212494379029e+02
1.855193513636458249e+02
1.792574407302712984e+02
1.786196290494973198e+02
1.805315534307964640e+02
1.811820477565004524e+02
1.834505448960808565e+02
1.867678615580277039e+02
1.788736910627859231e+02
1.760616056284220861e+02
1.796708140480335203e+02
1.826877816476068972e+02
1.789706159611104113e+02
1.813948137423730316e+02
1.793014976192054917e+02
1.797465556367286865e+02
1.821258383151464670e+02
1.776310724475999336e+02
1.844930008546710383e+02
1.794719011426827535e+02
1.839628391810780670e+02
1.799644684617088330e+02
1.810469394876528781e+02
1.803603676651063381e+02
1.834402541764086436e+02
1.754268624004453159e+02
1.821344603164524187e+02
1.779793358586224485e+02
1.812889109123990181e+02
1.784008232932563942e+02
1.765119631322413341e+02
1.813951972566390793e+02
1.821975584975237155e+02
1.842673697946961795e+02
1.833911708123288520e+02
1.809181266739259399e+02
1.798828829582679134e+02
1.790708364096462333e+02
1.792969079680590596e+02
1.831189909539527321e+02
1.839850867554754643e+02
1.777308384994388462e+02
1.798194308382758777e+02
1.806637305139083480e+02
1.866688680056551561e+02
1.808559178599373922e+02
1.813636288176821552e+02
1.853257571766144451e+02
1.795717568914731146e+02
1.815825354908104146e+02
1.791187716200997784e+02
1.813565541325837671e+02
1.837495039445792884e+02
1.830691876335322377e+02
1.836348169863681790e+02
1.820775354940795410e+02
1.788479570133646348e+02
1.857205497007078066e+02
1.768909643162003533e+02
1.834448476909646786e+02
1.798474206771499269e+02
1.807601114172655627e+02
1.794255984033135292e+02
1.775906043170520263e+02
1.770197162729405704e+02
1.780050129093666840e+02
1.784489205928609010e+02
1.791869380032802326e+02
1.816546772190611421e+02
1.787966648587193106e+02
1.827288896106651350e+02
1.800575862823218927e+02
1.804330298204609164e+02
1.786595925281188784e+02
1.809925782596634463e+02
1.771258098711128923e+02
1.811413731806969167e+02
1.811847068824223754e+02
1.785375711194623420e+02
1.819059148760417486e+02
1.817488463161719210e+02
1.781974558124080659e+02
1.822323428448563902e+02
1.781588457569463912e+02
1.801436491053529778e+02
1.831560349300383450e+02
1.814580816268304773e+02
1.795482198175092776e+02
1.788452971631546689e+02
1.800809239425186377e+02
1.751795848637449637e+02
1.818549296054470119e+02
1.811185207685793159e+02
1.791764134894746121e+02
1.840242280853294972e+02
1.828550939956694492e+02
1.814857193041807193e+02
1.808802068665644924e+02
1.862403012620050049e+02
1.778093477701510778e+02
1.788492450272024996e+02
1.800960534569555023e+02
1.779513299287108623e+02
1.842896552330263944e+02
1.820488020481208764e+02
1.844257876528161546e+02
1.804261913493068903e+02
1.822333639506768179e+02
1.789123396670298405e+02
1.833952985204268202e+02
1.805323810855664988e+02
1.796919558846191478e+02
1.804034039168463721e+02
1.821634432816030369e+02
1.803276395251263580e+02
1.791535529341492179e+02
1.825969684342443884e+02
1.816376035542259899e+02
1.794790954163735535e+02
1.790498818933452014e+02
1.807105419367449599e+02
1.859734452313657869e+02
1.798054788041962979e+02
1.847487313529751134e+02
1.801588164776776182e+02
1.817671772265199195e+02
1.796872178117746444e+02
1.823823935677032466e+02
1.799065605968824855e+02
1.838285129461162626e+02
1.843866357069568380e+02
1.792375714158078779e+02
1.810647358652842911e+02
1.795656727552238578e+02
1.839701552767616022e+02
1.771487624822535452e+02
1.866812445234818938e+02
1.832448404150575527e+02
1.784688632404362068e+02
1.826643162799237814e+02
1.806395524702284945e+02
1.789069478609478949e+02
1.825588119074184021e+02
1.813167555625435341e+02
1.838891541629111828e+02
1.763447777093200557e+02
1.881789464950595629e+02
1.788742557957546637e+02
1.802286518942260898e+02
1.825313956305299428e+02
1.803038878192462562e+02
1.811763032954032440e+02
1.807389259377672204e+02
1.806190637557592140e+02
1.798367834317755012e+02
1.811675171714894361e+02
1.763655855410473521e+02
1.807648821134001764e+02
1.848838775464887476e+02
1.811456259811610039e+02
1.809266798922912756e+02
1.826527270532681939e+02
1.815580970184343812e+02
1.800809644136664076e+02
1.748617155005472910e+02
1.793601160959887295e+02
1.806572442430902470e+02
1.831323605905306522e+02
1.792999238136173119e+02
1.818583803155258352e+02
1.832564028393590831e+02
1.793858778053873095e+02
1.841438850405308472e+02
1.814579555994334328e+02
1.852849454721375366e+02
1.780496307521555650e+02
1.799496415053610576e+02
1.813465641268761317e+02
1.858917951075013946e+02
1.776489173595380180e+02
1.760579919475552231e+02
1.853012450357131513e+02
1.770935571001741096e+02
1.823143899194517132e+02
1.776440740833043321e+02
1.840167850260957607e+02
1.792119012322573894e+02
1.821724829720626246e+02
1.825133833064559212e+02
1.771917563245135057e+02
1.811288613662165687e+02
1.810588344753940930e+02
1.788569585319143584e+02
1.779828787644518684e+02
1.797091868222845221e+02
1.811444878605363158e+02
1.849162710819480253e+02
1.809632728726794255e+02
1.828932613329046148e+02
1.769494510886946728e+02
1.824630485326009364e+02
1.806847844143948407e+02
1.810019668324357269e+02
1.838044648567277193e+02
1.796448701492653584e+02
1.859465505044896929e+02
1.789908822260581474e+02
1.775636889504257852e+02
1.771684776261116099e+02
1.815115377658270006e+02
1.807591612360230329e+02
1.817685125862362270e+02
1.766137533682220067e+02
1.798373275266810083e+02
1.824273957383990705e+02
1.828961428709845336e+02
1.799421719063288663e+02
1.833611177745343923e+02
1.825929814505938396e+02
1.757083989820512784e+02
1.809455324153532274e+02
1.795084736830671659e+02
1.785751701491371932e+02
1.850045134800247411e+02
1.864007386849239936e+02
1.805251491365879133e+02
1.819636572400929992e+02
1.849337467288548567e+02
1.794791996414184894e+02
1.853880653099031690e+02
1.803144929836201982e+02
1.798222426116385009e+02
1.826206731208749261e+02
1.871492128740223961e+02
1.835240326270523781e+02
1.798561527904474531e+02
1.831397524652886943e+02
1.834862446581703068e+02
1.834392541240134449e+02
1.792216770322874595e+02
1.804718308265907183e+02
1.809109727037117068e+02
1.773237989096718366e+02
1.806944693657582945e+02
1.817446462282235302e+02
1.797817626322978981e+02
1.802554160109581289e+02
1.804950356442160455e+02
1.813195621138628155e+02
1.829319532698652040e+02
1.808715045576747116e+02
1.795418256281122069e+02
1.800671093366053981e+02
1.802364398026222148e+02
1.781500126906597359e+02
1.823327855175144236e+02
1.791265126606529918e+02
1.816977141724862577e+02
1.825057392556733475e+02
1.795637096740088339e+02
1.820554956074878135e+02
1.817346296185213816e+02
1.789898729932488664e+02
1.775642370795754346e+02
1.784459470190369075e+02
1.785020601655331518e+02
1.826630733923450975e+02
1.822300976342444017e+02
1.856495251191164755e+02
1.800272491541338411e+02
1.783402326740915100e+02
1.838094486467738591e+02
1.849918108200997722e+02
1.795691077897041623e+02
1.778161131673307693e+02
1.808860595254361101e+02
1.817117827003054629e+02
1.824164362811746400e+02
1.786104197246888816e+02
1.836792299696895441e+02
1.814325689326977056e+02
1.780828293692654256e+02
1.826599228581424654e+02
1.818829526340631162e+02
1.809272166642002446e+02
1.798169350814537211e+02
1.847613404654862848e+02
1.835181942109829833e+02
1.800470454998939545e+02
1.796954313011941622e+02
1.815099264862839163e+02
1.813566645656279377e+02
1.812241596716709751e+02
1.796616709980173141e+02
1.771439638315470972e+02
1.869883391012831169e+02
1.807137855400368096e+02
1.817934364024736453e+02
1.840994978582544661e+02
1.793586155112304539e+02
1.827189245880487078e+02
1.781631117218636007e+02
1.791574872540019214e+02
1.819571553345273003e+02
1.802746968679588804e+02
1.820396078205241963e+02
1.823298620915101651e+02
1.753801437624485402e+02
1.827957410136845340e+02
1.784196877811482693e+02
1.796745185589487903e+02
1.776268831425597625e+02
1.833748104105778793e+02
1.823619010616135085e+02
1.768580481859933684e+02
1.825579563496358446e+02
1.839083034204115563e+02
1.804617074500830540e+02
1.790776338477518550e+02
1.830727034496798069e+02
1.797287089534505071e+02
1.838969793626749833e+02
1.832326037224459014e+02
1.785295725359068228e+02
1.811233384489229365e+02
1.769708474933642322e+02
1.823182125880436786e+02
1.824293807857451952e+02
1.799026490459514775e+02
1.803709682359220210e+02
1.797905986014213227e+02
1.812946779391835719e+02
1.831747080369285641e+02
1.791630045614257085e+02
1.790591847189058967e+02
1.797718841457068493e+02
1.804436497249932358e+02
1.790976214863915175e+02
1.821931153414078608e+02
1.814196749175609398e+02
1.813493584074980447e+02
1.775214889315594462e+02
1.817853329295347748e+02
1.808628603715293082e+02
1.758488187159015865e+02
1.791757843898510600e+02
1.824173795771434357e+02
1.796549096276773412e+02
1.833257007986201756e+02
1.835555958861342276e+02
1.797133910321186931e+02
1.812581729662450130e+02
1.847313014889904821e+02
1.835028959412829010e+02
1.801268577518117127e+02
1.869254248391112583e+02
1.840331530686305541e+02
1.820407999579113039e+02
1.857010850977684981e+02
1.817702652532161949e+02
1.793523717741935855e+02
1.798238038396141576e+02
1.816923464820362994e+02
1.797701295719183463e+02
1.798234093700725680e+02
1.833549194146700358e+02
1.813659020827890629e+02
1.811049510700466385e+02
1.852925782871469096e+02
1.811002053861712398e+02
1.810806908951013554e+02
1.822163760334930771e+02
1.814738035940703753e+02
1.799495350295240428e+02
1.808658624634181251e+02
1.803464225971888766e+02
1.811419856709858038e+02
1.868025417465678970e+02
1.820813652909319842e+02
1.792763230665812841e+02
1.838906416779311996e+02
1.835980905881488070e+02
1.806038788672039743e+02
1.824606760905952001e+02
1.799296598766310922e+02
1.750688957285759955e+02
1.810444026559170254e+02
1.809713323612401723e+02
1.820740601011656281e+02
1.836221356586396780e+02
1.810135839499128565e+02
1.840924674793927807e+02
1.795146235910833639e+02
1.810711491166196936e+02
1.810469761547144856e+02
1.822212394395246235e+02
1.742918436483116409e+02
1.794091850997144775e+02
1.815734410641641716e+02
1.773564133853116971e+02
1.790994999422099454e+02
1.838237155259008091e+02
1.785466903272082959e+02
1.847809591039651593e+02
1.785638423500235490e+02
1.777324344553958326e+02
1.860421522942106378e+02
1.791004536826652895e+02
1.821920733293107446e+02
1.803991147139418558e+02
1.814232460886883871e+02
1.806481879120443352e+02
1.791161108755746341e+02
1.819277994668911163e+02
1.829853632912408443e+02
1.840326301609700863e+02
1.803520211567438878e+02
1.819184521463278088e+02
1.790975227519400619e+02
1.816183107245177268e+02
1.841762936230414596e+02
1.812393583739356586e+02
1.775012003754420959e+02
1.797957668157371245e+02
1.826184913404456722e+02
1.800057064687968875e+02
1.834767394096622581e+02
1.804381634028900407e+02
1.802760065295669563e+02
1.823262610628400466e+02
1.858910430968533944e+02
1.784389533243579820e+02
1.782011410365847723e+02
1.797818249510176543e+02
1.832020402436940287e+02
1.831464827052312216e+02
1.815905236765312338e+02
1.852747525647225757e+02
1.816469961510611597e+02
1.826660926938890839e+02
1.830296784381396833e+02
1.851694309711630240e+02
1.811197352547237074e+02
1.807990889619047152e+02
1.796656221561708549e+02
1.813642990932519865e+02
1.800387853509397758e+02
1.815146127608446704e+02
1.771986814675391599e+02
1.817321964801867296e+02
1.805050071970047156e+02
1.815752939193936299e+02
1.840959571860097412e+02
1.819106393915259616e+02
1.833330000099534800e+02
1.854717652730931832e+02
1.776405124330146350e+02
1.818159684077049008e+02
1.818973496399437977e+02
1.836130089930549900e+02
1.824280878302268718e+02
1.800617900618570673e+02
1.810524955657040209e+02
1.778742563991405063e+02
1.797332035137306718e+02
1.841028794767397301e+02
1.815787635788353214e+02
1.844619840048978574e+02
1.815010986404527387e+02
1.804540569443530842e+02
1.812209231852136497e+02
1.765582844800040334e+02
1.836017004682419724e+02
1.818540285230570248e+02
1.794217433268506454e+02
1.813360810909497900e+02
1.849369297765580598e+02
1.762192929674673962e+02
1.807154353866146437e+02
1.809924337357530817e+02
1.751143986247512601e+02
1.823419715712140032e+02
1.776270779416813355e+02
1.827269462938193669e+02
1.824322974920880824e+02
1.796614254943313256e+02
1.861391586041208939e+02
1.839790763670890783e+02
1.803731565463712627e+02
1.828751483026797473e+02
1.817111060091750971e+02
1.810326148005392497e+02
1.840752770856544487e+02
1.834192273046613479e+02
1.791926261716336626e+02
1.824302677215000017e+02
1.848734598006540466e+02
1.836068660951726486e+02
1.830639151701309402e+02
1.821921168344738646e+02
1.757176231424197965e+02
1.824322646116925455e+02
1.808190125229903344e+02
1.821152870351513684e+02
1.817254634775426609e+02
1.812822608994755740e+02
1.813772449321731699e+02
1.784261059469502300e+02
1.776597740113204793e+02
1.855872830853086839e+02
1.834179731781078431e+02
1.819660414079397697e+02
1.828032153716425228e+02
1.793936092162156228e+02
1.810404124439986333e+02
1.814554308094092505e+02
1.793884058940279260e+02
1.824787285796485889e+02
1.833083027457796845e+02
1.770339159022305182e+02
1.786594548684541337e+02
1.805883152696726768e+02
1.805764222800262360e+02
1.839711464535843675e+02
1.816137426243030291e+02
1.799277123233937061e+02
1.845951311421122796e+02
1.791164961865464988e+02
1.797214083583545801e+02
1.820780559661031646e+02
1.788329883116194026e+02
1.799641041736354055e+02
1.745728872249537176e+02
1.843024465891125772e+02
1.814018506198293892e+02
1.806031270728196318e+02
1.816131886249590650e+02
1.800900789009945413e+02
1.814572233425015213e+02
1.794489709023598891e+02
1.801674771837290621e+02
1.773462280676855585e+02
1.819108421402854106e+02
1.792854016562038169e+02
1.805061507164090813e+02
1.807701138709614668e+02
1.804881997424369899e+02
1.827104302149350872e+02
1.832073697059906294e+02
1.796258331684562108e+02
1.859755315173923691e+02
1.846352617682498192e+02
1.791218375027860077e+02
1.799459864894023724e+02
1.804084456301992248e+02
1.822260727320795866e+02
1.783605678925154905e+02
1.848659062238868103e+02
1.814918027553614195e+02
1.852108076253140609e+02
1.843114621015759269e+02
1.814925861152518394e+02
1.788775253384332871e+02
1.797085071209694718e+02
1.798480924744852132e+02
1.804483687268720757e+02
1.791183121933600262e+02
1.822883209347365607e+02
1.820598412621609441e+02
1.816480031302966438e+02
1.840125253158903433e+02
1.816883787303848408e+02
1.823130306543384620e+02
1.792293073370634318e+02
1.798017445640484198e+02
1.827263984382659032e+02
1.761688384206742910e+02
1.789645700097630083e+02
1.791711880198483300e+02
1.778540585462492345e+02
1.809504020936399513e+02
1.797353002323583269e+02
1.791270479881964377e+02
1.832290697975423086e+02
1.852262386976500466e+02
1.782951265121239430e+02
1.804952348356607104e+02
1.835096372502658824e+02
1.807150789012929692e+02
1.799406163074470442e+02
1.794395975606713591e+02
1.836006600084014906e+02
1.806955474532388450e+02
1.808357616833824864e+02
1.824094948241933878e+02
1.848177727539882653e+02
1.817521431219965109e+02
1.820770897914723321e+02
1.820505530479300376e+02
1.822151444899780586e+02
1.855509412907533715e+02
1.784424765231324841e+02
1.798358543656512438e+02
1.799934453210324534e+02
1.781467576639878132e+02
1.835878441258577141e+02
1.819412460008063590e+02
1.751931118183532305e+02
1.757418953145735259e+02
1.827175996913554172e+02
1.796126720230123510e+02
1.794618037040379761e+02
1.775204740849729603e+02
1.807329428819971326e+02
1.788151644427186966e+02
1.883052210250632186e+02
1.799075480565693681e+02
1.821770765778183829e+02
1.806136579551908028e+02
1.804628321799862647e+02
1.777125471425313492e+02
1.795638586112856387e+02
1.835811865113464592e+02
1.831831260047092655e+02
1.828254442817966208e+02
1.821049134954041335e+02
1.830698619912718357e+02
1.827569712476351071e+02
1.823331277280504708e+02
1.798948375058584190e+02
1.795784414682157433e+02
1.803406004702890755e+02
1.782158072101416053e+02
1.860776414668233087e+02
1.820697680746009439e+02
1.793053149659258452e+02
1.803379965997792453e+02
1.816771483463187451e+02
1.796455589401830082e+02
1.823670815099165168e+02
1.825870755844653104e+02
1.832543797626009336e+02
1.812154353629444472e+02
1.801656238688279359e+02
1.817325301561909043e+02
1.823530524510270538e+02
1.785157153656397213e+02
1.814732073807352322e+02
1.796269928145816266e+02
1.805467198418100736e+02
1.814052650886691822e+02
1.764470659755550628e+02
1.820109313308872174e+02
1.796724272710677894e+02
1.777211385185048016e+02
1.801736863925970340e+02
1.774494789065757629e+02
1.831395668681552138e+02
1.780670693458878873e+02
1.817841824186458553e+02
1.803532989377067395e+02
1.823331190618765731e+02
1.784125349299659149e+02
1.814049722572162864e+02
1.832855899379854066e+02
1.798909968613814101e+02
1.791728629716708099e+02
1.790448660390885607e+02
1.805871790777215438e+02
1.801325525916898300e+02
1.799260507223230547e+02
1.757311224618076153e+02
1.814509387154062665e+02
1.811831615653772189e+02
1.830502723661695370e+02
1.790673148397001455e+02
1.814594052024205553e+02
1.805986670366223166e+02
1.787447840328113671e+02
1.865072848784739961e+02
1.760856552331653120e+02
1.765263676587637178e+02
1.818379622777854081e+02
1.787757597058086105e+02
1.808096737463718569e+02
1.840759358132041825e+02
1.825284768301775671e+02
1.818459544553028024e+02
1.807500395930609898e+02
1.772778568068050333e+02
1.846025057308733324e+02
1.824739072741277823e+02
1.798424018285558077e+02
1.831507308528572366e+02
1.790707981965923068e+02
1.822650034543270863e+02
1.809802440627402689e+02
1.830510035062622194e+02
1.833401347542788642e+02
1.786318448328214288e+02
1.799607623499678084e+02
1.820041852627580568e+02
1.822081325456042293e+02
1.797176803389636177e+02
1.839620774880453951e+02
1.797682715631540589e+02
1.836213336914558170e+02
1.789440135078309879e+02
1.809588323264628116e+02
1.790682641889458182e+02
1.806240855786827524e+02
1.814232129745304576e+02
1.826512121041432124e+02
1.837568660386289707e+02
1.846555835693493179e+02
1.849179275322457556e+02
1.812147866789854618e+02
1.838653374106397678e+02
1.849896417093567607e+02
1.821430001842880415e+02
1.789520769502050257e+02
1.826123410945550916e+02
1.801889542171612391e+02
1.829041458070804254e+02
1.824549460402070338e+02
1.843190453443883428e+02
1.796912400812278463e+02
1.845634135356368688e+02
1.844684674666591206e+02
1.802939952282977742e+02
1.802073288350222526e+02
1.803691668777118196e+02
1.830455612784428752e+02
1.753905980909014488e+02
1.762107264840129233e+02
1.799255607783383653e+02
1.808760167361743640e+02
1.768768980938466768e+02
1.783237823454643660e+02
1.776376226048974729e+02
1.811561003451974159e+02
1.818337127241374844e+02
1.812410962040582092e+02
1.771938959450622519e+02
1.807439522130777050e+02
1.812259627170101908e+02
1.802155361114786842e+02
1.810288464167598477e+02
1.848036262034682409e+02
1.812843124809792243e+02
1.813065595295232413e+02
1.802606389912067471e+02
1.830185351856000580e+02
1.769481333872124083e+02
1.785486869251945450e+02
1.832072271810353357e+02
1.785857900995524403e+02
1.754368824440895480e+02
1.813769344543127318e+02
1.835960084335954718e+02
1.770631661373441545e+02
1.824209232213091809e+02
1.787167926725624909e+02
1.800755443923442556e+02
1.800637166045927415e+02
1.811402363184426179e+02
1.835423515060865043e+02
1.808430815675798442e+02
1.826885591679536560e+02
1.755252821642303900e+02
1.822180718397870862e+02
1.834542747701868279e+02
1.796287340859294375e+02
1.801837826603920973e+02
1.793599617769657186e+02
1.797060417887705910e+02
1.826320222266476208e+02
1.824335783357239507e+02
1.800372901089824609e+02
1.842481091317392270e+02
1.832334677381967651e+02
1.788471766563423841e+02
1.827972401145202070e+02
1.821869819302403641e+02
1.793036677548766988e+02
1.808360561948575480e+02
1.747042721639727176e+02
1.850140265220752553e+02
1.781710203015187517e+02
1.775604654850143334e+02
1.802109892208865176e+02
1.826388740456669382e+02
1.838492628790739616e+02
1.834922100407290202e+02
1.823199628666245644e+02
1.840262513522730785e+02
1.831181011160203695e+02
1.789639240531213602e+02
1.813124175966036660e+02
1.794730034035628421e+02
1.830862026017517223e+02
1.802649691158975713e+02
1.806132158640346006e+02
1.834358923938287376e+02
1.810420989244440193e+02
1.803186344228591054e+02
1.851588252453371979e+02
1.798256282741340613e+02
1.763003178391879544e+02
1.789205124977006278e+02
1.800173390836907572e+02
1.811305254885050147e+02
1.780652713124606237e+02
1.789128254114328058e+02
1.813105216415862913e+02
1.779582831724964933e+02
1.774974188588361415e+02
1.826954949895503830e+02
1.804633565082668554e+02
1.813153753382396189e+02
1.780199991144665148e+02
1.837338987126616985e+02
1.789634177854862287e+02
1.796315779250788012e+02
1.806328217260229394e+02
1.823479953414341139e+02
1.829466081865339220e+02
1.802742336763481035e+02
1.781167566177623200e+02
1.778034939127635994e+02
1.814694170704497083e+02
1.785598439686779102e+02
1.801730168940815417e+02
1.825975226865082561e+02
1.822918797139892888e+02
1.793147360849313827e+02
1.871768887215239658e+02
1.816877983133755379e+02
1.846420491706982148e+02
1.760023409911305521e+02
1.809704856997134925e+02
1.821544913833503188e+02
1.822781608412766445e+02
1.792926640182994049e+02
1.826730371223700331e+02
1.793503545491186628e+02
1.799215567521929700e+02
1.822008050543664694e+02
1.819123839817389978e+02
1.795472095458415822e+02
1.784158396624159479e+02
1.797599214230504003e+02
1.777871078552218762e+02
1.744164325320865316e+02
1.784512406673970872e+02
1.818516496715035657e+02
1.807297545834571508e+02
1.820456908025897746e+02
1.770496055660657362e+02
1.793028823042722308e+02
1.813908611922238094e+02
1.823883158223930252e+02
1.762906813564273421e+02
1.815550987788717521e+02
1.840721711441140087e+02
1.843653873288072305e+02
1.829910377163008661e+02
1.838634424548181414e+02
1.824962939449730754e+02
1.808459369399854211e+02
1.848445543964135140e+02
1.802045363020011166e+02
1.791545421499471331e+02
1.790518672690874098e+02
1.818268520349737400e+02
1.825171912466162496e+02
1.793421009048730639e+02
1.832697847577036612e+02
1.810346652803033294e+02
1.790381440680398555e+02
1.821794020503728007e+02
1.800592990911507343e+02
1.829347624577666522e+02
1.776685718869404127e+02
1.843833142519797832e+02
1.806823244649321794e+02
1.803779333484297069e+02
1.794579071537875166e+02
1.794558364987613572e+02
1.780286353909366710e+02
1.793053282048403219e+02
1.827857072433914993e+02
1.856146063309283534e+02
1.799004510642217269e+02
1.779746610535193838e+02
1.794865065369696140e+02
1.791254131155516234e+02
1.804879859121473373e+02
1.779268219104804700e+02
1.832040261137379673e+02
1.792321907127599161e+02
1.760823233843671574e+02
1.831934823784301614e+02
1.815533856103930077e+02
1.809022415589421939e+02
1.808534884367516895e+02
1.780253409222191578e+02
1.834580243091444913e+02
1.818317838411831247e+02
1.850578425655729404e+02
1.853289440407637869e+02
1.825443552128192550e+02
1.848860133584300911e+02
1.869445948777836293e+02
1.788594834039064096e+02
1.823260484693638830e+02
1.841103284682579897e+02
1.798419219577244235e+02
1.800197269664729731e+02
1.831602435369919419e+02
1.821261458312938544e+02
1.793036258419388673e+02
1.811129630492596334e+02
1.805997182115933413e+02
1.756086370596516417e+02
1.795116544630202782e+02
1.864791735050332022e+02
1.792407945913822118e+02
1.809515168315926132e+02
1.822966011174996197e+02
1.850313036620545404e+02
1.810968846131512748e+02
1.805668511336078552e+02
1.794714100037792264e+02
1.818126174498138710e+02
1.816408655187501040e+02
1.803729332184954330e+02
1.781619098017241924e+02
1.741592167688592951e+02
1.840375033574440806e+02
1.805554602933796673e+02
1.777249560135047091e+02
1.808097263209578500e+02
1.773275561049188127e+02
1.768881257357210188e+02
1.776413418996677933e+02
1.816455146702400327e+02
1.828207619412007716e+02
1.813803793886528979e+02
