1.235059126971238754e+02
1.199017163579415381e+02
1.232064952919777738e+02
1.183277728260731578e+02
1.297712024917289568e+02
1.200915161668643094e+02
1.231711487922443524e+02
1.209635614371573240e+02
1.224271178182385711e+02
1.140855049228047022e+02
1.181042632625289457e+02
1.262991955355296625e+02
1.213697990518806193e+02
1.185281362862905468e+02
1.160844687594537703e+02
1.185516132432292693e+02
1.219305659512896938e+02
1.246035465874529677e+02
1.180292630665411338e+02
1.156550739354657651e+02
1.196472919665293659e+02
1.244781464356014311e+02
1.192214417284763073e+02
1.196647990967089896e+02
1.129230824434284131e+02
1.196444726281239781e+02
1.225960178466717281e+02
1.246400620109078830e+02
1.230015371082600950e+02
1.246215737431542578e+02
1.218670696096734076e+02
1.252229223064219923e+02
1.132944380474088177e+02
1.251574376319379382e+02
1.162161964213116221e+02
1.223648325773370260e+02
1.149461541802523357e+02
1.180010108216039271e+02
1.199051736997217859e+02
1.261698250988164034e+02
1.243186031295525567e+02
1.216092258453539472e+02
1.195703110269679001e+02
1.267860099933652407e+02
1.233032382059931393e+02
1.258481161181572929e+02
1.216704324272031954e+02
1.177741505820013117e+02
1.172300269696398516e+02
1.176862822051152904e+02
1.248385041541903888e+02
1.213620067037410593e+02
1.203140029414096972e+02
1.168980155213313310e+02
1.208455432782343593e+02
1.247154867446685103e+02
1.158233411909544373e+02
1.216945659565567865e+02
1.198139991851998332e+02
1.290691130486824250e+02
1.182494489001405924e+02
1.200358387067269064e+02
1.226801352686904920e+02
1.260015155820038757e+02
1.225472117760614879e+02
1.218926748105125455e+02
1.240260579364481686e+02
1.276021335442751621e+02
1.162698605668978615e+02
1.194690351196472449e+02
1.187921196614873907e+02
1.172128430948867077e+02
1.217026731928315542e+02
1.195982881793571693e+02
1.204227723512356931e+02
1.206038990554606158e+02
1.203217901566133037e+02
1.221587489916179408e+02
1.205242447544688815e+02
1.235326147268205119e+02
1.242066977301748381e+02
1.220220826702018257e+02
1.180399586759914996e+02
1.182868206397121469e+02
1.238578496914120137e+02
1.240226113021493148e+02
1.181945426651945183e+02
1.233280446205507985e+02
1.217892745030985253e+02
1.246013340047599769e+02
1.201679849959428594e+02
1.228506583589171726e+02
1.253531870023820005e+02
1.179764557355643575e+02
1.227282262956272660e+02
1.151173542014341393e+02
1.267076482096200181e+02
1.196073907081735541e+02
1.216199113351613761e+02
1.263964064089307584e+02
1.180649463200347498e+02
1.216292292376018480e+02
1.188941762192115732e+02
1.248088515861071102e+02
1.183727361149194053e+02
1.185254371981038304e+02
1.245436785499528014e+02
1.203463160856955199e+02
1.186296965973577926e+02
1.211601689888692164e+02
1.185848382080209973e+02
1.220017640132247863e+02
1.250545054835019414e+02
1.250637117673825145e+02
1.211196012293238482e+02
1.170421039734386852e+02
1.243772013490945767e+02
1.154332946547943664e+02
1.250076412905088290e+02
1.212650990760835867e+02
1.225003772694052486e+02
1.223439341700747036e+02
1.212265632952535270e+02
1.210678934730148910e+02
1.251149215100767265e+02
1.171896943125322395e+02
1.199967989797507073e+02
1.120116549610308994e+02
1.214354453812135546e+02
1.197306403571476494e+02
1.230787429388573173e+02
1.216986123980017425e+02
1.272697152247370553e+02
1.230042570643092574e+02
1.272018282517570213e+02
1.180772006075748379e+02
1.214606527458070815e+02
1.191835942832569799e+02
1.211923497188185621e+02
1.209989313785723795e+02
1.281005974535338225e+02
1.169132263953216295e+02
1.201433052774562498e+02
1.214046148115497061e+02
1.163538589862945400e+02
1.200855466150620146e+02
1.196396130958464283e+02
1.205529315337284544e+02
1.167311672889298961e+02
1.181013719311584964e+02
1.287628387730373447e+02
1.240844229379679717e+02
1.250572998496845543e+02
1.224264377236996211e+02
1.243406498248139940e+02
1.197419551203247039e+02
1.263986151150540991e+02
1.233552798012253220e+02
1.212293734672036578e+02
1.196150142689661919e+02
1.191951710842644303e+02
1.230591704305969643e+02
1.192040521939226210e+02
1.233127259034320531e+02
1.193716623694936771e+02
1.181327576718738470e+02
1.233007352098978373e+02
1.206011485882654455e+02
1.175315758132162927e+02
1.255153447032499798e+02
1.283340956587139772e+02
1.234818020743918652e+02
1.203126252056830339e+02
1.167376833924619319e+02
1.180674233936782542e+02
1.096508366146210847e+02
1.127598817894006942e+02
1.233208444798935659e+02
1.199763147867145250e+02
1.268116195948056060e+02
1.223709735446832951e+02
1.188053634628635535e+02
1.182152577200386361e+02
1.211193185699001162e+02
1.202693044772507562e+02
1.223384162231023424e+02
1.262941468163761556e+02
1.243373020536111682e+02
1.269502436449791958e+02
1.261694430907922282e+02
1.221501008120382323e+02
1.195685093181100882e+02
1.233583007408360430e+02
1.226083941674818050e+02
1.137318872552202293e+02
1.286546200113691327e+02
1.200136591169971894e+02
1.239887101005317618e+02
1.228121138092155036e+02
1.224447522750203774e+02
1.195376699864132206e+02
1.222952533269666588e+02
1.155781471017888293e+02
1.216012525971304967e+02
1.264087030863409638e+02
1.243694739254296451e+02
1.206224482846362207e+02
1.174710819062021869e+02
1.122869520190683801e+02
1.182911102474201073e+02
1.196669303313351236e+02
1.223525872677201960e+02
1.230196682485809845e+02
1.174315744914288047e+02
1.225329596732041750e+02
1.238356923159620635e+02
1.197080319257757992e+02
1.208542357447591655e+02
1.228483755214878670e+02
1.237437831016182912e+02
1.215478478399699469e+02
1.223479824946714558e+02
1.253181835984845236e+02
1.227077691327146027e+02
1.167675307060363679e+02
1.257473582529281373e+02
1.200754039135362490e+02
1.211304029488841678e+02
1.153000902359419371e+02
1.199506119813357117e+02
1.250789541053723752e+02
1.276768771092603885e+02
1.228476128381684589e+02
1.221285525962463794e+02
1.195065600549055489e+02
1.221590204648899345e+02
1.242760418931788848e+02
1.182124905409859963e+02
1.194997536412456043e+02
1.179148095469251558e+02
1.229614927016185248e+02
1.272234971877773262e+02
1.228699997569563038e+02
1.275178449912619669e+02
1.186982774901219528e+02
1.200581052371654494e+02
1.175138630270270141e+02
1.175718023408091710e+02
1.209634836488422849e+02
1.203851855094338390e+02
1.210568848371531345e+02
1.157568839217497043e+02
1.235155712241297579e+02
1.185350804429757545e+02
1.185044102921874156e+02
1.214514789370325474e+02
1.194123824895661414e+02
1.196667831749698223e+02
1.202961940470221833e+02
1.254387264728715792e+02
1.203846838040417992e+02
1.199672366897751346e+02
1.203646352938243069e+02
1.219599800936232157e+02
1.208859859944812456e+02
1.152212315617171754e+02
1.259813513611862703e+02
1.205063882329962865e+02
1.211302568435011580e+02
1.178777639219070181e+02
1.188805352643750268e+02
1.178599347847149801e+02
1.236346343240580410e+02
1.187013096470976734e+02
1.224879165391428728e+02
1.195960424829251707e+02
1.221500629444624337e+02
1.193912053204281420e+02
1.253990164591918131e+02
1.206065191868078301e+02
1.229909973841073167e+02
1.194707804356455085e+02
1.226876029857379393e+02
1.151768957543685872e+02
1.264887934315417368e+02
1.237893327127509480e+02
1.224642724603676243e+02
1.203495481184230158e+02
1.211102733005540557e+02
1.213042182277828545e+02
1.181598480439268570e+02
1.169177193376785766e+02
1.221200612082288472e+02
1.224203366500145620e+02
1.149624982655430756e+02
1.239603747438638806e+02
1.249791896086041163e+02
1.205710984610662138e+02
1.209938641822109417e+02
1.254424530288111725e+02
1.204283691232861031e+02
1.210270134138740303e+02
1.240095361751152439e+02
1.200300582906098867e+02
1.181733619619157309e+02
1.156641665021708434e+02
1.176709971741509690e+02
1.226894238409702922e+02
1.208299684737454669e+02
1.197632586158837711e+02
1.186746906012112817e+02
1.231724264802613931e+02
1.248539411472880403e+02
1.180297014922202408e+02
1.233979268811711165e+02
1.237405060411146138e+02
1.245749361900780627e+02
1.253636240435845792e+02
1.196144618400729627e+02
1.245961589696719471e+02
1.177325396113597691e+02
1.290579899248835716e+02
1.191060632981474185e+02
1.222650693742750860e+02
1.255761364764528736e+02
1.169646930044655448e+02
1.125149326313521811e+02
1.189760840371286434e+02
1.175573634092804838e+02
1.216694866049069645e+02
1.226615932664569897e+02
1.152555269351324796e+02
1.186092903512760728e+02
1.216170104997158603e+02
1.193603681965007155e+02
1.238423627661935598e+02
1.187767678775911691e+02
1.205491776254225158e+02
1.166393811965129430e+02
1.130038768324806568e+02
1.129373869622815647e+02
1.157594162203562291e+02
1.229271813107089599e+02
1.178907862751979962e+02
1.238781399585908645e+02
1.202172048373985263e+02
1.203364040219322391e+02
1.220025138598224714e+02
1.211087519730722590e+02
1.215372538175234070e+02
1.216385345833976714e+02
1.184454591409114528e+02
1.169222182924199132e+02
1.157876128409584169e+02
1.223100343010784314e+02
1.257325324268231128e+02
1.293133223440376582e+02
1.209444307986389759e+02
1.267781548143528596e+02
1.242390105198861363e+02
1.258074017554029069e+02
1.181591561008931137e+02
1.245033155082205951e+02
1.183582274458577928e+02
1.245161367145445013e+02
1.170753859236109804e+02
1.222858316658832649e+02
1.215604288827974386e+02
1.175170054815028067e+02
1.227367097852362576e+02
1.229703153390524051e+02
1.221851976873780359e+02
1.253682798097913604e+02
1.202808727166657974e+02
1.272755648777350075e+02
1.206943898319399437e+02
1.185638340976045413e+02
1.271406786262596142e+02
1.181850650166174148e+02
1.152769030243846373e+02
1.198195214175224521e+02
1.234377658339994355e+02
1.217175140513498661e+02
1.236266868889428991e+02
1.273710454543195141e+02
1.195573075332394950e+02
1.249209759637858497e+02
1.208901037883500322e+02
1.208851717523432683e+02
1.199928379782960945e+02
1.184218364954803917e+02
1.190824187277786024e+02
1.228522863471941093e+02
1.225352989211368282e+02
1.209300604965774539e+02
1.249546171519550484e+02
1.122786537493875301e+02
1.168102574709783994e+02
1.177631203554362571e+02
1.192688706267182397e+02
1.141651585471124974e+02
1.244092201639174959e+02
1.167235630011638534e+02
1.154802144122395191e+02
1.238375369352317392e+02
1.189165838171803671e+02
1.171555953018796146e+02
1.172977332575312204e+02
1.240215958470666635e+02
1.217732577123244226e+02
1.158937558642629568e+02
1.187302044723335683e+02
1.156538421735290285e+02
1.182899742334427486e+02
1.208242482592861080e+02
1.243018490089080359e+02
1.207801434493101027e+02
1.197671341033043717e+02
1.173825204015436725e+02
1.184491800853667911e+02
1.200950431601081192e+02
1.240779653123992432e+02
1.157276679430753035e+02
1.198433767882442709e+02
1.220630420657035415e+02
1.180500590004005375e+02
1.270088705857646403e+02
1.164274526835825725e+02
1.272793195671600017e+02
1.200779127469314460e+02
1.194917627191397287e+02
1.202039695118464380e+02
1.245707513462702849e+02
1.198714644687625821e+02
1.183246398456154793e+02
1.217968341109549471e+02
1.224512034194924439e+02
1.233896510271359261e+02
1.227317928525851585e+02
1.241302139700769231e+02
1.209000076335251919e+02
1.196341057401718047e+02
1.233668865722778207e+02
1.214580124724392078e+02
1.207672072661642630e+02
1.183961137487262789e+02
1.203483180267337502e+02
1.219753119507924310e+02
1.258870060311611780e+02
1.227583146766606461e+02
1.233934607980939404e+02
1.249837726792842290e+02
1.250986297383173280e+02
1.277130394208263482e+02
1.197290840196230874e+02
1.243811406699731350e+02
1.156486855231102169e+02
1.204851022189403267e+02
1.201250054901690589e+02
1.189614939564661995e+02
1.201492649462765598e+02
1.139741853681614288e+02
1.162804132273758029e+02
1.207547850911061147e+02
1.204540588099479805e+02
1.234316586401483278e+02
1.187498962474067241e+02
1.180453565192575951e+02
1.220454491290653465e+02
1.153047999056328621e+02
1.234063607548553989e+02
1.174470216389402992e+02
1.192255080464807975e+02
1.177163223861547579e+02
1.199873416781487236e+02
1.254398056492009914e+02
1.226037326535435028e+02
1.154499933089588666e+02
1.165895363982809982e+02
1.163096131212510755e+02
1.149152419398164540e+02
1.213542687053415108e+02
1.164613701506151529e+02
1.244482122949225840e+02
1.129145285420943026e+02
1.170869815742018432e+02
1.203944454094973651e+02
1.161047825102383513e+02
1.160657034706671311e+02
1.202500802119343177e+02
1.191819264250231356e+02
1.191117523002101279e+02
1.247313168325407844e+02
1.145241123043863780e+02
1.213333524419446547e+02
1.238373517459508975e+02
1.208276524481942857e+02
1.253197439930451083e+02
1.232609642346787240e+02
1.233306499391824218e+02
1.218254114428524275e+02
1.171703582225939613e+02
1.230843566286872885e+02
1.224008808215963455e+02
1.189501618413954702e+02
1.195519822293655352e+02
1.195427723967509621e+02
1.197454133880997489e+02
1.243053781600508358e+02
1.183780812888991392e+02
1.241989687013968506e+02
1.197352167833905270e+02
1.225490641572439898e+02
1.295353241763712049e+02
1.200081122015413371e+02
1.183812793354755684e+02
1.224776858986032124e+02
1.204144195270195041e+02
1.234059208389925004e+02
1.196522837357156988e+02
1.233645477437662237e+02
1.218092932899305936e+02
1.169379128712092921e+02
1.219604961774235790e+02
1.216545239422895150e+02
1.186865733357850701e+02
1.178606982121612532e+02
1.232709541224401164e+02
1.233619019388644631e+02
1.227802368845318739e+02
1.213481224372267775e+02
1.166338604531702288e+02
1.215113656277967777e+02
1.200097419599148907e+02
1.189157429664193444e+02
1.273226852438388050e+02
1.257875336108957356e+02
1.171695497388620595e+02
1.261877719271002292e+02
1.192779522142005817e+02
1.213410058166393384e+02
1.204068152653931634e+02
1.245971286483006821e+02
1.223758804826929207e+02
1.254947188973709160e+02
1.268215786782369605e+02
1.204538224044086832e+02
1.226859344674976739e+02
1.217991508885922798e+02
1.184165120994294256e+02
1.207274388726374497e+02
1.130388202225436345e+02
1.180610722267788901e+02
1.205837491590490913e+02
1.233518496415964449e+02
1.275186819572562769e+02
1.184848034547101037e+02
1.155216911836530471e+02
1.190842402781767362e+02
1.139265889150151594e+02
1.196767234569298353e+02
1.183025337876127594e+02
1.261343867262054914e+02
1.222986126580966015e+02
1.178227611698041102e+02
1.193666443316154044e+02
1.211489344316518526e+02
1.183498893207776064e+02
1.230771457625316287e+02
1.335810240094057519e+02
1.269010638928357793e+02
1.179363796276464171e+02
1.276178375561195111e+02
1.254100025118161312e+02
1.230413349795426541e+02
1.174095168450709821e+02
1.208163672263578690e+02
1.196360471406803896e+02
1.184203428832075531e+02
1.206146108359554177e+02
1.254620869318884928e+02
1.264333088473759119e+02
1.172895020835474043e+02
1.227866832052397115e+02
1.272723589825940280e+02
1.236200352270146681e+02
1.152662169524922717e+02
1.251678728726013503e+02
1.246407596732669703e+02
1.210092881081130258e+02
1.186745590511837065e+02
1.220563616894340271e+02
1.187818669951271744e+02
1.195960663871491647e+02
1.171862566860812791e+02
1.257637111650730475e+02
1.243643519676362246e+02
1.241250155084130853e+02
1.237619969039439951e+02
1.212133516773296691e+02
1.163118238385170145e+02
1.162733583673181101e+02
1.241170285814933010e+02
1.232314828532333593e+02
1.144946460443834155e+02
1.234609463573664527e+02
1.201642192872013339e+02
1.224588296918113315e+02
1.240768496234564253e+02
1.174778892282036651e+02
1.200493174773556859e+02
1.161189248529126274e+02
1.216827755240157245e+02
1.165360038807122436e+02
1.212138997573592434e+02
1.282958630312260198e+02
1.206809749570852688e+02
1.212241561681145896e+02
1.301460774488533900e+02
1.228928359067055283e+02
1.203135580580779873e+02
1.217992755317342386e+02
1.211334989765897490e+02
1.165188728480879803e+02
1.242792852894208835e+02
1.209852636306004001e+02
1.248993546356900737e+02
1.233771870828686019e+02
1.182242954500396053e+02
1.220327255054545930e+02
1.193460920362383604e+02
1.194056969670211998e+02
1.204737739545968225e+02
1.276510586897192638e+02
1.254919811127127360e+02
1.229190962612308766e+02
1.152002404683656778e+02
1.261993831831715340e+02
1.277728991052831020e+02
1.267029911901544921e+02
1.203112917625261531e+02
1.205913444758985094e+02
1.227798767467919134e+02
1.272541288191263789e+02
1.177828902397742894e+02
1.181121363180828894e+02
1.232130306462748877e+02
1.235636037332099164e+02
1.230354974312730860e+02
1.187637856731944481e+02
1.199591733521619830e+02
1.233155915186739833e+02
1.199293451477208095e+02
1.239907529834169253e+02
1.144556899324572043e+02
1.197716078362817740e+02
1.206130437367037729e+02
1.132005685825046015e+02
1.258932416680616910e+02
1.206212946967746689e+02
1.210076130549545468e+02
1.171359562441248130e+02
1.236749913664400538e+02
1.191297438585490198e+02
1.187607062358869996e+02
1.196291032400102239e+02
1.243835190576349419e+02
1.194081092946046851e+02
1.244136792878425979e+02
1.223399317082930082e+02
1.155777080198079858e+02
1.289244596340710132e+02
1.181759445464036276e+02
1.249822188223276385e+02
1.189794188791775440e+02
1.268487012333514343e+02
1.214251795332154131e+02
1.205024021197971678e+02
1.196825002978906554e+02
1.217913984490356825e+02
1.261403560701022286e+02
1.253901817086635475e+02
1.232874663754462858e+02
1.267311124135339355e+02
1.212141238802103942e+02
1.149184370952566212e+02
1.277872834473553638e+02
1.235398631780104921e+02
1.172902702066502485e+02
1.201088414591299482e+02
1.238341047380069000e+02
1.187132543956442561e+02
1.206699479516899061e+02
1.229620310169384680e+02
1.145086602862226215e+02
1.181840260522782557e+02
1.215636840100260940e+02
1.146890363081960231e+02
1.151250040092249805e+02
1.268008315733496403e+02
1.192173647267571397e+02
1.176203428512531417e+02
1.238839783489641633e+02
1.164851796198491769e+02
1.247982988124383610e+02
1.221977727504773981e+02
1.187726484723111895e+02
1.216340311739807021e+02
1.281447702681324188e+02
1.169744488976465107e+02
1.139783183185935229e+02
1.197162596046920555e+02
1.220661318381869904e+02
1.271879746238997768e+02
1.209237241315086635e+02
1.222728861347546996e+02
1.239405285903245186e+02
1.202441044413303359e+02
1.227435228558413485e+02
1.187901109794264016e+02
1.255880784798458336e+02
1.244342271104791280e+02
1.160512433327601087e+02
1.147607654799576125e+02
1.287619643236095044e+02
1.212080382188432992e+02
1.199898005218418007e+02
1.252081294131431548e+02
1.208440517226279667e+02
1.174336404183138427e+02
1.221816543424343564e+02
1.229599059032566259e+02
1.251431054772771176e+02
1.227796580171578427e+02
1.208461873368266311e+02
1.230130404001409943e+02
1.207779254346886972e+02
1.262320742806489875e+02
1.203334428336556243e+02
1.199167286052673091e+02
1.199569189635425630e+02
1.226878176987230233e+02
1.286108270418725965e+02
1.245629837575237673e+02
1.185153710614667517e+02
1.285390990089590559e+02
1.222048446791557126e+02
1.217725256421628899e+02
1.190825934603628440e+02
1.176291955918412384e+02
1.200115711026595307e+02
1.218508323003711382e+02
1.242636680208172351e+02
1.250591802701787287e+02
1.206796519134145171e+02
1.166817712866870096e+02
1.213717137224756470e+02
1.224802259153702408e+02
1.223004224263677742e+02
1.242531726602198177e+02
1.246788954353199159e+02
1.173342270479869995e+02
1.179794290169590880e+02
1.185741808708297640e+02
1.216078621934374553e+02
1.305640569147831798e+02
1.201973263691381106e+02
1.198581679622766529e+02
1.236697261435423201e+02
1.252097682372248215e+02
1.229268506744073619e+02
1.169807892274373984e+02
1.240268950347231822e+02
1.293152821439236106e+02
1.183817300120090437e+02
1.218840579092799317e+02
1.208733847142253381e+02
1.279921977320748852e+02
1.240610260701008087e+02
1.239356260577192046e+02
1.226693780452023077e+02
1.197198613286056315e+02
1.252954637738288000e+02
1.242240354816351697e+02
1.270508380181539252e+02
1.175618084427328114e+02
1.246475497791209932e+02
1.244924324900150765e+02
1.257962822203257645e+02
1.198672601139462159e+02
1.228118149102892005e+02
1.158268458281679472e+02
1.232889139342457412e+02
1.148107231456462642e+02
1.152731301039256522e+02
1.194786791639659356e+02
1.229947024108984124e+02
1.183048930885389183e+02
1.139620533864768106e+02
1.228792201261971684e+02
1.181786593690790568e+02
1.157642064638938564e+02
1.241754739344703324e+02
1.228483497363930042e+02
1.224689227873288218e+02
1.195225757479089594e+02
1.215451407608099288e+02
1.270777575378809559e+02
1.233271202691848742e+02
1.239351236257458027e+02
1.187243741193394015e+02
1.191644617637837342e+02
1.231727215972112219e+02
1.242636449358451216e+02
1.252205855503550822e+02
1.153501834468276286e+02
1.248751405697015429e+02
1.259634807054669920e+02
1.235311578856610879e+02
1.215934760549109797e+02
1.192181026743065928e+02
1.191798365386116387e+02
1.209171191562282672e+02
1.247299112463154103e+02
1.210653730445736471e+02
1.198400137237952379e+02
1.188539759472874096e+02
1.160173135805260074e+02
1.202368105281082791e+02
1.282031043791684226e+02
1.239777284264162205e+02
1.197944296054391202e+02
1.248928605859342582e+02
1.243977287877611815e+02
1.156386713686302699e+02
1.134254685575734669e+02
1.139267172876848946e+02
1.131298173423793685e+02
1.181985304887644190e+02
1.191327002614718964e+02
1.170015453128858240e+02
1.234089481931292624e+02
1.164162000200470573e+02
1.210958321181343535e+02
1.222119306924696360e+02
1.217516329253462146e+02
1.206168803848903082e+02
1.271060879268069499e+02
1.176597224097227752e+02
1.215350787098805085e+02
1.218885848237753322e+02
1.219347574929071527e+02
1.205388376616735115e+02
1.227094966027978415e+02
1.224745913702836333e+02
1.228916835770008049e+02
1.202739697986590954e+02
1.198794158021296852e+02
1.166014170695578116e+02
1.279047568066731912e+02
1.235782360175365397e+02
1.245626733009984832e+02
1.199390757423141736e+02
1.207268983786617298e+02
1.154534454219759283e+02
1.272029982799889893e+02
1.121815578501246762e+02
1.210452554693936094e+02
1.212192411993084988e+02
1.189470619720716655e+02
1.195538120221822425e+02
1.191292566750807254e+02
1.206348904041111894e+02
1.193189644457696090e+02
1.190259352462740736e+02
1.172662878133698001e+02
1.227501212878287333e+02
1.214362740409041805e+02
1.160625219779055328e+02
1.229714322408870828e+02
1.188420588262324742e+02
1.195495006224678036e+02
1.228627886614962392e+02
1.224378833295171489e+02
1.187364913900792516e+02
1.212103042189979618e+02
1.138559120371836570e+02
1.184924733523421594e+02
1.193100807281238076e+02
1.188083921895622268e+02
1.245001138919820676e+02
1.222406989566553648e+02
1.166666510940687829e+02
1.249766272753402063e+02
1.171558288824801508e+02
1.207963377026659089e+02
1.182933411992408708e+02
1.187821307472554224e+02
1.202742929293550276e+02
1.189229716029675785e+02
1.171611762527974747e+02
1.231314599662632361e+02
1.205194619424198379e+02
1.194666963243252411e+02
1.184983400944925904e+02
1.248520595434570311e+02
1.197916555718779676e+02
1.204358698260730165e+02
1.196766519026051867e+02
1.244288918884768549e+02
1.203333045428943251e+02
1.226949939145694088e+02
1.219342333133126175e+02
1.151920762844403328e+02
1.245289810903128540e+02
1.236953144817758670e+02
1.234431231153815958e+02
1.157605242693768446e+02
1.209883549755380443e+02
1.217852069505925527e+02
1.231172805618745230e+02
1.229119245579805124e+02
1.240696530025591358e+02
1.234886244958441921e+02
1.227289221471990288e+02
1.210535240439334785e+02
1.231983440231238234e+02
1.224464485803883207e+02
1.160056332326418129e+02
1.236525079253966339e+02
1.130959614338198094e+02
1.290498120304551719e+02
1.195118512170964777e+02
1.175034856855620831e+02
1.220997855831755743e+02
1.235513324595160896e+02
1.247105918555143091e+02
1.219152062193739994e+02
1.202934190188652792e+02
1.183457900210245555e+02
1.257805677788185079e+02
1.193922177464760352e+02
1.173059374779870296e+02
1.164236485646382988e+02
1.242564664009944977e+02
1.200791890362471719e+02
1.212168762924708432e+02
1.190977192798248865e+02
1.174008354155037352e+02
1.188366819303355157e+02
1.186803540776601267e+02
1.209012200264696020e+02
1.203392917896448182e+02
1.212488911746619635e+02
1.265246330972966149e+02
1.250307551466794393e+02
1.306821709519807655e+02
1.260120331615966904e+02
1.201865202288360450e+02
1.201585168754745041e+02
1.227705260878322520e+02
1.275229198732928353e+02
1.188612952798022491e+02
1.215963735623269315e+02
1.249986945777436915e+02
1.199095048131862313e+02
1.205899604372846312e+02
1.201004450468011839e+02
1.193098449661661391e+02
1.149842147877888294e+02
1.282465631916443840e+02
1.145661004759297867e+02
1.254280504757253283e+02
1.215558702966906850e+02
1.225539402270474625e+02
1.257528565599404544e+02
1.162887232358547323e+02
1.184612270721865599e+02
1.272910442212701838e+02
1.169200694909104357e+02
1.185925139264882233e+02
1.162857746843008613e+02
1.150895000576842477e+02
1.234343183745743886e+02
1.199111613560632463e+02
1.148920299678097194e+02
1.141888780441705649e+02
1.241912357301476106e+02
1.160530514489752250e+02
1.177306549568459246e+02
1.210888183572708101e+02
1.211566428843213004e+02
1.245206554734352835e+02
1.242786398100971326e+02
1.169374496812071413e+02
1.248805858678752827e+02
1.219545886008535547e+02
1.188634472102365862e+02
1.199064979197830070e+02
1.225415891539375792e+02
