8.637849948888489848e+01
8.602061057398819344e+01
9.210827715626980705e+01
8.803602279991649482e+01
8.737195699556224326e+01
8.491469092081040060e+01
9.061567368043043302e+01
8.913309121933198753e+01
8.555360621964867107e+01
8.939193100425721639e+01
8.568058651424648531e+01
8.992025987779979346e+01
8.598543828647127896e+01
9.034686492803666624e+01
8.758944314904634609e+01
9.144123832974401012e+01
8.644307964849892301e+01
9.232148332719663131e+01
9.016834332863888335e+01
8.801261442498572762e+01
8.774082691124392852e+01
8.677795510512234500e+01
8.894960679442662865e+01
9.212272607247994927e+01
8.905848541620942171e+01
8.669204641696013880e+01
8.579566517390084357e+01
8.785460590330103514e+01
9.163833588583102596e+01
8.824645078057218939e+01
8.934617929230483924e+01
8.562612363785675029e+01
8.394243872032751597e+01
8.480466694315606446e+01
8.678426871283824084e+01
8.773612303393935008e+01
8.878994077214606762e+01
8.962096888176456844e+01
8.559715648128525345e+01
8.712500434397314564e+01
8.799529670605875253e+01
8.897056076657234769e+01
8.612165606174640686e+01
8.883157261874343646e+01
8.500322479532181319e+01
9.040232317707258858e+01
8.714367528078047087e+01
8.629735924489652632e+01
8.747797240011527720e+01
8.663110675903094204e+01
8.729052407649761847e+01
8.701726255707076518e+01
8.971880684106395165e+01
8.770452322883264173e+01
8.532972450541426213e+01
8.726174944403679490e+01
8.729243082371431228e+01
8.496367643922219770e+01
8.773566158648382896e+01
9.049333961607983667e+01
8.420424236246972782e+01
8.775765616317450224e+01
8.926872290230193130e+01
8.768063105272693747e+01
8.672405096316198581e+01
8.796931591466254474e+01
8.492117409099726899e+01
8.716041225953311766e+01
8.632616000967384196e+01
8.619916149097669233e+01
8.577937619582000650e+01
8.663638436611039140e+01
8.453375372939467525e+01
8.861110311533249728e+01
8.850217104300580218e+01
9.023104300294072289e+01
8.783484564492438551e+01
8.440070943131676984e+01
8.242893999705918873e+01
8.567808711155817036e+01
8.704173010266792687e+01
8.678723117891715333e+01
8.511355253830018341e+01
8.878703718747306084e+01
8.789616466954159080e+01
8.854739891874578461e+01
8.738138117888850331e+01
8.744964205649399958e+01
8.721564857881234900e+01
8.787888039751092606e+01
8.357846920376219657e+01
9.091378591886538629e+01
8.641223023399312808e+01
8.846156263471992531e+01
8.684998683131153996e+01
9.040091103989942667e+01
8.464058931864602187e+01
9.005062603100601848e+01
8.783285802271066700e+01
8.704524897661650584e+01
8.833741993822921756e+01
8.534958652013446567e+01
9.283486863988520099e+01
8.800880782372773581e+01
8.794802145511663127e+01
9.054220709923468746e+01
9.153514279997307312e+01
8.777355024057983712e+01
8.576704059803159907e+01
8.507496153379281623e+01
8.950126504238824054e+01
8.591694667175684685e+01
8.728091854626146073e+01
8.749487791957575666e+01
8.481412187054785079e+01
8.970135285793112701e+01
8.911340625184510600e+01
9.059032048772175472e+01
8.638972762502949365e+01
8.718356568640822957e+01
8.884566242661735203e+01
9.106904736729912031e+01
9.131636003429296977e+01
8.865415718304238624e+01
8.587827085320203935e+01
8.973363870822896615e+01
8.913894054145617929e+01
9.123533830168351244e+01
8.751140795596087685e+01
8.937051407277628812e+01
8.892632815128256141e+01
8.796742179992735089e+01
8.577035431554757849e+01
8.867838851936052436e+01
9.207415852120500688e+01
8.902526571040446868e+01
8.506454274410201322e+01
9.078123990139555133e+01
8.707696226158584807e+01
8.956186816433185527e+01
8.925874770087223453e+01
8.649096151175591274e+01
8.747216556716338687e+01
8.531742112239872711e+01
8.622586448692720751e+01
8.753975023103618014e+01
8.625433158353058616e+01
8.667020340449769833e+01
8.818424074743580832e+01
8.649986898304680949e+01
8.564204961505868141e+01
8.908757724492646446e+01
8.570500619423198430e+01
8.935417589638785785e+01
8.632725309727879903e+01
8.780440569329360301e+01
8.682322269293361217e+01
8.907197981664634767e+01
8.311965127828497657e+01
8.730501442823630498e+01
8.945813751899494548e+01
8.649390962720413256e+01
8.899451908414789614e+01
8.728474632184612858e+01
8.598497791476962959e+01
9.321147014936056507e+01
8.813105028506879535e+01
8.612148603487935361e+01
8.735674141174541774e+01
8.580774392477565016e+01
9.024393148952454169e+01
8.715971641070736098e+01
9.113190133106417079e+01
8.773050118706312617e+01
9.025002503066572501e+01
8.835133107983243406e+01
8.740764121084782801e+01
8.883918581491963096e+01
8.527984671430300523e+01
8.675832684867275191e+01
9.033037942649716001e+01
8.539446165005540479e+01
8.601007257006348539e+01
8.552243297125376387e+01
8.692665932161058606e+01
8.988314771023630101e+01
8.634218422286735972e+01
8.915243950357938729e+01
8.924900678285742117e+01
9.084407529499843292e+01
8.890111295448538442e+01
9.121839482018322087e+01
8.697294478335216183e+01
8.798368058230229849e+01
8.528535327090555995e+01
8.904887039836194162e+01
8.764634524937912374e+01
8.730804438050456895e+01
8.555269968806317138e+01
8.508363075225879868e+01
8.714415133236548172e+01
8.860575443105602744e+01
8.655885294966554966e+01
8.420465032354834989e+01
8.846924147767902014e+01
8.649984753050816266e+01
8.745934724572887831e+01
8.526297729462028485e+01
8.714521061857652739e+01
8.841794694307708369e+01
8.290004527868305217e+01
8.677759912999441383e+01
9.304265623408086583e+01
8.537367721666950615e+01
8.750751909015156116e+01
8.406609097637891637e+01
8.706433805910354806e+01
8.827055079956410566e+01
8.795860271035613209e+01
8.657172413821409407e+01
8.470734815539633189e+01
8.989253764859626017e+01
8.597010061836738259e+01
8.614286042382164510e+01
8.782087620107159864e+01
9.102602149125860365e+01
8.432949448088244537e+01
9.126300443993859801e+01
8.981344731598780129e+01
8.838154495512537778e+01
8.637997496334475045e+01
8.928837169029090148e+01
8.696796622825017664e+01
8.673229212027511892e+01
8.763661682651071771e+01
8.458513877549273730e+01
8.610202176405786645e+01
8.717222526724931697e+01
8.982242417306561322e+01
8.510536415987141368e+01
8.843636750827444359e+01
8.917876886556457805e+01
8.823450046088181864e+01
9.103500470578131853e+01
8.814187279536731978e+01
8.932829219997216796e+01
9.001157245780085248e+01
8.714563888349877629e+01
8.729633964330463414e+01
8.834316515136582382e+01
8.720633688428119967e+01
8.656575664616926247e+01
8.846232445178108605e+01
8.874146671619925542e+01
8.746899354006265526e+01
8.924094913799970641e+01
9.233652656396721170e+01
8.812724192801864831e+01
9.162624401381465589e+01
8.587903517196230041e+01
8.854671029862147691e+01
8.878537172283247969e+01
8.574765402184722518e+01
8.709188946149207311e+01
8.473799878799819396e+01
8.793159414443663024e+01
8.725453601828833428e+01
9.051543501501240030e+01
8.596580784601731295e+01
8.191076641890873589e+01
8.918987540010977000e+01
8.858522111992058967e+01
8.796473886983055479e+01
8.774679947272980485e+01
8.774428338770624691e+01
8.611937034063697638e+01
8.732530628968687836e+01
8.781030730507887938e+01
8.809108174936739033e+01
9.136926373448326899e+01
9.172075906764715114e+01
8.975662653641913380e+01
9.150830735927310400e+01
8.930337025325822253e+01
8.697755730008113062e+01
8.861373324959632214e+01
8.724411946246172533e+01
8.970164656386471336e+01
8.768098781514662221e+01
8.710754142631719787e+01
8.761800347423522339e+01
8.882400994773345815e+01
8.802494399708186279e+01
8.709546211505647761e+01
8.776489055027593622e+01
8.912807733856166692e+01
8.651052181885749803e+01
8.506132486324186459e+01
8.825676334402125178e+01
8.890323189473616594e+01
8.624829517841543236e+01
8.737082996317614914e+01
9.183337391214517709e+01
8.845583206196627657e+01
8.618699810105800907e+01
8.644774456758239012e+01
8.905773096128726252e+01
8.703405122618323730e+01
8.664291348601997811e+01
8.744300149428745783e+01
8.602550171409227175e+01
8.555493416084208036e+01
8.797246564187710760e+01
8.533909693670251784e+01
8.700131943373364152e+01
8.866005912125855559e+01
8.525905675732379052e+01
8.850341404056386807e+01
8.772674185609358233e+01
8.835515476050052541e+01
8.691467933731649964e+01
8.871547350330197901e+01
8.838926829672821839e+01
8.722623068447677497e+01
8.602974281149749913e+01
8.879952591280699892e+01
8.618993883721023508e+01
8.418136165841764296e+01
8.549553515363768952e+01
8.833206639187962139e+01
8.653555775836669284e+01
8.584791258315095774e+01
8.473859286157231452e+01
8.840370425405365040e+01
8.831803782675497416e+01
8.576792065789923925e+01
8.580978790324748218e+01
8.740975766197928465e+01
8.614748656117916426e+01
8.503250333863046251e+01
8.684832940812222546e+01
8.599752948689837240e+01
8.878700449057589594e+01
8.542247568422301640e+01
9.098029160015349248e+01
8.918956387184064738e+01
8.971651780280818400e+01
8.987367195469676062e+01
8.859151469874697682e+01
8.918093798396026273e+01
8.986757253810137058e+01
8.114340728388509660e+01
8.967503251767288930e+01
8.918249721433664945e+01
8.926216808699940941e+01
8.824683563341116610e+01
8.575947860222296981e+01
8.919434968588217316e+01
9.091782236426486463e+01
8.675410120634124667e+01
8.837406054094380181e+01
9.241969863175829403e+01
8.403302387724886557e+01
8.462639551867306409e+01
9.011398740950069453e+01
8.713224672951251648e+01
8.690941853614538104e+01
8.842959526434380280e+01
8.843875427030681635e+01
8.689589234080990821e+01
8.634068805548217540e+01
8.840959507191865896e+01
8.742930273859967372e+01
8.840002567939785649e+01
8.962309256170466654e+01
8.718694158012641537e+01
8.736700769173945957e+01
8.596158389746724993e+01
8.911763399101464245e+01
8.561640020935467987e+01
8.610512839238973015e+01
9.027396695183622910e+01
8.606281160786993212e+01
8.919778517926982886e+01
8.150565103348486673e+01
8.863589841560293792e+01
8.823751336446804316e+01
8.588559751890255711e+01
8.718480199674074527e+01
8.870815209486960384e+01
8.996918874331754523e+01
8.429182995967317993e+01
8.571617388422885142e+01
8.372080836357191913e+01
8.860877375179065041e+01
8.750903107202030640e+01
8.613449943014920507e+01
9.023137134947155857e+01
8.873498017942273464e+01
8.589907539603930786e+01
8.500565794476823100e+01
8.601552858151347891e+01
8.462696761307910265e+01
8.880138161527375473e+01
8.714414380969395779e+01
8.783931079872907333e+01
8.460208962302489510e+01
8.788951656566284498e+01
8.511474973381517373e+01
8.715930085201397048e+01
8.421374824969264239e+01
9.054531670875560678e+01
8.802792275371156450e+01
8.895980003109750101e+01
8.776537980200981792e+01
8.626480923211187246e+01
8.610343347346235987e+01
9.115980388124231126e+01
8.642301967934658080e+01
8.682518128195695795e+01
9.004462310604021980e+01
8.735400003024911086e+01
8.841777535568905932e+01
8.800179568039796152e+01
8.935375940859427146e+01
8.862952204242778009e+01
8.555144876971536405e+01
8.904509080747303074e+01
8.718570672938417943e+01
8.636959199605213655e+01
9.296920982679029066e+01
8.469890759781921474e+01
8.865646206267213358e+01
8.619792735971067543e+01
8.829001058451794393e+01
8.846531205970025269e+01
8.717170572402309858e+01
8.549212009393349376e+01
9.027093734777254497e+01
8.447846858322353114e+01
8.841263418975762534e+01
9.054662092081326819e+01
8.623352775133753312e+01
8.610190587363818793e+01
8.123475522862842979e+01
9.180834091235458061e+01
8.582026928199650229e+01
8.712357530411510709e+01
8.796129746058780086e+01
8.975539838512953850e+01
8.724015108176084254e+01
8.840985158365174357e+01
8.730741560393963141e+01
8.723693045818512815e+01
8.927407651142453915e+01
8.528681637315672504e+01
8.886766529658197555e+01
8.684549274289497589e+01
8.678312176051763061e+01
8.928249918222005022e+01
8.793350952167907053e+01
8.828923551270413839e+01
8.802979428103490989e+01
8.593005472248707122e+01
8.729774639691349591e+01
8.916328806611487323e+01
8.957699480809442605e+01
8.901386631380454162e+01
8.820151587904305757e+01
8.667620048853522974e+01
8.800516918595590710e+01
8.780874320479749429e+01
8.681711786021871546e+01
8.992866008813952305e+01
8.868593336013654493e+01
8.899631926690359762e+01
8.736197057114665654e+01
8.710913060641303218e+01
8.723682727116934643e+01
8.793501746414216313e+01
8.792926776019317003e+01
8.398555584880234903e+01
8.754111793867477331e+01
9.080762843798765971e+01
8.740149738387462719e+01
8.588258153739475631e+01
8.887611194997145958e+01
9.141908664129988438e+01
8.963967300735971833e+01
8.792762031770276110e+01
8.916975079705838425e+01
8.775748453231695123e+01
8.774983102900600329e+01
8.698166073040273716e+01
8.624861243713397130e+01
8.879067222016057315e+01
8.588666870431887901e+01
8.742085782240215508e+01
8.812357529447095317e+01
8.816747603578296832e+01
8.804892563461972088e+01
8.679892017938500715e+01
8.680379066034333846e+01
8.932946239702550884e+01
9.136077964222596393e+01
8.983693795106901803e+01
8.609862967080735530e+01
8.676585542186069233e+01
9.006663185705285457e+01
8.694184237671223059e+01
8.928320633794851346e+01
8.760709425087048885e+01
8.556728505410913499e+01
8.926903001831163920e+01
8.904571132092260655e+01
9.029633751037657419e+01
8.654087592045667066e+01
8.686970117003636460e+01
9.067855318862800118e+01
8.898232249419015716e+01
8.748657377349879027e+01
8.873056647163194555e+01
8.594919821733756748e+01
8.963829369822273918e+01
8.592215099691864566e+01
8.645694931126692495e+01
8.718150022050134851e+01
8.761564052337313058e+01
8.564582399871653706e+01
8.827459388129362594e+01
8.497957225780848489e+01
9.136464261158262445e+01
8.896958701480710374e+01
8.659635172871190889e+01
8.639335899521510953e+01
8.926412547103740280e+01
8.810001076217901073e+01
8.823199146035936735e+01
8.622191054231869600e+01
9.128858751833682561e+01
8.734946126331102789e+01
8.762615302647944304e+01
8.892982296260426267e+01
8.828387720800424177e+01
8.719770632619021455e+01
8.518988025424336286e+01
8.707057656088902320e+01
8.593636814490338338e+01
8.846031452347961022e+01
8.998215043154718273e+01
8.471535217069543933e+01
8.741441264199791306e+01
8.488532029241069665e+01
8.951039445874501155e+01
8.546001492634133001e+01
8.881066576752375852e+01
8.553247169931509575e+01
8.598942050189181430e+01
8.635764982852643357e+01
8.723888250107086151e+01
8.811466554888954761e+01
9.031266092311521732e+01
8.768154308796289342e+01
8.321049545483377585e+01
8.415782529887066232e+01
8.488472013829371576e+01
8.884604712313685582e+01
8.798527315559039153e+01
9.001981966379153732e+01
8.753157261573629455e+01
8.467705831463210586e+01
8.901994220528817436e+01
8.555864518438507105e+01
8.898253549364457626e+01
8.866124153869070312e+01
8.726711349195657874e+01
8.531258830828926421e+01
8.694022781037389791e+01
8.746764476435777169e+01
8.508537185910097378e+01
8.692588902836611453e+01
8.646609282712213940e+01
8.768546861676468041e+01
9.006533597600093799e+01
8.986832393118696416e+01
8.758560804960882251e+01
8.665540122842897119e+01
8.451706011641599048e+01
8.801324907236484307e+01
8.618868810999647678e+01
8.568070775105282166e+01
8.985462077849612683e+01
8.526483031408210422e+01
8.538822914044071410e+01
9.047625436376758046e+01
8.988771251051380773e+01
8.695487885599247591e+01
8.692291118361896451e+01
8.949158379753806969e+01
8.714616051404978236e+01
8.755134509357532124e+01
8.690512370974384737e+01
8.510621156846225688e+01
8.499102788446757017e+01
8.510656245453989754e+01
8.896483731514493343e+01
9.162159336118929787e+01
9.038776818788568335e+01
8.789482151891596118e+01
8.851252531386019484e+01
8.739491999685563428e+01
8.849662518683972223e+01
8.456991710012911767e+01
8.793489876911762337e+01
8.439593029296456450e+01
8.482268669016636409e+01
9.040156017309949732e+01
8.956238268563870975e+01
8.696547734683649367e+01
8.715059387807067992e+01
8.401663398877995803e+01
8.714303259550806047e+01
8.933451182009471836e+01
8.655606285427613500e+01
8.641742267014709000e+01
8.583035697958553101e+01
8.899315128502607308e+01
9.052493167304704969e+01
8.754227519204980013e+01
8.527458046658784951e+01
8.734373781119596458e+01
9.106476621741690280e+01
8.851556125234948524e+01
8.488126303824421370e+01
8.896557217719340827e+01
9.034200717728542429e+01
9.235296437981911311e+01
8.658134245348179547e+01
8.637978631780326566e+01
8.821369215460060786e+01
8.924946364162742896e+01
8.698000641396649257e+01
8.776872445764922759e+01
8.538717753123313514e+01
8.622924640401197394e+01
8.537211924070697933e+01
8.399441935848791729e+01
8.926212057178383930e+01
9.078105725072295229e+01
8.891564951283777418e+01
8.487238178295508817e+01
8.966807716152960950e+01
8.746274744626079212e+01
8.794165507513967839e+01
8.774544208332947903e+01
8.801511696680545072e+01
8.655082262736350174e+01
8.857565669773799755e+01
8.956411461466169044e+01
8.645811477413916180e+01
8.904142648577982300e+01
8.969671796410462150e+01
8.366435766883338943e+01
9.001865391235310199e+01
8.914278202595056655e+01
8.650446155591946251e+01
8.632829282520846448e+01
8.695049084779597592e+01
8.780779993235742609e+01
8.899914217644470682e+01
8.547532705167178335e+01
9.062060855985194507e+01
8.551423193478360929e+01
8.982325690043620625e+01
9.061835299682482514e+01
8.703521895873639380e+01
8.786121314694865703e+01
8.889935736699176516e+01
8.806044562147192778e+01
8.505480038879359483e+01
9.020702060538717149e+01
8.992477213941744196e+01
8.425285928593334006e+01
9.078548978060877062e+01
8.862911081582666384e+01
8.660460654442431405e+01
8.687393139021517641e+01
8.862608721145213053e+01
8.556670624462935848e+01
8.447429646198865782e+01
8.806086134045089864e+01
8.875384869272198785e+01
8.756770371292323318e+01
8.924017654000461164e+01
9.246266087106435805e+01
8.605833229486704283e+01
8.841062199911718267e+01
8.681235546930797398e+01
8.718013416898088508e+01
9.029611978030602870e+01
8.446786888464470167e+01
8.521045867137490859e+01
8.643712652232819948e+01
8.786565193035484356e+01
8.411060539369501043e+01
8.887299621451626308e+01
8.358033433121393330e+01
9.026366435074035621e+01
8.368327360210773236e+01
8.493115119374640187e+01
8.617700027043042610e+01
8.533296823061382952e+01
8.761777003244458228e+01
8.492678698549187288e+01
8.712954661943169299e+01
8.697148364997772774e+01
8.918254566558076135e+01
8.618069204694673147e+01
8.442872206718082850e+01
8.595344016533847764e+01
8.926457115587380997e+01
8.599289152285068383e+01
8.362118477788317250e+01
8.431260043877388455e+01
8.737990360667855327e+01
8.599430108946866369e+01
9.085810822472993209e+01
8.797693601792757079e+01
8.461117173316601736e+01
8.778906341603578767e+01
8.751953252835502894e+01
8.979190438718164557e+01
8.595876780208847379e+01
8.872089344388523102e+01
8.933559616483144339e+01
8.865098369271626666e+01
8.861429516029893705e+01
8.668517810829517600e+01
8.638098670089297570e+01
9.133677088431178959e+01
8.904670134581502339e+01
8.636869841373992074e+01
8.647086392120864673e+01
8.631169919538257318e+01
8.612984587243666112e+01
8.700520659440987004e+01
8.706408961974965166e+01
8.886762494900284537e+01
8.986941820141181836e+01
8.734905125302219631e+01
8.450583013673264077e+01
8.929281645057801597e+01
8.757767535549733395e+01
9.027521365532751929e+01
8.718280419557864036e+01
8.750696013322210831e+01
8.887486015038565768e+01
8.830425329545016666e+01
8.699581980639402445e+01
8.578460647443780829e+01
8.755284522708490158e+01
8.979333426388444650e+01
8.982697960312277985e+01
8.855284564299623185e+01
8.706279201078680785e+01
8.935257892200095853e+01
8.753221806542104844e+01
8.531241204540934575e+01
8.836166499144206909e+01
9.065797183614637333e+01
8.720566783494953711e+01
8.585274225067752241e+01
8.779439792329951331e+01
8.604807097742134658e+01
8.643777560256542358e+01
8.915100479450148896e+01
8.848501862993404643e+01
8.894182067014934034e+01
8.927537821505258364e+01
8.931725117938324843e+01
8.811583037409258168e+01
8.740997166073232449e+01
8.532314330264776459e+01
8.663800826759488416e+01
8.790771013842788761e+01
9.365144739268360752e+01
8.470465272149257885e+01
8.650791510999053457e+01
8.472625091203387626e+01
8.671958481374714722e+01
8.559763085874227784e+01
8.781136716694877009e+01
9.122863283567268411e+01
8.596143711694081446e+01
8.961850734926305506e+01
8.748391057430156081e+01
8.697101484584747766e+01
8.660924388799421081e+01
9.042524701458475533e+01
8.708426448985821366e+01
8.968432443788627495e+01
9.176209260474243479e+01
9.256817577526625485e+01
9.398906697950849320e+01
8.798634089758243704e+01
8.813243902997271562e+01
8.864122970795287415e+01
8.686517857359889661e+01
8.779896109047618324e+01
8.699289520095737771e+01
8.702734304115273289e+01
8.744452210501106038e+01
8.824576841256144633e+01
8.575444283382807953e+01
8.793944654787480886e+01
8.528625806806189757e+01
8.700511957830622123e+01
8.583170834290027074e+01
9.126749806619925209e+01
9.042457864426808101e+01
8.698205526191883052e+01
8.819215356580501464e+01
8.392275352318426940e+01
8.616394156977771956e+01
8.971977348288332621e+01
8.872597651899438631e+01
8.708125494980832570e+01
8.721375441458428668e+01
8.776394518984598392e+01
8.963926620919600907e+01
8.751320777498618497e+01
8.839277380879833856e+01
9.009485954414829223e+01
8.960049131523557264e+01
8.798904400458617658e+01
8.818622940230665108e+01
9.088677043196275918e+01
8.437590557890349885e+01
8.288642417238813209e+01
8.932810946454254974e+01
9.014594560426991166e+01
8.550228462529813100e+01
9.017548491780674169e+01
8.540615585044824343e+01
8.729891475910672227e+01
8.438471190425119062e+01
9.077162516520903068e+01
8.692593720275408486e+01
8.812279319396611754e+01
8.703196788515381854e+01
8.909196203990342156e+01
8.799806051131663764e+01
8.708680366659905303e+01
8.649073087737914989e+01
8.782277272487786490e+01
8.863484641896457106e+01
8.613453577531801386e+01
8.775846620713350887e+01
8.609891537879775569e+01
8.941081722224429029e+01
8.515221020551771858e+01
8.720982822496011977e+01
8.955118254067429007e+01
8.573950708144181476e+01
8.702361638838340241e+01
8.899680379403922359e+01
8.749917040723899220e+01
8.887087548346903532e+01
8.587775201938987379e+01
9.014005763041549812e+01
8.689466677283500928e+01
8.914366942458320864e+01
9.010433063907555606e+01
8.557676688897444706e+01
8.844960116573204800e+01
8.764182050059939399e+01
9.147518105589415427e+01
8.754070190160523168e+01
8.940139480690724838e+01
8.855801934637484862e+01
8.382563926491178563e+01
8.815861074945186715e+01
8.401046472079463001e+01
8.721072288357902380e+01
8.629663423277065704e+01
9.012464773611381474e+01
8.821114936075116475e+01
8.952127554017015143e+01
8.713427560196407740e+01
8.674914279582853283e+01
8.637189049255528062e+01
8.967192019232668088e+01
8.556802225042171983e+01
8.845705499086167833e+01
8.754127261303123930e+01
8.479195242198262861e+01
8.782439420997475565e+01
8.947063816222106425e+01
8.629670151738039863e+01
8.710128929054999958e+01
8.899305176718704047e+01
8.836887685715342400e+01
8.853332456188407207e+01
8.766937356430780426e+01
8.696278133862789161e+01
8.745307622033824657e+01
8.757901965814437517e+01
8.775149123808795082e+01
8.511696872903286248e+01
8.444711340922064835e+01
8.386792760639227140e+01
8.658956368147833871e+01
8.687153805106468951e+01
8.810078562716648776e+01
8.865771017695193734e+01
8.621509310264382009e+01
8.410679732121717223e+01
8.578739598163484459e+01
8.872826133661811809e+01
8.714460686228520103e+01
8.545493347860860922e+01
8.311762169223611352e+01
8.556062624078124657e+01
8.791850188636725250e+01
8.342476527004411935e+01
8.871101316780853097e+01
8.942034110661565194e+01
8.733403523466702723e+01
9.135662736480277601e+01
9.039070627309658335e+01
8.906458333133373628e+01
8.547196729940421278e+01
8.365171426978110958e+01
8.985700771689485578e+01
9.052771498725235233e+01
8.895999135401734748e+01
9.016869993209112977e+01
8.558520952099166834e+01
8.982236682848085252e+01
8.926301537374511952e+01
8.890786406402602893e+01
8.859567953629461101e+01
8.470122955130393905e+01
8.730214568334405101e+01
9.001190621603525699e+01
9.224390477942689870e+01
8.950903960486235178e+01
8.705547205171964720e+01
8.913923652916098206e+01
9.045440059878775685e+01
8.981342231274891219e+01
8.829863788858327212e+01
9.000416915090565340e+01
8.724537822877465487e+01
8.889414429986440780e+01
8.656092647974043075e+01
8.816022687073424891e+01
8.846107869204578833e+01
9.072034794415264969e+01
8.856108643795847968e+01
8.889503243359365570e+01
8.814839608587965358e+01
8.464594889549981360e+01
9.005355557312894632e+01
8.747573748068684552e+01
8.712625043177422413e+01
8.866565001567100524e+01
8.832580327114436614e+01
8.903614661591868185e+01
8.911315837289791375e+01
9.056342131749109114e+01
8.969050063386082172e+01
8.954556730165151635e+01
8.598051576376796845e+01
8.623344887547351334e+01
8.891968394442093881e+01
8.825827729685957479e+01
8.696403840567883492e+01
8.619435159267639790e+01
9.135054628723649728e+01
9.057386329695864902e+01
8.704961145541371081e+01
8.838132001284473915e+01
8.745675014173819761e+01
8.595491308489948779e+01
9.010798538460990414e+01
8.727144113030139749e+01
8.822418591079822647e+01
8.790311800111201990e+01
8.644546963219569591e+01
8.582447671152006308e+01
8.448330920920810172e+01
8.903156893961680396e+01
8.591831272410435361e+01
8.971369810354103436e+01
8.623965465711425793e+01
8.867228750658200909e+01
8.892399672756965856e+01
8.774830817209338818e+01
8.791865874143908854e+01
