1.039132995239169475e+02
1.020262521738536918e+02
1.025748712797116724e+02
1.054286904139600693e+02
1.040576280787711170e+02
1.031956644167429857e+02
1.022502498524037264e+02
1.031821555908027079e+02
1.025776472149366896e+02
1.024064094208598590e+02
1.026021929016676069e+02
1.020777302294806645e+02
1.021219634662273563e+02
1.015666455732992830e+02
1.031208191925098276e+02
1.019237396705524361e+02
1.046506559545388058e+02
1.015452353415802662e+02
1.027775192258000203e+02
9.898952503219427967e+01
1.049989384059475270e+02
1.019515914411549602e+02
1.026572079150768531e+02
1.016752969452226836e+02
1.046630060831010098e+02
1.034790106270146168e+02
1.046174162019131018e+02
1.039963184677312000e+02
1.033435707017356435e+02
1.032507732775113567e+02
1.043345233184197411e+02
1.047908033508651044e+02
1.032538553783890478e+02
1.009773381312247267e+02
1.024385273171444908e+02
1.010768065508870848e+02
1.031415850777642902e+02
1.041326883030810109e+02
9.992705437440810101e+01
1.024332017449376622e+02
1.037257557555381311e+02
1.032699315711655430e+02
1.028464991437387681e+02
1.019899330259530075e+02
1.034396476853796969e+02
1.015331115209994692e+02
9.975016682381560429e+01
1.061356175938534534e+02
1.016331221826457636e+02
1.030568362156996329e+02
1.020960077350299144e+02
1.022393625949298439e+02
1.030034888735222722e+02
1.021183991266040749e+02
1.002153142934153749e+02
1.025332750600511389e+02
1.037842137391199060e+02
1.054935190508778931e+02
1.020762826112998312e+02
1.031995948374801060e+02
1.016461998543255731e+02
1.019317675097174600e+02
1.005778418210801277e+02
1.023783425712032624e+02
1.018541504672352431e+02
1.019455989099026283e+02
1.034880498150816805e+02
1.022903236246763612e+02
1.044449872126389920e+02
1.012384213295881494e+02
1.011478433749008019e+02
1.040005720350222873e+02
1.040605031567622234e+02
1.019485040852215292e+02
1.043342095956576259e+02
1.014488922519792595e+02
1.010468199138967407e+02
1.016905475612064862e+02
1.042648715827435950e+02
1.014487616138070223e+02
1.023212442781200338e+02
1.016906889118708932e+02
1.030422505284399506e+02
1.021783865046056547e+02
1.019242949614850033e+02
1.015773052513248160e+02
1.033746551624624459e+02
1.011981563608900245e+02
1.036823154479796045e+02
1.021776174063380296e+02
1.037728651821586823e+02
1.005281485060892379e+02
1.043591380764937213e+02
1.024931528417269675e+02
1.058236893107501402e+02
1.019373267777893233e+02
1.050410816856364988e+02
1.015277383391846513e+02
1.008421820931689012e+02
1.039815937576348404e+02
1.024167879951271090e+02
1.023121599908835151e+02
1.058899838573027949e+02
1.016938976427164221e+02
1.046422719965066932e+02
1.018390076196367886e+02
1.003479239239549514e+02
1.010918802545258330e+02
1.010559442944473716e+02
1.020406369690414436e+02
1.002964807184987706e+02
1.038077417983643898e+02
1.012123280736891218e+02
1.021260986186436099e+02
1.028898533242301312e+02
1.018775738793919601e+02
1.025115153943457642e+02
1.018237446813253939e+02
1.034140603909780225e+02
1.012031651226938749e+02
1.014286523024955073e+02
1.009397995639841525e+02
1.037155465850835583e+02
9.910004076844533927e+01
1.028514712509796993e+02
1.005759245070037764e+02
1.000963930702775997e+02
1.029010227132454389e+02
1.008027319200633656e+02
1.009189519417246004e+02
1.054746785511108129e+02
1.034620353408145235e+02
1.026567392156061231e+02
1.016272258419185732e+02
1.024440077388724006e+02
1.024926977988426700e+02
1.011442273036783916e+02
1.035116651516525508e+02
1.016752914898577700e+02
1.030682019075616296e+02
1.014066205217822301e+02
1.033348277090585441e+02
1.012144165357704821e+02
1.013278008892217485e+02
1.012854290753836324e+02
1.032843425235605821e+02
1.019891477288542347e+02
1.015450821783901887e+02
1.048537432374671425e+02
1.010644722866287424e+02
1.013131207713461208e+02
1.025989358989469054e+02
1.028469660232698004e+02
1.026030132344873351e+02
1.024269116010155756e+02
1.035768112525633029e+02
1.004285873961637918e+02
1.040308890209607142e+02
1.022664597661119359e+02
9.993623883203859748e+01
1.027800922237785244e+02
1.024553528471785881e+02
1.021481454411262604e+02
1.017751232871305973e+02
1.034778356615144190e+02
9.910656884168957959e+01
1.038959818062740084e+02
1.023682544739823328e+02
1.050757194736759743e+02
1.024493011719805935e+02
1.018899392802515678e+02
9.913169840378220954e+01
1.040769342426384867e+02
1.027704571630514039e+02
1.016440927625588841e+02
1.045420068882036730e+02
1.025356764790798252e+02
1.037934931893621524e+02
1.005431077896142398e+02
1.029349689253079561e+02
1.021834484867854371e+02
1.031377891370899960e+02
1.045878493383190175e+02
1.047905891164595005e+02
1.023631947939928182e+02
1.023577712148480430e+02
1.022630883312317565e+02
1.016667020704507394e+02
1.019744363164287790e+02
1.029096883683282755e+02
1.027147465048528687e+02
1.014864607939168479e+02
1.033684492707578073e+02
1.065869363320988015e+02
1.029136375773197045e+02
1.018280786097057984e+02
1.028719689265829658e+02
1.021939977989791544e+02
1.040334737683360373e+02
1.039416227009267146e+02
1.026502093404602363e+02
1.035992823242314671e+02
1.023551690791292543e+02
1.035245422635709218e+02
1.033107723260612687e+02
1.034633840041190638e+02
1.014576152196933805e+02
1.023526935334751471e+02
1.028888371420316190e+02
1.011285843935093993e+02
1.004128645396023671e+02
1.040449851264908006e+02
1.007693884836785543e+02
1.031683430403555093e+02
1.023951317195427322e+02
1.011850214019357423e+02
1.033386202179279110e+02
1.025986277472183446e+02
1.020295759798140267e+02
1.032237203763235271e+02
1.017065843604028430e+02
1.022242407678170366e+02
1.032336912848324317e+02
1.034307519495099257e+02
1.010417182144098547e+02
1.023669128283542307e+02
1.022431387939320757e+02
1.038848018474072035e+02
1.013640966509392598e+02
1.038823138476751211e+02
1.035964826863239949e+02
1.029649862514143166e+02
1.034365659614557131e+02
1.022942059061595046e+02
1.003924176866212150e+02
1.026123799381955166e+02
1.028687444170359697e+02
1.018101231135951394e+02
1.035463797395172918e+02
1.020063177275136752e+02
1.049120234962073965e+02
1.011159894638524008e+02
1.017385451041705551e+02
1.019014121105135331e+02
1.017746657305050633e+02
9.942967135089541841e+01
1.036774311888996465e+02
1.033720823201279302e+02
1.023241624552144913e+02
1.026238645500661875e+02
1.009709001298522537e+02
1.031290322668699559e+02
1.038248690452846006e+02
9.989235640270264582e+01
1.020359990085807596e+02
9.971637529140961931e+01
1.026856820281541900e+02
1.008615690696118037e+02
1.053929668332421699e+02
1.043104521893300642e+02
1.021528712885523760e+02
1.056684457700202699e+02
9.999774470045372254e+01
1.026646276375174125e+02
1.004274610694364043e+02
1.041546934897770029e+02
1.016258421258254145e+02
1.011800270235913644e+02
1.035359936496414832e+02
1.031739187417352213e+02
1.056118640164138895e+02
1.025037972336310474e+02
1.039599042755416178e+02
1.027414915177868835e+02
1.045001252237637601e+02
1.042391479465875648e+02
1.023699071579171687e+02
1.018910508876332557e+02
1.041356412190240945e+02
1.030689904125644745e+02
1.002866258343264292e+02
1.021091309550635060e+02
1.039652330602818751e+02
1.025733173628733255e+02
1.022431747390225496e+02
1.029451476801483949e+02
1.052241291031456427e+02
1.017834084344217871e+02
1.030024105133369687e+02
1.037989782992676453e+02
1.008381301177330869e+02
1.035136513894373707e+02
1.035538707759685337e+02
1.037507884979496993e+02
1.029048680000627485e+02
1.040871623414036549e+02
1.002680286694048419e+02
1.046475173498661064e+02
1.027505378112684298e+02
1.038372262177366281e+02
1.014830942254937582e+02
1.013467093649676656e+02
1.036897734902237147e+02
1.030538008787292057e+02
1.022172382896824274e+02
1.052288955648820377e+02
1.019747163482488048e+02
1.036418060719575749e+02
1.023812021669696293e+02
1.014510809184577056e+02
1.032784826274099430e+02
1.033788553627809250e+02
1.060825940134713505e+02
1.031350148482299431e+02
1.019945705027252529e+02
1.034880767705475790e+02
1.024020119010447587e+02
1.019574521797599829e+02
1.005398928514375996e+02
1.033162794722166637e+02
1.026759595562186576e+02
1.026359110163113257e+02
1.017136222240017815e+02
1.013112558128936769e+02
1.008386663460175896e+02
1.019764675567532493e+02
1.030380136616421112e+02
1.051087009255131619e+02
1.022283466162497518e+02
1.038625056292780187e+02
1.031737785100450964e+02
1.019210391046925679e+02
1.018787741801839388e+02
1.039767522052743658e+02
1.030101475577356211e+02
1.033732465403835619e+02
1.037744284238868318e+02
1.026767913045215010e+02
1.032449209779618400e+02
1.030676060705002897e+02
1.036066285753317118e+02
1.028424435081283690e+02
1.019154298352171111e+02
1.023751208497256897e+02
1.008290776365575709e+02
1.012533882152334996e+02
1.017405541044154944e+02
1.028229471282686518e+02
1.029991767291844127e+02
1.013472047938726917e+02
1.032467576688361675e+02
1.036480944933741455e+02
1.033336671418821169e+02
1.034157882282489140e+02
1.020887315076324739e+02
1.055503145623841021e+02
1.033291072233224810e+02
1.008833383831621688e+02
1.025580671837694382e+02
9.885673037385234352e+01
1.036766173091461241e+02
1.045026454314423461e+02
9.993218610395781809e+01
1.000560261738046250e+02
1.033801999491718391e+02
1.020617923798918980e+02
1.021544936784260642e+02
9.951418317270619696e+01
1.061631668069763066e+02
1.023346035974057600e+02
1.029258876326455550e+02
1.018799586671399737e+02
1.030669693000061784e+02
1.051608411521148270e+02
1.039045199052707744e+02
1.028954844116294112e+02
1.040490793377940122e+02
1.040704602814128918e+02
1.022888371601621174e+02
1.011548874783024985e+02
1.021859845694163198e+02
1.013491909549773879e+02
9.976042942283355330e+01
1.028143288771398574e+02
1.037869277749803842e+02
1.037843411526505264e+02
1.055801501396865660e+02
1.028315246092951725e+02
1.019755312532997493e+02
1.030552623930011578e+02
1.044320528986135201e+02
1.051322527704503074e+02
1.031508127287638104e+02
1.014926661190984873e+02
1.027208278537536472e+02
1.025061121127235708e+02
1.054431450794409386e+02
1.023078020537966069e+02
1.026828519127942769e+02
1.016334362677941243e+02
1.013307101408729096e+02
1.043741823753731381e+02
1.034974233723654180e+02
1.015764324856552605e+02
1.002388731753184743e+02
1.040678488885363890e+02
1.003819712216904634e+02
1.030326378814758073e+02
1.038055864453830281e+02
1.042510090068252850e+02
1.052454160069225964e+02
1.020426345313800596e+02
1.031902464729602968e+02
9.984704722547371603e+01
9.996624370196819598e+01
1.039504692728408344e+02
1.024621623854860957e+02
1.045209717761374577e+02
1.009472412189966946e+02
1.020968645908033778e+02
1.049613722046052828e+02
1.019036818663699364e+02
1.022370220838140540e+02
1.015052818612752645e+02
1.035623319549045505e+02
1.007149464999487094e+02
1.033053415077107928e+02
1.040094013034836564e+02
1.042066855396633116e+02
1.017822264866185122e+02
1.019365020908907127e+02
1.031505180345065611e+02
1.043735071614900107e+02
1.021585933353877067e+02
1.023647929592399350e+02
1.043370668503944074e+02
1.005187541143493775e+02
1.017375474624578544e+02
1.040712376657107399e+02
1.030776320765350107e+02
1.035488374712186470e+02
1.020752849843978396e+02
1.030543819252999356e+02
1.033413905996477098e+02
1.017055397081811208e+02
1.023763275420089798e+02
1.034901051980672833e+02
1.022132020914635433e+02
1.014660391788308829e+02
1.012677841512203116e+02
1.024483339634873573e+02
1.016886586771471030e+02
1.021973088070201214e+02
1.028634993350222544e+02
1.016931297436616859e+02
1.032293264437971345e+02
1.038031272160550031e+02
1.025265329433284620e+02
1.037241917060853496e+02
1.015320787159729150e+02
1.041679395077697450e+02
1.023904594996272692e+02
1.038174547453060512e+02
1.045776608522227349e+02
1.026593721922082381e+02
1.046034184754589660e+02
1.021661004158343786e+02
1.025442414217679072e+02
1.007084333232281779e+02
1.026311346770900030e+02
1.025747835734746474e+02
1.041910818530077165e+02
1.009269121465689949e+02
1.000169586741333205e+02
1.033768339879210174e+02
1.018909577007236180e+02
1.023981856739373200e+02
1.032451241248207197e+02
1.042022546108863992e+02
1.024592369407470756e+02
1.050145290088701273e+02
1.053460621425758887e+02
1.033071549185177531e+02
9.886559384303538423e+01
1.039839164551779902e+02
1.025426115465174490e+02
1.040476713242439644e+02
1.024407758226925296e+02
1.024634236363901181e+02
1.031775502312591897e+02
1.018260143385756322e+02
1.044338882086643991e+02
1.040906588415219147e+02
1.021622032267238467e+02
1.022204582078787070e+02
1.035605862879235559e+02
1.022876332315645982e+02
1.018973197710338923e+02
1.049239719693939605e+02
1.015073697123054330e+02
1.033491158208395717e+02
1.027964097317495202e+02
1.047453847304910823e+02
1.012392564934332739e+02
1.030333254839774497e+02
1.028450134112544987e+02
1.037869643792691932e+02
1.038441834782745161e+02
1.027762819849242675e+02
9.887182328171780910e+01
1.041246371281758769e+02
1.019643944841187704e+02
1.012603232019383341e+02
1.037807820624798723e+02
1.027285865121492066e+02
1.033394497292591865e+02
1.009588905964101286e+02
1.039169088965671364e+02
1.003635242352989820e+02
1.020997742849180554e+02
1.022177942195138343e+02
1.030256383857846600e+02
1.008612173855610763e+02
1.030508336111031298e+02
1.021242878569231181e+02
1.036412159793806467e+02
1.043596063827611715e+02
1.033094195430558244e+02
1.010105453740125228e+02
1.010201058756508274e+02
1.045669708893729819e+02
1.032419961574367591e+02
1.047083157896775845e+02
1.044635914189362751e+02
1.010495183026921069e+02
1.055685731513006118e+02
1.023014157470257146e+02
1.028266329593601682e+02
1.038177260314848809e+02
1.020130469193412779e+02
1.038133349291531573e+02
1.024462016276532523e+02
1.023287939371315503e+02
1.026818979603792741e+02
1.009865114248572979e+02
1.019828637196318084e+02
1.023318965046256608e+02
1.004726459123314726e+02
1.038777616754375117e+02
1.040128111951644314e+02
1.019490165479958819e+02
1.014107689717940701e+02
1.021717214157298912e+02
1.048628974745158189e+02
1.042950390407757055e+02
1.034518268871091777e+02
1.036348839015010839e+02
1.027591883670160087e+02
1.034865191591243700e+02
1.012854163577217150e+02
1.018823624697675143e+02
1.036224359577406489e+02
1.026909420273640023e+02
1.051848642997158265e+02
1.013037718693048106e+02
1.023075344221428793e+02
1.027777797100530819e+02
1.023476060827380962e+02
1.039667751784919716e+02
1.026727599587189701e+02
9.916024451976804244e+01
1.031963247115086375e+02
1.026378020934384239e+02
1.040459330773237383e+02
1.006546534561116459e+02
1.038316611328212815e+02
1.028224668463008413e+02
1.020714193821773677e+02
1.018508538699391011e+02
1.036534849519282631e+02
1.009449338855834810e+02
1.047962545615917804e+02
1.022873580586853137e+02
1.052007975946548441e+02
1.014612628961040741e+02
1.016274390508029057e+02
9.982874379498616690e+01
1.014324770158068958e+02
1.032036980273157667e+02
1.021164697014388167e+02
1.053130453450378212e+02
1.037123485417882023e+02
1.012242008507678577e+02
1.021219965652945945e+02
1.052596287176361045e+02
1.040747972150661269e+02
1.026059483079923496e+02
1.041155386964228313e+02
1.038235580705137835e+02
1.031605012061933593e+02
1.038338771323127645e+02
1.030195046771153216e+02
1.039021424953765091e+02
1.029540085068708208e+02
1.013027222152284850e+02
1.023844233427535073e+02
1.029268809272172263e+02
1.015300354378800023e+02
1.010066712764100174e+02
1.030537590276249347e+02
1.038136783334062869e+02
1.035571071069452671e+02
1.027305719990127955e+02
1.022013522503411878e+02
1.013662885534769913e+02
1.028835211418351179e+02
1.020802755201599297e+02
1.017295185763454839e+02
1.041007275941507402e+02
1.031063818598398427e+02
1.045093883556968422e+02
1.036033354413765153e+02
1.014987424747599647e+02
1.035543318825182411e+02
1.030614345067814099e+02
1.026075487249403011e+02
1.051910350829733858e+02
1.023912216967008817e+02
1.048392197530454695e+02
1.011627683016218100e+02
1.036308713997031390e+02
1.032024461696093312e+02
9.985660094127707964e+01
1.024871227365251514e+02
1.027944568073950506e+02
1.030253196846425823e+02
1.020745308047372362e+02
1.029022111794350849e+02
1.038414808303233059e+02
1.040740010526653094e+02
1.025661011261249769e+02
1.025321308480289844e+02
1.016406737834484488e+02
1.010706181514591293e+02
1.006758717466934598e+02
1.024411578402669249e+02
1.019618222827147491e+02
1.015738096020054826e+02
1.024444175893926143e+02
1.051715375096627980e+02
1.033405212959516746e+02
1.001078775952053093e+02
1.065460139682946590e+02
1.011113218602265107e+02
1.010252851602545974e+02
1.002294738581123710e+02
1.035084329258883997e+02
1.029255282641598228e+02
1.019569191493832676e+02
1.015030230338555981e+02
1.014063909878175025e+02
1.021015278839305296e+02
1.024526125785396289e+02
1.014911878881716092e+02
1.029741239123698477e+02
1.025388220488525235e+02
1.011519015019902383e+02
1.005793447661453968e+02
1.029075032297608203e+02
1.036151256620622689e+02
1.041816315788072700e+02
1.045146262129409251e+02
1.043908997586915604e+02
1.008074178287909888e+02
1.039586005929942019e+02
1.012699756568282936e+02
1.036679282988455100e+02
1.006520582064254228e+02
1.019293930264967116e+02
1.046448223684625987e+02
1.025176555420293880e+02
9.972077279777943204e+01
1.025987434184849150e+02
1.008220496629936349e+02
1.023861673408515429e+02
1.029043780324263793e+02
1.016802867668532144e+02
1.051352146335828763e+02
1.027643443202746028e+02
9.821639803330640461e+01
1.025379466228876311e+02
1.045996963181590473e+02
1.037612525324763340e+02
1.019967127470449526e+02
1.016802922106389246e+02
1.012557310194273299e+02
1.041430123135739763e+02
1.029458854240926513e+02
1.032705607247076500e+02
9.977140226235891873e+01
1.040375326246262375e+02
1.017031506345269776e+02
1.017257015294282212e+02
1.034663708247776128e+02
1.011928909945659711e+02
1.024497679721166321e+02
1.031774194329698560e+02
1.040768904380692135e+02
1.008568773513241581e+02
9.946555699930750905e+01
1.047436091085295544e+02
1.029002871961717034e+02
1.026011378900830522e+02
1.025788728085647392e+02
1.036885815345831503e+02
1.015783763743747556e+02
1.056472926706660331e+02
1.016086290173398226e+02
1.020950795365561845e+02
1.014265804405098379e+02
1.029046646521986190e+02
1.020284714778461108e+02
1.045887441522978776e+02
1.025054590133378127e+02
1.030549473383459116e+02
1.011392799558750539e+02
1.035732598717642503e+02
9.992292217410134469e+01
1.012342443935444294e+02
1.018483318953408201e+02
1.043124248663714013e+02
1.014152693343769016e+02
1.012360225143936816e+02
1.022638935434581384e+02
1.043222624311941615e+02
1.048740121640501286e+02
1.013958076101785224e+02
1.030026493921527759e+02
1.016083538486635973e+02
1.030403299130646104e+02
1.039332271485601353e+02
1.027605622218157606e+02
1.039063242247650294e+02
1.026817941701666399e+02
1.046220966376553747e+02
1.022121141826165740e+02
1.030638383311150790e+02
1.016254668195270909e+02
1.043469523358432554e+02
1.035597542730676537e+02
1.017666274600057648e+02
1.034141455318490301e+02
1.045004877504003673e+02
1.022777691485473923e+02
1.018524431716312790e+02
1.032666287388834974e+02
1.030287516334969524e+02
1.021570726282698161e+02
1.030058780330038672e+02
1.027195390884534021e+02
1.045910713154272855e+02
1.033992412618256225e+02
1.016595307094005989e+02
1.016819925146744481e+02
1.041835077217837409e+02
1.025178474864238183e+02
1.007289231933437748e+02
1.029958502673048031e+02
1.016102432483631048e+02
1.017563385404583158e+02
1.012828895763042993e+02
1.022308302022437090e+02
1.060822878428018470e+02
1.046628105559773587e+02
1.018824198801541172e+02
1.061363913562885131e+02
1.041656454759301766e+02
1.025130261407828982e+02
1.025925172221522246e+02
1.038449358817069594e+02
1.035172669920815025e+02
1.032651078515361576e+02
1.025527805631032265e+02
1.047978398612998205e+02
1.022684359932457738e+02
1.043430176218810743e+02
1.057193782541483387e+02
1.035309093197356702e+02
1.037690450575474159e+02
1.036973627906084374e+02
1.012665847419839054e+02
1.049542253036255062e+02
1.016545993401502130e+02
1.026429313129784049e+02
1.025047964561878757e+02
1.029663617893459531e+02
1.029572460025148928e+02
1.041489190678142762e+02
1.016581305927965104e+02
1.024135232187494466e+02
9.953944276350981113e+01
1.041376784020556698e+02
1.017316196906610344e+02
1.036103445595762622e+02
1.040043512443672711e+02
1.021146498187143123e+02
9.889881350015529904e+01
1.044962775924749536e+02
1.039293938658424850e+02
9.986252417613525267e+01
1.024881025379173849e+02
1.018337729041838173e+02
1.016138167531196217e+02
1.013049379045433938e+02
1.015337693718254428e+02
9.971238321386087478e+01
1.046886713871156616e+02
1.044025163235042157e+02
1.020521898223520481e+02
1.021919442158330895e+02
1.034006868962750616e+02
1.022597545338587821e+02
1.025219885316030144e+02
1.017020167400716275e+02
1.042832859183632337e+02
1.036316786844346893e+02
1.024971020030581315e+02
1.044739668436425433e+02
1.012542883609268927e+02
1.001598892517343842e+02
1.018405365797699602e+02
1.013259931655395008e+02
1.036509389633943528e+02
1.033826487534212646e+02
1.028296771169360397e+02
9.958653116967147412e+01
1.023153234909590452e+02
1.025539214567031649e+02
1.052396345964121878e+02
1.035258539432737024e+02
1.051240999805708753e+02
1.014676469471955755e+02
1.025383388307147641e+02
1.033952769592693386e+02
1.031095024687416242e+02
1.025538189008027246e+02
1.022578309535425944e+02
9.960681585136204319e+01
1.004360032594483130e+02
1.021121569721573934e+02
1.024255791202417356e+02
1.045257119713489402e+02
1.037130440600149512e+02
1.035507645030912869e+02
1.022262865328505370e+02
9.987169499414549989e+01
1.013926296485583407e+02
1.034947762011103123e+02
1.016041431847652490e+02
1.027940887771976719e+02
1.054160007316918808e+02
1.013660796216686464e+02
1.018235053573719284e+02
1.051682656486772487e+02
1.018080039887977648e+02
1.034874626372287167e+02
1.035710621155573818e+02
1.035147863526408401e+02
1.002069396705444575e+02
1.030607907149241527e+02
1.022827651911872380e+02
1.035372299948471664e+02
1.012078205469232870e+02
1.023071202935594641e+02
1.029463698896570065e+02
1.024539857716987399e+02
1.039949360676611718e+02
1.007877993097851430e+02
1.072370758237841244e+02
1.002664767671064681e+02
1.015234097629061125e+02
1.003685572380459234e+02
1.008563220410912322e+02
1.021406014926942873e+02
1.016104474087562295e+02
1.050249159740459675e+02
1.002985160069626431e+02
1.008254076524021627e+02
1.024425630518753110e+02
1.044580543810616717e+02
1.054391917186608651e+02
1.035504001893824864e+02
1.025156799953962121e+02
1.040273929703395766e+02
1.025045472777139679e+02
1.038824807261196668e+02
1.033257611415455699e+02
1.018794876996639260e+02
1.024912250593058900e+02
1.031759700129788655e+02
1.021206731741271057e+02
1.046558120721531964e+02
1.001573669986173627e+02
1.041046030358797339e+02
1.043904892810821963e+02
9.994124530649705207e+01
1.021089130543237928e+02
1.010285602368094260e+02
9.973947906408389485e+01
1.032163957175666837e+02
1.038590091262214372e+02
1.015505860072514110e+02
1.029623836680136577e+02
1.031299238699797911e+02
1.026845813512790073e+02
1.033560937207425923e+02
1.027524154354336616e+02
1.028093339059072377e+02
1.045228560969660947e+02
1.040610681838488318e+02
1.014295839054485953e+02
1.059044839195979932e+02
1.016979013076486495e+02
1.019511893219280978e+02
1.036541184900643771e+02
1.048754859630039817e+02
1.053855854958547980e+02
1.021214622272828194e+02
1.019917152124190380e+02
1.012422716351695442e+02
9.965367869179468130e+01
1.031561737011978011e+02
1.030914834555183717e+02
1.039372797597194165e+02
1.021877397212946050e+02
1.037376690074980132e+02
1.015108519335443304e+02
1.023451615214838313e+02
1.000372448680946178e+02
1.008889164939315748e+02
1.018551541837384065e+02
1.001175417532069645e+02
1.027958569976520238e+02
1.022301915742660725e+02
1.033661662409988935e+02
1.030467035837328353e+02
1.045606382366954819e+02
1.020609553299553482e+02
1.023605618633230421e+02
1.005835788059984424e+02
1.023045389848280706e+02
1.016232829756462905e+02
1.034832478572571546e+02
1.045815475099929159e+02
1.019314264801798515e+02
9.939121357109102917e+01
1.030820928572405819e+02
1.014948920396219876e+02
1.005118058939824834e+02
1.049446261164022047e+02
1.026457565834611927e+02
1.025941098629984651e+02
1.029987180401807336e+02
1.005232432425165001e+02
1.024764222245148773e+02
1.031200521896096092e+02
1.019503834878153867e+02
1.029493541846152169e+02
1.011512313675147539e+02
1.042473866472554818e+02
1.024681022246817577e+02
1.016008351924927524e+02
1.040615634570857111e+02
1.021885131698157494e+02
1.027209636732743405e+02
1.028975841220163545e+02
1.015535985490642048e+02
1.038415420346096170e+02
1.028262705466295017e+02
1.026550533442810291e+02
1.044342660781301220e+02
1.018876520571930939e+02
1.026326217220907040e+02
1.031924754677859397e+02
1.023172570209471246e+02
1.030668957661303580e+02
1.030517839883487738e+02
1.043812487650331349e+02
1.017272532525662427e+02
1.022311199982079586e+02
1.007376001995105241e+02
1.021975145902988658e+02
1.038054474388513455e+02
1.018227102212827191e+02
1.004816948137639514e+02
1.040069557812313406e+02
1.034249021923450300e+02
1.029872784774718468e+02
1.026567201814314387e+02
1.008323053445620019e+02
