0.000000000000000000e+00 6.911777627094868137e+01 1.979466449020654606e+00
1.256281407035175941e-02 6.950530350751154174e+01 1.963363909025123366e+00
2.512562814070351883e-02 6.990079811223614570e+01 1.947663152447225654e+00
3.768844221105527303e-02 7.030426754413085177e+01 1.932398593699556022e+00
5.025125628140703765e-02 7.071571692495044203e+01 1.917604378119188713e+00
6.281407035175878839e-02 7.113514908405620929e+01 1.903314217603547132e+00
7.537688442211054607e-02 7.156256460357055005e+01 1.889561218237991502e+00
8.793969849246231762e-02 7.199796186368540418e+01 1.876377701056018976e+00
1.005025125628140753e-01 7.244133708799357407e+01 1.863795017338627291e+00
1.130653266331658330e-01 7.289268438872349520e+01 1.851843360128094584e+00
1.256281407035175768e-01 7.335199581176807726e+01 1.840551573893998150e+00
1.381909547738693345e-01 7.381926138141034244e+01 1.829946964535388076e+00
1.507537688442210921e-01 7.429446914466009844e+01 1.820055112121131469e+00
1.633165829145728776e-01 7.477760521512668390e+01 1.810899688948762964e+00
1.758793969849246352e-01 7.526865381636547170e+01 1.802502285628802214e+00
1.884422110552763929e-01 7.576759732464637409e+01 1.794882247965567945e+00
2.010050251256281506e-01 7.627441631110453102e+01 1.788056527397601458e+00
2.135678391959799083e-01 7.678908958324367973e+01 1.782039547674119095e+00
2.261306532663316660e-01 7.731159422577383111e+01 1.776843090274489612e+00
2.386934673366834236e-01 7.784190564077515262e+01 1.772476200825586989e+00
2.512562814070351536e-01 7.837999758718883925e+01 1.768945118440871767e+00
2.638190954773869112e-01 7.892584221964618507e+01 1.766253229503350619e+00
2.763819095477386689e-01 7.947941012665494043e+01 1.764401046954154895e+00
2.889447236180904266e-01 8.004067036816969960e+01 1.763386215644899391e+00
3.015075376884421843e-01 8.060959051258147667e+01 1.763203543783278482e+00
3.140703517587939975e-01 8.118613667316732574e+01 1.763845059967385609e+00
3.266331658291457551e-01 8.177027354404717130e+01 1.765300094785046570e+00
3.391959798994975128e-01 8.236196443570045744e+01 1.767555385469652407e+00
3.517587939698492705e-01 8.296117131009914658e+01 1.770595201670894570e+00
3.643216080402010282e-01 8.356785481551813177e+01 1.774401490032296191e+00
3.768844221105527859e-01 8.418197432108640044e+01 1.778954034978192933e+00
3.894472361809045435e-01 8.480348795114517202e+01 1.784230632907933156e+00
4.020100502512563012e-01 8.543235261948063908e+01 1.790207276876895293e+00
4.145728643216080589e-01 8.606852406349943863e+01 1.796858348811031458e+00
4.271356783919598166e-01 8.671195687841606059e+01 1.804156816348690739e+00
4.396984924623115742e-01 8.736260455152000759e+01 1.812074431522168627e+00
4.522613065326633319e-01 8.802041949658979547e+01 1.820581928671154426e+00
4.648241206030150896e-01 8.868535308851978982e+01 1.829649219208818289e+00
4.773869346733668473e-01 8.935735569822210778e+01 1.839245581126065288e+00
4.899497487437186050e-01 9.003637672786462076e+01 1.849339841407664720e+00
5.025125628140703071e-01 9.072236464650167420e+01 1.859900549833671590e+00
5.150753768844220648e-01 9.141526702615063016e+01 1.870896142939966866e+00
5.276381909547738225e-01 9.211503057836324615e+01 1.882295097203694922e+00
5.402010050251255802e-01 9.282160119133595799e+01 1.894066070795231482e+00
5.527638190954773378e-01 9.353492396759843075e+01 1.906178033492579749e+00
5.653266331658290955e-01 9.425494326231400066e+01 1.918600384582508811e+00
5.778894472361808532e-01 9.498160272222052924e+01 1.931303058773161663e+00
5.904522613065326109e-01 9.571484532523393796e+01 1.944256620314136264e+00
6.030150753768843686e-01 9.645461342073090805e+01 1.957432345662391882e+00
6.155778894472361262e-01 9.720084877052077843e+01 1.970802295146904637e+00
6.281407035175879949e-01 9.795349259051066326e+01 1.984339374173544890e+00
6.407035175879397526e-01 9.871248559306143022e+01 1.998017384576515010e+00
6.532663316582915103e-01 9.947776803002524559e+01 2.011811066766438838e+00
6.658291457286432680e-01 1.002492797364500490e+02 2.025696133350545658e+00
6.783919597989950256e-01 1.010269601749283623e+02 2.039649294910071742e+00
6.909547738693467833e-01 1.018107484805637739e+02 2.053648278616678091e+00
7.035175879396985410e-01 1.026005835065195129e+02 2.067671840355713275e+00
7.160804020100502987e-01 1.033964038701104755e+02 2.081699771001888521e+00
7.286432160804020564e-01 1.041981479993915229e+02 2.095712897464346192e+00
7.412060301507538140e-01 1.050057541801912464e+02 2.109693079084872025e+00
7.537688442211055717e-01 1.058191606035337315e+02 2.123623199936762518e+00
7.663316582914573294e-01 1.066383054133866040e+02 2.137487157533737303e+00
7.788944723618090871e-01 1.074631267546679254e+02 2.151269848419436137e+00
7.914572864321608447e-01 1.082935628214410855e+02 2.164957151069179186e+00
8.040201005025126024e-01 1.091295519052210636e+02 2.178535906497609087e+00
8.165829145728643601e-01 1.099710324433138595e+02 2.191993896928918328e+00
8.291457286432161178e-01 1.108179430671045935e+02 2.205319822851082634e+00
8.417085427135678755e-01 1.116702226502097517e+02 2.218503278742107732e+00
8.542713567839196331e-01 1.125278103564033785e+02 2.231534727724872713e+00
8.668341708542713908e-01 1.133906456872276038e+02 2.244405475377894810e+00
8.793969849246231485e-01 1.142586685291933009e+02 2.257107642902228761e+00
8.919597989949749062e-01 1.151318192004780343e+02 2.269634139819760144e+00
9.045226130653266639e-01 1.160100384970244534e+02 2.281978636355324053e+00
9.170854271356784215e-01 1.168932677379450240e+02 2.294135535634301171e+00
9.296482412060301792e-01 1.177814488101356289e+02 2.306099945808532947e+00
9.422110552763819369e-01 1.186745242120035755e+02 2.317867652206458295e+00
9.547738693467336946e-01 1.195724370962143723e+02 2.329435089588201446e+00
9.673366834170854522e-01 1.204751313113642510e+02 2.340799314572855394e+00
9.798994974874372099e-01 1.213825514424855214e+02 2.351957978293234497e+00
9.924623115577889676e-01 1.222946428502958156e+02 2.362909299322907941e+00
1.005025125628140614e+00 1.232113517091019617e+02 2.373652036911172214e+00
1.017587939698492372e+00 1.241326250432752971e+02 2.384185464553751022e+00
1.030150753768844130e+00 1.250584107622151606e+02 2.394509343920279143e+00
1.042713567839195887e+00 1.259886576937232547e+02 2.404623899153996103e+00
1.055276381909547645e+00 1.269233156157139319e+02 2.414529791554406835e+00
1.067839195979899403e+00 1.278623352861906142e+02 2.424228094649906406e+00
1.080402010050251160e+00 1.288056684714220239e+02 2.433720269664462421e+00
1.092964824120602918e+00 1.297532679722575608e+02 2.443008141380265563e+00
1.105527638190954676e+00 1.307050876485256765e+02 2.452093874396784834e+00
1.118090452261306433e+00 1.316610824414644014e+02 2.460979949785802035e+00
1.130653266331658191e+00 1.326212083941389039e+02 2.469669142141700302e+00
1.143216080402009949e+00 1.335854226698056380e+02 2.478164497026455138e+00
1.155778894472361706e+00 1.345536835681899674e+02 2.486469308809406975e+00
1.168341708542713464e+00 1.355259505396490738e+02 2.494587098902866895e+00
1.180904522613065222e+00 1.365021841971974368e+02 2.502521594395931359e+00
1.193467336683416979e+00 1.374823463263800249e+02 2.510276707090421944e+00
1.206030150753768737e+00 1.384663998929826789e+02 2.517856512944643743e+00
1.218592964824120495e+00 1.394543090485768744e+02 2.525265231932575460e+00
1.231155778894472252e+00 1.404460391339009391e+02 2.532507208328100834e+00
1.243718592964824010e+00 1.414415566800870181e+02 2.539586891425978266e+00
1.256281407035175990e+00 1.424408294077487938e+02 2.546508816713285661e+00
1.268844221105527748e+00 1.434438262239508788e+02 2.553277587507113200e+00
1.281407035175879505e+00 1.444505172170871390e+02 2.559897857076186778e+00
1.293969849246231263e+00 1.454608736497006873e+02 2.566374311265919417e+00
1.306532663316583021e+00 1.464748679492846009e+02 2.572711651647993758e+00
1.319095477386934778e+00 1.474924736971070161e+02 2.578914579217010505e+00
1.331658291457286536e+00 1.485136656151103978e+02 2.584987778657920288e+00
1.344221105527638294e+00 1.495384195509394942e+02 2.590935903208862356e+00
1.356783919597990051e+00 1.505667124611586019e+02 2.596763560144662808e+00
1.369346733668341809e+00 1.515985223927204117e+02 2.602475296906566093e+00
1.381909547738693567e+00 1.526338284627573501e+02 2.608075587903745607e+00
1.394472361809045324e+00 1.536726108367668928e+02 2.613568822011801185e+00
1.407035175879397082e+00 1.547148507052683328e+02 2.618959290792741257e+00
1.419597989949748840e+00 1.557605302590107783e+02 2.624251177459918427e+00
1.432160804020100597e+00 1.568096326628165400e+02 2.629448546609987503e+00
1.444723618090452355e+00 1.578621420281461099e+02 2.634555334742229249e+00
1.457286432160804113e+00 1.589180433844737479e+02 2.639575341583553225e+00
1.469849246231155870e+00 1.599773226495653375e+02 2.644512222235103405e+00
1.482412060301507628e+00 1.610399665987518745e+02 2.649369480153783485e+00
1.494974874371859386e+00 1.621059628332930629e+02 2.654150460979078918e+00
1.507537688442211143e+00 1.631752997479280225e+02 2.658858347212434747e+00
1.520100502512562901e+00 1.642479664977095410e+02 2.663496153753087459e+00
1.532663316582914659e+00 1.653239529642191599e+02 2.668066724290755420e+00
1.545226130653266416e+00 1.664032497212625117e+02 2.672572728551924293e+00
1.557788944723618174e+00 1.674858480001410328e+02 2.677016660392737002e+00
1.570351758793969932e+00 1.685717396545980762e+02 2.681400836727703574e+00
1.582914572864321689e+00 1.696609171255358319e+02 2.685727397279626061e+00
1.595477386934673447e+00 1.707533734055992909e+02 2.689998305132347944e+00
1.608040201005025205e+00 1.718491020037195653e+02 2.694215348064222137e+00
1.620603015075376963e+00 1.729480969097111540e+02 2.698380140636556401e+00
1.633165829145728720e+00 1.740503525590113725e+02 2.702494127007826208e+00
1.645728643216080478e+00 1.751558637976519606e+02 2.706558584441123294e+00
1.658291457286432236e+00 1.762646258475478760e+02 2.710574627469211961e+00
1.670854271356783993e+00 1.773766342721853277e+02 2.714543212678703465e+00
1.683417085427135751e+00 1.784918849427904775e+02 2.718465144072245820e+00
1.695979899497487509e+00 1.796103740050545809e+02 2.722341078965311301e+00
1.708542713567839266e+00 1.807320978464892960e+02 2.726171534372161087e+00
1.721105527638191024e+00 1.818570530644817893e+02 2.729956893833860310e+00
1.733668341708542782e+00 1.829852364351158656e+02 2.733697414639873813e+00
1.746231155778894539e+00 1.841166448828210207e+02 2.737393235393744906e+00
1.758793969849246297e+00 1.852512754509083948e+02 2.741044383872698109e+00
1.771356783919598055e+00 1.863891252730462327e+02 2.744650785130673398e+00
1.783919597989949812e+00 1.875301915457262112e+02 2.748212269794316764e+00
1.796482412060301570e+00 1.886744715017650833e+02 2.751728582501809406e+00
1.809045226130653328e+00 1.898219623848840172e+02 2.755199390435085771e+00
1.821608040201005085e+00 1.909726614254008439e+02 2.758624291896976555e+00
1.834170854271356843e+00 1.921265658170692916e+02 2.762002824886110819e+00
1.846733668341708601e+00 1.932836726950922923e+02 2.765334475623945298e+00
1.859296482412060358e+00 1.944439791153335761e+02 2.768618686990132804e+00
1.871859296482412116e+00 1.956074820347460559e+02 2.771854866824465802e+00
1.884422110552763874e+00 1.967741782930329464e+02 2.775042396055913407e+00
1.896984924623115631e+00 1.979440645955517368e+02 2.778180636621694788e+00
1.909547738693467389e+00 1.991171374974680361e+02 2.781268939141957386e+00
1.922110552763819147e+00 2.002933933891609115e+02 2.784306650318351117e+00
1.934673366834170904e+00 2.014728284828794642e+02 2.787293120027640736e+00
1.947236180904522662e+00 2.026554388006441059e+02 2.790227708084433988e+00
1.959798994974874420e+00 2.038412201633845484e+02 2.793109790650071922e+00
1.972361809045226178e+00 2.050301681813004677e+02 2.795938766267758613e+00
1.984924623115577935e+00 2.062222782454299193e+02 2.798714061507012296e+00
1.997487437185929693e+00 2.074175455204052980e+02 2.801435136203541898e+00
2.010050251256281229e+00 2.086159649383751287e+02 2.804101488283611054e+00
2.022613065326633208e+00 2.098175311940643724e+02 2.806712658164860485e+00
2.035175879396984744e+00 2.110222387409473299e+02 2.809268232728400427e+00
2.047738693467336724e+00 2.122300817885002573e+02 2.811767848859725305e+00
2.060301507537688259e+00 2.134410543005013778e+02 2.814211196558617623e+00
2.072864321608040239e+00 2.146551499943427643e+02 2.816598021620744241e+00
2.085427135678391775e+00 2.158723623413157782e+02 2.818928127895990787e+00
2.097989949748743754e+00 2.170926845678319808e+02 2.821201379130833242e+00
2.110552763819095290e+00 2.183161096575369982e+02 2.823417700404100561e+00
2.123115577889447270e+00 2.195426303542767812e+02 2.825577079167412187e+00
2.135678391959798805e+00 2.207722391658703316e+02 2.827679565903304049e+00
2.148241206030150785e+00 2.220049283686470289e+02 2.829725274415656688e+00
2.160804020100502321e+00 2.232406900127000711e+02 2.831714381768422495e+00
2.173366834170854300e+00 2.244795159278122867e+02 2.833647127889898254e+00
2.185929648241205836e+00 2.257213977300066290e+02 2.835523814860851033e+00
2.198492462311557816e+00 2.269663268286741697e+02 2.837344805905683831e+00
2.211055276381909351e+00 2.282142944342335227e+02 2.839110524106575717e+00
2.223618090452261331e+00 2.294652915662739190e+02 2.840821450861067188e+00
2.236180904522612867e+00 2.307193090621355509e+02 2.842478124103992698e+00
2.248743718592964846e+00 2.319763375858811116e+02 2.844081136314892788e+00
2.261306532663316382e+00 2.332363676376116928e+02 2.845631132332162139e+00
2.273869346733668362e+00 2.344993895630840939e+02 2.847128806995158357e+00
2.286432160804019897e+00 2.357653935635820517e+02 2.848574902635322204e+00
2.298994974874371877e+00 2.370343697060015700e+02 2.849970206437103748e+00
2.311557788944723413e+00 2.383063079331045060e+02 2.851315547689075913e+00
2.324120603015075393e+00 2.395811980739028115e+02 2.852611794945129731e+00
2.336683417085426928e+00 2.408590298541303127e+02 2.853859853115050527e+00
2.349246231155778908e+00 2.421397929067661323e+02 2.855060660503108583e+00
2.361809045226130443e+00 2.434234767825705887e+02 2.856215185812526425e+00
2.374371859296482423e+00 2.447100709605999214e+02 2.857324425132893531e+00
2.386934673366833959e+00 2.459995648586642858e+02 2.858389398926709735e+00
2.399497487437185939e+00 2.472919478436980967e+02 2.859411149030310462e+00
2.412060301507537474e+00 2.485872092420105730e+02 2.860390735683500552e+00
2.424623115577889454e+00 2.498853383493894853e+02 2.861329234601188709e+00
2.437185929648240990e+00 2.511863244410290008e+02 2.862227734099341170e+00
2.449748743718592969e+00 2.524901567812582073e+02 2.863087332286529563e+00
2.462311557788944505e+00 2.537968246330449631e+02 2.863909134331323880e+00
2.474874371859296485e+00 2.551063172672551502e+02 2.864694249814749849e+00
2.487437185929648020e+00 2.564186239716457294e+02 2.865443790176014804e+00
2.500000000000000000e+00 2.577337340595750561e+02 2.866158866258687876e+00
