0.000000000000000000e+00 6.704745809744649421e+01 2.049501954549882043e+00
1.256281407035175941e-02 6.749818219130841612e+01 2.046080748256242643e+00
2.512562814070351883e-02 6.795787455589389481e+01 2.042765107172696215e+00
3.768844221105527303e-02 6.842652875361582687e+01 2.039555614312042131e+00
5.025125628140703765e-02 6.890413569909088665e+01 2.036452837433597285e+00
6.281407035175878839e-02 6.939068374199047184e+01 2.033457328623417215e+00
7.537688442211054607e-02 6.988615875108305886e+01 2.030569623881532060e+00
8.793969849246231762e-02 7.039054419922874217e+01 2.027790242716837721e+00
1.005025125628140753e-01 7.090382124909241668e+01 2.025119687750334574e+00
1.130653266331658330e-01 7.142596883934997720e+01 2.022558444327397176e+00
1.256281407035175768e-01 7.195696377116952647e+01 2.020106980139716679e+00
1.381909547738693345e-01 7.249678079475710035e+01 2.017765744857667798e+00
1.507537688442210921e-01 7.304539269576757476e+01 2.015535169773650548e+00
1.633165829145728776e-01 7.360277038138826811e+01 2.013415667457077785e+00
1.758793969849246352e-01 7.416888296591535834e+01 2.011407631421777698e+00
1.884422110552763929e-01 7.474369785565114910e+01 2.009511435806140334e+00
2.010050251256281506e-01 7.532718083296248324e+01 2.007727435066926525e+00
2.135678391959799083e-01 7.591929613935020882e+01 2.006055963687118471e+00
2.261306532663316660e-01 7.652000655739054480e+01 2.004497335898399069e+00
2.386934673366834236e-01 7.712927349141975242e+01 2.003051845418888810e+00
2.512562814070351536e-01 7.774705704684510010e+01 2.001719765206502188e+00
2.638190954773869112e-01 7.837331610797370729e+01 2.000501347228551552e+00
2.763819095477386689e-01 7.900800841426364229e+01 1.999396822247968997e+00
2.889447236180904266e-01 7.965109063490945118e+01 1.998406399626614594e+00
3.015075376884421843e-01 8.030251844168647324e+01 1.997530267146014449e+00
3.140703517587939975e-01 8.096224657998548935e+01 1.996768590845911850e+00
3.266331658291457551e-01 8.163022893798097357e+01 1.996121514881046055e+00
3.391959798994975128e-01 8.230641861388323832e+01 1.995589161396296385e+00
3.517587939698492705e-01 8.299076798123405752e+01 1.995171630420521813e+00
3.643216080402010282e-01 8.368322875221403478e+01 1.994868999779395136e+00
3.768844221105527859e-01 8.438375203893630783e+01 1.994681325027209295e+00
3.894472361809045435e-01 8.509228841271027477e+01 1.994608639398044447e+00
4.020100502512563012e-01 8.580878796126431496e+01 1.994650953776170299e+00
4.145728643216080589e-01 8.653320034392373827e+01 1.994808256685899783e+00
4.271356783919598166e-01 8.726547484474660621e+01 1.995080514300873187e+00
4.396984924623115742e-01 8.800556042362455855e+01 1.995467670472679700e+00
4.522613065326633319e-01 8.875340576536180492e+01 1.995969646778879003e+00
4.648241206030150896e-01 8.950895932675017264e+01 1.996586342590247698e+00
4.773869346733668473e-01 9.027216938166196769e+01 1.997317635157135340e+00
4.899497487437186050e-01 9.104298406418682532e+01 1.998163379714727572e+00
5.025125628140703071e-01 9.182135140984230759e+01 1.999123409607057811e+00
5.150753768844220648e-01 9.260721939489053511e+01 2.000197536429444867e+00
5.276381909547738225e-01 9.340053597379724692e+01 2.001385550189133333e+00
5.402010050251255802e-01 9.420124911487091879e+01 2.002687219483763492e+00
5.527638190954773378e-01 9.500930683412254041e+01 2.004102291697317018e+00
5.653266331658290955e-01 9.582465722738854197e+01 2.005630493213208965e+00
5.778894472361808532e-01 9.664724850076036944e+01 2.007271529643994690e+00
5.904522613065326109e-01 9.747702899936629706e+01 2.009025086077305122e+00
6.030150753768843686e-01 9.831394723455169071e+01 2.010890827337546316e+00
6.155778894472361262e-01 9.915795190950467486e+01 2.012868398262866343e+00
6.281407035175879949e-01 1.000089919433755483e+02 2.014957423996652341e+00
6.407035175879397526e-01 1.008670164939373421e+02 2.017157510293374756e+00
6.532663316582915103e-01 1.017319749788367744e+02 2.019468243837826638e+00
6.658291457286432680e-01 1.026038170954835920e+02 2.021889192577419170e+00
6.783919597989950256e-01 1.034824928396267012e+02 2.024419906066768693e+00
6.909547738693467833e-01 1.043679525226653482e+02 2.027059915823976599e+00
7.035175879396985410e-01 1.052601467877432810e+02 2.029808735698103384e+00
7.160804020100502987e-01 1.061590266246726912e+02 2.032665862246868738e+00
7.286432160804020564e-01 1.070645433837347582e+02 2.035630775124241065e+00
7.412060301507538140e-01 1.079766487884030823e+02 2.038702937477015809e+00
7.537688442211055717e-01 1.088952949470344862e+02 2.041881796349870548e+00
7.663316582914573294e-01 1.098204343635722182e+02 2.045166783098029573e+00
7.788944723618090871e-01 1.107520199473040776e+02 2.048557313807038316e+00
7.914572864321608447e-01 1.116900050217189175e+02 2.052052789718836756e+00
8.040201005025126024e-01 1.126343433325016434e+02 2.055652597663530479e+00
8.165829145728643601e-01 1.135849890547084158e+02 2.059356110496115111e+00
8.291457286432161178e-01 1.145418967991595309e+02 2.063162687537527074e+00
8.417085427135678755e-01 1.155050216180904243e+02 2.067071675019366506e+00
8.542713567839196331e-01 1.164743190100948453e+02 2.071082406531547626e+00
8.668341708542713908e-01 1.174497449243991554e+02 2.075194203472386256e+00
8.793969849246231485e-01 1.184312557644994968e+02 2.079406375500330473e+00
8.919597989949749062e-01 1.194188083911977714e+02 2.083718220986792602e+00
9.045226130653266639e-01 1.204123601250669253e+02 2.088129027469527443e+00
9.170854271356784215e-01 1.214118687483782111e+02 2.092638072105778679e+00
9.296482412060301792e-01 1.224172925065191464e+02 2.097244622124904811e+00
9.422110552763819369e-01 1.234285901089325534e+02 2.101947935279607549e+00
9.547738693467336946e-01 1.244457207296030106e+02 2.106747260295493973e+00
9.673366834170854522e-01 1.254686440071190390e+02 2.111641837318282811e+00
9.798994974874372099e-01 1.264973200443348560e+02 2.116630898358190294e+00
9.924623115577889676e-01 1.275317094076583828e+02 2.121713667731111475e+00
1.005025125628140614e+00 1.285717731259871641e+02 2.126889362495974822e+00
1.017587939698492372e+00 1.296174726893161733e+02 2.132157192887921049e+00
1.030150753768844130e+00 1.306687700470381799e+02 2.137516362746969101e+00
1.042713567839195887e+00 1.317256276059578113e+02 2.142966069941533824e+00
1.055276381909547645e+00 1.327880082280389900e+02 2.148505506786729136e+00
1.067839195979899403e+00 1.338558752279042210e+02 2.154133860456809657e+00
1.080402010050251160e+00 1.349291923701040616e+02 2.159850313391670440e+00
1.092964824120602918e+00 1.360079238661733712e+02 2.165654043696869646e+00
1.105527638190954676e+00 1.370920343714909393e+02 2.171544225537121342e+00
1.118090452261306433e+00 1.381814889819582675e+02 2.177520029522769907e+00
1.130653266331658191e+00 1.392762532305112586e+02 2.183580623089151018e+00
1.143216080402009949e+00 1.403762930834793110e+02 2.189725170868547899e+00
1.155778894472361706e+00 1.414815749368056856e+02 2.195952835054620245e+00
1.168341708542713464e+00 1.425920656121404022e+02 2.202262775758950575e+00
1.180904522613065222e+00 1.437077323528184536e+02 2.208654151359775053e+00
1.193467336683416979e+00 1.448285428197346789e+02 2.215126118842589698e+00
1.206030150753768737e+00 1.459544650871248734e+02 2.221677834132525842e+00
1.218592964824120495e+00 1.470854676382652997e+02 2.228308452418513941e+00
1.231155778894472252e+00 1.482215193610973358e+02 2.235017128468943959e+00
1.243718592964824010e+00 1.493625895437887721e+02 2.241803016938960003e+00
1.256281407035175990e+00 1.505086478702386898e+02 2.248665272669200021e+00
1.268844221105527748e+00 1.516596644155348486e+02 2.255603050975927726e+00
1.281407035175879505e+00 1.528156096413699743e+02 2.262615507932701497e+00
1.293969849246231263e+00 1.539764543914250225e+02 2.269701800643366685e+00
1.306532663316583021e+00 1.551421698867260659e+02 2.276861087506484971e+00
1.319095477386934778e+00 1.563127277209802060e+02 2.284092528471213690e+00
1.331658291457286536e+00 1.574880998558967065e+02 2.291395285284651973e+00
1.344221105527638294e+00 1.586682586164994007e+02 2.298768521730697678e+00
1.356783919597990051e+00 1.598531766864350914e+02 2.306211403860457754e+00
1.369346733668341809e+00 1.610428271032821783e+02 2.313723100214289730e+00
1.381909547738693567e+00 1.622371832538646004e+02 2.321302782035584489e+00
1.394472361809045324e+00 1.634362188695757254e+02 2.328949623476295194e+00
1.407035175879397082e+00 1.646399080217148594e+02 2.336662801794363808e+00
1.419597989949748840e+00 1.658482251168408652e+02 2.344441497543129582e+00
1.432160804020100597e+00 1.670611448921458759e+02 2.352284894752854072e+00
1.444723618090452355e+00 1.682786424108524557e+02 2.360192181104416864e+00
1.457286432160804113e+00 1.695006930576369655e+02 2.368162548095342324e+00
1.469849246231155870e+00 1.707272725340816351e+02 2.376195191198323453e+00
1.482412060301507628e+00 1.719583568541576710e+02 2.384289310012297936e+00
1.494974874371859386e+00 1.731939223397426417e+02 2.392444108406254433e+00
1.507537688442211143e+00 1.744339456161724513e+02 2.400658794655906814e+00
1.520100502512562901e+00 1.756784036078315978e+02 2.408932581573379306e+00
1.532663316582914659e+00 1.769272735337820563e+02 2.417264686630085091e+00
1.545226130653266416e+00 1.781805329034329475e+02 2.425654332072839647e+00
1.557788944723618174e+00 1.794381595122527813e+02 2.434100745033518365e+00
1.570351758793969932e+00 1.807001314375245613e+02 2.442603157632281086e+00
1.582914572864321689e+00 1.819664270341455392e+02 2.451160807074594050e+00
1.595477386934673447e+00 1.832370249304726144e+02 2.459772935742173594e+00
1.608040201005025205e+00 1.845119040242142887e+02 2.468438791278022570e+00
1.620603015075376963e+00 1.857910434783698008e+02 2.477157626665739798e+00
1.633165829145728720e+00 1.870744227172155831e+02 2.485928700303177585e+00
1.645728643216080478e+00 1.883620214223411722e+02 2.494751276070758639e+00
1.658291457286432236e+00 1.896538195287334645e+02 2.503624623394399062e+00
1.670854271356783993e+00 1.909497972209105114e+02 2.512548017303467773e+00
1.683417085427135751e+00 1.922499349291053079e+02 2.521520738483642443e+00
1.695979899497487509e+00 1.935542133254987505e+02 2.530542073325029229e+00
1.708542713567839266e+00 1.948626133205042379e+02 2.539611313965640882e+00
1.721105527638191024e+00 1.961751160591009864e+02 2.548727758330363802e+00
1.733668341708542782e+00 1.974917029172187029e+02 2.557890710165570347e+00
1.746231155778894539e+00 1.988123554981721668e+02 2.567099479069539392e+00
1.758793969849246297e+00 2.001370556291464879e+02 2.576353380518848990e+00
1.771356783919598055e+00 2.014657853577323863e+02 2.585651735890843739e+00
1.783919597989949812e+00 2.027985269485113520e+02 2.594993872482325603e+00
1.796482412060301570e+00 2.041352628796908562e+02 2.604379123524673822e+00
1.809045226130653328e+00 2.054759758397896405e+02 2.613806828195448073e+00
1.821608040201005085e+00 2.068206487243716651e+02 2.623276331626610780e+00
1.834170854271356843e+00 2.081692646328297940e+02 2.632786984909628369e+00
1.846733668341708601e+00 2.095218068652179113e+02 2.642338145097392843e+00
1.859296482412060358e+00 2.108782589191315822e+02 2.651929175203218136e+00
1.871859296482412116e+00 2.122386044866371151e+02 2.661559444197041824e+00
1.884422110552763874e+00 2.136028274512475491e+02 2.671228326998864588e+00
1.896984924623115631e+00 2.149709118849466449e+02 2.680935204469584665e+00
1.909547738693467389e+00 2.163428420452593741e+02 2.690679463399431981e+00
1.922110552763819147e+00 2.177186023723687640e+02 2.700460496493954921e+00
1.934673366834170904e+00 2.190981774862783311e+02 2.710277702357781759e+00
1.947236180904522662e+00 2.204815521840206429e+02 2.720130485476270010e+00
1.959798994974874420e+00 2.218687114369101323e+02 2.730018256195052562e+00
1.972361809045226178e+00 2.232596403878405056e+02 2.739940430697658247e+00
1.984924623115577935e+00 2.246543243486259485e+02 2.749896430981337847e+00
1.997487437185929693e+00 2.260527487973856182e+02 2.759885684831067110e+00
2.010050251256281229e+00 2.274548993759713653e+02 2.769907625791941719e+00
2.022613065326633208e+00 2.288607618874371497e+02 2.779961693139979317e+00
2.035175879396984744e+00 2.302703222935500094e+02 2.790047331851491563e+00
2.047738693467336724e+00 2.316835667123432927e+02 2.800163992570957827e+00
2.060301507537688259e+00 2.331004814157088845e+02 2.810311131577712285e+00
2.072864321608040239e+00 2.345210528270309567e+02 2.820488210751315616e+00
2.085427135678391775e+00 2.359452675188580315e+02 2.830694697535771187e+00
2.097989949748743754e+00 2.373731122106147211e+02 2.840930064902696284e+00
2.110552763819095290e+00 2.388045737663513819e+02 2.851193791313427983e+00
2.123115577889447270e+00 2.402396391925318540e+02 2.861485360680250611e+00
2.135678391959798805e+00 2.416782956358580350e+02 2.871804262326650203e+00
2.148241206030150785e+00 2.431205303811316014e+02 2.882149990946866414e+00
2.160804020100502321e+00 2.445663308491511714e+02 2.892522046564566018e+00
2.173366834170854300e+00 2.460156845946459327e+02 2.902919934490967968e+00
2.185929648241205836e+00 2.474685793042434341e+02 2.913343165282163749e+00
2.198492462311557816e+00 2.489250027944721921e+02 2.923791254695995878e+00
2.211055276381909351e+00 2.503849430097981781e+02 2.934263723648323552e+00
2.223618090452261331e+00 2.518483880206947276e+02 2.944760098168838436e+00
2.236180904522612867e+00 2.533153260217447951e+02 2.955279909356462564e+00
2.248743718592964846e+00 2.547857453297766313e+02 2.965822693334295046e+00
2.261306532663316382e+00 2.562596343820296738e+02 2.976387991204311412e+00
2.273869346733668362e+00 2.577369817343530940e+02 2.986975349001685043e+00
2.286432160804019897e+00 2.592177760594338451e+02 2.997584317648886554e+00
2.298994974874371877e+00 2.607020061450564299e+02 3.008214452909586889e+00
2.311557788944723413e+00 2.621896608923904637e+02 3.018865315342315725e+00
2.324120603015075393e+00 2.636807293143091329e+02 3.029536470254024394e+00
2.336683417085426928e+00 2.651752005337354490e+02 3.040227487653537786e+00
2.349246231155778908e+00 2.666730637820169250e+02 3.050937942204890341e+00
2.361809045226130443e+00 2.681743083973279909e+02 3.061667413180652719e+00
2.374371859296482423e+00 2.696789238231000354e+02 3.072415484415231379e+00
2.386934673366833959e+00 2.711868996064771409e+02 3.083181744258136181e+00
2.399497487437185939e+00 2.726982253967997849e+02 3.093965785527362122e+00
2.412060301507537474e+00 2.742128909441127007e+02 3.104767205462771518e+00
2.424623115577889454e+00 2.757308860976995106e+02 3.115585605679572101e+00
2.437185929648240990e+00 2.772522008046415181e+02 3.126420592121924358e+00
2.449748743718592969e+00 2.787768251084014537e+02 3.137271775016653663e+00
2.462311557788944505e+00 2.803047491474308686e+02 3.148138768827164924e+00
2.474874371859296485e+00 2.818359631538019130e+02 3.159021192207450479e+00
2.487437185929648020e+00 2.833704574518614550e+02 3.169918667956335590e+00
2.500000000000000000e+00 2.849082224569089590e+02 3.180830822971929539e+00
