7.741318297458462894e+01
7.668318803051290899e+01
7.647675338739168183e+01
7.796293243563076203e+01
7.797494213568775479e+01
7.791003167780250749e+01
7.754585428307979100e+01
7.783427025711038993e+01
7.649450140220373839e+01
7.718161029309860055e+01
7.644595701133772536e+01
7.677256084820008653e+01
7.694254929790427866e+01
7.644096304620636317e+01
7.728601726735746524e+01
7.615055856778404575e+01
7.777256182407130325e+01
7.698079095953519868e+01
7.721979054513982987e+01
7.670463862487834206e+01
7.703415573596380739e+01
7.732061767335137858e+01
7.781451249815363269e+01
7.780097450047696839e+01
7.769847393467719598e+01
7.751018991804272673e+01
7.618107988333125036e+01
7.768042491713605102e+01
7.727340575357089847e+01
7.648937540376756772e+01
7.717277220033342644e+01
7.724878203208318439e+01
7.700421852047848859e+01
7.624035532690537309e+01
7.657335307989566786e+01
7.781546976897875822e+01
7.721613678721773510e+01
7.663604630664110573e+01
7.716898986556334705e+01
7.710055911695084774e+01
7.648141069777392431e+01
7.747793965031877406e+01
7.708505670164707624e+01
7.736746131243938862e+01
7.720937393957979111e+01
7.742575633871898333e+01
7.725788417559317622e+01
7.594711410107285587e+01
7.696013938320888315e+01
7.792022198401112121e+01
7.679650893924197419e+01
7.624043330968885357e+01
7.701202253442608026e+01
7.672352421622420593e+01
7.780616848821007636e+01
7.806752392472078839e+01
7.675953743894021386e+01
7.656815111085074932e+01
7.764723606025201263e+01
7.702193407892684718e+01
7.589487026616903620e+01
7.699881607624563173e+01
7.658094895356536824e+01
7.721042397959217851e+01
7.713532201206770367e+01
7.781305323849315414e+01
7.677143770591875693e+01
7.641954830033070323e+01
7.695112212857526401e+01
7.670603992834665519e+01
7.668220480877194234e+01
7.738429712315901554e+01
7.699720627050662358e+01
7.744557330179631549e+01
7.641366190946202153e+01
7.690148011167767095e+01
7.635357017747557506e+01
7.627625351386825514e+01
7.614095624762907732e+01
7.689511428800419424e+01
7.681225372308976773e+01
7.688712822722990836e+01
7.806627521949084780e+01
7.680778586225230242e+01
7.632743586972692640e+01
7.817138904714303749e+01
7.681419723087439877e+01
7.778770796009335697e+01
7.750527960418361317e+01
7.660904881260226773e+01
7.738265789438115405e+01
7.683221263410057134e+01
7.795673127245305523e+01
7.709875143133379538e+01
7.693218610927698364e+01
7.692710315940540511e+01
7.626918188989549208e+01
7.738551056493564317e+01
7.651274251865474696e+01
7.693620539408851755e+01
7.669937145023578751e+01
7.738837889237223067e+01
7.678260522994506232e+01
7.662669368179938090e+01
7.682661979215626502e+01
7.699374524544030862e+01
7.689555585295330786e+01
7.624277510178377781e+01
7.699340870646699386e+01
7.674168710872649513e+01
7.708737960397692746e+01
7.618730637821774110e+01
7.673274760663642269e+01
7.723439736481651607e+01
7.709340288662866669e+01
7.707161929546538204e+01
7.749618610528101215e+01
7.692337950479090125e+01
7.689377762787208326e+01
7.723188434725987861e+01
7.752537423103539993e+01
7.672968664661922844e+01
7.731302453195864643e+01
7.669388339446339842e+01
7.652941017153312941e+01
7.668481633889263094e+01
7.652950577138270205e+01
7.728609448394166748e+01
7.663117244966888109e+01
7.757488217345510861e+01
7.773691830720596840e+01
7.796815748433918714e+01
7.785349834616663145e+01
7.605743211639365597e+01
7.673222148054709635e+01
7.711537524407017941e+01
7.723959635049878614e+01
7.644963408862891185e+01
7.702793417611749760e+01
7.766083877769743538e+01
7.638754111796767177e+01
7.724364166181148050e+01
7.754237543927635556e+01
7.719151943008007777e+01
7.617343958864012166e+01
7.745562132989796567e+01
7.605950708828557083e+01
7.705877955138943491e+01
7.764326887554935297e+01
7.661476455478201331e+01
7.703244336072843623e+01
7.714047124466384275e+01
7.679728392619281863e+01
7.785109686355153258e+01
7.630142865746637426e+01
7.674110830455246912e+01
7.759347976036467287e+01
7.792822590416668049e+01
7.665764085344153500e+01
7.707034025567766378e+01
7.696052812790514963e+01
7.597834060023647851e+01
7.726580493424913243e+01
7.655558234808775353e+01
7.789429100425552122e+01
7.662438914125040412e+01
7.664830801203355293e+01
7.716277707221959758e+01
7.706329118486078755e+01
7.721664638404772063e+01
7.670464087136140563e+01
7.686509984311906862e+01
7.688905802308470072e+01
7.740893429098075273e+01
7.720968569315485297e+01
7.672311894907555541e+01
7.603175667023862161e+01
7.675359868090812654e+01
7.796361020606750003e+01
7.632595031622304305e+01
7.647330000654220328e+01
7.760608972709381703e+01
7.659070654282113821e+01
7.742922993424377864e+01
7.542351356646193494e+01
7.672461449265399835e+01
7.673404530100982868e+01
7.668986791241883338e+01
7.772198159403454554e+01
7.751400699510418235e+01
7.750056110297913392e+01
7.771369460580574184e+01
7.634698407745159443e+01
7.697442974631499624e+01
7.725404865227403661e+01
7.678166660615698902e+01
7.659210312348641025e+01
7.754238391076063408e+01
7.643517880959078070e+01
7.686686437320582854e+01
7.668389905950250807e+01
7.646068582343291098e+01
7.748942445522037303e+01
7.719510571125238130e+01
7.646620686739329642e+01
7.805786710902356162e+01
7.693662244290953822e+01
7.793362124267514446e+01
7.722088470790930614e+01
7.799656304777279558e+01
7.760182114597432701e+01
7.673778497066264492e+01
7.700787663249838033e+01
7.660316731347877806e+01
7.715394184089593921e+01
7.659589837501600584e+01
7.728036083697067227e+01
7.677583894020506250e+01
7.697905113817549250e+01
7.738120185891119718e+01
7.674446291101048701e+01
7.614936176121494782e+01
7.602732806662476150e+01
7.742486144723551433e+01
7.665840779539185235e+01
7.672208563220242183e+01
7.764628423556041525e+01
7.699072638798423895e+01
7.731646528874807700e+01
7.726554697387310000e+01
7.794322671476879805e+01
7.743701956764181205e+01
7.757614998129260186e+01
7.711642651730495857e+01
7.660193137324522183e+01
7.619437431808410111e+01
7.660833966102518389e+01
7.760007890529951169e+01
7.710803707526518735e+01
7.673913941198740929e+01
7.676405292113378209e+01
7.765334399821642819e+01
7.736530542664429788e+01
7.711233568735063670e+01
7.631166322615040087e+01
7.705333121334918189e+01
7.793490362128237336e+01
7.643598038947854434e+01
7.568498448657966549e+01
7.752441025948526487e+01
7.779379630152411096e+01
7.793433652758639596e+01
7.721113263287183770e+01
7.647805873908239960e+01
7.689525579727224169e+01
7.724835875849981903e+01
7.698099448416718360e+01
7.790089449948281697e+01
7.770614833941748145e+01
7.688964520422889848e+01
7.739602902078038937e+01
7.754296446975305912e+01
7.844816410585934818e+01
7.691912297640023155e+01
7.753387643777459459e+01
7.715158267053595864e+01
7.640891054965351259e+01
7.699739671958502640e+01
7.745954123370954392e+01
7.680403441410153675e+01
7.713529556001778076e+01
7.715770889479468053e+01
7.694246528224466886e+01
7.601168466720162087e+01
7.671093992826163799e+01
7.674430449431228851e+01
7.668610514513414955e+01
7.713929750121788231e+01
7.701736741743049208e+01
7.776848337518386245e+01
7.735861556363671809e+01
7.660652763611230398e+01
7.692424552821245243e+01
7.776912543891589280e+01
7.658556680209285616e+01
7.627666923205033811e+01
7.686797474719347179e+01
7.654911012278626004e+01
7.610423078921586182e+01
7.586190687615419392e+01
7.678171412874050361e+01
7.705524286990768701e+01
7.596465236465687099e+01
7.735109633541632945e+01
7.761643789550639383e+01
7.604139758667210458e+01
7.780184725676741664e+01
7.725322504022506109e+01
7.696658103984485422e+01
7.658255946915875256e+01
7.760801383718809632e+01
7.804317068537073965e+01
7.692945744406758024e+01
7.648116710099985482e+01
7.673681794085514696e+01
7.676492922437185484e+01
7.762500435464106374e+01
7.752389156415769378e+01
7.699734962048063380e+01
7.739688335690860299e+01
7.663904554809188596e+01
7.789952235871973585e+01
7.615876802019108993e+01
7.748369086431527819e+01
7.636821325105468361e+01
7.696593500668319621e+01
7.689309609785465227e+01
7.660539782500791262e+01
7.564146398128461612e+01
7.752699430780505452e+01
7.806230848919643961e+01
7.813562172990577892e+01
7.696600869725229188e+01
7.831777536877648060e+01
7.729965019943081472e+01
7.672577060998956711e+01
7.614957644646598567e+01
7.724715463846639807e+01
7.766285276288637363e+01
7.882423827360858581e+01
7.745594016974199292e+01
7.711493285723649649e+01
7.785826955229062207e+01
7.675016187422070857e+01
7.735893169594437779e+01
7.695262850131946664e+01
7.649572361145864363e+01
7.750657291471137000e+01
7.593381191605757863e+01
7.754798259699983021e+01
7.755844391577120689e+01
7.728776980186952983e+01
7.708353267261492192e+01
7.732537593386835795e+01
7.629878865588305814e+01
7.670374970855097274e+01
7.719062122368855228e+01
7.667468028617118136e+01
7.682438115867964257e+01
7.582973143937906002e+01
7.645874755597154149e+01
7.693423700623527850e+01
7.666376734763539957e+01
7.739666912267010446e+01
7.749090114726264744e+01
7.618023110384267227e+01
7.743901054840127074e+01
7.654022194697120085e+01
7.663718023032245696e+01
7.599714504401137560e+01
7.700487397502386955e+01
7.565775115399907236e+01
7.738874314881076089e+01
7.704862771042490976e+01
7.751508785915396516e+01
7.711819432705608790e+01
7.674155567884274376e+01
7.703175092518445410e+01
7.633818297439394485e+01
7.623595116482211154e+01
7.746917395121425898e+01
7.694032402556744898e+01
7.704209031065093427e+01
7.608465960511081505e+01
7.780633995084238563e+01
7.679741355763366073e+01
7.677687044778667769e+01
7.790580334689745712e+01
7.647977657983572897e+01
7.542924628419727640e+01
7.726632970747010631e+01
7.625931872130914257e+01
7.698566630244111764e+01
7.863741586326197819e+01
7.765586194514810359e+01
7.717273518431804291e+01
7.789204335751546182e+01
7.663444914246987594e+01
7.715073989521260955e+01
7.779143775563646557e+01
7.799435287673361472e+01
7.711381615070078510e+01
7.731333195880078790e+01
7.667770344765416723e+01
7.643976192126523017e+01
7.626976699945852545e+01
7.757153607489905767e+01
7.705274354632753386e+01
7.627924345195873457e+01
7.586369490803792814e+01
7.684907869551977910e+01
7.762071796279477098e+01
7.632951889018002589e+01
7.611708725649083362e+01
7.702317825705112853e+01
7.737610105571677366e+01
7.649954313372195713e+01
7.599325497482857372e+01
7.677938321630583118e+01
7.574366878060190800e+01
7.713620205113232942e+01
7.718662093473533048e+01
7.734388407482258287e+01
7.696186606503111705e+01
7.618294437427007892e+01
7.688194392996759063e+01
7.653842372602468913e+01
7.653416181675295604e+01
7.783714265917267028e+01
7.687169697401274959e+01
7.685651031977262448e+01
7.697479046150434101e+01
7.704638112499996794e+01
7.735408200785522581e+01
7.639047876200201870e+01
7.654307256871017273e+01
7.833337771981591402e+01
7.622271444620078285e+01
7.734938185714896974e+01
7.736629565737858627e+01
7.654750791967657619e+01
7.660103170598011957e+01
7.683056215480013407e+01
7.745386141678922343e+01
7.742025468057755688e+01
7.714321879814525573e+01
7.800458903871142979e+01
7.654811329026962596e+01
7.702203265984702796e+01
7.584743950544486779e+01
7.633607194637157534e+01
7.701026579338481781e+01
7.826179345705439516e+01
7.791839713906041709e+01
7.655929003086775708e+01
7.617651557798525630e+01
7.704657878207122224e+01
7.791178430699419266e+01
7.647698067141551803e+01
7.649267956411826219e+01
7.702482808548907656e+01
7.793660114080434198e+01
7.606701720434793401e+01
7.719693153981035039e+01
7.638918234203063662e+01
7.648519613555195917e+01
7.663820149414479488e+01
7.696120804267687276e+01
7.650670841448909698e+01
7.646129284950249883e+01
7.710483537542442889e+01
7.741978394179703571e+01
7.699557798160016375e+01
7.750732611724906462e+01
7.675796583923059302e+01
7.635895695948876494e+01
7.634081829830040533e+01
7.823870946678306382e+01
7.682839312704658141e+01
7.694456582735597294e+01
7.732194532615909566e+01
7.710438765311187126e+01
7.803552661006814617e+01
7.664505186003094650e+01
7.744098593563650468e+01
7.633300565112952540e+01
7.625638526683984253e+01
7.720152306953804100e+01
7.735895370035153462e+01
7.731139794283957656e+01
7.733260975954205207e+01
7.662105581256197695e+01
7.686956412235839764e+01
7.734274688324669000e+01
7.705485053876793700e+01
7.598509605453020299e+01
7.755286030331632219e+01
7.757407993084579800e+01
7.715259796187623920e+01
7.713201988794754982e+01
7.677949487790243666e+01
7.593046057012135464e+01
7.759551437074699720e+01
7.724552366576730833e+01
7.671512928297964606e+01
7.639527208041256756e+01
7.696395049703258451e+01
7.657020433506457380e+01
7.710654998608991662e+01
7.722554033657473838e+01
7.733578467199031081e+01
7.709734168046912828e+01
7.718838150734232784e+01
7.679191315490461989e+01
7.714705368201825308e+01
7.757984781959125087e+01
7.715927859146346179e+01
7.661396033470769851e+01
7.776368911849229448e+01
7.706282612171719393e+01
7.704730864856421135e+01
7.738942909640795165e+01
7.610735630240132821e+01
7.804936755848358132e+01
7.790727072011922871e+01
7.746139689255906546e+01
7.787984870014069827e+01
7.634011486302158289e+01
7.757086786078491514e+01
7.721201022801926683e+01
7.825727673922311567e+01
7.735234791229132156e+01
7.644842045815981635e+01
7.739311946768685857e+01
7.743152705999101215e+01
7.732030943675052015e+01
7.605299777074269230e+01
7.735115357097005528e+01
7.669142038250322457e+01
7.652748727617330360e+01
7.753743769752334458e+01
7.593227325228683355e+01
7.665780222765076246e+01
7.665592074006964651e+01
7.761588156750362089e+01
7.767528676932765563e+01
7.727744875239939404e+01
7.746256239780007036e+01
7.682125737643548291e+01
7.759659007765876026e+01
7.653730935505029720e+01
7.610614180926827999e+01
7.685227699915517974e+01
7.680566379385165021e+01
7.666197834831922364e+01
7.686244752103681321e+01
7.736160634291783822e+01
7.672982222035813038e+01
7.700712305923127587e+01
7.666825069036833895e+01
7.674102589425335452e+01
7.711488643387650654e+01
7.739594150666205508e+01
7.802392272359902847e+01
7.741147793349709616e+01
7.666899219249300756e+01
7.745593291736552999e+01
7.719451251687567606e+01
7.690284463096423906e+01
7.673092922832951501e+01
7.708748684214840807e+01
7.692035729841595071e+01
7.767330864789488487e+01
7.696185645622237814e+01
7.698986852969682104e+01
7.686644240037416864e+01
7.751234531200408640e+01
7.672830599996228784e+01
7.737061001092484958e+01
7.620910078529065856e+01
7.771835026810664715e+01
7.691516343710584636e+01
7.741840530488140359e+01
7.720734640543143712e+01
7.566746319853179159e+01
7.725577019893799502e+01
7.734929698854956825e+01
7.698120438927354314e+01
7.733756219718341640e+01
7.730815341011853548e+01
7.666504201984220401e+01
7.641065257490741658e+01
7.742954940958698273e+01
7.631226701294791326e+01
7.725913634425852194e+01
7.732808790847981584e+01
7.709279348234822749e+01
7.666071000507642452e+01
7.735185833619695472e+01
7.690325589828100306e+01
7.727177573245354836e+01
7.663706082600599245e+01
7.706439786955161253e+01
7.690568648136950003e+01
7.736487498532152074e+01
7.758314488402672282e+01
7.829060860582961823e+01
7.761597718975555438e+01
7.737407756388621749e+01
7.699356375822974030e+01
7.721261162853164706e+01
7.805474593261133975e+01
7.616982856351941678e+01
7.775602972855388373e+01
7.736885874134503638e+01
7.756822019364602738e+01
7.747496428331712082e+01
7.754504727940114606e+01
7.618494700351376991e+01
7.683144774458780546e+01
7.705113688051740439e+01
7.672795842489659890e+01
7.795865641382057731e+01
7.752858414675273480e+01
7.638492051175258268e+01
7.707832214095149936e+01
7.707078300041312957e+01
7.781920649885221053e+01
7.743841419381223545e+01
7.815787327205684676e+01
7.725902355921186881e+01
7.798490994779945140e+01
7.704206188619286877e+01
7.634610224769018316e+01
7.689077641309071964e+01
7.782210200336993466e+01
7.642797968686048193e+01
7.778040915579279613e+01
7.825501354865031090e+01
7.723840410732171335e+01
7.590116701857078851e+01
7.655750250677766644e+01
7.663537495327138060e+01
7.602479040870379379e+01
7.587974946064578319e+01
7.656037981197817999e+01
7.794081452564513768e+01
7.683001332862613708e+01
7.609813848945258030e+01
7.771673294437307788e+01
7.623769525321603169e+01
7.673683633971835150e+01
7.658399183959798506e+01
7.605049404825780357e+01
7.735120507040200266e+01
7.585546698609489624e+01
7.698165219067396947e+01
7.692252666342592704e+01
7.762646744393869369e+01
7.725408378215162486e+01
7.751732575730495967e+01
7.650031815555861670e+01
7.667817608771973426e+01
7.728023905393843052e+01
7.742344968099791913e+01
7.724769160564746073e+01
7.800885703863953324e+01
7.733946695484956990e+01
7.630646282537192349e+01
7.760507195962092908e+01
7.685552651615013531e+01
7.645517450664065962e+01
7.743888287452593033e+01
7.626804908029038188e+01
7.653321555163033452e+01
7.593341278729431565e+01
7.570695656292242859e+01
7.809864544378018536e+01
7.685476001609633556e+01
7.730649878737065706e+01
7.739388037600329540e+01
7.700061344945272879e+01
7.686408551602895045e+01
7.620278571955660141e+01
7.719366383243340124e+01
7.586465725284223538e+01
7.721529557273996147e+01
7.742811471497512343e+01
7.685107735178827681e+01
7.788607080450701403e+01
7.758454963435652019e+01
7.754500142963169651e+01
7.646200081084499800e+01
7.753924360747477351e+01
7.730388349411857973e+01
7.680828846567294477e+01
7.740762664231789358e+01
7.763339610266413615e+01
7.598178734997725314e+01
7.828245030276757177e+01
7.681383237141315590e+01
7.619967802928698575e+01
7.634140257947022690e+01
7.714731805154572442e+01
7.768448362611947289e+01
7.676723825898612574e+01
7.763464613366890887e+01
7.702763288852186463e+01
7.685641905483772973e+01
7.737427901766733385e+01
7.736590336410755242e+01
7.640607650795664085e+01
7.773507976964771160e+01
7.670521552310547975e+01
7.659003738243011128e+01
7.513512735895496064e+01
7.769324739889168541e+01
7.688223541228272495e+01
7.656030216897787000e+01
7.746076160219557494e+01
7.689979348394169278e+01
7.663776986336908692e+01
7.678849488695313141e+01
7.729605189787672259e+01
7.675883008193605406e+01
7.679213212163445235e+01
7.801188233129913385e+01
7.714023934249443926e+01
7.813844879935122378e+01
7.643673435445796827e+01
7.797899568547043714e+01
7.699312310364638279e+01
7.747949617807097411e+01
7.698735086926386373e+01
7.815369159913583985e+01
7.751222081366461225e+01
7.650063644405665286e+01
7.655614989774493040e+01
7.664624904866002453e+01
7.689433753048733422e+01
7.654716916807342386e+01
7.684535998721800354e+01
7.769548246895291754e+01
7.770752897857319397e+01
7.789952483921132398e+01
7.637783991869969213e+01
7.732771660906988132e+01
7.707476656755639510e+01
7.634144297711286242e+01
7.751009271041297666e+01
7.677815028741294157e+01
7.675740946301286272e+01
7.782927842923210449e+01
7.660390149099386292e+01
7.690694084803776320e+01
7.660761851193677785e+01
7.710831671193609793e+01
7.749713297726181338e+01
7.720835362243035149e+01
7.673651807452435492e+01
7.751510896299910769e+01
7.625088933222640719e+01
7.755255050517169479e+01
7.636326167040134294e+01
7.552065484047582800e+01
7.700267759646592935e+01
7.891569878413875472e+01
7.798850865803922261e+01
7.691002693842239069e+01
7.660734287089334771e+01
7.736139644032566309e+01
7.749390102325855878e+01
7.646372539372528365e+01
7.763148833495604606e+01
7.711351927730741806e+01
7.682162818609280919e+01
7.621793634823502828e+01
7.686743746291679713e+01
7.700716250854797806e+01
7.711318305748989133e+01
7.767104039943994565e+01
7.598524445449201892e+01
7.702794680173060726e+01
7.752021426635246826e+01
7.773361890867111867e+01
7.764133929662820321e+01
7.639127105297208686e+01
7.684945892681936641e+01
7.641991905028886833e+01
7.753717139280499282e+01
7.667679886166965275e+01
7.730193363132643469e+01
7.627102209511488695e+01
7.627039166833888828e+01
7.641490701055055013e+01
7.642872985125575269e+01
7.788096161566939202e+01
7.781059300502944609e+01
7.737471284195849819e+01
7.604853434439613125e+01
7.726378289361434781e+01
7.649100569105479508e+01
7.752098307770366148e+01
7.730713785374214808e+01
7.759480912102769423e+01
7.650388069019921033e+01
7.593205722118666756e+01
7.708574670163051223e+01
7.678160512105628754e+01
7.668828046520428643e+01
7.688861548076623365e+01
7.673977682650547649e+01
7.729194446874340940e+01
7.686649719701527772e+01
7.678262507464680198e+01
7.747126337310307065e+01
7.624347789433747380e+01
7.723422040740125283e+01
7.747783283092881845e+01
7.644109017302896802e+01
7.734423705191912291e+01
7.686726170289738036e+01
7.678490013596616848e+01
7.646936971289605367e+01
7.679388838160286923e+01
7.710100436879720576e+01
7.733249207631349975e+01
7.671689510316778637e+01
7.782100590730325962e+01
7.744133983646889874e+01
7.670693502264289521e+01
7.707459757320002325e+01
7.617867702334737601e+01
7.718088853762614576e+01
7.633278526279974585e+01
7.673002961647628695e+01
7.717722610936122862e+01
7.645665909217633782e+01
7.660563617756641008e+01
7.744589674014119396e+01
7.650640307560649944e+01
7.705730414566667719e+01
7.738356017568762013e+01
7.663042925351471979e+01
7.710915479633504788e+01
7.709324897758260420e+01
7.646953645917626829e+01
7.782084031764478027e+01
7.700239185367151151e+01
7.723969160171618853e+01
7.851145898705759407e+01
7.659838993986271305e+01
7.761236794588610621e+01
7.596950444155582716e+01
7.789101987943794825e+01
7.684745602009246568e+01
7.733186764593138207e+01
7.765224569299103052e+01
7.786302129546707818e+01
7.673821786113190058e+01
7.746753339450702924e+01
7.693514506389237795e+01
7.696384546495740153e+01
7.715538810103011258e+01
7.721937904046579604e+01
7.727144167345495873e+01
7.748910638241979143e+01
7.736470447886914314e+01
7.642404161688054387e+01
7.714459520776311763e+01
7.668781203335529995e+01
7.619070238742530421e+01
7.662099770413080080e+01
7.737649210099664288e+01
7.743498480818804808e+01
7.691224799482101560e+01
7.727552289322986212e+01
7.706339791975898379e+01
7.621488527802951296e+01
7.796202271459871724e+01
7.733720088353766187e+01
7.852016957876067238e+01
7.753427372788308958e+01
7.785655934527920863e+01
7.726722861344320847e+01
7.670500183979693531e+01
7.673545852879594520e+01
7.750630247982265075e+01
7.803083496266026486e+01
7.724898623060788339e+01
7.602920240997423207e+01
7.479577249387524773e+01
7.838563292654124837e+01
7.703962699051172081e+01
7.622315938669551372e+01
7.762385381656169159e+01
7.674802663305327144e+01
7.700967652512602513e+01
7.714590571467543612e+01
7.720824603436888367e+01
7.660503672829999289e+01
7.650265177125798743e+01
7.792160429390182230e+01
7.713947598131530015e+01
7.712554530128426222e+01
7.741386827558424955e+01
7.664074762134175955e+01
7.758751155717973802e+01
7.757629296177762512e+01
7.742863912241624291e+01
7.713933973785991327e+01
7.721379007392525295e+01
7.769052833968052596e+01
7.674332186858990212e+01
7.756421835089035710e+01
7.773118659385170304e+01
7.708272854776214444e+01
7.736435075391058547e+01
7.700926128072231336e+01
7.592669596427806766e+01
7.752975353074003806e+01
7.815771576337280635e+01
7.800820533824160918e+01
7.782216673305694599e+01
7.572149891503565300e+01
7.763905707653427157e+01
7.699148165392293208e+01
7.672716320835712622e+01
7.765633073067184000e+01
7.652032703242909406e+01
7.743629126291175169e+01
7.743622463717075277e+01
7.756438833992905302e+01
7.751354280761110260e+01
7.634334725566635882e+01
7.693340474872726986e+01
7.670596910038398164e+01
7.701579841545354554e+01
7.676889407586796210e+01
7.656060536503308356e+01
7.670890067973044779e+01
7.781393521974568728e+01
7.681662500573312968e+01
7.708557090020916291e+01
7.744036692510087505e+01
7.691984260863502243e+01
7.621456556600745103e+01
7.710573624513111213e+01
7.643148177763239914e+01
7.739091068883513458e+01
7.673275385695386319e+01
7.791446506811995221e+01
7.623108543440417861e+01
7.576234689612871875e+01
7.732818944992443733e+01
7.847508621129873063e+01
7.712964463381317159e+01
7.743459099880512042e+01
7.716742036925410275e+01
7.588469483519190817e+01
7.613128398018744747e+01
7.778856366042593606e+01
7.754537129630215020e+01
7.798564512155610373e+01
7.639848016322228830e+01
7.746077667614119378e+01
7.682926001013186124e+01
7.667195451571411979e+01
7.695631217673242475e+01
7.721746831633231523e+01
7.707654057214431020e+01
7.707176347562734975e+01
7.694099441334797973e+01
7.764336276568960216e+01
7.794915582277401711e+01
7.765827588734752851e+01
7.739118415132041662e+01
7.646215135101961380e+01
7.685216806888679741e+01
7.739261743050941789e+01
7.716264932643180430e+01
7.759110453463982537e+01
7.651101585634778246e+01
7.629861345268365369e+01
7.605729383305836677e+01
7.690084577709781399e+01
7.719347596963460489e+01
7.731522457502063617e+01
7.611108169039162874e+01
7.648464125770610167e+01
7.642110885959473876e+01
7.668040976777145090e+01
7.635166814680727043e+01
7.753008000593227678e+01
7.669509248245941535e+01
7.714973817610749052e+01
7.658722753991492027e+01
7.665202451567159869e+01
7.609091955865238788e+01
7.662116699996551006e+01
7.777730770213401001e+01
7.713903951309234230e+01
7.708001123874674931e+01
7.614824295495658646e+01
7.738399369062057076e+01
7.733741933211649666e+01
7.794151964915015185e+01
7.708719778850228010e+01
7.791733586283456248e+01
7.789257581867001079e+01
