1.087047439796787955e+02
1.096573564078568808e+02
1.103402061322027095e+02
1.039593329609606513e+02
1.081253682614617588e+02
1.082566084901103522e+02
1.083560103862196797e+02
1.087128862270998866e+02
1.064698878302215661e+02
1.054318468990837800e+02
1.069651554437014767e+02
1.083492474168267279e+02
1.083680165809923039e+02
1.093090752245043404e+02
1.093790436085323847e+02
1.091923473741632762e+02
1.126363789214488520e+02
1.085369237913039484e+02
1.069686805082386627e+02
1.128964081566273450e+02
1.130312385450684047e+02
1.074355569350509967e+02
1.093462531252679071e+02
1.082796425232714910e+02
1.069532297765569950e+02
1.096482233429230320e+02
1.093724973600600521e+02
1.104668620998156428e+02
1.117558107985792475e+02
1.065359025156036950e+02
1.110231091673748551e+02
1.083127349322101338e+02
1.103717838215587363e+02
1.114096359392761144e+02
1.045934663192897887e+02
1.074664640423145414e+02
1.095107883521309020e+02
1.099094562153383237e+02
1.087623564571207027e+02
1.065128261327483443e+02
1.102399059738707479e+02
1.111662067422088569e+02
1.054677604688330348e+02
1.065990832116659277e+02
1.100865684784500758e+02
1.103815507839075707e+02
1.094269781295595863e+02
1.090175004741664537e+02
1.070808613367547792e+02
1.087618575707430892e+02
1.072131407290286234e+02
1.094450636310871943e+02
1.046340604457852379e+02
1.078720557801321007e+02
1.069270623717935109e+02
1.094673206171292605e+02
1.096298271267781530e+02
1.052368168399526667e+02
1.069889932628570932e+02
1.038010776636252928e+02
1.093907519887564348e+02
1.070552815183672237e+02
1.111172427575984329e+02
1.096550485475617478e+02
1.096886961481497167e+02
1.085418863632761628e+02
1.107105701525330943e+02
1.125706131533000587e+02
1.105748542849104439e+02
1.085576822556199943e+02
1.097324126916615228e+02
1.081313507036736183e+02
1.128813465848162565e+02
1.089349315084770780e+02
1.118049273357271431e+02
1.077096461742498974e+02
1.108555206763355017e+02
1.090787110290979456e+02
1.113094942968781140e+02
1.068989110865221477e+02
1.095382286229009452e+02
1.079346068134051677e+02
1.085842812202287888e+02
1.106628426477109031e+02
1.056780245396806066e+02
1.071270112077169756e+02
1.082627872429729763e+02
1.061975726181936750e+02
1.071171984616891848e+02
1.097233886161659058e+02
1.072375402034815579e+02
1.132165743617119205e+02
1.099549864195757891e+02
1.117547496053548173e+02
1.095239063748262680e+02
1.034845590169827148e+02
1.053036793907977113e+02
1.068430558296851416e+02
1.082450004851841072e+02
1.074926604613206820e+02
1.076395183497926382e+02
1.060706806536513938e+02
1.046490444464216267e+02
1.062553669040580786e+02
1.118786722785183656e+02
1.146423391835493959e+02
1.086714826527606164e+02
1.066073013984804874e+02
1.082503561073903455e+02
1.106114534232361564e+02
1.081921931391661644e+02
1.113798923244513475e+02
1.062239030508671647e+02
1.110242121504732467e+02
1.064598267050522082e+02
1.043181666411703503e+02
1.068500991864466272e+02
1.069484911575343631e+02
1.062551791953535201e+02
1.079279869792768665e+02
1.103725429978943851e+02
1.077820845580964004e+02
1.100055936180893355e+02
1.085777567681835052e+02
1.092437295260847065e+02
1.048691391334137251e+02
1.079689566425687843e+02
1.071275926972200949e+02
1.071812936397689811e+02
1.075123918683197530e+02
1.092272818786706239e+02
1.107299246549793850e+02
1.084503570644032493e+02
1.097792486991991012e+02
1.100045927635371328e+02
1.112182218830236025e+02
1.095906709723021777e+02
1.101548570403593885e+02
1.090756303915330534e+02
1.083349359399203564e+02
1.112015983816943105e+02
1.057636085123417331e+02
1.079084119656490657e+02
1.082653644606063779e+02
1.127578075046609172e+02
1.095218972317791355e+02
1.055500321610129077e+02
1.086993175572511632e+02
1.088290696598365344e+02
1.081574480170646098e+02
1.073288464255486900e+02
1.105237984537900928e+02
1.073533423243074765e+02
1.096104928237309366e+02
1.057214730882661797e+02
1.099791499088846081e+02
1.068247930488889352e+02
1.092772873544583803e+02
1.070498259974115030e+02
1.092241454732829027e+02
1.110636125615191929e+02
1.098316958919328954e+02
1.098058096944883459e+02
1.069587863920722413e+02
1.101068188013251898e+02
1.102606489901577334e+02
1.093919202140751139e+02
1.090178690030415396e+02
1.089538396722686002e+02
1.124404160198796490e+02
1.096044688172802068e+02
1.075899391068958550e+02
1.067458280807804272e+02
1.069731246105575480e+02
1.107955789335563992e+02
1.056853199333946094e+02
1.114101762151757669e+02
1.062604207862400187e+02
1.123857228506158492e+02
1.087993334783199515e+02
1.107043249279169004e+02
1.087534343502614860e+02
1.085415791983385390e+02
1.104365695798422280e+02
1.090979258276226176e+02
1.069043408694106461e+02
1.090263244562875968e+02
1.075585134820205013e+02
1.112178466553089748e+02
1.088246041822581844e+02
1.078532941032239449e+02
1.055881280341160107e+02
1.111825446781211895e+02
1.151163046006494426e+02
1.120246850039272033e+02
1.079452076307053119e+02
1.092019224182194961e+02
1.098461635311838762e+02
1.060404111104273426e+02
1.065963005344795249e+02
1.107378682722436309e+02
1.073775534012425368e+02
1.102957954852083731e+02
1.078356736028076597e+02
1.128157025928139916e+02
1.110649480960750140e+02
1.079633442768935225e+02
1.110796600751007190e+02
1.091599447337897288e+02
1.115585132116007401e+02
1.088045492308703928e+02
1.116956146347038867e+02
1.082924597363076344e+02
1.081672637351347674e+02
1.044923195770703472e+02
1.064344358153812635e+02
1.063869557699837998e+02
1.065390699192046213e+02
1.105792880044885322e+02
1.072638348470729994e+02
1.079830774797280810e+02
1.078738381103455879e+02
1.093030334013418354e+02
1.103817094827918339e+02
1.043809974884597409e+02
1.100693541100087458e+02
1.083845480589270664e+02
1.072958054010760378e+02
1.082958262190300331e+02
1.071884261942615240e+02
1.098021475381427052e+02
1.063310089440697226e+02
1.116838896124538394e+02
1.100166680283237355e+02
1.079271076223264174e+02
1.062821753214914651e+02
1.090209893926575262e+02
1.088249619099437666e+02
1.086649690276824884e+02
1.084983345666910566e+02
1.107532431689105010e+02
1.096080880858166040e+02
1.118617772924062592e+02
1.058141972464893570e+02
1.086399819511532172e+02
1.094448432576931651e+02
1.110895087347314529e+02
1.088447421413886218e+02
1.072509941799858098e+02
1.068941313033452900e+02
1.056504526286917240e+02
1.095318560741127243e+02
1.070268382374438119e+02
1.065738850244428164e+02
1.040244614925743463e+02
1.090566426703902465e+02
1.067656436352184102e+02
1.088417989304026321e+02
1.046075690577628166e+02
1.058178149968195498e+02
1.078834556770985813e+02
1.087025587882428823e+02
1.119517236803386879e+02
1.079498067989420065e+02
1.099251754878708738e+02
1.101603224080361088e+02
1.101000604509754766e+02
1.121728229379656057e+02
1.078388639756466461e+02
1.102402687654597315e+02
1.106284869897012726e+02
1.097316574227019146e+02
1.112179487417383967e+02
1.059474447510209245e+02
1.068485110764705723e+02
1.071617942404664348e+02
1.081572458305242463e+02
1.086471219291872217e+02
1.079593597845429969e+02
1.074048653519836876e+02
1.107200199852994160e+02
1.105278669747289797e+02
1.075258066610038696e+02
1.067219252123999240e+02
1.072317297687879574e+02
1.111991705256231313e+02
1.092518623580396735e+02
1.129703942537954475e+02
1.068785638076581819e+02
1.043799124835483951e+02
1.098864366710005953e+02
1.106513777621566135e+02
1.081146618981921108e+02
1.086203440679866929e+02
1.064130008166837627e+02
1.118096764981347349e+02
1.118423602042202560e+02
1.097564263340343587e+02
1.087509791488239586e+02
1.088724233789048554e+02
1.098821550756694165e+02
1.068962807583996550e+02
1.020657433312921398e+02
1.098264469018258325e+02
1.082503511269484449e+02
1.065319099965855969e+02
1.124408308321710166e+02
1.065280388772111166e+02
1.065994183466018086e+02
1.101891208033317895e+02
1.088603432381826934e+02
1.079860477050880405e+02
1.101326541348372245e+02
1.100331308153438812e+02
1.121138197229820008e+02
1.093180842000013655e+02
1.087427940475038781e+02
1.105135684082747787e+02
1.118746996549731421e+02
1.079492963597045048e+02
1.080470777180042319e+02
1.104452918444695939e+02
1.092622475619836564e+02
1.070459407484744503e+02
1.093568544142001286e+02
1.048661192022964457e+02
1.087548359722020734e+02
1.067361312351557956e+02
1.078617825164652118e+02
1.059025518368024024e+02
1.090395406705417258e+02
1.105796204993104226e+02
1.099148337198748919e+02
1.103114673918653779e+02
1.071533302573818816e+02
1.079113912460366720e+02
1.078493544239573794e+02
1.081746407006523185e+02
1.094300767669665930e+02
1.045690376199489009e+02
1.119294654290196007e+02
1.089443386863572556e+02
1.078980877161197611e+02
1.065207249648824472e+02
1.112263850032797592e+02
1.093830522660824016e+02
1.067673592366475503e+02
1.086838122558896487e+02
1.066611229770727221e+02
1.089284681533449373e+02
1.111662971435306417e+02
1.100056295565577784e+02
1.069247013780040305e+02
1.070945321798643732e+02
1.080745348670825337e+02
1.085674951037160554e+02
1.113228601847831527e+02
1.090439625903327538e+02
1.056512889721400370e+02
1.076872001859523493e+02
1.061561423522626058e+02
1.116841508092881696e+02
1.068611675956402536e+02
1.089659743834812389e+02
1.090040239193154008e+02
1.075703801739171013e+02
1.071314840712619088e+02
1.075381079082104208e+02
1.088277937916302847e+02
1.109447580159854283e+02
1.114665761220105651e+02
1.071565285678344139e+02
1.110396011647967924e+02
1.071756828829995243e+02
1.092835036304363001e+02
1.076399151557575777e+02
1.045950433952098280e+02
1.097430749704325876e+02
1.063463709898894223e+02
1.074090947255304229e+02
1.071181908654140500e+02
1.086602524467912332e+02
1.065424659756461949e+02
1.119198073095951713e+02
1.110888271509062122e+02
1.084439475923028340e+02
1.083012650518638651e+02
1.102238424177047023e+02
1.058095814158183856e+02
1.069593263981234941e+02
1.102263618120919517e+02
1.068015735575002196e+02
1.088684011864301624e+02
1.096992827538635140e+02
1.101941087354468891e+02
1.051759985221906248e+02
1.060588830105149185e+02
1.049641470146593036e+02
1.081095349504958136e+02
1.090466456459063664e+02
1.033837716431675915e+02
1.053231971397702580e+02
1.055892164840547593e+02
1.102594078721035942e+02
1.098015467140394321e+02
1.079733528984239967e+02
1.062430564848217216e+02
1.073738081228264747e+02
1.066998909528622050e+02
1.078926230488492166e+02
1.097597250220503753e+02
1.084408860042450584e+02
1.092453959990399142e+02
1.101615098096901590e+02
1.084580892831421295e+02
1.076683644978754586e+02
1.104288362042788521e+02
1.066018230324204552e+02
1.081253135714363651e+02
1.073446008349708052e+02
1.086770300451971139e+02
1.073215904696696015e+02
1.084199466971659831e+02
1.065371552062369886e+02
1.106968047639499275e+02
1.069052573630418408e+02
1.082507032745108404e+02
1.121891056466155021e+02
1.120221245552004916e+02
1.084098241485926621e+02
1.045274940701623905e+02
1.037889019978336194e+02
1.077338562763108314e+02
1.067460286008217025e+02
1.068879413219878813e+02
1.067874333350119400e+02
1.101128480851250373e+02
1.073796351260913582e+02
1.087617202942213481e+02
1.107684768719935704e+02
1.090612663109620541e+02
1.090412605890375630e+02
1.080056123091604547e+02
1.065765322505555162e+02
1.082706979252103565e+02
1.104998188546598357e+02
1.112051589335913206e+02
1.074541114188603217e+02
1.101002132711307837e+02
1.088721461842234532e+02
1.060378599108722995e+02
1.105035527721560698e+02
1.117812453843817764e+02
1.092639525875510031e+02
1.063130450239827383e+02
1.091722947947582441e+02
1.076126388694753899e+02
1.114126657002937861e+02
1.044325574038679463e+02
1.117231359454534498e+02
1.086329900566451556e+02
1.083219265187006073e+02
1.087721103668786498e+02
1.086612392450352900e+02
1.107737337456663056e+02
1.060343771872329199e+02
1.085500847330431640e+02
1.068761546196659680e+02
1.059106149817643256e+02
1.115702646405827920e+02
1.067542873870261104e+02
1.076591632432061232e+02
1.103877748538702974e+02
1.073350343864022278e+02
1.054194156074649555e+02
1.077575156889387813e+02
1.079439066591791345e+02
1.080285839371145755e+02
1.108493847956631271e+02
1.111685904126392757e+02
1.062844743082862635e+02
1.050978039444995460e+02
1.063081291435523639e+02
1.070203714688986167e+02
1.073286665891028093e+02
1.114947501701308994e+02
1.071654750721429679e+02
1.080113191328991604e+02
1.130513534797103858e+02
1.066148637693807046e+02
1.112587040326850598e+02
1.061988957051121076e+02
1.056293195581063316e+02
1.091383281608591460e+02
1.110860439479247219e+02
1.082898292001923579e+02
1.059245923291514231e+02
1.100801163930065911e+02
1.102694669105836311e+02
1.114699751595250916e+02
1.082168757301305391e+02
1.093758101211392670e+02
1.097340456687875729e+02
1.086115373693803150e+02
1.082852347761035219e+02
1.084039363860432843e+02
1.062459569049539994e+02
1.060865938949908696e+02
1.103172471389886482e+02
1.070155572321385193e+02
1.110123457096258619e+02
1.072407369081214625e+02
1.080011818904340544e+02
1.091061871220549762e+02
1.080667738171503629e+02
1.059516936274706467e+02
1.103891662140144234e+02
1.070132762397088300e+02
1.050438612641581244e+02
1.103426612960726914e+02
1.086858637952159938e+02
1.102282119130206155e+02
1.062390382182029214e+02
1.081901328526930683e+02
1.081629386776969000e+02
1.087368563896814919e+02
1.107840720072776435e+02
1.093568492201978444e+02
1.102597588000155611e+02
1.095221742790168662e+02
1.073519346209573939e+02
1.052787319349858848e+02
1.092360211449220486e+02
1.054837268282486491e+02
1.109576021080707875e+02
1.117614181373185573e+02
1.076453841907459008e+02
1.101200728035489789e+02
1.068026692637400146e+02
1.079980513044964709e+02
1.091662397153470039e+02
1.118508132363967178e+02
1.087864214982238593e+02
1.064898472641720559e+02
1.076765614540529867e+02
1.063339046445432530e+02
1.088926633192883742e+02
1.082130277396386191e+02
1.060346888029041850e+02
1.088594704042978805e+02
1.109900884380759720e+02
1.070284075865068587e+02
1.093255909728951423e+02
1.078512894365420038e+02
1.064772999627491572e+02
1.100421840101156050e+02
1.077310292261817182e+02
1.111249702378716648e+02
1.085935751472804611e+02
1.084728052162719365e+02
1.074008606523059797e+02
1.054583471563763482e+02
1.096210083273984850e+02
1.112759348122878862e+02
1.080704419532328444e+02
1.066805136465351751e+02
1.092718393882264820e+02
1.056234205369349013e+02
1.056049840703382614e+02
1.072877633312289731e+02
1.081295954460779143e+02
1.091406856517625243e+02
1.091516767458727202e+02
1.092405192725929339e+02
1.048502521509204257e+02
1.076385543611890796e+02
1.095549019737991756e+02
1.068721448500055828e+02
1.102388373291760360e+02
1.053476132299770569e+02
1.072203916734265903e+02
1.060163462062764097e+02
1.061638623888894557e+02
1.073773976799489844e+02
1.078752870774241472e+02
1.112807523324907777e+02
1.087009153572239342e+02
1.136351535172714478e+02
1.080225234380485375e+02
1.084040105511460865e+02
1.101455471041939091e+02
1.106237190931269510e+02
1.083293325552364195e+02
1.116798808802192866e+02
1.073820967352029925e+02
1.072622722789230068e+02
1.071184756696639653e+02
1.093193277913621273e+02
1.066018210023092792e+02
1.043007423728284948e+02
1.101055687304201314e+02
1.060699236939880450e+02
1.109312656827935371e+02
1.087060979342957694e+02
1.076022389188483004e+02
1.096454906062489556e+02
1.131706429653730197e+02
1.115002183642290277e+02
1.120992752126648497e+02
1.117103164773673001e+02
1.082144825695382480e+02
1.080713538272719063e+02
1.074129587412014786e+02
1.048957095016665306e+02
1.116589529394126430e+02
1.090678872878439876e+02
1.107487763942335022e+02
1.087004683250570594e+02
1.093859767371242810e+02
1.086696248778935825e+02
1.077760898266605807e+02
1.107155902736880790e+02
1.022059616444312269e+02
1.116790905481339564e+02
1.106535071357028102e+02
1.105935894741839718e+02
1.065275664170300303e+02
1.084475895912200087e+02
1.087778889761845846e+02
1.099315840536054765e+02
1.081555072641363608e+02
1.107567771947644246e+02
1.066539800163734100e+02
1.081021970258649105e+02
1.097739009591739716e+02
1.089939802383519236e+02
1.043700394920052474e+02
1.102426335314722934e+02
1.065389740413923221e+02
1.045827804021621006e+02
1.096373224451811410e+02
1.122063771906358483e+02
1.130053564914743163e+02
1.082570698301293532e+02
1.063226917325040688e+02
1.086345787625431711e+02
1.124505991800805589e+02
1.082383545478837021e+02
1.125263908528567072e+02
1.103884450230513750e+02
1.088417546594344998e+02
1.067141540934449040e+02
1.087494434483725740e+02
1.083499510564458319e+02
1.099579368911819017e+02
1.094438778088575788e+02
1.120442534588306245e+02
1.072049678386077716e+02
1.102781621829614380e+02
1.084949839855719063e+02
1.093241570983908844e+02
1.094161001171343059e+02
1.075992098377023609e+02
1.078853941842741762e+02
1.109546449727205299e+02
1.116206253077398571e+02
1.073258868002980222e+02
1.056855530229086639e+02
1.099138797989508447e+02
1.067499842941555386e+02
1.074447021658135100e+02
1.102189028709536416e+02
1.062739634118145347e+02
1.112871205966931853e+02
1.080745110527642652e+02
1.088183686824941958e+02
1.070955895452100890e+02
1.108656404044626527e+02
1.089232561781587520e+02
1.094456919621793958e+02
1.063889977993842564e+02
1.057677270622778707e+02
1.106994272419537282e+02
1.080717920817441069e+02
1.112781276044296135e+02
1.072383323754030044e+02
1.098722342983032831e+02
1.077055566685459951e+02
1.129063219509569080e+02
1.105058318316887522e+02
1.075651286150887103e+02
1.066257867223789759e+02
1.095443428751126334e+02
1.093681744619170075e+02
1.085505181735883582e+02
1.113164929033345061e+02
1.084085097353611502e+02
1.057943756796829007e+02
1.089676950738997334e+02
1.083933995441322367e+02
1.076076242087613792e+02
1.124789137127000913e+02
1.088861738713708860e+02
1.088699636289943129e+02
1.062091725373132363e+02
1.104468641236417312e+02
1.095903699025858486e+02
1.134066757980190516e+02
1.034924517984385233e+02
1.090866114960105335e+02
1.073933779973168186e+02
1.124128781842758116e+02
1.116051746640189890e+02
1.067297445652533128e+02
1.112204126318803503e+02
1.075181074163226640e+02
1.098571755595112762e+02
1.065435305960130279e+02
1.082152634339967818e+02
1.053390952978959092e+02
1.055678216402745022e+02
1.074598090127571339e+02
1.108521606535961439e+02
1.068028877193778925e+02
1.102021723495516170e+02
1.081202080633795504e+02
1.086243165018262715e+02
1.066332305988816813e+02
1.105545766233879306e+02
1.102172940033627526e+02
1.096789254098052027e+02
1.077916872494794944e+02
1.058669568245013011e+02
1.113099446348735881e+02
1.078893319940373061e+02
1.078599917886920707e+02
1.105684006402405686e+02
1.108853738475163766e+02
1.092809152067439555e+02
1.070663733148435028e+02
1.061891107172463506e+02
1.104698428700415320e+02
1.099669177274446668e+02
1.062384159561864010e+02
1.073106089956722542e+02
1.120594694683114767e+02
1.074037338101337724e+02
1.068343159407576053e+02
1.114934343910003207e+02
1.120787490179504431e+02
1.086645916069653737e+02
1.065622163707440961e+02
1.095920603565255504e+02
1.035521405759279361e+02
1.068120652471484533e+02
1.067425726222020756e+02
1.091462172911594593e+02
1.079568241782134521e+02
1.044181319560110239e+02
1.083031981545372275e+02
1.127194656661701231e+02
1.088415821300623065e+02
1.083351246597255368e+02
1.069981762646076220e+02
1.062350026957719678e+02
1.054417311953795604e+02
1.111654427822467568e+02
1.082283700041742804e+02
1.067303621365345379e+02
1.082802994073341836e+02
1.102891820569982144e+02
1.085653260689557129e+02
1.070929167090563681e+02
1.075593049123099973e+02
1.084614596461293701e+02
1.111296451348337229e+02
1.090822895855840926e+02
1.113404936834473347e+02
1.084162552560776192e+02
1.137966852340164507e+02
1.096855801599221678e+02
1.074458197433789479e+02
1.095587886258796573e+02
1.105901580174334811e+02
1.102705010239660766e+02
1.047400456903796311e+02
1.135879855542375907e+02
1.065410521612500219e+02
1.074398970045183717e+02
1.083443394720730169e+02
1.105309046567078042e+02
1.060037821955147450e+02
1.102780579243185315e+02
1.083309287098798848e+02
1.093159006042093750e+02
1.062079628224452676e+02
1.096071160916240359e+02
1.064321369927991725e+02
1.064411004971224912e+02
1.096008931436581832e+02
1.114116423300503413e+02
1.065063639759157610e+02
1.102086744701861249e+02
1.090415011643425771e+02
1.137088230983301571e+02
1.103360536343860900e+02
1.077420213660173260e+02
1.042466846317792317e+02
1.097044009059449650e+02
1.056656224883158046e+02
1.113154367099941453e+02
1.098907665570181678e+02
1.077561439991658290e+02
1.078534495535286055e+02
1.086097620583015697e+02
1.120569369697204394e+02
1.110313881425249036e+02
1.077829234670730614e+02
1.130062556772612083e+02
1.105305235411879039e+02
1.085065180668249099e+02
1.079289443050741113e+02
1.066745479516532953e+02
1.096231757448291262e+02
1.088634033863471871e+02
1.121398864886696032e+02
1.119325707050390832e+02
1.095244318718331016e+02
1.120602415466991459e+02
1.099438907850413472e+02
1.097750390786228962e+02
1.094259794963598864e+02
1.081384500651510905e+02
1.098115736132052689e+02
1.101194398014238800e+02
1.104229500701098914e+02
1.106983912740964797e+02
1.075583204425493875e+02
1.056613414593623190e+02
1.086914363723990249e+02
1.083328761191559551e+02
1.073011181906663580e+02
1.085151354831742765e+02
1.066933435095093046e+02
1.049847633112154455e+02
1.075847338781751290e+02
1.084839406931633334e+02
1.097830229016295078e+02
1.097400169548290449e+02
1.105750063093168194e+02
1.081559375951391502e+02
1.078881788876944512e+02
1.050266907322957337e+02
1.109189649242837987e+02
1.086938161307494397e+02
1.111023570072407693e+02
1.095860931853439268e+02
1.057361371575085371e+02
1.059792222397380925e+02
1.063819107008289251e+02
1.107365142846890649e+02
1.064217143082697703e+02
1.085352709183037518e+02
1.103140713963079378e+02
1.099963406049481733e+02
1.120796324204704604e+02
1.089650857028942710e+02
1.123136413301198786e+02
1.094535055733194611e+02
1.105546109615901855e+02
1.097085037489627695e+02
1.043632391624617526e+02
1.077112968136544708e+02
1.090948436464992000e+02
1.082468878573768762e+02
1.096483256739218035e+02
1.098474410348311920e+02
1.090184370317817155e+02
1.084032409931525649e+02
1.098866179166883228e+02
1.114044555553703759e+02
1.089328391200684081e+02
1.105101081411074659e+02
1.102309654560986871e+02
1.126959623766972243e+02
1.092814774225374919e+02
1.099308988597053371e+02
1.103150992269118831e+02
1.093028746654559171e+02
1.070558547959098519e+02
1.060657880008172924e+02
1.086391118926065502e+02
1.086312818896175258e+02
1.117600917603990496e+02
1.050933166217067622e+02
1.086692586828770430e+02
1.110872923098781229e+02
1.090318197975229566e+02
1.077541521895929861e+02
1.060380659652666822e+02
1.067746355361792894e+02
1.095448481151053954e+02
1.102169578179054241e+02
1.075767291822554910e+02
1.109708273846403728e+02
1.128141883521723656e+02
1.096083481005666016e+02
1.088753815484436984e+02
1.065438576907651935e+02
1.079741853533756029e+02
1.102660405379914295e+02
1.132044570499848675e+02
1.059207898383071580e+02
1.063320097530525601e+02
1.074354326219137903e+02
1.075308549766347710e+02
1.114861167114436995e+02
1.070508247185992587e+02
1.074183962318393952e+02
1.060658824502385045e+02
1.050186059502668598e+02
1.085675158667313127e+02
1.092899474854435198e+02
1.077605483237073827e+02
1.061064255271126342e+02
1.059815863607111766e+02
1.089336754288593738e+02
1.070278714912673195e+02
1.074129511134721184e+02
1.094752273049031430e+02
1.121537755834386303e+02
1.116317609213535604e+02
1.065622866779300466e+02
1.124245135440721413e+02
1.087480990699072123e+02
1.103976212673357935e+02
1.079302005794412054e+02
1.039480602196819916e+02
1.072694695762936306e+02
1.069480375319864294e+02
1.097488355175417070e+02
1.069885962807395288e+02
1.078933051576244253e+02
1.073143376927759078e+02
1.111456531209986593e+02
1.092179145542041141e+02
1.094627665209192173e+02
1.106795258482225819e+02
1.130249926437323609e+02
1.072670699666329881e+02
1.083052751739032686e+02
1.073550931086669635e+02
1.100890243589433766e+02
1.065085610549316897e+02
1.094707875729221769e+02
1.082502998706728619e+02
1.083731754613786791e+02
1.078507930931531007e+02
1.087019068428351716e+02
1.056618765573864493e+02
1.077495911856873789e+02
1.104861706460516899e+02
1.095016214346721597e+02
1.075612655320086901e+02
1.121646937492889151e+02
1.095729683579449443e+02
1.073507501405520799e+02
1.092934635682929070e+02
1.043954780034259784e+02
1.070079951309997028e+02
1.104305857358491068e+02
1.077948055727967756e+02
1.100588756313420760e+02
1.114658140965144213e+02
1.060877337681107093e+02
1.087916464519426540e+02
1.060656365209085976e+02
1.068888742016838904e+02
1.069744431580511161e+02
1.098943583823210304e+02
1.056320716127872288e+02
1.068498377498264489e+02
1.082034396962794176e+02
1.098772246866867164e+02
1.048646341034658747e+02
1.097533814034159860e+02
1.109156218781841829e+02
1.080066159674773303e+02
1.124090317295754744e+02
1.103060919686469248e+02
1.055365266330917677e+02
1.060574663945036491e+02
1.082738958812181949e+02
1.107615657011256047e+02
1.081662511149531980e+02
1.088748981127984052e+02
1.082105173366140178e+02
1.098232605474487542e+02
1.093046768536795526e+02
1.078788692740882595e+02
