1.416438391420818732e+02
1.441141823756045426e+02
1.430572861681218626e+02
1.436809758531947239e+02
1.449734295530509200e+02
1.474003622637383160e+02
1.459483200951787296e+02
1.405553598999389919e+02
1.438855108824127456e+02
1.395273538973937661e+02
1.458268131662655946e+02
1.425849097091077056e+02
1.453812913932357844e+02
1.424884331196638811e+02
1.453134273542599999e+02
1.441028943853562510e+02
1.446398476715433219e+02
1.416809588521541343e+02
1.452690776152408887e+02
1.420466819791836031e+02
1.481220319320557337e+02
1.414688941947403293e+02
1.380219485175077523e+02
1.461578761468193193e+02
1.429818440673710995e+02
1.448411740095357345e+02
1.433367799156789886e+02
1.431023761128070078e+02
1.459085718510074514e+02
1.442118824757361608e+02
1.438338681250198192e+02
1.446725671356560383e+02
1.434257396849758948e+02
1.410185976622099417e+02
1.440997616587424943e+02
1.413999174455271088e+02
1.428185917024545972e+02
1.483281778982370156e+02
1.440070391170904429e+02
1.411320548970833215e+02
1.419036949741327760e+02
1.423053244349081012e+02
1.423480036194029879e+02
1.431592732544218052e+02
1.435026823475244271e+02
1.430019100504900962e+02
1.437265919553983622e+02
1.413406232076987692e+02
1.476080742600681788e+02
1.429263298353536129e+02
1.418227617198270138e+02
1.450183491322770806e+02
1.445941809365757820e+02
1.444350278566303700e+02
1.441441615280737096e+02
1.461247377335067767e+02
1.416084105142608109e+02
1.429488446676695617e+02
1.448369095630117727e+02
1.448212383909430230e+02
1.423760296956547791e+02
1.456549971117838709e+02
1.403275992931146163e+02
1.448927424194787363e+02
1.444122336386253949e+02
1.456531923898504033e+02
1.407102789520807562e+02
1.425902238770604527e+02
1.406592164303789332e+02
1.412287923145548802e+02
1.417119056823903520e+02
1.414478731976676329e+02
1.393343566450094784e+02
1.434925096371682685e+02
1.441869430693741663e+02
1.487357590880642420e+02
1.454906513698615527e+02
1.424249325815168845e+02
1.417697711688328752e+02
1.434302536835223805e+02
1.470702483204766224e+02
1.447420522331976542e+02
1.423380512017879767e+02
1.444482634312842322e+02
1.396233335302970318e+02
1.450258485132422379e+02
1.420646166330166125e+02
1.450040129882504516e+02
1.445983522678816939e+02
1.445854783695532149e+02
1.437132196814665406e+02
1.396019435649047864e+02
1.408643574950455104e+02
1.457630297197756022e+02
1.424342165858844282e+02
1.425181985547752390e+02
1.408396151994667491e+02
1.429595382846798941e+02
1.432121063008918327e+02
1.448274057935239796e+02
1.451071277399558710e+02
1.412931313227021235e+02
1.439721307372686567e+02
1.420303314557163787e+02
1.465778810471296083e+02
1.441455871857279476e+02
1.478406998365372829e+02
1.405308199607017059e+02
1.428133311348685197e+02
1.440450466569636490e+02
1.405186170216382493e+02
1.454656159611280657e+02
1.448368691144478078e+02
1.430186751869389070e+02
1.442153988397338082e+02
1.415828397923137345e+02
1.438348283508532290e+02
1.408425138144311006e+02
1.419481835482511940e+02
1.417750735801670317e+02
1.422243263543565206e+02
1.409506066122661139e+02
1.438661439627426830e+02
1.503292696535980610e+02
1.420228657890334603e+02
1.434638934631716722e+02
1.412846600670135899e+02
1.425042023442341588e+02
1.443787734754796475e+02
1.475849670748632434e+02
1.442972746056439917e+02
1.425553908955336908e+02
1.409539627521305079e+02
1.420341006827528361e+02
1.440617616473377325e+02
1.439989421890962262e+02
1.456441502687511331e+02
1.473837687307276667e+02
1.455651423253639507e+02
1.451276820268945755e+02
1.463552068100385100e+02
1.380829653386025768e+02
1.450024789516969292e+02
1.431576783048866162e+02
1.458077889726862963e+02
1.439279004798866595e+02
1.449962556135738510e+02
1.409369803655813769e+02
1.407029360560069335e+02
1.417380518846100301e+02
1.431650467215432911e+02
1.438963743011160830e+02
1.436336354067972536e+02
1.418352418262113588e+02
1.426989629075896175e+02
1.418230166396538152e+02
1.423906685891111294e+02
1.400539653713690313e+02
1.421958206691480768e+02
1.414344152724729895e+02
1.408045641874176965e+02
1.442876784461661259e+02
1.471313717848454701e+02
1.448346434343725662e+02
1.435104610682415398e+02
1.436725457856792616e+02
1.429444070985410349e+02
1.431809555610020652e+02
1.406307437169180048e+02
1.451418263083533589e+02
1.417683252562925986e+02
1.461903085518703165e+02
1.470377240612179435e+02
1.438980554305744590e+02
1.455229145458376365e+02
1.396773001178306401e+02
1.450368964105825285e+02
1.429295695011514340e+02
1.469861310062640882e+02
1.426224687240344338e+02
1.452058450971261436e+02
1.445043280807296924e+02
1.421377625472287036e+02
1.440792704773493824e+02
1.423332998148456454e+02
1.436531231369748696e+02
1.454306924013812079e+02
1.439847717247281764e+02
1.443810814440202819e+02
1.440263577660715839e+02
1.405738805282497594e+02
1.422034881650377258e+02
1.475809350364725390e+02
1.436868720822410808e+02
1.451747327062900297e+02
1.436243093376051547e+02
1.405163276414786537e+02
1.407044900874079474e+02
1.431193030642415636e+02
1.421268040849494696e+02
1.441097852392725827e+02
1.414971532343597005e+02
1.457170648699622291e+02
1.438505705553101279e+02
1.442932557943568668e+02
1.415318928970584125e+02
1.431137707521986044e+02
1.428257475239027485e+02
1.455127987518757493e+02
1.442730555117404379e+02
1.430021576495823297e+02
1.407195352735643326e+02
1.391219793336466068e+02
1.382304533605020538e+02
1.391720347082163016e+02
1.411626826384806463e+02
1.447131481975630720e+02
1.420527352204470048e+02
1.438110210208199362e+02
1.409423783497133229e+02
1.437300642429625839e+02
1.422620222038280247e+02
1.488698170907870804e+02
1.443656270750146291e+02
1.459135665554851471e+02
1.445649486087860680e+02
1.428408975359975273e+02
1.471516648342479527e+02
1.446811550992005095e+02
1.449248883473249521e+02
1.456278318083704448e+02
1.446572539599172842e+02
1.485768122860493463e+02
1.441211995073427090e+02
1.426328882700072711e+02
1.449995942023963096e+02
1.418122180725485748e+02
1.456452581010359495e+02
1.448008437194490057e+02
1.436957949380717139e+02
1.419709807377793140e+02
1.461764403148242195e+02
1.433284145534026948e+02
1.418706510110650072e+02
1.446124232287555174e+02
1.389620959805529310e+02
1.425837781660151506e+02
1.423155256646660121e+02
1.425356630596029390e+02
1.460642963836070010e+02
1.434093436957759593e+02
1.431353950555699441e+02
1.465864632762637427e+02
1.418666469771248160e+02
1.407392976143669614e+02
1.467046565732354679e+02
1.408790068475260568e+02
1.472637069779634658e+02
1.401846032964818960e+02
1.409500432340730924e+02
1.450622804966308195e+02
1.416548975348947579e+02
1.435593023490396831e+02
1.436330089736564730e+02
1.456784641475018134e+02
1.451831374666996339e+02
1.428881986921738303e+02
1.420182665269690574e+02
1.415391592121442557e+02
1.429134958859783637e+02
1.401491640655080460e+02
1.463658248573019023e+02
1.453240740901511572e+02
1.396926877632385242e+02
1.398769806512780178e+02
1.466320682750880451e+02
1.448703792278539311e+02
1.402006248315440757e+02
1.428366606058857542e+02
1.434669906195220790e+02
1.404207965986879287e+02
1.437880693669800678e+02
1.456867737472057058e+02
1.395419043480163452e+02
1.426901845207001145e+02
1.425453860549381204e+02
1.447942065588601679e+02
1.467745891996501655e+02
1.423060737451698969e+02
1.466156528462352924e+02
1.455763620435055259e+02
1.426075162248306469e+02
1.410837420663581270e+02
1.428948256428478771e+02
1.443141295578010670e+02
1.414991844982804707e+02
1.430989657893557876e+02
1.423402564540447486e+02
1.396986570354937385e+02
1.423992654104820588e+02
1.497726301377065568e+02
1.413419358266156678e+02
1.437678954853227538e+02
1.473650594946118417e+02
1.434433616161755083e+02
1.447270004009975821e+02
1.438405636051073486e+02
1.469958222274478601e+02
1.388368490887737039e+02
1.454910686982267407e+02
1.421890637075360928e+02
1.436786877675086203e+02
1.486834881643588062e+02
1.455511375498200834e+02
1.429108754573304338e+02
1.390760107864547024e+02
1.428505022649599994e+02
1.410824100820691172e+02
1.394353994148364109e+02
1.438341562523863502e+02
1.442030807744149286e+02
1.465317783193918046e+02
1.400360817082408289e+02
1.404754523063125475e+02
1.451112939075349857e+02
1.422652521366635767e+02
1.437760801509280952e+02
1.434239860739302799e+02
1.422490466112494119e+02
1.431974491891780588e+02
1.439863009549185051e+02
1.450259827602995983e+02
1.423293592323686596e+02
1.452539870031676799e+02
1.401594962365186348e+02
1.421166788214624148e+02
1.459981360791125553e+02
1.444667271523888701e+02
1.435333348925674670e+02
1.460708563709946759e+02
1.416251669588458242e+02
1.418523023512448447e+02
1.440603775417472718e+02
1.464277894594020495e+02
1.431534183932097335e+02
1.419479399852565678e+02
1.439789182731804260e+02
1.447618000267986815e+02
1.462501747482463088e+02
1.443444959493094757e+02
1.401121170630863446e+02
1.422650605777114947e+02
1.440047784596875147e+02
1.481709638276554699e+02
1.434863262778210071e+02
1.438732559850919870e+02
1.438523401284139140e+02
1.417630570519659159e+02
1.414261627727138091e+02
1.453217067239844198e+02
1.427492772513380999e+02
1.462746022682531191e+02
1.461272989319440114e+02
1.417302948290394795e+02
1.406134703476085406e+02
1.436873108733097411e+02
1.445148449183238881e+02
1.431694060084878117e+02
1.433039601412155264e+02
1.450728828942345672e+02
1.415893645060328367e+02
1.437016317940781960e+02
1.416448021317220309e+02
1.396503110824920952e+02
1.423648544743024047e+02
1.436431736301803710e+02
1.424116691724971702e+02
1.472754008967823438e+02
1.410221549012808850e+02
1.435364372536165831e+02
1.434315104029568886e+02
1.418682788094297962e+02
1.415758726701487831e+02
1.420489768190674056e+02
1.434755690069936236e+02
1.438189840253568832e+02
1.415100326871813081e+02
1.424649427191861832e+02
1.455029805513333940e+02
1.478842866464160579e+02
1.427306470388224682e+02
1.449916242931500676e+02
1.406554706213175336e+02
1.461178923552129447e+02
1.459937783279701762e+02
1.437768172315484776e+02
1.419262333077433595e+02
1.426804942764201201e+02
1.426579439280486099e+02
1.475133946280826649e+02
1.448672863256004462e+02
1.419846247853102170e+02
1.439672520275328509e+02
1.409701704048760291e+02
1.429608373363714406e+02
1.447257404891157364e+02
1.439258474780767756e+02
1.395086802145093543e+02
1.467064105463844328e+02
1.441698667083266514e+02
1.406769820256699006e+02
1.433240541674568362e+02
1.439476822776813094e+02
1.441145409167536116e+02
1.410805985840574124e+02
1.405136202771001592e+02
1.429169650512210126e+02
1.431346669585223879e+02
1.435378344186603670e+02
1.451654285575734491e+02
1.412322008731300400e+02
1.427486649967800076e+02
1.443159197968212482e+02
1.440503476382457109e+02
1.450647757742187309e+02
1.400424311517324725e+02
1.473112489172954724e+02
1.417220616172020584e+02
1.440205057913212841e+02
1.433765652097821999e+02
1.444092730264607383e+02
1.429580060821522238e+02
1.477369127547916889e+02
1.429916061251132646e+02
1.391315799612756621e+02
1.422853715794193761e+02
1.397936098161158895e+02
1.447582758599673696e+02
1.405930391753231561e+02
1.432358364570616232e+02
1.420841325705915494e+02
1.416765743819466650e+02
1.448396761272239246e+02
1.418887364989386697e+02
1.427469658740684793e+02
1.420280736571220075e+02
1.464085547932536429e+02
1.452491904532983824e+02
1.438586358039142397e+02
1.443623233230231904e+02
1.458234793648224752e+02
1.458692313667341693e+02
1.491164364307705057e+02
1.401383944732183409e+02
1.441381938905692834e+02
1.433555332153439110e+02
1.443093550391050144e+02
1.399466679661534272e+02
1.399953178739063162e+02
1.443500396184874717e+02
1.452405699510000829e+02
1.419728061954262444e+02
1.470138172682258926e+02
1.425899575744121250e+02
1.451338515401741915e+02
1.433863727090023588e+02
1.407773651511667197e+02
1.407256317550148310e+02
1.435120315545567564e+02
1.464049392310584210e+02
1.467158524699120790e+02
1.441065083263266047e+02
1.475450235224479059e+02
1.451733550326742090e+02
1.418992462236225549e+02
1.398063511193370800e+02
1.465450073804212536e+02
1.440922261781416012e+02
1.426612463266564532e+02
1.421135509067117653e+02
1.471890902332618509e+02
1.377288444276195492e+02
1.421298995376509993e+02
1.444464692570653597e+02
1.461686048095628223e+02
1.426077020356352989e+02
1.430679595839783076e+02
1.437642064416346273e+02
1.451839097545782522e+02
1.445155805325977667e+02
1.465051551480818830e+02
1.419250967399148635e+02
1.389651215115926561e+02
1.470084589147664360e+02
1.469425721283919586e+02
1.450202087948143230e+02
1.427139196819414622e+02
1.433559314274671692e+02
1.415596009131959647e+02
1.401423095897288817e+02
1.455733546365170241e+02
1.409440542985527998e+02
1.413798863725648971e+02
1.440259988350469484e+02
1.446205338539148784e+02
1.487816407889857544e+02
1.434695225791533062e+02
1.430131644136789646e+02
1.444157991085147899e+02
1.412415637532454014e+02
1.436586252501591616e+02
1.417343612678306215e+02
1.385662559491718753e+02
1.396375349913153912e+02
1.432647148082533874e+02
1.405882742783864501e+02
1.438912772892834369e+02
1.442875579652533133e+02
1.407502147914314037e+02
1.408246322777048363e+02
1.460928848517548317e+02
1.425504996869288448e+02
1.416797745756568361e+02
1.433100536969106429e+02
1.418294164756023292e+02
1.429232555462043024e+02
1.413684615856384141e+02
1.421669232315271643e+02
1.439792912373280558e+02
1.433089967550951087e+02
1.445955733330644364e+02
1.460362867339794377e+02
1.422228803327674029e+02
1.450829719424277187e+02
1.429158643454181856e+02
1.463494687447717695e+02
1.398687370853702419e+02
1.459568966024866654e+02
1.444993029046570143e+02
1.438500276102753332e+02
1.446671817206102446e+02
1.462573470042543136e+02
1.409204927355282564e+02
1.466218672603449988e+02
1.380174688607407347e+02
1.476159299754461358e+02
1.451301737490708490e+02
1.432981653851774126e+02
1.405819981910792364e+02
1.429736789356017539e+02
1.460075980476988207e+02
1.425928354716486695e+02
1.419244614955976829e+02
1.437737783642281784e+02
1.449318284489847599e+02
1.432986053348898565e+02
1.429303196882984253e+02
1.426740233709824395e+02
1.449235364029163122e+02
1.446854915823947181e+02
1.454167210934134005e+02
1.453717572253236767e+02
1.429352517871320174e+02
1.414029566881091853e+02
1.422174750785489721e+02
1.466433271515074921e+02
1.427120571785314667e+02
1.463936222837865273e+02
1.434077731307335739e+02
1.447182770682420880e+02
1.424663882763986464e+02
1.447550550756852203e+02
1.418727352455925086e+02
1.423934626749590393e+02
1.421922054127637125e+02
1.442413722444972279e+02
1.407889090146478281e+02
1.433955300973948681e+02
1.434422910687580099e+02
1.435309400568189062e+02
1.426778595724333343e+02
1.433139144477221407e+02
1.427136502715518986e+02
1.376789112461725608e+02
1.457484432295574663e+02
1.429555818670350220e+02
1.405789953947461584e+02
1.438982801487218808e+02
1.437703030799420958e+02
1.453921094008037755e+02
1.463021936388308859e+02
1.399862901405450657e+02
1.430894062172563110e+02
1.471278002309711610e+02
1.411374296085311641e+02
1.442296492646185584e+02
1.427601145811574668e+02
1.447381340695338849e+02
1.458657056855164456e+02
1.422717429080177567e+02
1.403233423856880506e+02
1.402639591061901285e+02
1.436137238749857374e+02
1.452882603192671525e+02
1.452914933543751772e+02
1.448645684229358324e+02
1.377090692588172658e+02
1.433463244470408711e+02
1.392743237086234558e+02
1.394205074665123618e+02
1.438741154515765572e+02
1.452138703585635824e+02
1.470515458740850079e+02
1.456073224244560151e+02
1.431888299556512152e+02
1.455336122453845746e+02
1.433558613317912318e+02
1.435457190311082627e+02
1.408025027624541963e+02
1.448140954474667410e+02
1.427370263913036297e+02
1.396535334148648815e+02
1.458896814231591179e+02
1.434369197321024103e+02
1.439999163820223202e+02
1.434068741879666788e+02
1.449314705912210002e+02
1.412279598946927877e+02
1.456213467244585331e+02
1.460698398206248214e+02
1.452400065263126976e+02
1.419106319947409531e+02
1.392944038434830816e+02
1.410212624804599386e+02
1.408483590732856783e+02
1.418755988741376655e+02
1.472818138343043017e+02
1.420398591783105360e+02
1.421934380131669684e+02
1.428228463125277301e+02
1.419575347525526468e+02
1.446301036731256318e+02
1.429335978468346298e+02
1.435459183617935537e+02
1.466464700375523478e+02
1.478373403679816249e+02
1.425844235595797898e+02
1.447562653060525690e+02
1.426657954243687243e+02
1.415288878590285151e+02
1.413057862279266317e+02
1.469742226250064903e+02
1.398310714123925607e+02
1.392439968477590639e+02
1.441836093774859933e+02
1.458772454531993219e+02
1.445984304894779484e+02
1.422597691567035838e+02
1.382469233118754914e+02
1.438379745009213480e+02
1.436134547028468376e+02
1.414768928403199766e+02
1.451912942863543492e+02
1.392152255247746666e+02
1.463711025496731111e+02
1.412109846907735573e+02
1.465443176236111640e+02
1.415869646668041639e+02
1.419891016411557416e+02
1.463065114453524700e+02
1.452331507569239193e+02
1.433057440373605118e+02
1.439940606777572327e+02
1.456184416668127994e+02
1.437573934230329371e+02
1.455812340231463509e+02
1.419585877780322676e+02
1.416477725361426110e+02
1.439513759504168036e+02
1.472621439834689170e+02
1.439118291782275207e+02
1.443277723766984195e+02
1.408935342551938277e+02
1.456300596243048631e+02
1.408580690961476307e+02
1.405567317133680376e+02
1.417977675595504650e+02
1.433304562045209138e+02
1.449131554898438594e+02
1.438854892433454609e+02
1.420863930267106809e+02
1.449571825255954991e+02
1.410542241723436518e+02
1.445698675336040822e+02
1.433019684654441335e+02
1.425511894325738069e+02
1.439477077351940864e+02
1.450555557701192697e+02
1.405676693005608229e+02
1.405245973949044185e+02
1.423283308984361497e+02
1.469396209879281798e+02
1.435241665170517251e+02
1.422142960689740221e+02
1.440535553179141175e+02
1.438912665668604802e+02
1.414944882257379959e+02
1.424693347522605791e+02
1.446705229013602718e+02
1.420038383137859910e+02
1.417914845570640807e+02
1.442510559330543742e+02
1.455541431327463897e+02
1.399417202931133488e+02
1.419066901785694199e+02
1.424557466723165646e+02
1.476316967374071396e+02
1.445141382120180538e+02
1.452457827809503499e+02
1.392382492107240353e+02
1.457772717466415884e+02
1.391229004818970054e+02
1.452521595334665392e+02
1.426874102458262144e+02
1.439523972492155224e+02
1.478460801590254619e+02
1.461366894494710778e+02
1.456701740380022159e+02
1.425816599201146175e+02
1.465405694096358502e+02
1.442129565850191284e+02
1.446012998568173202e+02
1.447091422956283964e+02
1.429523373153921284e+02
1.426059468573149900e+02
1.457310909212499155e+02
1.410482756856664821e+02
1.468260475261884892e+02
1.436593700021039410e+02
1.450697212474650826e+02
1.441148590193250811e+02
1.421689698931664623e+02
1.424878950762414433e+02
1.453648209267779237e+02
1.490427944273905609e+02
1.405146056427900021e+02
1.427829600769214267e+02
1.413196205151045035e+02
1.432199686355077404e+02
1.430553493154985745e+02
1.395084357899999645e+02
1.464206082384296508e+02
1.455577362604326765e+02
1.422680974319937093e+02
1.423003795766838095e+02
1.407613638580258737e+02
1.420445328920066856e+02
1.447163138583826196e+02
1.415598673770868743e+02
1.422067309023940140e+02
1.452512504847366586e+02
1.436764214993115445e+02
1.438705997854350187e+02
1.414826600142960444e+02
1.449308539696030493e+02
1.425249854176135500e+02
1.430407792956985418e+02
1.418220315413465187e+02
1.467950998175658697e+02
1.459166225582604568e+02
1.433287663342750875e+02
1.432846335655858070e+02
1.448889020554389049e+02
1.417715036460928673e+02
1.466155668958011518e+02
1.394953788799453775e+02
1.413180138863378090e+02
1.450382845447092564e+02
1.429473897443231465e+02
1.424385120454932405e+02
1.439483998547279668e+02
1.441243495628549454e+02
1.441023014043504702e+02
1.413919360103495251e+02
1.418493656698684617e+02
1.455140479979630470e+02
1.457811438496556207e+02
1.411301483940473531e+02
1.453295632468247334e+02
1.425891767253825435e+02
1.408572009424669602e+02
1.476443286932907029e+02
1.433219134014091196e+02
1.446085878308574593e+02
1.417170157483369053e+02
1.445520128529582280e+02
1.434912893734153272e+02
1.442234316473395666e+02
1.404483911377958236e+02
1.455391387366747438e+02
1.418872059289364245e+02
1.420947088527736639e+02
1.405755546758342973e+02
1.429968776422917074e+02
1.451317148602438749e+02
1.418014824576698629e+02
1.456292238808763955e+02
1.416114532096954974e+02
1.430080728879245555e+02
1.398431271050220346e+02
1.442622830915417467e+02
1.411496109811140798e+02
1.420486223971067830e+02
1.406978325905253939e+02
1.445895217506889310e+02
1.436471720370948901e+02
1.427771496465223038e+02
1.453356747709939327e+02
1.435996829838985320e+02
1.453735118709377616e+02
1.442853687306872246e+02
1.451338076389987748e+02
1.406420832624680770e+02
1.441376541954806498e+02
1.456535286593446585e+02
1.430364321552524984e+02
1.426682490352702928e+02
1.465156412089071125e+02
1.435610143783912918e+02
1.404779423439898949e+02
1.460528363956685212e+02
1.454396775355236002e+02
1.440222271324328460e+02
1.436774771067396443e+02
1.432612718702910115e+02
1.464122003657472533e+02
1.442319354384978567e+02
1.420645366306591200e+02
1.434659698380466182e+02
1.414634343119338098e+02
1.428854910696467471e+02
1.462276457542126593e+02
1.426335808362420607e+02
1.426947236258146461e+02
1.440040418135703533e+02
1.417115216143389773e+02
1.391761197220710926e+02
1.472627824475717944e+02
1.474261036415209105e+02
1.435864844947136589e+02
1.399511827148370742e+02
1.450201268144041364e+02
1.436121399002469730e+02
1.462747961223790014e+02
1.441803939057444381e+02
1.454744659331818468e+02
1.425661502307277146e+02
1.456807477523567229e+02
1.451801878233295611e+02
1.430399165156215133e+02
1.466265712497224172e+02
1.436516447028556343e+02
1.439808782266192111e+02
1.442812887931726777e+02
1.424873532314609861e+02
1.432772870814687280e+02
1.449623888042358715e+02
1.431679666787283054e+02
1.441226872009315514e+02
1.444967398713329771e+02
1.440903124590042523e+02
1.410490084985453905e+02
1.425515899423299402e+02
1.461699583956149127e+02
1.442413475101940037e+02
1.421861653182628231e+02
1.434025856745012675e+02
1.385665411679674150e+02
1.472388212109623851e+02
1.420039322173121832e+02
1.443797631181905672e+02
1.439761339572635279e+02
1.459280731707760594e+02
1.383534781912881044e+02
1.440047314102709493e+02
1.433939933303799990e+02
1.467395041757006595e+02
1.432744665048529100e+02
1.385643735854731347e+02
1.466676852181117852e+02
1.412854122391808573e+02
1.446658066856176674e+02
1.418612046086033445e+02
1.430023241817239921e+02
1.420587535957975263e+02
1.406917004459155578e+02
1.470292246502600051e+02
1.413215240992458348e+02
1.445382486498597530e+02
1.453163221005576702e+02
1.465142741869253200e+02
1.451190913907028062e+02
1.461731243895038972e+02
1.416725171420859795e+02
1.466981196560780347e+02
1.423902616389158595e+02
1.406763361768335869e+02
1.417372881640212938e+02
1.467641963735757145e+02
1.437947123833219223e+02
1.451447406400029081e+02
1.458779952662520429e+02
1.453488077657431461e+02
1.437592761708985734e+02
1.377735608928346380e+02
1.447198271288583840e+02
1.388005916340284784e+02
1.480138120468934630e+02
1.456133380958832220e+02
1.442427567898755285e+02
1.474731721236023247e+02
1.442924986041779789e+02
1.439496414236304815e+02
1.419840148131320632e+02
1.376322322124780442e+02
1.436063399827089313e+02
1.430772043847853467e+02
1.469107660408113532e+02
1.450469466408923438e+02
1.450512803443550069e+02
1.443144431927794358e+02
1.461816858469076692e+02
1.414682993827448456e+02
1.478778941292175944e+02
1.411389094523304379e+02
1.431873820923603944e+02
1.467649987470181827e+02
1.445108392039786054e+02
1.429063807816708334e+02
1.467165224741568750e+02
1.430324170718234598e+02
1.416214373308079928e+02
1.449154588878516847e+02
1.424544125756757467e+02
1.436567274682437017e+02
1.433230413596119490e+02
1.432580779052305502e+02
1.432962059920230331e+02
1.429591539578336779e+02
1.402000719311316175e+02
1.421061994148221856e+02
1.443006204327520550e+02
1.466303808238399427e+02
1.490499688542643071e+02
1.443702477358927467e+02
1.445951739488453143e+02
1.451962159025842425e+02
1.409266507775530499e+02
1.456601376613936907e+02
1.415055973054026026e+02
1.480272690948453089e+02
1.464266295936498636e+02
1.415322481031668644e+02
1.408545661208982551e+02
1.431478931275922832e+02
1.467618083285735509e+02
1.460451176656635539e+02
1.418898801964624568e+02
1.436842266147637872e+02
1.442233922828015977e+02
1.448340909555820133e+02
1.442994368728745371e+02
1.412013386916451054e+02
1.453233450827342779e+02
1.474030678257735190e+02
1.431081268170706267e+02
1.409351938765975660e+02
1.445353016149382483e+02
1.422557822574466968e+02
1.436228364133321236e+02
1.452570420464249707e+02
1.406880362090442134e+02
1.447250318969028058e+02
1.435350698563198932e+02
1.472132787749990257e+02
1.430023388770550525e+02
1.431347079610874573e+02
1.431989350223556983e+02
1.407862241504293479e+02
1.402461401097536111e+02
1.401727781445865730e+02
1.413557075381973220e+02
1.417985234458419370e+02
1.443300246397183173e+02
1.459849186319645753e+02
1.422545279885090679e+02
1.427886762621239711e+02
1.430354896693461058e+02
1.435601875052050787e+02
1.455714856310920879e+02
