2.147021372725668584e+02
2.148578911804238487e+02
2.180677071522253527e+02
2.120826520851172461e+02
2.128673661560858648e+02
2.142512972286933177e+02
2.198582687049953961e+02
2.099882430818057628e+02
2.017887059690860951e+02
2.143773387276450819e+02
2.131194165689735485e+02
2.099512620038790374e+02
2.110822591108357074e+02
2.055364536529836812e+02
2.116030857455138801e+02
2.089639313561622771e+02
2.093313735267290383e+02
2.212335582098457962e+02
2.093794095215729953e+02
2.175814496527320898e+02
2.114354236165814598e+02
2.109697147448931105e+02
2.100520102795928779e+02
2.189225286374874031e+02
2.001033625097659865e+02
2.019555935315000283e+02
2.128535767814017277e+02
2.108752800098973523e+02
2.101505231030012624e+02
2.127791160611989767e+02
2.075210234044123467e+02
2.085234993641935546e+02
2.168607393651941493e+02
2.122254927486809208e+02
2.210873895957734305e+02
2.174901316498362576e+02
2.163783839814025782e+02
2.163846791769258289e+02
2.114199089679603958e+02
2.194524407132700787e+02
2.115109377966903992e+02
2.180252694614149505e+02
2.121192097576616220e+02
2.188121646473635451e+02
2.021057247897095692e+02
2.153172215013677828e+02
2.181587079392413671e+02
2.097122781012854205e+02
2.110579907211042894e+02
2.111680699690215306e+02
2.234505752972006576e+02
2.002842887600840243e+02
2.073515459932951899e+02
2.126497350535674400e+02
2.228491406387885831e+02
2.114562393741258575e+02
2.162405759908650396e+02
2.196310959229579112e+02
2.206889763106939597e+02
2.194030796516809971e+02
2.184053972334431535e+02
2.118966915034252168e+02
2.030745228840562504e+02
1.980998194093843949e+02
2.125045141121229051e+02
2.082659348351159281e+02
2.123348805780126440e+02
2.188240499857487862e+02
2.074388144421083950e+02
2.175244014676118240e+02
2.064024687405629095e+02
2.173814770058229158e+02
2.134205643633210343e+02
2.186906976085304564e+02
2.189998316141998771e+02
2.217251341642990212e+02
2.112765160765338237e+02
2.166177666150956611e+02
2.151621696129837176e+02
2.131096103721096426e+02
2.151018707024256287e+02
2.070221282760700205e+02
2.126608936601947732e+02
2.144233925442427449e+02
2.088868170168451002e+02
2.069101732235647830e+02
2.177332262841883903e+02
2.153383935298168979e+02
2.078431649116867561e+02
2.073796820393751261e+02
2.174767934758050387e+02
2.095554097114390970e+02
1.994470172929275122e+02
2.178499992517216697e+02
2.098000424806008368e+02
2.087873660383486367e+02
2.142761489507437602e+02
2.045408578490892637e+02
2.144071451231779122e+02
2.170762130738829967e+02
2.238029772794292001e+02
2.142236866432945988e+02
2.189693453620019739e+02
2.191038387343583622e+02
2.227300434825716309e+02
2.142660697930532763e+02
2.223959096971554743e+02
2.175986013406691484e+02
2.164863226766790945e+02
2.220225099897412520e+02
2.104649673564910017e+02
2.113929863971588645e+02
2.073002954281534187e+02
2.156729992725299780e+02
2.127657692773160818e+02
2.164880044162981676e+02
2.028621926984960737e+02
2.114173773484402261e+02
2.059141513757010671e+02
2.107258876456100154e+02
2.128224765389218476e+02
2.213061920739995969e+02
2.114485179873097422e+02
2.132949769898356180e+02
2.234255000440248011e+02
2.139575799583199114e+02
2.141242261963110423e+02
2.185850991609051448e+02
2.130125460935234969e+02
2.142266753626566356e+02
2.211939123810301737e+02
2.083550063422925973e+02
2.202073548403446352e+02
2.164630630519841645e+02
2.051346225608180305e+02
2.119354503627489805e+02
2.159364568301074883e+02
2.049841410039426250e+02
2.071754382370396286e+02
2.089944245579675624e+02
2.122240128754453963e+02
2.097050262521377704e+02
2.044907667231546782e+02
2.157926655762143753e+02
2.078344474495174268e+02
2.194925287477416873e+02
2.084004129547046489e+02
2.125199136820721719e+02
2.149559355475571749e+02
2.074882830063540951e+02
2.099852746866821747e+02
2.197834098296882530e+02
2.050299076617361607e+02
2.159289296223490737e+02
2.079222703245065134e+02
2.180885121383270473e+02
2.201312119392068780e+02
2.130839073822142780e+02
2.095317854335878565e+02
2.078587415240749863e+02
2.124962896623183894e+02
2.155151446113147529e+02
2.113908123123331393e+02
2.092993756010739332e+02
2.149302031032335094e+02
2.182857622105625808e+02
2.088445096868788085e+02
2.134669109519207097e+02
2.156944244775520474e+02
2.059210859621980774e+02
2.135822302818361038e+02
2.076428706705592901e+02
2.058869611691357022e+02
2.098433121525976333e+02
2.171782659096901966e+02
2.169514624654547674e+02
2.148005583146792219e+02
2.149755839465881877e+02
2.120474116745342883e+02
2.133281781337764187e+02
2.144788410352107064e+02
2.127810666624313569e+02
2.197434218649444517e+02
2.019453611882163102e+02
2.195748929693864113e+02
2.038799814207611405e+02
2.043120168146715798e+02
2.099660712587286184e+02
2.124991973461944497e+02
2.058121710628003598e+02
1.998703480411768112e+02
2.112771658063773828e+02
2.104709248394019312e+02
2.079248031607212681e+02
2.142885279522053850e+02
2.162601805079382018e+02
2.144353037715262644e+02
2.105479022404667830e+02
2.077218007290846913e+02
2.192131663329246578e+02
2.056927855394173434e+02
2.096607815446463974e+02
2.183431353105193011e+02
2.118208485605000249e+02
2.098127236902088271e+02
2.168230324127278834e+02
2.124002194713794722e+02
2.120918557380111906e+02
2.145946103279277679e+02
2.092880571347540979e+02
2.020059653441429361e+02
2.068149001266574487e+02
2.193233862879766036e+02
2.109389189539105587e+02
2.084308500436956422e+02
2.179063107944855915e+02
2.163246317212376084e+02
2.083979176700577511e+02
2.164821246923254989e+02
2.099962812519810029e+02
2.053059879867359143e+02
2.082086914261306561e+02
2.067340960465896558e+02
2.197702900607316963e+02
2.126822191647669342e+02
2.071435670242996423e+02
2.141666467545200021e+02
2.160482526457560084e+02
2.076939518487024259e+02
2.107124476536466773e+02
2.080229254839610178e+02
2.077193436336491743e+02
2.143836976923510633e+02
2.138986584366392947e+02
2.021937484289935583e+02
2.203972182398593418e+02
2.081335440899902380e+02
2.137194060373378477e+02
2.123425345336994212e+02
2.155538927930666944e+02
2.181712294724719357e+02
2.129067437544324264e+02
2.246284864728619084e+02
2.171329484522015605e+02
2.122750154768910704e+02
2.132049384229939903e+02
2.041175241081870411e+02
2.093828449557436215e+02
2.106901303484364121e+02
2.188931156409367134e+02
2.101563303249631360e+02
2.142385137044117016e+02
2.211844191308397853e+02
2.194858702401752737e+02
2.195116361191369947e+02
2.143875800805745087e+02
2.053872253577275444e+02
2.134933458841209699e+02
2.224009928077858831e+02
2.121459068028929948e+02
2.103744820414173660e+02
2.124648643967973669e+02
2.154765729795997800e+02
2.046745120849639648e+02
2.079164082304326939e+02
2.103944917138434221e+02
2.172133205124594042e+02
2.135930033501621494e+02
2.204909165236310287e+02
2.126113864417086461e+02
2.164450303181750144e+02
2.193195429544640831e+02
2.215812384191085869e+02
2.043002282388889341e+02
2.036813981786604870e+02
2.072081799531856632e+02
2.128041067183034158e+02
2.158289704693318356e+02
2.155474656956236288e+02
2.225640766097565688e+02
2.161808668648776290e+02
2.022031263523849418e+02
2.101365381643658168e+02
2.070993937650194425e+02
2.116879287536463323e+02
2.042132181564191740e+02
2.102330240928212959e+02
2.093354295088979597e+02
2.130411822385770790e+02
2.095160323061612360e+02
1.977343060056005584e+02
2.127247325290644255e+02
2.211588959326645067e+02
2.254037875940355491e+02
2.004478485973004638e+02
2.056526845536835992e+02
2.148099326811345975e+02
2.172590375818569157e+02
2.109298764130631412e+02
2.045707308763554124e+02
2.167500285332895658e+02
2.211408636153265945e+02
2.138082948498033034e+02
2.074979941033789999e+02
1.985483036778069845e+02
2.119608285425572376e+02
2.025219663179291274e+02
2.095761470536028241e+02
2.043695325107276801e+02
2.100942401113751430e+02
2.117728597707380231e+02
2.116701849274664085e+02
2.072440742552486199e+02
2.017487009002825857e+02
2.130755429310068223e+02
2.068758335977214529e+02
2.104839761791579065e+02
2.200255397502660344e+02
2.232511471532717735e+02
2.143474324086057266e+02
2.213662195768449408e+02
2.158362713638386481e+02
2.044287538227370362e+02
2.163212888117291470e+02
2.061567171369519258e+02
2.036395942477243182e+02
2.169851477382903226e+02
2.095549627320104662e+02
2.137482466088787589e+02
2.038724697966031272e+02
2.110383010388997036e+02
2.122897201363996373e+02
2.103076671786533893e+02
2.158517847497023183e+02
2.144660563029245850e+02
2.173711843242036252e+02
2.087619779580775230e+02
2.158244837546917836e+02
2.116656027354521825e+02
2.058755971646009471e+02
2.193091828093230902e+02
2.199076070672468290e+02
2.097379414260258841e+02
2.146573178710919763e+02
2.084997728295907109e+02
2.257231242878635271e+02
2.108800778935561198e+02
2.123393513556342214e+02
2.099979408018618017e+02
2.153906499871822007e+02
2.142593013825242565e+02
2.053749025510279864e+02
2.169935899425962305e+02
2.103089626383703035e+02
2.152260944914673075e+02
2.214313918951598339e+02
2.168054150092418695e+02
2.138379048714993189e+02
2.161270984644248472e+02
2.117943058714149913e+02
2.142923096396161213e+02
2.133439295270180480e+02
2.125576900260147113e+02
2.126361360522646464e+02
2.013876542245019436e+02
1.987716410697179015e+02
2.183814939782161559e+02
2.173826814849571463e+02
2.154033653152408760e+02
2.147760179303671180e+02
2.083058697401740176e+02
2.115533257886491185e+02
2.092065420590285214e+02
2.159398353035307423e+02
2.178416666895529090e+02
2.195988930397868160e+02
2.108991440133994217e+02
2.133247608645537809e+02
2.046074998555293973e+02
2.156389679833972650e+02
2.090921881279880949e+02
2.127512019995912453e+02
2.162118787416843020e+02
2.188364098006729535e+02
2.116934307031197591e+02
2.110488512710936106e+02
2.109549554785942576e+02
2.053340318799909596e+02
2.166819440208114429e+02
2.184061016218418274e+02
2.192996434081556174e+02
2.150663932756837369e+02
2.123664151076589235e+02
2.114111488758382507e+02
2.051010045791408061e+02
2.175933715668973036e+02
2.131094794944542343e+02
2.196085671738449037e+02
2.059010750104278031e+02
2.107900497413010612e+02
2.064964665770885404e+02
2.165939353697787055e+02
2.173843134028293491e+02
2.094786757594220035e+02
2.167794882569361334e+02
2.128223774586505499e+02
2.177872761391596157e+02
2.156200410299590260e+02
2.166259537161265314e+02
2.074360108423536531e+02
2.051921091687124488e+02
2.098676731181335811e+02
2.040931733056454220e+02
2.135448728925804573e+02
2.045813449270638671e+02
2.100415595406010709e+02
2.114527019680428452e+02
2.063398862307303716e+02
2.167793540358379119e+02
2.086224920726016023e+02
2.111838186914652056e+02
2.109173721775331671e+02
2.124718273563232458e+02
2.098738844835577879e+02
2.050426762243949952e+02
2.124653374304641602e+02
2.038602202832257149e+02
2.109578129646633897e+02
2.025277528122153683e+02
2.130458610719275327e+02
2.074334373651810211e+02
2.059583661099442793e+02
2.026343890064814275e+02
2.143626464410742756e+02
2.151113135844649094e+02
2.177232257438080012e+02
2.066106595713389993e+02
2.126635812926957101e+02
2.125383273261889769e+02
2.131336451969571613e+02
2.109415785318419410e+02
2.182988871010064713e+02
2.075151178270738228e+02
2.134786994834203711e+02
2.189174671482620056e+02
2.127080093862363697e+02
2.095052408528261196e+02
2.142492357440390549e+02
2.225481697804789860e+02
2.112453464021953948e+02
2.049191326052550721e+02
2.127873253244530076e+02
2.131528295565946962e+02
2.081910396392373173e+02
2.246132017980010005e+02
2.127257149947549522e+02
2.078516351647577949e+02
2.186816229568678125e+02
2.106294432288036944e+02
2.143374915346485068e+02
2.160409902317992135e+02
2.195009670800938864e+02
2.095507768945254838e+02
2.140510466671232450e+02
2.183527454298201178e+02
2.145570907460530350e+02
2.073845442846634057e+02
2.039085406275958121e+02
2.079951393548957412e+02
2.043962137622564512e+02
2.102898797684437397e+02
2.041269686779710639e+02
2.240274990059770062e+02
2.130142082289572443e+02
2.124056589527378947e+02
2.015094792328028461e+02
2.157356450189946315e+02
2.143925840618033760e+02
2.153602613285369785e+02
2.180864298105616683e+02
2.013891343036732451e+02
2.056728513004973422e+02
2.130033210618917394e+02
2.136273162254143188e+02
2.050401183920134827e+02
2.204546696153847165e+02
2.178700890526594094e+02
2.181044203834323412e+02
2.091703053156538772e+02
2.121425088133215127e+02
2.050706228339084021e+02
2.124877830038719253e+02
2.124699675028418824e+02
2.100120960590894015e+02
2.076918427417674877e+02
2.132252817464556074e+02
2.052373010844178509e+02
2.103053713574828976e+02
2.133696127754262477e+02
2.125256781213153374e+02
2.100571568605044206e+02
2.168864447865594514e+02
2.147654710050923086e+02
1.988489513592796243e+02
2.203390839855152024e+02
2.079877872233320772e+02
2.126603008828695920e+02
2.146917338461410338e+02
2.165643139720403383e+02
2.115083426320028934e+02
2.132402652170263764e+02
2.092689516781232157e+02
2.159630662772799212e+02
2.135970853477775222e+02
2.104563274601974001e+02
2.246090423645496799e+02
2.069236875363427828e+02
2.158040181764165766e+02
2.056551666361130799e+02
2.171618879806453606e+02
2.214808532834412347e+02
2.081979722474935954e+02
2.049349795955768911e+02
2.205967369753774108e+02
2.090247121695746841e+02
2.141560406589388208e+02
2.059132488420742675e+02
2.046094900547979023e+02
2.200725456702709266e+02
2.122405894081390727e+02
2.152181239297972297e+02
2.074625869579665505e+02
2.050258959175468760e+02
2.095337615311289312e+02
2.056250547686737207e+02
2.092346107120297347e+02
2.176047069531711031e+02
2.173114118654821709e+02
2.107115126421494153e+02
2.016044511627606823e+02
2.093471814590747613e+02
2.090787472249654684e+02
2.177867936848786314e+02
2.143583513842849300e+02
2.059984165772523852e+02
2.194804492890351924e+02
2.132233627106509743e+02
2.083452746623198379e+02
2.072599313559189795e+02
2.126076405279208359e+02
2.129831788590520887e+02
2.166481606997994618e+02
2.129388949329731702e+02
2.137040310748880358e+02
2.198978781696764884e+02
2.106406944213857457e+02
2.115096463149078829e+02
2.127277318956030570e+02
2.143708423561400593e+02
2.089856470756033104e+02
2.116821080932966481e+02
2.251979539655982592e+02
2.193569811638794818e+02
2.097140855303789237e+02
2.112793877307144896e+02
2.200558858279223955e+02
2.110132595799182411e+02
2.143504902229719562e+02
2.110999964480282074e+02
2.075185225339487260e+02
2.218862449407509700e+02
2.175509152124344610e+02
2.136541484776947186e+02
2.100315961586013316e+02
2.075970231189410526e+02
2.202147632419989520e+02
2.025444585975713778e+02
2.110494697025285973e+02
2.174629377727657698e+02
2.080828189846625094e+02
2.075962950258686135e+02
2.125210538248950058e+02
2.219291641461828135e+02
2.052995844041161888e+02
2.084260696865534044e+02
2.038951872739449414e+02
2.093519163398687510e+02
2.174221332822069428e+02
2.034744617709157239e+02
2.076883416669674602e+02
2.068652927861742512e+02
2.122469136346608707e+02
2.217390389118234282e+02
2.108251887032535592e+02
2.051708607188891733e+02
2.158138308868645368e+02
2.111165529550648614e+02
2.134782589259075962e+02
2.078522836315707991e+02
2.070227164360187544e+02
2.147023700063050740e+02
2.182430799539421287e+02
2.141651080407202414e+02
2.051302353907965141e+02
2.030819394783179064e+02
2.207443683589464456e+02
2.099533817752799791e+02
2.056276334674977306e+02
2.099238814219785354e+02
2.112631822775351793e+02
2.086420325021017845e+02
1.986741114118166536e+02
2.016940846696966219e+02
2.176959972956518357e+02
2.087643095028223286e+02
2.205218909102532905e+02
2.111813254492664385e+02
2.223173766459007084e+02
2.125641445183146629e+02
2.080606807614405227e+02
2.127466217550876593e+02
2.032835435801661674e+02
2.090855439223885526e+02
2.108601695252774846e+02
2.171505536491349346e+02
2.227397968351545501e+02
2.098594174823610103e+02
2.155536306576391894e+02
2.144354931691894706e+02
2.171850671603536398e+02
2.165876285212678738e+02
2.101021648123736156e+02
2.144241545059519467e+02
2.116668933675919675e+02
2.135837919530191584e+02
2.172257679260422947e+02
2.168874402368682297e+02
2.106885034871761491e+02
2.104243208507212444e+02
2.095749709651892942e+02
2.104998366654036204e+02
2.040845092733502781e+02
2.137531122055220862e+02
2.207559578452665221e+02
2.079521899888606242e+02
2.189820749386688874e+02
2.066413122168558800e+02
2.051715205270448052e+02
2.147601066026294632e+02
2.101192384735955443e+02
2.144886773280791772e+02
2.151870962580518665e+02
2.090223949027910919e+02
2.139888328662580363e+02
2.184194993618327771e+02
2.150507798634546077e+02
2.143709405309408282e+02
2.072540348363623650e+02
1.927955581992773944e+02
2.199006557468994458e+02
2.145700447094476999e+02
2.045395699193809378e+02
2.046104323718303135e+02
2.092616070232325285e+02
2.128217780588181256e+02
2.155180672126641923e+02
2.180983874429424247e+02
2.141761672393971025e+02
2.093578770200063559e+02
2.174162784264476898e+02
2.195958382415815606e+02
2.145997053996070179e+02
2.110081525504721753e+02
2.226545054790274776e+02
2.110929067135127184e+02
2.113388303638866432e+02
2.168813472847641322e+02
2.271831276926268401e+02
2.168086294791592081e+02
2.102826720969954124e+02
2.176013662285531041e+02
2.032869365584766115e+02
2.192954971401729836e+02
2.086686197594368650e+02
2.148670216415863479e+02
2.200800578098551057e+02
2.123860222315279884e+02
2.156575378230344597e+02
2.123598709611268305e+02
2.163630456136504847e+02
2.149256177451690633e+02
2.175678048655348960e+02
2.136719925862649632e+02
2.143503576421854291e+02
2.147274715958064348e+02
2.139239446323097411e+02
2.138404235320152225e+02
2.153543854367092365e+02
2.133925860916159536e+02
2.161705657469106256e+02
2.099996388339612565e+02
2.117848282737339787e+02
2.085412381301484857e+02
2.133466280346016219e+02
2.128467443791147673e+02
2.115320383909064788e+02
2.207274751408675399e+02
2.104934188818339464e+02
2.164973935659056394e+02
2.097147629544793972e+02
2.135475878972403052e+02
2.014578078214464938e+02
2.154460519737282596e+02
2.116817646289606785e+02
2.130970972532787187e+02
2.212657006185571902e+02
2.179280332497179415e+02
2.045184850985802711e+02
2.088156929059203151e+02
2.086974179972247327e+02
2.218299561550589090e+02
2.137609046343679040e+02
2.117790907653328532e+02
2.079514670061356583e+02
2.141022874207283166e+02
2.024403866549542101e+02
2.090106173341841043e+02
2.035533492964154050e+02
2.177136376243690847e+02
2.155004444637808660e+02
2.136769247622161458e+02
2.078438029638191722e+02
2.030902752270539793e+02
2.132428847587211180e+02
2.179538040729300121e+02
2.035669941923515296e+02
2.317439118867529260e+02
2.016985193789410573e+02
2.197149256727440161e+02
2.109287495030537798e+02
2.064337116668335170e+02
2.161663396071195393e+02
2.130994880004190009e+02
2.108688966122177817e+02
2.186314598512512930e+02
2.042241798602682934e+02
2.186051522585600253e+02
2.142228805440354336e+02
1.993762731208536536e+02
2.064968601150752363e+02
2.182635082831532713e+02
2.220660012864297528e+02
2.078845872290575301e+02
2.034518933307582813e+02
2.141429598222589732e+02
2.132268774095315962e+02
2.055505719639832591e+02
2.105575219160469089e+02
2.093359777485220548e+02
2.032390986895106550e+02
2.147395521244139900e+02
2.082639501829600306e+02
2.146806240855987937e+02
2.173598984762418524e+02
2.167378601135909548e+02
2.186627378418309320e+02
2.090542742705218018e+02
2.054466413141035162e+02
2.085426545326794781e+02
2.165087736776278575e+02
2.052110799170973792e+02
2.146895988998834639e+02
2.163681104514158164e+02
2.137648211779676899e+02
2.162204196565536165e+02
2.156776208223060394e+02
2.113594287134502565e+02
2.113683437079546650e+02
2.121612376181819855e+02
2.150175753768103277e+02
2.030051662547465696e+02
2.192953418231711851e+02
2.039093117965290389e+02
2.024022708471139822e+02
2.068096388233552432e+02
2.153192610242196565e+02
2.108781716812351021e+02
2.149559942043045169e+02
2.193992275448481450e+02
2.069356384954217845e+02
2.144392032695635919e+02
2.124857591238782391e+02
2.058851347411377049e+02
2.096003621552925722e+02
2.167992776794935423e+02
2.041754300705480318e+02
2.087877149770831409e+02
2.135642569896916427e+02
2.192678552544809065e+02
2.174777321160666474e+02
2.210473674397310617e+02
2.220060168419325350e+02
2.138596662950895393e+02
2.130521610094923233e+02
2.120985609546840180e+02
2.133140001822719398e+02
2.068651453692571636e+02
2.177682168495848032e+02
2.109916803049703447e+02
2.051411461131380349e+02
2.123430386862732178e+02
2.147234935923538046e+02
2.141426045067528037e+02
2.073720350011445532e+02
2.161532591516802029e+02
2.077405794862416997e+02
2.230049208409479036e+02
2.116345101721520621e+02
2.129450956049420824e+02
2.131993795228822535e+02
2.167043285449589689e+02
2.192251990838784366e+02
2.091095056065987592e+02
2.116245449734085753e+02
2.127797416183919665e+02
2.157941686379381565e+02
2.176668760509989227e+02
2.196974461033355510e+02
2.136352628128618392e+02
2.129001266910495076e+02
2.040130342988233849e+02
1.981644291601925829e+02
2.069709561754774541e+02
2.145370863815880114e+02
2.036919281642667556e+02
2.202043670010843073e+02
2.125018916558000228e+02
2.195408774938549641e+02
2.140380414986165931e+02
2.052451517304286028e+02
2.078433566512661059e+02
2.201751930638308750e+02
2.157735752194074053e+02
2.161302951716096743e+02
2.220909640943879140e+02
2.076994142083260613e+02
1.952595832202591453e+02
2.126238503840193346e+02
2.129616092326798480e+02
2.008289032950714841e+02
2.044695025284734982e+02
2.158786676244393732e+02
2.077089166278478558e+02
2.081991572438901983e+02
2.043104269204215484e+02
2.062263704692158512e+02
2.175116066226906071e+02
2.091785356547983383e+02
2.157492246979978461e+02
2.126661133758364315e+02
2.123120635122321858e+02
2.173602622744938344e+02
2.211697397670125724e+02
2.087723580970275066e+02
2.134187154170172391e+02
2.088641943537491272e+02
2.081798390852131604e+02
2.096397463343209893e+02
2.188065801976222247e+02
2.023781211202689576e+02
2.102380311732768803e+02
2.227040654538170088e+02
2.126374515710909066e+02
2.208663279785570239e+02
2.072749582247223259e+02
2.096857609428183764e+02
2.086433364008690035e+02
2.144626709202689199e+02
2.202086863150037459e+02
2.138421385359142164e+02
2.111581764345288263e+02
2.202549845993047199e+02
2.153701697152609427e+02
1.966943069530063326e+02
2.217768822548792684e+02
2.214879776741634032e+02
2.137214746839116515e+02
2.137719814029652241e+02
2.110359931986014033e+02
2.104195769329776056e+02
2.184655007478800144e+02
2.177013218752264834e+02
2.025413202174704850e+02
2.091544875308618714e+02
2.111825670934097445e+02
2.035647260928642766e+02
2.053779408950400409e+02
2.142113543213187370e+02
2.155644433487645983e+02
2.074053427593548236e+02
2.182244287911539402e+02
2.065465845304634058e+02
2.178229491910233548e+02
2.257114332755170096e+02
2.155858509191203893e+02
2.081203016571609226e+02
2.109328802422616604e+02
2.212565948893125096e+02
2.159639331530256072e+02
2.098548418893363987e+02
2.184582837176047576e+02
2.134159789855059159e+02
2.099990630672112957e+02
2.083689890356233150e+02
2.115554840959414378e+02
2.046429084169522241e+02
2.120348289153558312e+02
2.130245446528458899e+02
2.114908582091632923e+02
2.094008930125011432e+02
2.140887809684465992e+02
2.124155542364599114e+02
2.077518211154750247e+02
2.122129159997559213e+02
2.119831492575865752e+02
2.137471626682665544e+02
2.183301910707776301e+02
2.048153753288241603e+02
2.083060424479819801e+02
2.091629512341409054e+02
2.187517081794833587e+02
2.092579377704370245e+02
1.999546489686493942e+02
2.090072802571665704e+02
2.168844508619521037e+02
2.048802286673625304e+02
2.202058511890051591e+02
2.066397601884203254e+02
2.111117769876363468e+02
2.170407192866585149e+02
2.155240956256084246e+02
2.111446912795569517e+02
2.130062846052392729e+02
2.118149839156698420e+02
2.100493902058585434e+02
2.137785876780157253e+02
2.166226432681135634e+02
2.094764384119108058e+02
2.117998087763342312e+02
1.970728452394258170e+02
2.129045837941129946e+02
2.103667333832470945e+02
1.942204334583308025e+02
2.167362708316919395e+02
2.099872222348368211e+02
2.216286835471217955e+02
2.163779247035660660e+02
2.094530925491983737e+02
2.121521731013877456e+02
2.237570881377102978e+02
2.050815137719646373e+02
2.111173875052188293e+02
2.130642864428583891e+02
2.118066424066725801e+02
2.111047361115483625e+02
2.155703583836634607e+02
2.126506727277781295e+02
2.139999761631904676e+02
2.079444632921816662e+02
2.108857978494442023e+02
2.146082685286580727e+02
2.135621123128039187e+02
2.058501275688877001e+02
2.208014004151599750e+02
2.067409287116172436e+02
2.180552552501227410e+02
2.128509019137993050e+02
2.180144791248935974e+02
2.160091010362330621e+02
2.179698778919689062e+02
2.145392623683202658e+02
2.227107918192706393e+02
2.142171122272848720e+02
2.004482113882116323e+02
2.124982362176030790e+02
2.147224495849841048e+02
2.149747252292577002e+02
1.983671006754174471e+02
2.153584826822180958e+02
2.238922469016572734e+02
2.055898964200250134e+02
2.131212427814627972e+02
2.153662695382468257e+02
2.128382460282654165e+02
2.113180803357306559e+02
2.002707295243869794e+02
2.123171002063827473e+02
2.126871142158040016e+02
2.090917081429454640e+02
2.177573411656341875e+02
