2.344857922958049414e+02
2.344775246514874141e+02
2.436127782488111109e+02
2.385274946201803061e+02
2.315638589220662311e+02
2.449897887829384047e+02
2.460397888386916634e+02
2.400844784942845536e+02
2.344083374991679705e+02
2.485506633504011518e+02
2.383352311717662246e+02
2.422974466885818572e+02
2.386097864481506576e+02
2.426583708004866082e+02
2.465768624652220637e+02
2.429477013958485827e+02
2.376876992133046258e+02
2.355255266924340845e+02
2.495727592763057316e+02
2.448834623867458333e+02
2.403110315433412438e+02
2.276738245514948744e+02
2.349405331331629441e+02
2.380797399327456105e+02
2.338958029172809177e+02
2.421772049533874736e+02
2.352301162976277737e+02
2.436228971027170473e+02
2.403044755719017758e+02
2.462819636033420352e+02
2.389380318684229678e+02
2.426053805784628423e+02
2.374943660379144035e+02
2.363351434862388771e+02
2.405887969870170764e+02
2.381028683705173137e+02
2.354433973563795348e+02
2.424304931603016371e+02
2.402215680301589202e+02
2.466635069307135382e+02
2.399562615254106106e+02
2.431370044418669636e+02
2.417544560084875229e+02
2.436621627935325591e+02
2.400320067655764262e+02
2.395661105934348427e+02
2.374708700953227378e+02
2.420039028328729103e+02
2.442682173932109322e+02
2.404135044755757917e+02
2.356299345220882060e+02
2.427950114120778835e+02
2.274692950500903805e+02
2.383765872233866219e+02
2.386752331041377602e+02
2.340103779151007757e+02
2.414446454274682310e+02
2.476322009446873835e+02
2.453705904160275111e+02
2.444552939364914437e+02
2.410307035716742803e+02
2.363434476563745932e+02
2.325703418995894936e+02
2.293730480315975342e+02
2.400929459501771248e+02
2.447240225556790847e+02
2.416328923397981043e+02
2.385489797049632159e+02
2.395158480167172002e+02
2.410849479633907038e+02
2.385764811349851868e+02
2.360183116014904954e+02
2.402673207500862134e+02
2.405703242734758476e+02
2.407742170994597188e+02
2.399120570666302967e+02
2.360175042644774237e+02
2.466717074622672214e+02
2.368068512183612313e+02
2.360878516747936260e+02
2.320471941172000641e+02
2.404841142502124285e+02
2.385080010095434773e+02
2.312180919113965274e+02
2.447573402777717604e+02
2.438634913929069228e+02
2.417393311751661429e+02
2.353680364863344323e+02
2.360693240667083046e+02
2.323341687616287743e+02
2.412950366194575622e+02
2.427135229079853787e+02
2.337563465847559883e+02
2.429585930749531428e+02
2.376067684754575566e+02
2.484912269589066796e+02
2.474033321704414732e+02
2.472191682050865325e+02
2.386873524220057163e+02
2.425985908718211022e+02
2.390306979923543622e+02
2.470454406553427589e+02
2.308144704122851181e+02
2.435587664572852589e+02
2.387885171530617470e+02
2.415374211388757146e+02
2.450852054895396748e+02
2.449366626666085551e+02
2.352903753882215199e+02
2.425692494390276863e+02
2.391235772524130709e+02
2.473780616779492050e+02
2.365465659948531538e+02
2.424489128871908861e+02
2.322543022161834188e+02
2.393663204254924324e+02
2.407716884866605653e+02
2.396001825200777375e+02
2.337574924094745654e+02
2.381592666092029731e+02
2.344159089646627763e+02
2.358211344227387372e+02
2.427800021209488079e+02
2.383295296601858695e+02
2.379419148178977537e+02
2.370527405970555890e+02
2.387511992952400988e+02
2.337235526044270557e+02
2.424306002591252707e+02
2.406627068078301477e+02
2.397695072855926810e+02
2.381591222914291848e+02
2.379939809330593903e+02
2.384452323110608631e+02
2.397910188871569517e+02
2.414178221514088420e+02
2.373147620839160652e+02
2.323672683000365282e+02
2.326303924307210877e+02
2.378029980973541910e+02
2.455045781391579283e+02
2.416499191556566473e+02
2.436672623931204953e+02
2.395368738836758951e+02
2.368749454879534255e+02
2.355089739470790846e+02
2.415580264605704031e+02
2.397993707806814427e+02
2.460508986356015555e+02
2.401975021486696278e+02
2.351839490138147823e+02
2.379488532894932291e+02
2.405343533474097057e+02
2.374195272632486819e+02
2.409564034039691194e+02
2.396593158678740281e+02
2.345493433596101340e+02
2.352327835976494441e+02
2.512327032702052918e+02
2.407690948066772592e+02
2.380689602402716503e+02
2.402000385712250647e+02
2.450498049087291292e+02
2.362177114731763652e+02
2.404678552642943430e+02
2.400948946646540776e+02
2.346184427002105224e+02
2.369777241464151700e+02
2.392189420593040836e+02
2.358813337163639119e+02
2.431392959972644121e+02
2.484233081988300285e+02
2.424244463990378335e+02
2.446368292384401855e+02
2.435088244257053418e+02
2.397785387403835387e+02
2.347708050482108604e+02
2.355751326574996369e+02
2.391880496828550804e+02
2.455565657873430609e+02
2.427530610437553662e+02
2.390784159762619936e+02
2.524932817011120392e+02
2.437414639741364226e+02
2.402041259513216858e+02
2.475349697274002096e+02
2.370188123856466689e+02
2.385868944542648080e+02
2.351841262762540623e+02
2.368520360703254255e+02
2.385894814637275090e+02
2.420539596389316443e+02
2.414140181988434790e+02
2.371981183888636622e+02
2.438263841908882341e+02
2.406951894657190110e+02
2.467693803351360486e+02
2.337017478843429501e+02
2.380943892317385746e+02
2.476191326157212984e+02
2.351837257270477153e+02
2.448810470379262654e+02
2.494177091532760357e+02
2.393254593231220042e+02
2.368540197103824880e+02
2.454220592608785694e+02
2.445617475026743648e+02
2.371729395834569800e+02
2.381595925281901600e+02
2.401684221983832117e+02
2.411805512995733523e+02
2.297058957672911106e+02
2.395456812843349610e+02
2.436539070467018178e+02
2.355998419456344664e+02
2.445213134207914152e+02
2.480270751350127227e+02
2.385107932125809782e+02
2.411811202550841529e+02
2.340121983349259551e+02
2.427529813936522203e+02
2.421157248936645203e+02
2.471432025419101706e+02
2.365168870129044194e+02
2.336800968809234575e+02
2.435850972107915311e+02
2.463177503193071232e+02
2.375811305710589068e+02
2.409954573173001506e+02
2.348319646756976340e+02
2.412207754295972961e+02
2.437746333516140567e+02
2.470756498208834557e+02
2.396781720043996984e+02
2.256140057566331620e+02
2.362323005274276397e+02
2.474892979828397301e+02
2.443011503726545186e+02
2.394882472822898478e+02
2.451391869786156974e+02
2.492883806318849906e+02
2.396387145045594309e+02
2.400841117065629930e+02
2.459548116260050676e+02
2.420932454544388008e+02
2.447465085847737214e+02
2.405442563656960431e+02
2.340732663713786508e+02
2.440845452998855478e+02
2.349479163287345500e+02
2.487975615381700436e+02
2.421833634387885752e+02
2.425747449496262220e+02
2.428300731014584244e+02
2.423179140770070603e+02
2.385601122450294724e+02
2.378591251495467702e+02
2.412977670752343329e+02
2.349864671260974092e+02
2.471563564945669498e+02
2.362282476140516962e+02
2.415668815695086948e+02
2.396109758673478893e+02
2.443393739787011896e+02
2.438088348885159462e+02
2.389778252406158288e+02
2.416617835250996791e+02
2.335004011006475935e+02
2.381811264475326197e+02
2.393659460465252664e+02
2.446332975080562164e+02
2.391490730506457680e+02
2.456594980118480009e+02
2.366020434495298730e+02
2.356989519020217472e+02
2.446638879754358982e+02
2.309444114021889050e+02
2.438518716169594711e+02
2.422878450075152443e+02
2.484646808674868907e+02
2.401542177846606307e+02
2.444348884208632171e+02
2.473568420212793342e+02
2.354760506681906520e+02
2.432940043397960324e+02
2.391671789449774508e+02
2.393548310727722992e+02
2.408677281308618774e+02
2.417083385108562652e+02
2.434064186646884309e+02
2.359139240923210536e+02
2.399760565790631119e+02
2.430751772708358089e+02
2.487644189342191225e+02
2.434963190501196095e+02
2.436372005624886583e+02
2.441705474039778778e+02
2.394208454021075170e+02
2.439025110816888287e+02
2.407737863123362274e+02
2.368602633993687618e+02
2.398948521279528165e+02
2.448844434737010545e+02
2.383832526288917677e+02
2.364903652370418001e+02
2.491957455195117745e+02
2.346731655255152020e+02
2.417857100044905678e+02
2.372836491823782978e+02
2.361640780330127143e+02
2.363862628024541834e+02
2.400714132163674890e+02
2.384352550118536556e+02
2.437326961320315206e+02
2.297977369160462047e+02
2.385206541466189947e+02
2.317484556659530597e+02
2.305175053508781957e+02
2.432339583677037353e+02
2.443285726313584689e+02
2.417296774609008310e+02
2.385142113000480606e+02
2.398012825380968707e+02
2.333828627194820342e+02
2.382561005814510793e+02
2.411134437711982059e+02
2.376970116786570770e+02
2.312040528189860140e+02
2.295876677704207225e+02
2.442658424483295789e+02
2.399274735487781243e+02
2.369169456251257486e+02
2.511545447974476133e+02
2.396587239546700800e+02
2.459697829772859450e+02
2.448713407727856861e+02
2.367434200840075675e+02
2.479294762171776938e+02
2.388445957015157433e+02
2.433984346475206451e+02
2.373927917339840690e+02
2.378959057226039135e+02
2.397361224163504403e+02
2.402907281523360155e+02
2.387015359995313304e+02
2.424420424934309324e+02
2.419261543346752319e+02
2.484147945105958684e+02
2.416877469117472685e+02
2.428043321384604099e+02
2.384607432524630042e+02
2.418659731741190058e+02
2.362441068877981820e+02
2.406500233476349138e+02
2.420186131998030419e+02
2.324086434471900304e+02
2.410342210048240474e+02
2.404353303855669992e+02
2.363346443155107863e+02
2.378806899537832180e+02
2.358081950571059622e+02
2.461344174033538650e+02
2.355427147201700961e+02
2.452218369292934312e+02
2.468278172745663142e+02
2.430686781367013793e+02
2.395364162542084330e+02
2.461222300472698237e+02
2.415640972532424371e+02
2.533875725379799917e+02
2.436145689586234937e+02
2.326017020273263256e+02
2.387229875378532711e+02
2.447848911993289960e+02
2.347265807081842297e+02
2.420863502706495183e+02
2.472759471579488206e+02
2.418576437165554296e+02
2.386119468355345816e+02
2.489617435827705094e+02
2.439433998611977188e+02
2.374971648129808841e+02
2.348644967574446980e+02
2.382977119256826484e+02
2.417433936295451531e+02
2.423070881035425828e+02
2.318426024899919469e+02
2.386383013415453149e+02
2.396688631058515853e+02
2.401764324043255669e+02
2.400454773528521457e+02
2.449718788621594285e+02
2.393275973221843742e+02
2.394692278586183818e+02
2.384705072448364263e+02
2.462624737047087820e+02
2.433261134714046818e+02
2.388141945031875366e+02
2.363815547128066896e+02
2.276353375657533604e+02
2.415269100433133644e+02
2.452033985547951147e+02
2.354773336151416459e+02
2.426181234409110345e+02
2.382762316019116895e+02
2.377671978097850172e+02
2.373561311067894337e+02
2.423017549144397549e+02
2.327739685244820009e+02
2.341203678899659053e+02
2.391281699459929655e+02
2.348795364205838041e+02
2.405521547420970876e+02
2.360474848947749535e+02
2.348260999096163459e+02
2.391233724886384380e+02
2.410101861352426340e+02
2.472428648731375347e+02
2.394035538652492789e+02
2.433128180605842203e+02
2.454629802655273068e+02
2.416590057298921579e+02
2.372117972812116022e+02
2.463936888835683021e+02
2.419125594702547914e+02
2.315104913169128906e+02
2.388624323809212058e+02
2.368943826687978174e+02
2.375193722927725446e+02
2.381317723597512668e+02
2.390298106064082049e+02
2.327618634147611090e+02
2.320142605702182550e+02
2.406856380975809202e+02
2.335538076052148995e+02
2.362559752135740041e+02
2.420669475120199365e+02
2.472926118366819423e+02
2.415862825598575512e+02
2.337899288240847113e+02
2.391327781636737484e+02
2.356833014193264546e+02
2.384675003325903901e+02
2.433244770303145117e+02
2.412032704355188457e+02
2.321470430155474673e+02
2.467528756314040095e+02
2.328871674699596781e+02
2.395413500699601741e+02
2.385707996508456574e+02
2.388466287219461606e+02
2.385754181195621015e+02
2.330488108168660801e+02
2.427575981125226576e+02
2.435374604289399088e+02
2.412804431053648671e+02
2.311326095891428167e+02
2.383814379414594100e+02
2.341579874020521856e+02
2.464223379107147025e+02
2.379648632279002527e+02
2.455532763043680404e+02
2.347942897383198613e+02
2.431271062215369625e+02
2.409646008954355523e+02
2.375964164028544303e+02
2.395371983832687874e+02
2.451231589074875785e+02
2.344827915319661997e+02
2.405030431873291263e+02
2.416574577248207163e+02
2.384802089008331336e+02
2.413741794811806471e+02
2.419550361339606752e+02
2.348086661567688225e+02
2.357956784464762450e+02
2.469590941954069478e+02
2.446414516628427975e+02
2.440979187293603729e+02
2.414530888586259323e+02
2.334351517131517824e+02
2.477025716587564546e+02
2.291412708729692724e+02
2.400094756866923547e+02
2.424874355806028916e+02
2.400207666427049844e+02
2.356778830083293315e+02
2.392720072749860094e+02
2.422071886902603524e+02
2.413480309516591547e+02
2.432286949917450443e+02
2.438588776643988183e+02
2.421847067835546454e+02
2.420182763458163890e+02
2.375995055692823144e+02
2.401552320401743827e+02
2.415438822855701915e+02
2.458856955333795327e+02
2.428521060195594714e+02
2.430168683921626780e+02
2.406494474369517036e+02
2.429331530961235046e+02
2.424947353031971602e+02
2.433256396322592821e+02
2.375377151316951370e+02
2.433006212122840566e+02
2.408530209336540793e+02
2.444313381891109600e+02
2.420239525895268002e+02
2.362301578405048588e+02
2.420569831255963038e+02
2.326663212437995298e+02
2.427404494724086419e+02
2.393971091560175921e+02
2.362248888286973454e+02
2.340975436746103924e+02
2.444125736001690257e+02
2.328408297069093464e+02
2.381666996539680667e+02
2.388658885879764853e+02
2.410963056629850598e+02
2.358882834605445851e+02
2.417104840077581969e+02
2.345433891326511571e+02
2.448925698617786679e+02
2.416642345030971342e+02
2.398864741868776207e+02
2.346480477983862443e+02
2.412178225437170056e+02
2.408285666349415806e+02
2.319928849506168547e+02
2.422899417386551875e+02
2.413807350568199581e+02
2.363296139830091818e+02
2.450441801562185162e+02
2.387791972833146588e+02
2.429910090351256144e+02
2.303703357892047734e+02
2.394820771255525926e+02
2.392229218352248949e+02
2.407290029854987381e+02
2.431941350765311824e+02
2.385402207181874417e+02
2.351152405011805797e+02
2.378269657931460586e+02
2.460406558506798547e+02
2.357296477434846622e+02
2.368335308589198007e+02
2.378740805137218786e+02
2.380977656005370307e+02
2.444871332083081938e+02
2.424666057273088882e+02
2.343046386351950616e+02
2.400920158879026189e+02
2.467679289548475481e+02
2.343002254598488605e+02
2.449961225743065825e+02
2.422026728675143659e+02
2.419975837320311882e+02
2.388657073064008216e+02
2.424786996706571358e+02
2.419973203145661103e+02
2.493512426460568747e+02
2.443620302089479424e+02
2.369714814598745534e+02
2.356914883010489348e+02
2.376334400535351961e+02
2.366761419281534700e+02
2.359049180621147457e+02
2.449255627795438386e+02
2.452791373723678703e+02
2.399609066421624277e+02
2.471602044002249556e+02
2.396754792993700391e+02
2.474006442653926001e+02
2.447826093695869929e+02
2.453093494616437908e+02
2.390368860457462858e+02
2.405335499744666095e+02
2.444594623054398994e+02
2.399195575636866522e+02
2.433072163933254899e+02
2.430878328652019604e+02
2.395903318375835056e+02
2.414691189363016122e+02
2.358109994098977609e+02
2.494715091156884625e+02
2.436719995401707877e+02
2.434317113317225107e+02
2.327375134482133205e+02
2.352844106177265644e+02
2.342379158978101259e+02
2.417931223063293373e+02
2.371070810872629977e+02
2.382930768392671439e+02
2.420868402867905615e+02
2.447072143812647198e+02
2.374652737002509753e+02
2.396943142593248410e+02
2.449133896445880225e+02
2.491825274773416936e+02
2.379164199490780902e+02
2.419745913572430709e+02
2.430335717487810427e+02
2.397664132816620395e+02
2.385402762126145149e+02
2.453289397410860317e+02
2.453528403194025884e+02
2.434414922736107201e+02
2.382805930357678221e+02
2.412735612274372272e+02
2.364359040723946634e+02
2.352391425774933111e+02
2.391465330328325649e+02
2.453878717574514496e+02
2.354880849645921899e+02
2.382220314263750254e+02
2.361402213230845177e+02
2.521758096354527083e+02
2.453027489568600004e+02
2.389021266949569906e+02
2.411275670392881523e+02
2.408569935528422548e+02
2.328347323487857352e+02
2.370658712547093785e+02
2.396185394212278652e+02
2.357841217434618954e+02
2.378861330028646819e+02
2.398398762245674618e+02
2.394594047835456081e+02
2.446909744667923974e+02
2.475440727279618329e+02
2.390977961562213352e+02
2.441882581740352407e+02
2.418057922195935134e+02
2.457549426920583073e+02
2.381846128049788547e+02
2.369304301372899317e+02
2.370710852584937811e+02
2.468586886078731197e+02
2.377579062870610471e+02
2.382959749532898570e+02
2.390557213613207068e+02
2.417444782294573145e+02
2.484070948991408727e+02
2.426815540171005523e+02
2.373778800460368359e+02
2.429079296963204513e+02
2.388871531930139156e+02
2.369233528539843974e+02
2.441652698922397349e+02
2.389884474886343355e+02
2.417349891213509920e+02
2.441567225805373482e+02
2.389125801680667962e+02
2.404477738806833713e+02
2.444167770799356845e+02
2.293637162440157624e+02
2.346022739072067225e+02
2.378589183774772948e+02
2.414553734969652510e+02
2.416848770827342037e+02
2.364801274250504832e+02
2.325528068788406983e+02
2.427021558129699770e+02
2.490331864668931132e+02
2.336977615403702373e+02
2.347670558284470417e+02
2.392799147084041635e+02
2.288057294166246436e+02
2.335917397612413424e+02
2.391493698843665641e+02
2.374335075993229509e+02
2.453728158316487509e+02
2.435432803651702898e+02
2.425677240877043346e+02
2.386478344630419315e+02
2.453904319328524934e+02
2.361099583483763524e+02
2.393286348501162024e+02
2.349912352359799854e+02
2.382027566549045332e+02
2.353001171757140355e+02
2.385115943228748279e+02
2.476816227592265989e+02
2.438509377410268826e+02
2.427463039123209967e+02
2.433217729490211241e+02
2.421671880800832639e+02
2.506068246566832727e+02
2.336799757123695827e+02
2.381573821410083553e+02
2.337952903100778315e+02
2.371049305304723589e+02
2.442007313965300455e+02
2.418977077542417646e+02
2.323134942690128923e+02
2.426427353016248958e+02
2.440246676310046041e+02
2.491742779650905391e+02
2.390277859951092125e+02
2.460884645851166681e+02
2.453044578889326033e+02
2.413189228965691200e+02
2.384238766892720491e+02
2.454393947179233351e+02
2.366190773492780579e+02
2.352918487719269081e+02
2.399052010410654816e+02
2.331127848524862429e+02
2.493377034605217375e+02
2.399150328567773727e+02
2.378673999838352984e+02
2.327540118194697811e+02
2.415821531001535050e+02
2.393501960583677999e+02
2.426832162667760713e+02
2.388180945313148413e+02
2.484762132311289236e+02
2.353322259342711504e+02
2.385670208215448724e+02
2.405595587160919422e+02
2.443478214041644492e+02
2.353530745213079456e+02
2.395261090712772898e+02
2.441851104403128829e+02
2.387853918043936403e+02
2.437877071582985593e+02
2.425281620839651850e+02
2.398852590442352835e+02
2.351393800634921547e+02
2.439374386205864482e+02
2.306899031103322102e+02
2.427068364583649611e+02
2.412383364501395988e+02
2.353814054660468855e+02
2.415985039574425457e+02
2.336897482350281905e+02
2.478562195196288656e+02
2.490946411721582763e+02
2.403865833012983444e+02
2.354420446620460154e+02
2.425872970515728468e+02
2.435842078551068823e+02
2.329633821681913730e+02
2.417985653272752415e+02
2.437868129073905834e+02
2.418933338245816174e+02
2.431371484287528233e+02
2.324066203437974991e+02
2.466385111810852777e+02
2.404077074090502890e+02
2.387111436989033280e+02
2.436132721595896555e+02
2.369457504967964496e+02
2.425718619976363755e+02
2.420350697633314780e+02
2.400223827128682217e+02
2.448881784117313032e+02
2.423600492623841660e+02
2.347525243858480621e+02
2.407928248936162561e+02
2.393530256905760041e+02
2.417527821349061981e+02
2.387321386373783696e+02
2.424424798198570841e+02
2.453789627865409670e+02
2.335530921270081421e+02
2.359464558415406543e+02
2.356634076250006729e+02
2.436927026237318046e+02
2.343568993888855232e+02
2.462057078195559257e+02
2.304169604727819092e+02
2.297368336187974762e+02
2.344184210870176628e+02
2.431716798201193797e+02
2.481267927768161314e+02
2.377747207043355786e+02
2.352936345562964107e+02
2.370546485424994785e+02
2.362133855159175937e+02
2.427951893161758221e+02
2.393798476166757609e+02
2.360165278359565662e+02
2.416213226731434247e+02
2.435973797405620189e+02
2.324597691727174151e+02
2.422493347861162363e+02
2.428546851843279910e+02
2.429403139789357908e+02
2.389297754148846309e+02
2.435888174974528226e+02
2.350366279626275343e+02
2.375883707113750063e+02
2.451796252434415351e+02
2.460748859644173479e+02
2.392931962980954381e+02
2.422664732959214575e+02
2.419032112900939637e+02
2.472177411126102413e+02
2.357892061818097034e+02
2.413033462933769613e+02
2.395779533784620696e+02
2.382902295848534493e+02
2.427865566383972009e+02
2.471847671951211964e+02
2.479494014442461776e+02
2.358461908045381108e+02
2.408813807947354633e+02
2.408798047530624444e+02
2.427932342916407435e+02
2.376561915189537615e+02
2.368571009914100216e+02
2.383273785131234774e+02
2.456867484832692696e+02
2.341474108706331378e+02
2.378407241011705935e+02
2.486973777582089440e+02
2.440308907569474570e+02
2.395746078216148476e+02
2.409451585490421905e+02
2.370448794029505564e+02
2.333404008779917831e+02
2.459971613185857962e+02
2.401756803667367706e+02
2.433487683828572301e+02
2.420310985718842005e+02
2.465752516362764482e+02
2.408008409897233832e+02
2.408088115814477987e+02
2.336699900368017211e+02
2.385132571860825124e+02
2.363550175340894555e+02
2.409344645775857430e+02
2.360690856307208776e+02
2.444440636155046036e+02
2.371766112809053197e+02
2.428321566951647696e+02
2.360487753412395477e+02
2.355929818758515921e+02
2.417577240809967520e+02
2.378443322062726111e+02
2.477772268207421007e+02
2.400136348972907570e+02
2.370439465762454745e+02
2.361927780193356341e+02
2.440570260906306146e+02
2.378986139888030493e+02
2.369701312709695458e+02
2.390189204300260144e+02
2.414245458672940003e+02
2.369718420634632423e+02
2.374404523982483397e+02
2.426466614512790727e+02
2.403762995479658002e+02
2.393441494059310060e+02
2.396922726945065278e+02
2.428423031929223157e+02
2.347114410184169913e+02
2.461922651168520986e+02
2.424445944255255370e+02
2.382515433754628873e+02
2.390015617155802374e+02
2.377357366979697986e+02
2.376640551997648458e+02
2.430058864543043455e+02
2.386200297329724265e+02
2.446226211030345326e+02
2.335808237821621560e+02
2.386920675446526730e+02
2.380925872617069956e+02
2.387827045765708363e+02
2.395022731109362439e+02
2.432155025317508148e+02
2.388970165369478309e+02
2.464457923933069594e+02
2.375826155962118378e+02
2.391496532548294169e+02
2.454978740464733278e+02
2.326260242151578268e+02
2.402013821291186844e+02
2.373346982931890921e+02
2.404291005447185228e+02
2.438090261724871937e+02
2.422583838016250581e+02
2.415981684254517745e+02
2.468353279064050696e+02
2.420238805115511980e+02
2.402211660378544877e+02
2.394836302551840106e+02
2.443318895040298457e+02
2.450700579328948834e+02
2.401556172029296192e+02
2.476140947105582768e+02
2.341892549445091163e+02
2.384088129825539113e+02
2.402513658409203288e+02
2.423881307288138487e+02
2.401499509893407662e+02
2.402620192848949898e+02
2.445577766301193208e+02
2.474777785310077718e+02
2.352110619596057575e+02
2.486659395663825194e+02
2.389089672873041081e+02
2.415867210545624459e+02
2.430671379021192422e+02
2.403597606527397375e+02
2.474650848371548761e+02
2.439358471344870907e+02
2.446894789426057173e+02
2.397323306007423867e+02
2.428094108836082228e+02
2.380261748784516556e+02
2.379724919664099048e+02
2.426108821183451880e+02
2.444332474020273196e+02
2.416362884194753917e+02
2.351727564040909044e+02
2.419768062205438923e+02
2.453805564364042198e+02
2.486643079782362236e+02
2.390941850452638846e+02
2.423241559261834368e+02
2.380849810896713734e+02
2.449200723902678192e+02
2.369526674133757354e+02
2.479201324509589881e+02
2.422349622932656530e+02
2.437478037315962922e+02
2.387752974569030471e+02
2.393346915317241894e+02
2.359188539826528483e+02
2.439273309261375005e+02
2.403692391871974792e+02
2.416134270140130127e+02
2.393855654393928489e+02
2.492908742088769429e+02
2.435070782170496670e+02
2.317854281992707115e+02
2.382770715011874927e+02
2.395702811828810468e+02
2.355752922181850693e+02
2.392127472450968639e+02
2.352770284682771944e+02
2.354246721210909925e+02
2.333673398063186823e+02
2.400183595963849541e+02
2.394811361347420871e+02
2.407969640468749901e+02
2.329037552072665846e+02
2.336069949248653472e+02
2.474419023911569013e+02
2.436301900800237945e+02
2.498151456871251241e+02
2.418370237522831019e+02
2.406536365573113585e+02
2.365803627845497203e+02
2.464065696763119320e+02
2.410380138685531790e+02
2.436016589154372980e+02
2.393230366986479112e+02
2.458352084985502017e+02
2.437679460049757836e+02
2.401904917984335270e+02
2.431094908791686464e+02
2.426231110607396602e+02
2.380734082647637138e+02
2.391249988971165976e+02
2.403384931359126711e+02
2.357708812342978320e+02
2.356816601590035702e+02
2.454921247144322649e+02
2.460594842881627358e+02
2.386552630634441243e+02
2.438197228088889688e+02
2.386950066478051440e+02
2.327558271232438756e+02
2.381922359500052835e+02
2.344815585501711723e+02
2.402792492951357133e+02
2.379001100300856137e+02
2.404548677075455601e+02
2.397887957939865657e+02
2.366577575488732919e+02
2.381661527727099497e+02
2.467666396457209714e+02
2.384306455117991277e+02
2.392236796873243634e+02
2.321152090706035267e+02
2.452711944647355153e+02
2.455939572843565202e+02
2.442109615003420231e+02
2.435250385221847864e+02
2.436328841649150263e+02
2.381849662065765187e+02
2.468670266860871152e+02
2.452922215441009541e+02
2.415594346263958698e+02
