1.621282770871832781e+02
1.654869257326830905e+02
1.657830959385936467e+02
1.582513677335635123e+02
1.647611388851821346e+02
1.531239572381386722e+02
1.698702004996810615e+02
1.505015023695150944e+02
1.644390606814658895e+02
1.549149966847044197e+02
1.673743829233040401e+02
1.534825097099120796e+02
1.596250468198849148e+02
1.613867634158924602e+02
1.634812273249011980e+02
1.527366648461828902e+02
1.523368623696939608e+02
1.565661671360283265e+02
1.634424045354226678e+02
1.561896882173626864e+02
1.509247671364079793e+02
1.684308980574161581e+02
1.565565678024146905e+02
1.533203860924800210e+02
1.537613114894527371e+02
1.560835576472474031e+02
1.588992477166191577e+02
1.664574703604970125e+02
1.673414985380110238e+02
1.617259997282460517e+02
1.615972640764472885e+02
1.593094507472714554e+02
1.688919932107606883e+02
1.596147164822461093e+02
1.595271571921547036e+02
1.569925287891372250e+02
1.539386194822759535e+02
1.533539963724789743e+02
1.638108488800195914e+02
1.601054936819597856e+02
1.633980912216550223e+02
1.546926656237241104e+02
1.626131005303015513e+02
1.590695137846547027e+02
1.616921304764210277e+02
1.609852397500519317e+02
1.632361091742120323e+02
1.589607453613593577e+02
1.659273278892489998e+02
1.591205567811330184e+02
1.603932786338737913e+02
1.590529313894618895e+02
1.644779722588627635e+02
1.515780544812857897e+02
1.528983273236572984e+02
1.625156930555647534e+02
1.564062116290080269e+02
1.591124041008952474e+02
1.544972635928216960e+02
1.617904900931380894e+02
1.562928088814506964e+02
1.531218377443760517e+02
1.595673059952723634e+02
1.457691650435393456e+02
1.510244272991678827e+02
1.596649231011129757e+02
1.644781474346848995e+02
1.626295709253301993e+02
1.590924275762144191e+02
1.478903555514176844e+02
1.569177187307163024e+02
1.598275796541495595e+02
1.572186996137457413e+02
1.616294113238542138e+02
1.512787678273063250e+02
1.632739089191836399e+02
1.532748126807918254e+02
1.631026925220333510e+02
1.526259341538334695e+02
1.498817440987663474e+02
1.581442250168819044e+02
1.534086626280453629e+02
1.605374903720692146e+02
1.605888517826712132e+02
1.565867196076108030e+02
1.506622965115853106e+02
1.548025223453596482e+02
1.641813024309088291e+02
1.545575615605677626e+02
1.510485471171345466e+02
1.646172431072931772e+02
1.547314709949968119e+02
1.576299196963250040e+02
1.492965445400481883e+02
1.560783493359354281e+02
1.620321486290971791e+02
1.615063712588415115e+02
1.617770307086292974e+02
1.511780195208585269e+02
1.583841397835259386e+02
1.618302615256484671e+02
1.592698992174401553e+02
1.627058042138886549e+02
1.621824300672316213e+02
1.484222177165064238e+02
1.563416629568841927e+02
1.639495760781393301e+02
1.525375372659897550e+02
1.620526052900178513e+02
1.523249099437650500e+02
1.622815043212189607e+02
1.560845023942225112e+02
1.580306117278855140e+02
1.630996919215712921e+02
1.587239509536600508e+02
1.586351486847697743e+02
1.553420597056272925e+02
1.568408738885441664e+02
1.588254375073134383e+02
1.541864089963992797e+02
1.549762448065786771e+02
1.605029475910091890e+02
1.600485800022793512e+02
1.544411814491330119e+02
1.558151100081979905e+02
1.619652832272509215e+02
1.621227133532790390e+02
1.605067106516570448e+02
1.673456778637226989e+02
1.507698969331061392e+02
1.525931858554888834e+02
1.553182594976146049e+02
1.546997490373454696e+02
1.527195936717113796e+02
1.505963112529735213e+02
1.566506590956688001e+02
1.658627931460086415e+02
1.594024957766457931e+02
1.592691736324776741e+02
1.593867787201123463e+02
1.612306893439356656e+02
1.520744994954392268e+02
1.586176837830377622e+02
1.657352559839090702e+02
1.578235177683945665e+02
1.607541420213892707e+02
1.577821874663041513e+02
1.580048634500379023e+02
1.614067337969485152e+02
1.606486104010590736e+02
1.556488938629366032e+02
1.607927126967373397e+02
1.616154921002726326e+02
1.561236832701177946e+02
1.657532089428020470e+02
1.517504900482227299e+02
1.585228294056736615e+02
1.670717655853275403e+02
1.618381181796734438e+02
1.628097401957111856e+02
1.567108692374416137e+02
1.623077808092388921e+02
1.599413952443646281e+02
1.551785674524921603e+02
1.573561448232069893e+02
1.604293800459436170e+02
1.568007882796438253e+02
1.563020786586264990e+02
1.608288923904028422e+02
1.589280533181782289e+02
1.567597139121177463e+02
1.593726363827698549e+02
1.579195047000496857e+02
1.622328916390166000e+02
1.659269649034802967e+02
1.660222269929643062e+02
1.586327219750997983e+02
1.684833567040345770e+02
1.606329477210090602e+02
1.614648206228698371e+02
1.569237913847836126e+02
1.611701422308865403e+02
1.649223398721604212e+02
1.585658835539417453e+02
1.548799196293297769e+02
1.558634841080097431e+02
1.579640826198306627e+02
1.565954762748689006e+02
1.610945956051174903e+02
1.613799690698743632e+02
1.645446604027453645e+02
1.534610154025007205e+02
1.549134578424962001e+02
1.589250776742597964e+02
1.578048573423015739e+02
1.627264870902678240e+02
1.566735915460465662e+02
1.592464609501821542e+02
1.601566932123203344e+02
1.570519074730922853e+02
1.551433369687903507e+02
1.628480187070746013e+02
1.561170540530895892e+02
1.626732809789413068e+02
1.640969570911488518e+02
1.629006783268758056e+02
1.580410511111608400e+02
1.572661450052620751e+02
1.613990297939952825e+02
1.582557114616894012e+02
1.669646787764476414e+02
1.624455272728182536e+02
1.657128319091524418e+02
1.629578215556245766e+02
1.508734473566050269e+02
1.645856838219176836e+02
1.623097343086509454e+02
1.599417170684997416e+02
1.551670812479255801e+02
1.572463896785310453e+02
1.600715936984286429e+02
1.602523683654397928e+02
1.577286992480833305e+02
1.557407896655228114e+02
1.597935302746050183e+02
1.656933646842017822e+02
1.602361430722044418e+02
1.589931072624334263e+02
1.527537885381735521e+02
1.622702088465269128e+02
1.611998216815671015e+02
1.542773778074478912e+02
1.590013895210474857e+02
1.581544475494283688e+02
1.514675932316937406e+02
1.584805824255105904e+02
1.617289644610804658e+02
1.592261550327119437e+02
1.540340101846461209e+02
1.659745688283948652e+02
1.641081769206919887e+02
1.588807445823581759e+02
1.568829105654404259e+02
1.597949429326033339e+02
1.564109316351278665e+02
1.490825202732665957e+02
1.613115243503898171e+02
1.519441326861582979e+02
1.636856755770464815e+02
1.564658074281084339e+02
1.484188614271454583e+02
1.670103933665879481e+02
1.650152726871621383e+02
1.567584152704600342e+02
1.613243653851182273e+02
1.607102730400676478e+02
1.595142758032316692e+02
1.570750112139860448e+02
1.484680134709658148e+02
1.645307623538644464e+02
1.630776136825494689e+02
1.639820670939568572e+02
1.657985633426261813e+02
1.590024545298534235e+02
1.499716094877160231e+02
1.574393431209640823e+02
1.592665732527759701e+02
1.650341832745029080e+02
1.566743230669021898e+02
1.668000929654399727e+02
1.565183181367953580e+02
1.557576644279488960e+02
1.614874211948212803e+02
1.596568045821734643e+02
1.675155150286284140e+02
1.625001613066716004e+02
1.576503254860978416e+02
1.594104787703328441e+02
1.597404904694830066e+02
1.558638839967885872e+02
1.559856435241521524e+02
1.576634641114342514e+02
1.543414976309924214e+02
1.567047074363219394e+02
1.643540357082769674e+02
1.629009647995415548e+02
1.655213356772505620e+02
1.614512297509672294e+02
1.540843701147600768e+02
1.572379102415293062e+02
1.603973427961011851e+02
1.664812475065809565e+02
1.573974748765441802e+02
1.607440422716572925e+02
1.642714735117219504e+02
1.563371832739858007e+02
1.547856791881121410e+02
1.640260764230610278e+02
1.600685668818563272e+02
1.629861461983947777e+02
1.552598910171666091e+02
1.523249861911894527e+02
1.551987253580203401e+02
1.599624451691702234e+02
1.561512384087418468e+02
1.631375403242300308e+02
1.536846126002882613e+02
1.566246191551738320e+02
1.552264048288535321e+02
1.563391454315667204e+02
1.593291124779770200e+02
1.562603579274960737e+02
1.550740454762290597e+02
1.572260964316873526e+02
1.621197215334707664e+02
1.548709986389210371e+02
1.516742394085086119e+02
1.594726260197188026e+02
1.543877900697310679e+02
1.551347496155535453e+02
1.572056949912112316e+02
1.655908629662929172e+02
1.599515856575552561e+02
1.516708910290078336e+02
1.640944179817242343e+02
1.625298776543603765e+02
1.586071549035376052e+02
1.564234999431675419e+02
1.554790849406853681e+02
1.622156280519890572e+02
1.489542501244774826e+02
1.611619517072620624e+02
1.610513141437463673e+02
1.658691361039674348e+02
1.578516535288802629e+02
1.663730488134200982e+02
1.539453378529384793e+02
1.492154292978947012e+02
1.562074517829309741e+02
1.627428176574799750e+02
1.560996719647908435e+02
1.572557331894149684e+02
1.541319656682853179e+02
1.597486616201353513e+02
1.524404242769687698e+02
1.614638609127289897e+02
1.516270773790036515e+02
1.612024018098318265e+02
1.561212818053555509e+02
1.569698949792351925e+02
1.641284704394470850e+02
1.604624502869681919e+02
1.618498953269973981e+02
1.649032714761593184e+02
1.573941613132438704e+02
1.585355429759089532e+02
1.585104586251920011e+02
1.618881056691200229e+02
1.551248664715315329e+02
1.612242578260192829e+02
1.639786758807322542e+02
1.561487496447806791e+02
1.557478738512440088e+02
1.653257495035458362e+02
1.504986941510778706e+02
1.579452596156895936e+02
1.631929262891785868e+02
1.510473623734428372e+02
1.602932122499403818e+02
1.604204422504679144e+02
1.645077384163229510e+02
1.559996156292645253e+02
1.546741481008220660e+02
1.516668736469416103e+02
1.575402337904121168e+02
1.634342151778207040e+02
1.582436230239161148e+02
1.636256848298599778e+02
1.562252888446020620e+02
1.644668799018148491e+02
1.543891499789892805e+02
1.596378700296455122e+02
1.555917696145843649e+02
1.598407828898668299e+02
1.544462232475388532e+02
1.598228641188766233e+02
1.621925062099494710e+02
1.588310459089513529e+02
1.584219330701137096e+02
1.603259679353221259e+02
1.625780397167245894e+02
1.558015936185735484e+02
1.561823454802604658e+02
1.657572433701837440e+02
1.568724818337967122e+02
1.555642619244440255e+02
1.597526536232889782e+02
1.555503595481042396e+02
1.557334204736421270e+02
1.597528753671610389e+02
1.588767312051249121e+02
1.535777939844636819e+02
1.646797236484802909e+02
1.608134897819593618e+02
1.638179813600301031e+02
1.635021560213105545e+02
1.579596327692643172e+02
1.524720549932081042e+02
1.535931671418391318e+02
1.607043056654129316e+02
1.542439526016819684e+02
1.499099057785240916e+02
1.611353421738032807e+02
1.612176891316649119e+02
1.586672330088053968e+02
1.594186049023681164e+02
1.566122598678200291e+02
1.653550645333137936e+02
1.525780247523889841e+02
1.573850991678402522e+02
1.599791520346677203e+02
1.598121947403503214e+02
1.515613099268492761e+02
1.599528549242449742e+02
1.595185248684278463e+02
1.581765203624336777e+02
1.579856385160228456e+02
1.668289715919098910e+02
1.582584576138123396e+02
1.622081981888890709e+02
1.514559653591125254e+02
1.687408470006368759e+02
1.627750450797071551e+02
1.639523979810113872e+02
1.656230694564114572e+02
1.576454411979134989e+02
1.606811697223729993e+02
1.697166391343503165e+02
1.634565259164336055e+02
1.642167595120295687e+02
1.642251046843506970e+02
1.617266435576688650e+02
1.613434779163832502e+02
1.577307392463873441e+02
1.514190383511855771e+02
1.631706909847254963e+02
1.577928969719010013e+02
1.599446169808729223e+02
1.602546816778853440e+02
1.605853211255906956e+02
1.662546567341925083e+02
1.555273387505706637e+02
1.548048234412904662e+02
1.538076609521241949e+02
1.551493745322016480e+02
1.605095342566214072e+02
1.612467964433991483e+02
1.485231029654020745e+02
1.642710199438179188e+02
1.570929389458261198e+02
1.549410304345473151e+02
1.608533032976627339e+02
1.570766371636374288e+02
1.557137243387718115e+02
1.562446903832530154e+02
1.601359727268745132e+02
1.587707365462100597e+02
1.575339353642812341e+02
1.581268110287983006e+02
1.532047594371781543e+02
1.620182294391784126e+02
1.587091734872228983e+02
1.592512288632167952e+02
1.656810789515117790e+02
1.540628663648642771e+02
1.625522726611082760e+02
1.524329039198583473e+02
1.575846010208538246e+02
1.664437906664726370e+02
1.601675014309442417e+02
1.550898898333960858e+02
1.567883681590996900e+02
1.621462997618810675e+02
1.615572156917985183e+02
1.541864582142024176e+02
1.548559399920704323e+02
1.533506884634799974e+02
1.568580726677900827e+02
1.573754880715024171e+02
1.585516493609428323e+02
1.561854832192398703e+02
1.581765879719056613e+02
1.625812512267551426e+02
1.588288368355868272e+02
1.582269532563551877e+02
1.567215294813076980e+02
1.604239517151311247e+02
1.644923206633506538e+02
1.552754043617606499e+02
1.583271676244783350e+02
1.581626467446866684e+02
1.610369419274515224e+02
1.586753372930975559e+02
1.562441666795853337e+02
1.585900234937802509e+02
1.588411534872008133e+02
1.661930501811643524e+02
1.602935931376283065e+02
1.591235526723418445e+02
1.577597569196931602e+02
1.572255735185188996e+02
1.576188630041659167e+02
1.575813170855883527e+02
1.561525152140797275e+02
1.528916874876053100e+02
1.624995658862762298e+02
1.636912753978087665e+02
1.547244867500579915e+02
1.615230217301087521e+02
1.599232733599579888e+02
1.617908276655921895e+02
1.597470558092079500e+02
1.559425870917090720e+02
1.692496043465970956e+02
1.608233431438813170e+02
1.607373766916331306e+02
1.584166523896794843e+02
1.606906829025624859e+02
1.600175577656198413e+02
1.537430816996366616e+02
1.720131825575760445e+02
1.603717574894650113e+02
1.591881823216927216e+02
1.532032307018844790e+02
1.616525445685974773e+02
1.615383702800300512e+02
1.490500720088274988e+02
1.601743636865443534e+02
1.582224616770895977e+02
1.598928367179764223e+02
1.483775650205277543e+02
1.571241441911959669e+02
1.530629234007092236e+02
1.607356739392831457e+02
1.627443388041925516e+02
1.625254354971429223e+02
1.607916361877507541e+02
1.598865873383523137e+02
1.556723674354041691e+02
1.598306249711787075e+02
1.589288286251981219e+02
1.615340096069639628e+02
1.654351180744639578e+02
1.534874071076151552e+02
1.591278939520491917e+02
1.541700449229133767e+02
1.562404726284589174e+02
1.545362671604817422e+02
1.626701178841987030e+02
1.526212704131316968e+02
1.662234083408302752e+02
1.662370029571333419e+02
1.665637856926781808e+02
1.634801727080427440e+02
1.539756862472611658e+02
1.635125287853815053e+02
1.656064164123489491e+02
1.542545267435698122e+02
1.663914755115084745e+02
1.534178088657746173e+02
1.592190078910108184e+02
1.574689915993097316e+02
1.555217407954301905e+02
1.605022141565994218e+02
1.579530504383132268e+02
1.660563713298957396e+02
1.559091527559288579e+02
1.585157959485281935e+02
1.654582187277806895e+02
1.644003702401924727e+02
1.639525484459771576e+02
1.604940594437179584e+02
1.585095922166470359e+02
1.586823597033736633e+02
1.505844181577067786e+02
1.610917134274552609e+02
1.540714296040109730e+02
1.494863818312977912e+02
1.569099762257034456e+02
1.583544134809013144e+02
1.490024511694562364e+02
1.589918809794261847e+02
1.626222001919780951e+02
1.554169505226088575e+02
1.636777807513350353e+02
1.572700239059370517e+02
1.528630424300397976e+02
1.540412705103550479e+02
1.613585158343124704e+02
1.609089464953932520e+02
1.599438028072936504e+02
1.615989316847101520e+02
1.602520270133676945e+02
1.651707781617923274e+02
1.530382213738820951e+02
1.575080575163212302e+02
1.576127550710715468e+02
1.578294699370287617e+02
1.593448828352201190e+02
1.552292244791813687e+02
1.564842438575870460e+02
1.572669841793978946e+02
1.564276003862483435e+02
1.586234368768915601e+02
1.671915447002317023e+02
1.568587230169349027e+02
1.525081243009011587e+02
1.482084481271695893e+02
1.561825633870384422e+02
1.507546598839098522e+02
1.590829490640806512e+02
1.643970591551239977e+02
1.575965762788013649e+02
1.579769410254112927e+02
1.493565236023863463e+02
1.603008353033760329e+02
1.538944438594979260e+02
1.665089256463027141e+02
1.615077484929855700e+02
1.542161860797996553e+02
1.651238877944608987e+02
1.608992603112052677e+02
1.567242783840986533e+02
1.564203943163442148e+02
1.574338619503359666e+02
1.634031411059184222e+02
1.658355748666964473e+02
1.632524788765199162e+02
1.647390438772865195e+02
1.615283255704343617e+02
1.586005780831668517e+02
1.558374432571838781e+02
1.645140375831904578e+02
1.617162462606412134e+02
1.650833403894393427e+02
1.589733287378612090e+02
1.689361900247502604e+02
1.538163043210467436e+02
1.567359486149520933e+02
1.604022165223165359e+02
1.506394191658199020e+02
1.549992871851722214e+02
1.521222920469762130e+02
1.520265744728221762e+02
1.664223990317724713e+02
1.587557009556880132e+02
1.610243569796733425e+02
1.658628553994833226e+02
1.571406525366574272e+02
1.576158585733140569e+02
1.605953931074274976e+02
1.585237290918855422e+02
1.537907507840855317e+02
1.624658973924150018e+02
1.566430852993742917e+02
1.530603285927111870e+02
1.596854221282939932e+02
1.553459823857602942e+02
1.547998919399173872e+02
1.541184579765265994e+02
1.638351655110271849e+02
1.603845704847402089e+02
1.502583209670279984e+02
1.554200052648383803e+02
1.586971750890655812e+02
1.625266199098146842e+02
1.588891167898571837e+02
1.643010392270886655e+02
1.555375619099759490e+02
1.568909959839945998e+02
1.565620636508338066e+02
1.521731162854248680e+02
1.669135482270278601e+02
1.556878603015895237e+02
1.620068228070085752e+02
1.609397083702656630e+02
1.609531086484191746e+02
1.565500974749841987e+02
1.511414639506829758e+02
1.511782476636562365e+02
1.582993635101217933e+02
1.601273493524377329e+02
1.598377215588657236e+02
1.578857030640924393e+02
1.653111817536400849e+02
1.546925621032790445e+02
1.588151657523350480e+02
1.545752041283237190e+02
1.585457381443539759e+02
1.563304775073129633e+02
1.594699182522859644e+02
1.599229800832291062e+02
1.633045633751372634e+02
1.542039270144649947e+02
1.561156776948566574e+02
1.528724312059892156e+02
1.593850769404187417e+02
1.488357737583727953e+02
1.532500252795477138e+02
1.664071059906919743e+02
1.591435261696642272e+02
1.616072784197592682e+02
1.609523430676102578e+02
1.607672041939927681e+02
1.591637804916583150e+02
1.607179170097740553e+02
1.476869624765880928e+02
1.539420312977674712e+02
1.543142580650263085e+02
1.573874588539279671e+02
1.610316624831397974e+02
1.581726565785786534e+02
1.617523635522966288e+02
1.601354860457169309e+02
1.615309729555674210e+02
1.498566786352978681e+02
1.546451701804268168e+02
1.536760255715952042e+02
1.568289171886342217e+02
1.572969164371760655e+02
1.586079302160300983e+02
1.646828520403470577e+02
1.520292684192761783e+02
1.504352654694861826e+02
1.587574755859424727e+02
1.522473410029160448e+02
1.593931502554448798e+02
1.538828507194840256e+02
1.615277013526165035e+02
1.592823113147717322e+02
1.658288837639718736e+02
1.615485154189384502e+02
1.601448133113946426e+02
1.529687508742831312e+02
1.544395538515932174e+02
1.573548888014968554e+02
1.626533516228112148e+02
1.589533333831718664e+02
1.598812669057212190e+02
1.613236013097864827e+02
1.551234101456586529e+02
1.543476254284499873e+02
1.599145668015847832e+02
1.617594418591301917e+02
1.663310488983518098e+02
1.568480432496116919e+02
1.599742189624089974e+02
1.581075592287214704e+02
1.590293727758785280e+02
1.580620626603052301e+02
1.604327662509992649e+02
1.639124999189574794e+02
1.560338643677111463e+02
1.553966467722885341e+02
1.558285491311552562e+02
1.573993068617945426e+02
1.609417871168055569e+02
1.699669034554367215e+02
1.558602389893874829e+02
1.577374136830736404e+02
1.604073342379596170e+02
1.562083367413480630e+02
1.602411790983486242e+02
1.639170200969942641e+02
1.561181200887832290e+02
1.607287865810580172e+02
1.572231331284540090e+02
1.530266098041471707e+02
1.602455259600297666e+02
1.527012464025778513e+02
1.565072317621587104e+02
1.636714529467562613e+02
1.641107922843078200e+02
1.631586676142740941e+02
1.567884864240319303e+02
1.633255240002383175e+02
1.563367091926631360e+02
1.609671248326285706e+02
1.624422225121010115e+02
1.569746852373195622e+02
1.662431844957728231e+02
1.689034217842035446e+02
1.492755816375839117e+02
1.551915346155314523e+02
1.529606103264291619e+02
1.564054239132861994e+02
1.553938764590867549e+02
1.526079921976387084e+02
1.564247276731319118e+02
1.580522855410628438e+02
1.524210430829990912e+02
1.587596527938411270e+02
1.612865383390483487e+02
1.580818076892566921e+02
1.580136008502600760e+02
1.557934974078144990e+02
1.570546745578256775e+02
1.487528820019502405e+02
1.529547651431893769e+02
1.590282792899018318e+02
1.597405666214925191e+02
1.559788771991980809e+02
1.580880396499465235e+02
1.601048216180331565e+02
1.547618017854718744e+02
1.572476087185693530e+02
1.472046876873889687e+02
1.551254167228672713e+02
1.640030732396543840e+02
1.596631389970509929e+02
1.516990385215905803e+02
1.549040436560337639e+02
1.584802777694788460e+02
1.591203528178198781e+02
1.555651856625210314e+02
1.555355435031374327e+02
1.609188948038028855e+02
1.585278826502826917e+02
1.595145581032479640e+02
1.590681942926753720e+02
1.553849465908293723e+02
1.566704889350217229e+02
1.644535078416992917e+02
1.582758666576406199e+02
1.607034776346278022e+02
1.609946437807045925e+02
1.563228918119762909e+02
1.613580520646503658e+02
1.589570469650134328e+02
1.595176862473491042e+02
1.543488208915497353e+02
1.552906677272867455e+02
1.548283105204303070e+02
1.600416481272607427e+02
1.639807060566386383e+02
1.531948749556523808e+02
1.676860935111827189e+02
1.557104683956488316e+02
1.536027906207926321e+02
1.638709567379789860e+02
1.547793513195945252e+02
1.585516528634033762e+02
1.594094916543357385e+02
1.592680485382313407e+02
1.640736334643952432e+02
1.613416041388907729e+02
1.620947795009388130e+02
1.599570879978773803e+02
1.514109791725524587e+02
1.608240633785969180e+02
1.618545087651112624e+02
1.588164799295241494e+02
1.676035100411578753e+02
1.590801254875805455e+02
1.550305172274371728e+02
1.645693966816284330e+02
1.663305916666075461e+02
1.646813057921435757e+02
1.565640950928207360e+02
1.562737141483521555e+02
1.685769353402065462e+02
1.593603965421157227e+02
1.626089546668882519e+02
1.568539903001750417e+02
1.610681096520784195e+02
1.608559183561430643e+02
1.639886125905452445e+02
1.644319294429297997e+02
1.539878278638360598e+02
1.610113480809842201e+02
1.617697300920739565e+02
1.588043458619552837e+02
1.600679140196872083e+02
1.610002521984292230e+02
1.430577722610759110e+02
1.624677780733471195e+02
1.668517237206678772e+02
1.581358108664217923e+02
1.636126331419498570e+02
1.556780716468460639e+02
1.576393444904031469e+02
1.602325708525085304e+02
1.639532563838967008e+02
1.641952917142134538e+02
1.635536902190378896e+02
1.572184901799828651e+02
1.595793114064409792e+02
1.591991275065113314e+02
1.551175762262479054e+02
1.553451368540156636e+02
1.540273453401585186e+02
1.622936002174564578e+02
1.600281865059240829e+02
1.581801428053692007e+02
1.587600278366837472e+02
1.601586830872343796e+02
1.619177074617062146e+02
1.640245723460756153e+02
1.537490314296402971e+02
1.571894897284057038e+02
1.645138160045904954e+02
1.655720226950245433e+02
1.516700704542044491e+02
1.575722841014789140e+02
1.636621850498608239e+02
1.617076885018686312e+02
1.529645540115084827e+02
1.571220413208103253e+02
1.536591398279583700e+02
1.559306309739523044e+02
1.552563400141673355e+02
1.627329896489785312e+02
1.551554829268125388e+02
1.564432078827023531e+02
1.631911139085482603e+02
1.666760318438988406e+02
1.583842585189712224e+02
1.584571924172396109e+02
1.663698904469796958e+02
1.602159254434477873e+02
1.608257649741520368e+02
1.494412366763251896e+02
1.621293881050686139e+02
1.564382952521747541e+02
1.550313605319268788e+02
1.583514901032402520e+02
1.606757057348327464e+02
1.584846670408689704e+02
1.527533908768552635e+02
1.626279580930292639e+02
1.538200313280247826e+02
1.594675604995081812e+02
1.571379644931674306e+02
1.599918149398632181e+02
1.483272814541511764e+02
1.577828941619170848e+02
1.604984956520579829e+02
1.613063081944763724e+02
1.552710734973487945e+02
1.623995998669724088e+02
1.614633405717067944e+02
1.588922110206707430e+02
1.609514985933507489e+02
1.637102846501904594e+02
1.599231355429017469e+02
1.529957217425501881e+02
1.635193651611429289e+02
1.638738643568435691e+02
1.575599115398727577e+02
1.573832242852678860e+02
1.607817633565723270e+02
1.574024546433331011e+02
1.625367657998401114e+02
1.557624972726741532e+02
1.589074723739202000e+02
1.502062351447762580e+02
1.628555439612068199e+02
1.557256576512978086e+02
1.636880739807728276e+02
1.582633326931751867e+02
1.552119881122005154e+02
1.600093631452341754e+02
1.534159441699208628e+02
1.507488764209135468e+02
1.505420613161531378e+02
1.610090370033561840e+02
1.570956208221238626e+02
1.573837275150709729e+02
1.540541474207609269e+02
1.580698024178562662e+02
1.627479482527119785e+02
1.656672739602218201e+02
1.551991718650202188e+02
1.601578372438277427e+02
1.591201510467906246e+02
1.574633310174477572e+02
1.577793787437521473e+02
1.573344831696871040e+02
1.546048963307722772e+02
1.699599086277750075e+02
1.605347723523408092e+02
1.571314299524269131e+02
1.580164186658249434e+02
1.572128286449031691e+02
1.687491168555752381e+02
1.611287751843273099e+02
1.607226158827027405e+02
1.586244979409772782e+02
1.498970303998855229e+02
1.571749237894321709e+02
