1.288113436014731121e+02
1.250492182138208790e+02
1.248012191863461737e+02
1.285317902137314832e+02
1.260743911293607482e+02
1.261792606109963231e+02
1.255986820785633142e+02
1.283507918485016717e+02
1.255350283488613883e+02
1.268513095237824615e+02
1.264761584054934929e+02
1.255916551874664577e+02
1.266845051726716633e+02
1.267877115478491987e+02
1.282262406361065530e+02
1.262896050296555472e+02
1.241814875503689137e+02
1.265794785170444783e+02
1.269116951327106904e+02
1.252429528407031398e+02
1.254915759328160050e+02
1.253977015103890409e+02
1.272807384475964625e+02
1.240897905793657401e+02
1.304624278651862710e+02
1.253338806791213926e+02
1.260205424611256717e+02
1.280105704271556135e+02
1.266136349276807351e+02
1.264245022168200592e+02
1.226118141688201035e+02
1.246466912390730499e+02
1.248177658963293482e+02
1.238928898198122823e+02
1.246698553043415814e+02
1.264691726865586503e+02
1.256127267196251012e+02
1.274417865874407312e+02
1.261137940375030269e+02
1.265846704264092040e+02
1.267907152131645887e+02
1.274451600230909918e+02
1.243686932242179921e+02
1.326767243954984110e+02
1.239093514467584782e+02
1.240239704133872749e+02
1.254650864073966545e+02
1.265679121387356503e+02
1.224050651440954169e+02
1.279220930940341390e+02
1.274303364990763896e+02
1.222787062083518066e+02
1.277367667296421274e+02
1.253011052007872195e+02
1.262742219814863063e+02
1.277901810084093484e+02
1.297580375661507333e+02
1.248840414739186997e+02
1.274402571653903635e+02
1.237680629340274550e+02
1.256015047608730271e+02
1.273927587984386918e+02
1.251660454063036951e+02
1.242794583233871748e+02
1.262601625603715547e+02
1.259205987942207514e+02
1.284789466544592074e+02
1.265245109716218366e+02
1.251613801324634920e+02
1.275257602696634507e+02
1.282644832406248554e+02
1.255490758175675410e+02
1.243753599537513281e+02
1.238015236753417838e+02
1.277197624066198927e+02
1.275183570144965728e+02
1.250780289890972341e+02
1.273014061838197506e+02
1.261509023071443067e+02
1.266692721920486804e+02
1.232052135785203859e+02
1.265487204713327714e+02
1.267385801018927083e+02
1.262043690305779364e+02
1.243647275204761087e+02
1.241314150680188817e+02
1.251134705054630132e+02
1.265118015027605054e+02
1.281457653759431423e+02
1.270830216867337299e+02
1.263564089911314312e+02
1.268033915842622577e+02
1.254437486394209458e+02
1.249095617265939069e+02
1.266754695131898671e+02
1.294304868650766309e+02
1.266117892628280401e+02
1.276593658666977404e+02
1.259760927371518022e+02
1.258575902673698295e+02
1.254654135442731615e+02
1.269213053485643599e+02
1.257603997091242576e+02
1.257080155094337641e+02
1.226767388171643773e+02
1.269285351849683110e+02
1.272759347781115480e+02
1.247342553778349838e+02
1.267728667894934489e+02
1.288339190999757307e+02
1.279424465882705846e+02
1.300243265872971392e+02
1.263359553899176291e+02
1.253462933056089241e+02
1.261809540425517611e+02
1.253131763845435245e+02
1.271510746316838407e+02
1.253665250458720948e+02
1.240657553957758097e+02
1.258183326652094394e+02
1.262255295468110035e+02
1.283176338820225055e+02
1.256882559142982529e+02
1.261166878901918835e+02
1.237179503449482354e+02
1.234605288804242775e+02
1.256824637501336781e+02
1.264981937364085667e+02
1.227385571939958737e+02
1.263514240750599811e+02
1.263906986182136478e+02
1.260203357991612307e+02
1.258481659573588018e+02
1.211447832528768203e+02
1.269896271847611899e+02
1.242818347536396715e+02
1.257711303900548643e+02
1.233851148311434258e+02
1.252254476244039409e+02
1.259816483162128549e+02
1.282167158104350619e+02
1.261247406343394744e+02
1.233938780951865510e+02
1.246933670072254330e+02
1.266390926180730645e+02
1.273976796274287864e+02
1.252312309546069571e+02
1.252596527493101632e+02
1.272791526272631160e+02
1.252127369932796626e+02
1.270170335275053617e+02
1.266488488767561051e+02
1.266257105462681096e+02
1.252856196809253220e+02
1.265499357878188107e+02
1.279779033145987199e+02
1.286308401672394552e+02
1.290569692294046718e+02
1.238912531791559388e+02
1.261879325158219274e+02
1.240574573309146160e+02
1.253539955912073935e+02
1.289771562930896778e+02
1.253995855607653880e+02
1.238693980936950538e+02
1.240160483984492998e+02
1.253889093151619676e+02
1.279522585355740887e+02
1.281003474184472282e+02
1.250910897565443776e+02
1.273403486178239632e+02
1.254759152322418174e+02
1.233068808162199872e+02
1.236281931193665997e+02
1.278866862066037555e+02
1.239436657140234246e+02
1.256153952295904617e+02
1.281116854512106897e+02
1.265978905271566362e+02
1.264922888927928568e+02
1.292762876647383905e+02
1.268390939460609417e+02
1.263889900347480477e+02
1.233372210669746352e+02
1.273786453227355935e+02
1.279424301660546917e+02
1.276780037915007711e+02
1.272276288058103830e+02
1.228624467187004967e+02
1.268550967380881076e+02
1.266405724623781879e+02
1.290014678367359693e+02
1.264320912707879785e+02
1.271561316760585214e+02
1.294566943650806081e+02
1.259303218975286001e+02
1.263470542976757542e+02
1.277227283046976822e+02
1.263534046364489996e+02
1.253052005784226566e+02
1.260656084583687715e+02
1.222774825815291564e+02
1.265341822076975120e+02
1.253701457630788383e+02
1.254925587551189636e+02
1.250171621614124291e+02
1.292596598953553269e+02
1.236363989816335476e+02
1.249076383762543117e+02
1.252907228804667170e+02
1.241021509999464314e+02
1.248427623854872621e+02
1.265063922659925453e+02
1.242358501669804696e+02
1.289909196064936339e+02
1.256147172723049152e+02
1.255585376532591368e+02
1.250616980559459819e+02
1.259447607192654885e+02
1.294742591768848854e+02
1.256767575917359068e+02
1.259161592838906216e+02
1.261719467013356422e+02
1.253540095499359950e+02
1.237739495275801147e+02
1.268791919061888223e+02
1.267071630705310668e+02
1.247431498159857597e+02
1.279547643598757816e+02
1.261095258291089038e+02
1.265372005003733449e+02
1.236221113137618488e+02
1.292038712344422606e+02
1.246570933589684813e+02
1.248043835554244936e+02
1.243805242952544887e+02
1.276875065141567234e+02
1.256406584784303249e+02
1.262827544050671378e+02
1.261574245252365785e+02
1.274084969067521911e+02
1.236409869787974003e+02
1.247058648292826319e+02
1.249837734636557514e+02
1.301432780721449376e+02
1.251171574099068522e+02
1.284535201032354053e+02
1.248458426834414041e+02
1.275442909084517566e+02
1.240969104902055733e+02
1.285598352948431966e+02
1.277479857909002590e+02
1.268171915077228107e+02
1.263462989787210091e+02
1.265245925929896345e+02
1.263358125285500790e+02
1.240567281747067625e+02
1.253649826313610589e+02
1.280937995120175685e+02
1.265507158622425266e+02
1.270314066823281962e+02
1.280670049919710323e+02
1.275305690714649245e+02
1.257998753078317833e+02
1.260999617696331825e+02
1.225176818660317224e+02
1.244788926346033122e+02
1.252606266171528517e+02
1.240371273914971226e+02
1.265368203218023808e+02
1.242723687681882296e+02
1.275953891315039357e+02
1.275191254443076900e+02
1.276619414405902972e+02
1.255340555604069976e+02
1.264293823439705591e+02
1.248552247870696021e+02
1.259481594542989171e+02
1.256166254083487672e+02
1.257611392011141476e+02
1.272583320299830092e+02
1.255201320935221929e+02
1.261882649062538633e+02
1.259863481967188932e+02
1.267527372749635077e+02
1.255724751080034594e+02
1.272071491762141164e+02
1.255460722235662416e+02
1.254821233719185472e+02
1.254526994193849987e+02
1.256475937222991064e+02
1.240496654170079864e+02
1.264361007120009788e+02
1.266187850766762608e+02
1.256805336067501742e+02
1.282859881746178701e+02
1.238129130525750980e+02
1.261805182295818923e+02
1.227118428289360992e+02
1.261459107272244609e+02
1.246701686576158039e+02
1.286740878864673334e+02
1.260848788324483678e+02
1.241749551452889193e+02
1.249694569580542236e+02
1.241896232668105426e+02
1.235422980922162282e+02
1.257602862139474666e+02
1.274250963055683741e+02
1.256940647921871488e+02
1.260568762514185863e+02
1.252775395832962886e+02
1.274785299738756379e+02
1.265593512811142318e+02
1.257495259461454964e+02
1.278674990389676083e+02
1.262625574699676179e+02
1.262779175762744615e+02
1.240034701245942017e+02
1.241198395248155606e+02
1.274349665415060429e+02
1.224043798943469028e+02
1.257999610426295618e+02
1.235003694931065894e+02
1.249300451733449933e+02
1.263466870184412869e+02
1.285990514337692616e+02
1.241309521434607888e+02
1.295834244614052579e+02
1.276064084357416846e+02
1.252491656050531077e+02
1.245140165568415114e+02
1.264824735526107844e+02
1.256354951348840530e+02
1.277014653532199162e+02
1.241827299090665946e+02
1.262056561840511790e+02
1.251313413570305215e+02
1.282934392645864250e+02
1.249178161873041688e+02
1.280431956975633909e+02
1.263927251623064620e+02
1.248478194474948424e+02
1.279698531698109178e+02
1.260825874967323585e+02
1.245144664199958839e+02
1.261641397383857566e+02
1.274849346713339742e+02
1.241291838339159312e+02
1.257804092019093929e+02
1.277138378000657326e+02
1.242343967087942929e+02
1.247709299005688450e+02
1.270462955512155645e+02
1.257070054692186432e+02
1.262007493283015123e+02
1.274820742659345569e+02
1.270748891898798405e+02
1.277377514807967316e+02
1.230218372931982458e+02
1.242243242303190982e+02
1.273167305121936863e+02
1.262075852033990202e+02
1.271124317702616509e+02
1.254411262800777251e+02
1.249678030176172427e+02
1.253520509166739458e+02
1.258571375741962299e+02
1.272035507177068752e+02
1.261103259792420630e+02
1.256172754334216677e+02
1.259941201063302714e+02
1.273055493962385185e+02
1.226349165315881748e+02
1.233921313742576302e+02
1.238714942064359548e+02
1.251715135133420347e+02
1.258851708070394722e+02
1.262450102007714605e+02
1.254294491161684704e+02
1.283837414437904272e+02
1.292130100569719389e+02
1.244166852780255965e+02
1.232467982060761784e+02
1.252788142491088337e+02
1.251566847348923517e+02
1.258520020134738786e+02
1.248000891965860149e+02
1.248222881082573537e+02
1.272322148340898593e+02
1.274084114464137372e+02
1.277055479173315149e+02
1.263514298114841381e+02
1.270982862068673995e+02
1.254248990537315223e+02
1.259885155307114246e+02
1.256467005693742038e+02
1.254752776489767570e+02
1.285552896474952149e+02
1.282813052575064603e+02
1.264929114835541810e+02
1.286826267416146550e+02
1.241328922254961213e+02
1.238287485553225622e+02
1.236946623661282558e+02
1.266619115055693072e+02
1.276916828790188134e+02
1.269511923957257977e+02
1.266206914717358245e+02
1.287817945501952011e+02
1.239912328575968985e+02
1.291445170307643764e+02
1.259260733453876782e+02
1.247008544321541024e+02
1.264312154805991071e+02
1.279244042884446202e+02
1.258256697937582942e+02
1.275815846568344512e+02
1.264866456492713098e+02
1.257824489723397363e+02
1.257456316332134350e+02
1.255298884802756731e+02
1.261402386292188424e+02
1.253806059646557003e+02
1.272672076691823690e+02
1.277584529822934343e+02
1.245587024853496132e+02
1.246231796681406649e+02
1.250456107953349090e+02
1.269636546528414698e+02
1.262927543566689792e+02
1.246447383750561499e+02
1.243835875316454604e+02
1.282041225544417671e+02
1.278837586681854503e+02
1.240659366691286039e+02
1.278833534058953774e+02
1.269001229490783658e+02
1.279910093497969541e+02
1.282192288957137123e+02
1.280106229747824216e+02
1.281857514902800403e+02
1.258269923460008783e+02
1.222522801086759046e+02
1.282762950385364604e+02
1.283952998182018064e+02
1.258034835954540540e+02
1.283862634478028895e+02
1.262076112829578278e+02
1.270625345178328303e+02
1.251219007558688929e+02
1.274203240773260859e+02
1.246591000173558541e+02
1.265144702358986137e+02
1.245932063356819697e+02
1.247726841406167040e+02
1.272590521928206613e+02
1.264558622283385176e+02
1.264416453473558590e+02
1.257597636442974931e+02
1.301067558841475602e+02
1.224962803874715860e+02
1.265124841268807216e+02
1.262772472259478462e+02
1.253066817313439714e+02
1.253071160607711789e+02
1.258269045978644556e+02
1.280013736293915088e+02
1.265635044087141097e+02
1.240554162521258945e+02
1.249331630289802035e+02
1.247182076968073545e+02
1.270322967014078017e+02
1.263183054356248505e+02
1.262933805301951651e+02
1.257429227993279142e+02
1.246010549092715110e+02
1.236219946324579553e+02
1.253403318491681659e+02
1.273415786981035325e+02
1.231046077790335005e+02
1.255955675047845688e+02
1.263158412669279898e+02
1.263593133074248556e+02
1.258419128266043998e+02
1.276471508638433079e+02
1.277081772073353960e+02
1.246838857919058086e+02
1.261784712017487777e+02
1.266360132239330198e+02
1.259144143040453798e+02
1.272251436978870771e+02
1.260933950326937918e+02
1.253150810492149390e+02
1.287211105952417824e+02
1.288930537114637787e+02
1.275774906577890988e+02
1.288564482699983387e+02
1.269035185726383475e+02
1.245146149720278004e+02
1.210014041118991344e+02
1.239593623180697790e+02
1.290771405870480919e+02
1.232049363712254006e+02
1.245713550724101566e+02
1.253722147618119038e+02
1.259514532127889481e+02
1.273029403609678809e+02
1.261629786283709223e+02
1.253034846728588008e+02
1.260043703716284256e+02
1.260696064869529636e+02
1.225509620845719212e+02
1.249367555776175607e+02
1.263655383817977764e+02
1.296250955600191617e+02
1.280062138402457776e+02
1.248946227943983587e+02
1.234440778325558483e+02
1.274862912784883662e+02
1.226524185434290644e+02
1.244192623119717354e+02
1.265896316146142340e+02
1.264619780205188704e+02
1.264813562179524666e+02
1.252809920816505098e+02
1.250567718124086412e+02
1.260213273637719027e+02
1.285378900004976117e+02
1.304371142759353575e+02
1.254398149087474366e+02
1.250164483300912934e+02
1.261400684447344673e+02
1.262784626786606594e+02
1.267090311464264687e+02
1.258615850803256819e+02
1.239150837023966290e+02
1.243290700193222023e+02
1.276383789248422005e+02
1.252798909211636271e+02
1.256821763791366493e+02
1.279804719301202169e+02
1.245797151057003731e+02
1.276895482349110296e+02
1.239529932966132151e+02
1.259079835035770714e+02
1.288870421916350040e+02
1.242461063302114326e+02
1.276448818934039338e+02
1.292860623770037307e+02
1.256298309792627919e+02
1.264030665863730292e+02
1.272664964040170901e+02
1.269213227380349025e+02
1.259456645786475519e+02
1.268687047556557133e+02
1.233218106841617612e+02
1.243330769217592433e+02
1.254932944679467255e+02
1.248235176956609820e+02
1.257729854747094862e+02
1.246892037632267431e+02
1.255560454980348055e+02
1.275052558662710140e+02
1.271991025415089069e+02
1.255109118604461287e+02
1.238168467787271112e+02
1.256394882941178679e+02
1.266460951406705391e+02
1.276338717359246857e+02
1.259414179858430174e+02
1.229321622579838902e+02
1.259378490194954594e+02
1.261500709299465797e+02
1.245634761003539097e+02
1.245957826090682659e+02
1.277897151511889149e+02
1.272250410128924756e+02
1.232563990990381200e+02
1.262127539386744957e+02
1.254357594805073433e+02
1.276275806565719932e+02
1.301330232956690338e+02
1.279423129376907440e+02
1.281343668058072183e+02
1.257059458884115770e+02
1.271850640662819814e+02
1.277342367757765942e+02
1.289396773305515183e+02
1.254219778501072682e+02
1.270354736555529911e+02
1.263996632707623036e+02
1.259598593412428187e+02
1.251811258442248374e+02
1.269312978815040793e+02
1.227637229689204759e+02
1.278576304591243229e+02
1.265192742289182632e+02
1.262241884241153969e+02
1.272116965070725030e+02
1.243122027246814838e+02
1.253346593609469295e+02
1.253700112673554798e+02
1.237241778516575295e+02
1.277589192883268510e+02
1.266668484685330611e+02
1.254376215850607252e+02
1.252635154908592625e+02
1.255417250085229455e+02
1.267505806179978407e+02
1.264057627385053735e+02
1.273607408647389434e+02
1.252721082852676489e+02
1.291561793800665612e+02
1.278206254727213746e+02
1.268460951751050203e+02
1.229994249301744844e+02
1.265893469038358319e+02
1.284947858911639571e+02
1.246242461702299664e+02
1.246937162718874248e+02
1.257917107806781303e+02
1.286538372225031139e+02
1.265891857736525452e+02
1.256304648725243140e+02
1.259071582853863163e+02
1.237758104433614079e+02
1.238448513638673774e+02
1.274707116841467780e+02
1.295585386251105149e+02
1.249029304202415744e+02
1.264698525608900468e+02
1.277102440234776992e+02
1.263349695065507348e+02
1.247360893212344166e+02
1.269505190784012143e+02
1.247794664997537808e+02
1.282535419826080840e+02
1.269786701085694745e+02
1.256566359384376739e+02
1.272443629354364276e+02
1.256952669691594622e+02
1.265974362763403178e+02
1.281966420833977907e+02
1.280668346767804451e+02
1.252856191645759196e+02
1.235339907893352631e+02
1.268368186843837577e+02
1.271094721526307723e+02
1.267593505912970642e+02
1.247723422028247882e+02
1.239601125772131383e+02
1.249908296302288306e+02
1.264259640314440816e+02
1.271897388376861926e+02
1.263772784700738328e+02
1.263208031008425678e+02
1.248951633198437179e+02
1.258413703335163802e+02
1.264425437825218665e+02
1.278568504873101688e+02
1.252323947619934899e+02
1.272101842847976059e+02
1.303100293248716639e+02
1.274144755673113707e+02
1.230429408775520557e+02
1.265816428287721038e+02
1.248567906728766133e+02
1.269381399813269695e+02
1.267548311779814441e+02
1.270649350055146414e+02
1.257373370370047070e+02
1.253813778994992845e+02
1.227567677457009694e+02
1.249655752548196119e+02
1.255261297147682598e+02
1.263185314562924475e+02
1.254420656360016579e+02
1.281464599573421594e+02
1.252261128567914454e+02
1.243552730249594873e+02
1.245871784317068034e+02
1.231136580046087374e+02
1.233765211467411689e+02
1.273599842117854166e+02
1.273631639141740948e+02
1.243609107331543129e+02
1.281569935776371381e+02
1.282228216903332907e+02
1.265969681031677254e+02
1.281810010811076381e+02
1.271187201613744975e+02
1.262307285581097176e+02
1.279504790985112663e+02
1.258917102647913993e+02
1.261202971468797784e+02
1.269710639861545900e+02
1.290515544017334264e+02
1.260705093132622352e+02
1.287849874990409944e+02
1.243468623998501812e+02
1.251094080999131393e+02
1.248206698828808641e+02
1.267887744016749565e+02
1.259039443093735855e+02
1.277312272745121788e+02
1.281656184130443421e+02
1.278779943942739976e+02
1.269193650885829499e+02
1.253928521952419288e+02
1.251164878657903614e+02
1.276135956483225016e+02
1.241362066129575226e+02
1.276580797967346257e+02
1.280324004717972173e+02
1.235762479448478501e+02
1.252810412710464760e+02
1.283636886785377840e+02
1.242159356895144668e+02
1.274904574156774828e+02
1.285057299943545104e+02
1.285142745190227345e+02
1.291449623591061027e+02
1.259215005042730979e+02
1.264916418087367731e+02
1.298125035072706623e+02
1.273507814180866262e+02
1.247808886104712087e+02
1.257505059117021204e+02
1.261799468245881997e+02
1.252699616636079440e+02
1.285621951310704674e+02
1.245180127903652334e+02
1.289366777396364796e+02
1.256918646342698196e+02
1.283946364167463230e+02
1.277371497449240820e+02
1.237590921156896968e+02
1.310766100386293829e+02
1.270000626520564566e+02
1.246177489843622794e+02
1.267096855916797153e+02
1.268414656348610094e+02
1.259385911991237919e+02
1.244999377646202134e+02
1.275943673072219156e+02
1.260776338143903246e+02
1.269284216299473371e+02
1.256691774603672798e+02
1.247458107596374930e+02
1.256745656046652471e+02
1.246206520324339664e+02
1.307122860699699629e+02
1.270481422161513052e+02
1.258616072427316652e+02
1.238166855137667426e+02
1.243516878847765952e+02
1.261716624877532098e+02
1.245349914105452740e+02
1.238862071257529607e+02
1.270287556579522885e+02
1.258259240898056532e+02
1.256157675671511811e+02
1.249515079063573211e+02
1.257473842609922627e+02
1.255438163463247321e+02
1.236952408445294509e+02
1.270663815340728888e+02
1.247398175903945372e+02
1.257856980889213077e+02
1.227280291485589316e+02
1.284387658927963400e+02
1.265620655994707704e+02
1.275883324427663155e+02
1.246788788074989469e+02
1.287536875300413897e+02
1.248145736957164189e+02
1.261455683664717355e+02
1.260455508485020744e+02
1.275182710910193578e+02
1.254946709567362859e+02
1.257879515459673456e+02
1.266698000751079718e+02
1.258489892644414567e+02
1.250958045244004353e+02
1.254786858068667357e+02
1.258395818705949551e+02
1.269139651145540739e+02
1.277605101906924148e+02
1.263399532665366252e+02
1.260016912564525455e+02
1.279128702330415734e+02
1.257691402464347590e+02
1.235102175222883716e+02
1.292891649975226471e+02
1.266983208467712814e+02
1.232296293345249865e+02
1.252792555298160693e+02
1.265362513152835220e+02
1.238161350317386393e+02
1.303294592542030159e+02
1.253988669931620308e+02
1.262443417281656366e+02
1.261403996473073477e+02
1.287379356378986586e+02
1.264599858018608529e+02
1.273611345438830114e+02
1.251275571088118710e+02
1.236671743390373592e+02
1.263315798616373939e+02
1.276600503124817152e+02
1.250082931020923667e+02
1.290319928470321997e+02
1.249858680670245974e+02
1.267470870789134381e+02
1.262422674820737427e+02
1.255167775879726832e+02
1.271873210165074113e+02
1.305768575642782707e+02
1.252824014252014422e+02
1.247214027354286827e+02
1.266843167055362755e+02
1.281443183983023175e+02
1.265039810722934845e+02
1.252363471134415107e+02
1.245659449700588794e+02
1.248199439601389429e+02
1.252796859018297226e+02
1.262471266247443111e+02
1.267352751107520987e+02
1.242180561118764928e+02
1.253981312711008798e+02
1.279424457164065956e+02
1.272616821215076044e+02
1.289652025744898651e+02
1.257222632210011710e+02
1.298842653528294306e+02
1.237559831061542184e+02
1.246212120277040896e+02
1.286824925522650176e+02
1.272647345661191878e+02
1.266225190659705788e+02
1.227187311303528787e+02
1.278665437594455057e+02
1.251893108834842963e+02
1.274617028900201348e+02
1.260920113471510859e+02
1.257767299769358402e+02
1.271855657879515604e+02
1.251130032109353891e+02
1.230579098854300497e+02
1.254138857851756228e+02
1.280285544962685833e+02
1.283475651777265512e+02
1.240192458856975293e+02
1.252548874262725036e+02
1.263570618497660263e+02
1.264922551562733020e+02
1.254855824993486237e+02
1.247633176023318100e+02
1.256221222878866826e+02
1.237322436019280616e+02
1.263498978503166228e+02
1.274615041769428956e+02
1.261907875210712575e+02
1.284744199792772577e+02
1.267551648782324349e+02
1.276036360530394660e+02
1.250544979377740731e+02
1.251971550567521376e+02
1.251081372379457548e+02
1.263788802112670595e+02
1.277133373808237593e+02
1.269998744202527661e+02
1.260436318717844841e+02
1.265229809981616711e+02
1.240498287487095723e+02
1.267966350085870744e+02
1.275884869265907184e+02
1.291999549219165715e+02
1.263454883356395300e+02
1.232111165008811895e+02
1.244709902275439646e+02
1.280448519289923865e+02
1.281694090813048774e+02
1.261347252206068816e+02
1.237580488288094500e+02
1.223289084643381841e+02
1.271635159813510114e+02
1.272652147829276856e+02
1.262581949817077174e+02
1.269745405339734816e+02
1.251347661266683815e+02
1.245284845121557424e+02
1.281983964335874759e+02
1.271702437516491102e+02
1.280648870335016341e+02
1.246143130951222133e+02
1.270731230474640654e+02
1.275141377343384477e+02
1.265700646613049400e+02
1.228552669311083321e+02
1.240027828680573236e+02
1.272119025365489620e+02
1.298285706311619947e+02
1.282409792198453147e+02
1.268118447339481207e+02
1.261060520450446347e+02
1.238680895379740008e+02
1.262380974867070051e+02
1.219227488144373979e+02
1.274899554105242743e+02
1.269045701673584290e+02
1.217581337125494088e+02
1.278063926754037993e+02
1.283950602887686046e+02
1.265568174221947544e+02
1.258323453595836980e+02
1.278195454544705001e+02
1.266218495303773750e+02
1.267158168633299340e+02
1.281571268056335384e+02
1.272560292916198676e+02
1.227171642933607529e+02
1.237234136589233628e+02
1.260539489937706890e+02
1.257419567954661943e+02
1.262022124174068409e+02
1.268364331644851006e+02
1.222661924750585882e+02
1.246564589041152544e+02
1.256131229751406977e+02
1.279928137218084743e+02
1.256079893948298007e+02
1.274425956026720286e+02
1.252676867730049111e+02
1.301276065327321305e+02
1.247503734011130945e+02
1.272264772618767239e+02
1.262836407234599108e+02
1.268928092759252877e+02
1.246629655798006695e+02
1.248527606784099788e+02
1.265295490585243670e+02
1.264346974472348251e+02
1.243372184186154783e+02
1.259976050612116723e+02
1.255039481936773598e+02
1.289339328774915430e+02
1.264130027653434496e+02
1.252390952723454944e+02
1.290839041997366223e+02
1.284860026097126422e+02
1.254433274497443307e+02
1.249906622247596886e+02
1.261941051080194711e+02
1.267118506324647171e+02
1.252900533967272878e+02
1.244008594256071234e+02
1.256305190142967660e+02
1.265228718365235920e+02
1.246984190069412222e+02
1.261959694182447294e+02
1.259229408184705221e+02
1.253197795214909576e+02
1.277132113309704096e+02
1.275155435196566884e+02
1.256028833723922702e+02
1.260787809827144628e+02
1.258511418271213529e+02
1.317248129856914147e+02
1.253201734171283164e+02
1.261229467314518615e+02
1.258990976563388671e+02
1.270622491959218081e+02
1.266010248215032448e+02
1.247432928595475943e+02
1.247255932501169582e+02
1.228575763752618712e+02
1.269697757957092534e+02
1.236808766195709239e+02
1.239684773695008460e+02
1.275291093066306018e+02
1.268250973364086605e+02
1.263322834150166187e+02
1.277700422796672655e+02
1.246184904438767092e+02
1.283533536845954757e+02
1.242004981965277324e+02
1.233828822115180373e+02
1.280777579625137719e+02
1.276591860900989701e+02
1.273456839224289752e+02
1.275317957130237119e+02
1.247798617303769930e+02
1.275019569777484350e+02
1.247089929576875562e+02
1.251774965083041451e+02
1.241766862838430541e+02
1.286634985302744951e+02
