8.225225193480744679e+01
8.327228979221428062e+01
8.443714244318026374e+01
8.122849489729250649e+01
8.446953698265157584e+01
8.437564439744384970e+01
8.376940427984193605e+01
8.449150029273612006e+01
8.196842847075481586e+01
8.190041450903916598e+01
8.704540296843943281e+01
8.845593412192255300e+01
8.499009139986756622e+01
8.182016983471990557e+01
8.463933177494487836e+01
8.518052115315131800e+01
8.739726987720901263e+01
8.530749816240289363e+01
8.276451285269300229e+01
8.530809418695243096e+01
8.468323591373300019e+01
8.302855269150437323e+01
8.616116774060046168e+01
8.186762428078336029e+01
8.379670037713393071e+01
7.881558091924441101e+01
8.850092621549703154e+01
7.818732272913470638e+01
8.256580043994344464e+01
8.394119586632206165e+01
8.542143217069251193e+01
8.375606071013146448e+01
8.398882457482073960e+01
8.436905977578327054e+01
8.260018792164549950e+01
8.702105489079771417e+01
8.397804926082531551e+01
8.348569621694599618e+01
8.458479242169802603e+01
8.555502466082162982e+01
8.559814276270007838e+01
8.208005989961942817e+01
8.275695561394780952e+01
8.521060213451318077e+01
8.556964844518599023e+01
8.562526015531707912e+01
8.589920074809275263e+01
8.480092822075468462e+01
8.542046496063044003e+01
8.411412509153223027e+01
8.701103555315263804e+01
8.442962967721649648e+01
8.528213280168441202e+01
8.116979464420991519e+01
8.607493536616253493e+01
8.330635611876236624e+01
8.737916706435746050e+01
8.500862115427256072e+01
8.562796408846729435e+01
8.572977541903904353e+01
8.132121290898902544e+01
8.309085570217362715e+01
8.385221761760411141e+01
8.475430938583714635e+01
8.486869434898963505e+01
8.227445613090711163e+01
8.335146167065488498e+01
8.835191312681051556e+01
8.330473171955529210e+01
8.522471201175618205e+01
8.646302951876511145e+01
8.489859954431905464e+01
8.898584368205463591e+01
8.631111608876115326e+01
8.408335691484916197e+01
8.625097309727338768e+01
8.475993382336082504e+01
8.217820517531059465e+01
8.682944746905519651e+01
8.413748588714898347e+01
8.404128268897451903e+01
8.353229423303693579e+01
8.752698041456837075e+01
8.235480589061261014e+01
8.452725835642172569e+01
8.388080254278432335e+01
8.817306242658858650e+01
8.564958332213812753e+01
7.755699298664224273e+01
8.354517919394990599e+01
8.359786509580823122e+01
8.413563374963327135e+01
8.680118162828316031e+01
8.110397069120512015e+01
8.413660874383505472e+01
8.638227413698363932e+01
8.395768854277498860e+01
8.766633903688908447e+01
8.421436048422243914e+01
8.740096320928897455e+01
8.360979316614694312e+01
8.661785768117117357e+01
8.512795860116753488e+01
8.196060889808829586e+01
8.486491506229579329e+01
8.519036579213775440e+01
8.662099212545392390e+01
8.575206186091847371e+01
8.190042716408483159e+01
8.537396887243312449e+01
8.706928593545961803e+01
8.654374808018184240e+01
8.552132611419276031e+01
8.690285784197557462e+01
8.451988968444570105e+01
8.627312564449115939e+01
8.260589123165794945e+01
8.351407738151567628e+01
8.624018754465275549e+01
8.578913176226302539e+01
8.578018721776869882e+01
8.383375989387039340e+01
8.557581381103406670e+01
8.012991553620348384e+01
8.289873622585852786e+01
8.515709899527780635e+01
8.296077762173679560e+01
8.560544528573133505e+01
8.150017745078656617e+01
8.334251752977741035e+01
8.620534177488733008e+01
8.464975706646843889e+01
8.587810115150895740e+01
8.296079960012461640e+01
8.268475951612309416e+01
8.663469482214136974e+01
8.597639966749575535e+01
8.740188138079662394e+01
8.479858378903121263e+01
8.469141979145794608e+01
8.072562221525393511e+01
8.232456475212721614e+01
8.541777050979740693e+01
8.696155699788955928e+01
8.258943667149020484e+01
8.271988833330341606e+01
8.527543181376564974e+01
8.520400827907438668e+01
8.647105241054799762e+01
8.806211627480480786e+01
8.796523958635773965e+01
8.353756183229315013e+01
8.155505742435343564e+01
8.150263716544510828e+01
8.422297570971831249e+01
8.326145529839843107e+01
8.290716934227508261e+01
8.177348139807399718e+01
8.269052972965560855e+01
8.605965285005690646e+01
8.563040167307602246e+01
8.552265348145147073e+01
8.578280757657211097e+01
8.516376508386528599e+01
8.597557803133292964e+01
8.748763860450347352e+01
8.335531289401546928e+01
8.479881653521778162e+01
8.468151432389790045e+01
8.044937242405551103e+01
8.674482634221399735e+01
8.200088061645433868e+01
8.657337423940491306e+01
8.402483667984122917e+01
8.738063990503879097e+01
8.321321744975350043e+01
8.652615170741974282e+01
8.665281138593718424e+01
8.625775693686725276e+01
8.399442249091471524e+01
8.121264401172152247e+01
8.248723228463096291e+01
8.729540350214809052e+01
8.652550227141449568e+01
8.208717026829226882e+01
8.389385702672950629e+01
8.325955513460185387e+01
8.271881242728881034e+01
8.242759066875944995e+01
8.894877042604608164e+01
8.788080125132532316e+01
8.772973423162150652e+01
8.334776030054639762e+01
8.206762469607731703e+01
8.233547795348427201e+01
8.055447384637139407e+01
8.174359636561941045e+01
8.569628995198738153e+01
8.304896646572936447e+01
8.288780080225801328e+01
8.611273075724747628e+01
8.421516804940800682e+01
8.235691786669777059e+01
8.741100364621077290e+01
8.387221547601554050e+01
8.579217930492490041e+01
8.685377435242421029e+01
8.232889097202686912e+01
8.157629879824565933e+01
8.357536117862146341e+01
8.472097857432522972e+01
8.435779230272294171e+01
8.215597137778229353e+01
8.462040429782103956e+01
8.637339763305088525e+01
8.709676487854257232e+01
8.129448445200473827e+01
8.673466185868684875e+01
8.254997108889716628e+01
8.248827949812081783e+01
8.262083473208423356e+01
8.181128232313704984e+01
8.614516107065861661e+01
8.527443500541993160e+01
8.126603444612838700e+01
8.265340752913097333e+01
8.603486422835693759e+01
8.530804984478585595e+01
8.564131308955791155e+01
8.429547669545318911e+01
8.415800506289174621e+01
8.903886182952551565e+01
8.588680788761188012e+01
8.275070056324193501e+01
8.250167329957498907e+01
8.446727038697379442e+01
8.738851249656772779e+01
8.735217827013973135e+01
8.578180308313390867e+01
8.706214518274735781e+01
8.373992325430833716e+01
8.782151237144692857e+01
8.230110125722163161e+01
8.640057602646326984e+01
8.344332707318648090e+01
8.542745582452189979e+01
8.602428101411283023e+01
8.841323600733633725e+01
8.197640520043039203e+01
8.500091307559114284e+01
8.444728049124539382e+01
8.202238802293224751e+01
8.188551083457466007e+01
8.408951579754030092e+01
8.215239338512823508e+01
8.454345788728100786e+01
8.372856112659461303e+01
8.510692977507525825e+01
8.675575557112343006e+01
8.455881163531799416e+01
8.531476943272957669e+01
8.310219313752672576e+01
8.632265126872583494e+01
8.383451682069831179e+01
8.416055471354447093e+01
8.262685818164221985e+01
8.522838094707658740e+01
8.708395610101524653e+01
8.521791811538538752e+01
8.535596677406506672e+01
8.572548392735123457e+01
8.599887871021830676e+01
8.669918998899284190e+01
8.193592468458116684e+01
8.364078100633588519e+01
8.520708538124040388e+01
8.308163173275136160e+01
8.787652453804072650e+01
8.453378186450885323e+01
8.679318050492958037e+01
8.320287733866538815e+01
8.084968504990196436e+01
8.364452769690647926e+01
8.320832454238220066e+01
8.677441594692530202e+01
8.756950632645120436e+01
8.108297882501734932e+01
8.073121524165728147e+01
8.384920416021878964e+01
8.828320841039466416e+01
8.169199610389377142e+01
7.940818156438827202e+01
8.518390416631307005e+01
8.025796935605904991e+01
8.330336573434847480e+01
8.488329597188349851e+01
8.121374079980986949e+01
8.915575063921677668e+01
8.340138835621569058e+01
8.448894032764022199e+01
8.572543419433107204e+01
8.602504988253802765e+01
8.467368734260351459e+01
8.505297782532917950e+01
8.678096067054673313e+01
8.426060949535273892e+01
8.480891375496092621e+01
8.516663630034665289e+01
8.113464307926666663e+01
8.651069765064671913e+01
8.208618846115192014e+01
8.670060364045363599e+01
8.792318096946382866e+01
8.570207070568480390e+01
7.997866687225950955e+01
8.363369450621482315e+01
8.530684009486706998e+01
8.375798307599212933e+01
8.351472650710101675e+01
8.494598266615258808e+01
8.558254581077278544e+01
8.552069259151176084e+01
8.319907181210983538e+01
7.999554509395832724e+01
8.644629102846943169e+01
8.242049744149872481e+01
8.262310707149057976e+01
8.335465360911194921e+01
8.568019520665370692e+01
8.422996740288118644e+01
8.834047630274808682e+01
8.669164457065565443e+01
8.456942499906838862e+01
8.337961862952070646e+01
8.564887116456463900e+01
8.461538303951887485e+01
8.169854901138801040e+01
8.534092239723541695e+01
9.059846961639782137e+01
8.591101744388589623e+01
8.784282909583244248e+01
8.260874759109488252e+01
8.711564638919223569e+01
8.479033637636486276e+01
8.535669548461363831e+01
8.401924008566047064e+01
8.563701988259222730e+01
8.610886744131720150e+01
8.195145705303670525e+01
7.925236698371318766e+01
8.810462241066801425e+01
8.212623850369040213e+01
8.701515476943416161e+01
8.707390991465406671e+01
8.745275456467081199e+01
8.651627987877148485e+01
8.828972948350740069e+01
7.978054292418470084e+01
8.514653882378266303e+01
8.215247527730053889e+01
7.953882788584110131e+01
8.662666181554719458e+01
8.079420270506150814e+01
8.556288929741786831e+01
8.475891524381937359e+01
8.248823132493120625e+01
8.339800861827752954e+01
8.369121714397553546e+01
8.422722510331838919e+01
8.323489125471368766e+01
8.421028281683645389e+01
7.966677529669954083e+01
8.235114818821381277e+01
8.061960823942555976e+01
8.374325552642318371e+01
8.602275349382929903e+01
8.571777384264903787e+01
8.181455188221302421e+01
8.748976181583675782e+01
8.032060854918859150e+01
8.219689433008016977e+01
8.547447859277306748e+01
8.342690307164842523e+01
8.069165637206546648e+01
8.336655395722689832e+01
8.925976703628255393e+01
8.626429677251175576e+01
8.800823058811204191e+01
8.440280818443945066e+01
8.598321091460276477e+01
8.515672217544198475e+01
8.336703252640295148e+01
8.282334217513137276e+01
8.128624300503908273e+01
8.525463738236125266e+01
8.491591054788217718e+01
8.194286550231450406e+01
8.256507460309381941e+01
8.065168351704379290e+01
8.453200741961552467e+01
8.551575771981164564e+01
8.364568422329645614e+01
8.530392796238386666e+01
8.607427498485178319e+01
8.532739065443482218e+01
8.182965361528661674e+01
8.556526953620758036e+01
8.716803284029249710e+01
8.605388910819264936e+01
8.336192144078766830e+01
8.627263718968710293e+01
8.446788189245883416e+01
8.581145149325310229e+01
8.304911037725106837e+01
8.463013360852283995e+01
8.404378100350606928e+01
8.474630897141175012e+01
8.660605698967552257e+01
8.500089087997096726e+01
8.672716225062926299e+01
8.375321218087819375e+01
8.672492248033613294e+01
8.369614994651504958e+01
8.443731306245571488e+01
8.106093567380798959e+01
8.360081564074887694e+01
7.783141278338662516e+01
8.571406989039729751e+01
8.286208445985062099e+01
8.496850443869885794e+01
8.790971819974100754e+01
8.229643950313500511e+01
8.213723227179062292e+01
8.567294028991386767e+01
8.168395902127619479e+01
8.559492924521457269e+01
8.698824325861787088e+01
8.669466990818655461e+01
8.416929644196586935e+01
8.381447347605237042e+01
8.705806562898487755e+01
8.524337550387397755e+01
8.489445172864178346e+01
8.424133696224892276e+01
8.210069327228231373e+01
8.438530392875887287e+01
8.271905643681780873e+01
8.451008590680095267e+01
8.329627825296928734e+01
8.816125219804382596e+01
8.264423051638692641e+01
8.159024418105551035e+01
8.906753365237349840e+01
7.997955611002257115e+01
8.721683690188423554e+01
8.278986282472395430e+01
8.596715567622351273e+01
8.282422354776650764e+01
8.898822459296656007e+01
8.171278078153717672e+01
8.695802191040027651e+01
8.507595287359445990e+01
8.581667744000297660e+01
8.503360888556466080e+01
8.564502264720553626e+01
8.530337815112997646e+01
8.499779921854056397e+01
8.140080810765859098e+01
8.342583491273590823e+01
8.227349456807117178e+01
8.087541578718372648e+01
8.351389909151762936e+01
8.663187578149621970e+01
8.702370952832450257e+01
8.766668304558660907e+01
8.228546684011053003e+01
8.501582676716586207e+01
9.003308547099618409e+01
8.390247815685216892e+01
8.607861751587012122e+01
8.432974719877822167e+01
8.915226503018864435e+01
8.698697470153842914e+01
8.571716854663419838e+01
8.168405693367176923e+01
8.399804296358313138e+01
8.341778032431636802e+01
8.442083669091097420e+01
8.863734346998651858e+01
8.414346743539425688e+01
8.440050062741580916e+01
8.737322102233716237e+01
8.218134557878914848e+01
8.561887146248250247e+01
8.027138129301134484e+01
8.298677195061485179e+01
8.357334091496748840e+01
8.654311435190372492e+01
8.425071501292366349e+01
8.603881497926482780e+01
8.412729774520100534e+01
8.481361178374908150e+01
8.335930638608938636e+01
8.704884404012838672e+01
8.198254873594048320e+01
8.436731501008192424e+01
8.829661079125034462e+01
8.625006940679229217e+01
8.917856838290919086e+01
8.504545783043755591e+01
8.358166892896682043e+01
8.648947528687378394e+01
8.462539467805230231e+01
8.399537117987850365e+01
8.278587024160748342e+01
8.557559175402660401e+01
8.486072456107547168e+01
8.331729236574827269e+01
8.332601683338334908e+01
8.270886323582965360e+01
8.517234312371043359e+01
8.539898726869395773e+01
8.470637081175958372e+01
8.737718829812600063e+01
8.691683028967368330e+01
8.469216470311157252e+01
8.013031800218205092e+01
8.190412013573714489e+01
8.373880266378829162e+01
8.486643614246685274e+01
8.759812286955491345e+01
8.270793730455201853e+01
8.428551279566615051e+01
8.787076512973494857e+01
8.747794652934160808e+01
8.523069267547526806e+01
8.350934324160941458e+01
8.443898982405396225e+01
8.758752400626859469e+01
8.504016107376685341e+01
8.150452226416363999e+01
8.466332485116154771e+01
8.660372166464063071e+01
8.258855066105776643e+01
8.519708682344331407e+01
8.470501924750819001e+01
8.503721961241487293e+01
8.585084852114025011e+01
8.378881239910629120e+01
8.560898651626627043e+01
8.662222781845844111e+01
8.218989686819341500e+01
8.424821901897168175e+01
8.186618215264014964e+01
8.237474642010349157e+01
8.368435258635722107e+01
8.400890802279319303e+01
8.625197154495731411e+01
8.597935680869447594e+01
8.911745341857320568e+01
8.233398348196411121e+01
8.471581706927342736e+01
8.456471014786013995e+01
8.538879259741118233e+01
8.671186285858422593e+01
8.669416610183409944e+01
8.625144663356101660e+01
8.414391859705736465e+01
8.774648199682626171e+01
8.288268877112223265e+01
8.725757392684919012e+01
8.209083385431372903e+01
8.545694358658404610e+01
8.359434223195177083e+01
8.387056499930756104e+01
7.945760675141623608e+01
8.339903273405865036e+01
8.486217780385233311e+01
8.705338953640712418e+01
8.542900562467008285e+01
8.830888767388876204e+01
8.425687580557578826e+01
8.483173352111136012e+01
8.269047706392920816e+01
8.437961417013900700e+01
8.014019034686056386e+01
8.330079693635167359e+01
8.545923463721840108e+01
8.714332105040897147e+01
8.818507258833319895e+01
8.404425074988414224e+01
8.543835076514372417e+01
8.439031371030577588e+01
8.269269967000496990e+01
8.556635080261595760e+01
8.059224625095814076e+01
8.891617208055475885e+01
8.348724560923616878e+01
8.599876330473281882e+01
8.601411993094453123e+01
8.160928888894640920e+01
8.565608244254141823e+01
8.253621456181186034e+01
8.225548397667418499e+01
8.520270574745727288e+01
8.360149896699842031e+01
8.506351973507132413e+01
8.618229229811565517e+01
8.477081178812116491e+01
9.012546234463481198e+01
8.198772539820045324e+01
8.595988414746867079e+01
8.206377252916325915e+01
8.550806936823167348e+01
8.985974473417820718e+01
8.607330718626194255e+01
8.624514639433355967e+01
8.699260577511800818e+01
8.305080890955679251e+01
8.251738581199286671e+01
8.613086204162594584e+01
8.306910582942713006e+01
8.673845763213337534e+01
8.426339598629516559e+01
8.531781701573126497e+01
8.599256610048851712e+01
8.858023251813476406e+01
8.108695372224235598e+01
8.193805554725264528e+01
8.487568781717834554e+01
8.357581900968790478e+01
8.459527727242092965e+01
8.368265934771218895e+01
8.378911142133669898e+01
8.587568653713226752e+01
8.271400600898397215e+01
8.736582930410919801e+01
8.430207370516933452e+01
8.539298705680324986e+01
8.485712946204043305e+01
8.408162647450157579e+01
8.522339417630750802e+01
8.808420301275249642e+01
8.402712626486544423e+01
8.522987661300271611e+01
8.174738638351698228e+01
8.350994076000104371e+01
8.768205412061725212e+01
8.519948958995364308e+01
8.327263905061296612e+01
8.223521446857958495e+01
8.399747732899969321e+01
8.632159807753529890e+01
8.217511470528918949e+01
8.645487950278305789e+01
8.537120654585942248e+01
8.365159624765357194e+01
8.752840171878790443e+01
8.253833926740499294e+01
8.342531166793807529e+01
8.327943103968819116e+01
8.762059926765785178e+01
8.365704163915592062e+01
8.225941870704396308e+01
8.551659167135404971e+01
8.391280501523677060e+01
8.724035943979653496e+01
8.327744554354161721e+01
8.320626506118225052e+01
8.711515194763681791e+01
8.796337718874561062e+01
8.460382631139093235e+01
8.564381955819675341e+01
8.577230118904172684e+01
8.611551664500476022e+01
8.790010953882158162e+01
8.878183886389415136e+01
8.554981411492484256e+01
8.607803632034486441e+01
8.516868900587323310e+01
8.116352688816152749e+01
8.254858714388819863e+01
8.422864968889386716e+01
8.476995766109278918e+01
8.672828948654870374e+01
8.462320710778999455e+01
8.714650658134047490e+01
8.243495778994787315e+01
8.418746170305752230e+01
8.384910792178934003e+01
8.415876078291280749e+01
8.542312829224717063e+01
7.983608483648983167e+01
8.565700505019704281e+01
8.431158066797603112e+01
8.461490232556151625e+01
8.335061502373451958e+01
8.457554028916466393e+01
8.951283505243483773e+01
8.399318218783731993e+01
8.042790828616365673e+01
8.627931165699774851e+01
8.067978898854271108e+01
8.859206792052336255e+01
8.089693065598680732e+01
8.517320439968078460e+01
8.736006094850719705e+01
8.702563656639543410e+01
8.406532059201363438e+01
8.581483840637676508e+01
8.138344408739557423e+01
8.530636936825234784e+01
8.789199129874370442e+01
8.464335772983469042e+01
8.279507565338106190e+01
8.561801450134748848e+01
8.231957950267967306e+01
8.459122226879634354e+01
8.269864452003983502e+01
8.410108187740694063e+01
8.543823048814874710e+01
8.641256042084415867e+01
8.160858467495786783e+01
7.649469601211242775e+01
8.160654312382469300e+01
8.496186039035470117e+01
8.161348347409584392e+01
8.283640165450903226e+01
8.012029679968236451e+01
8.249585491781796520e+01
8.583741447456367268e+01
8.424701499676849892e+01
8.517117750206256233e+01
8.407974467012883224e+01
8.710091490039829409e+01
8.343611816849318075e+01
8.779830630756494259e+01
8.435625353834367957e+01
8.613989195846846769e+01
8.211392796952986828e+01
8.653768419710372939e+01
8.629513412507149894e+01
8.407497880239736787e+01
8.369218307409890656e+01
8.232058977610240902e+01
7.973591366711912087e+01
8.498445340742927101e+01
8.396664286719975223e+01
8.276375550710051243e+01
8.315734118935945673e+01
8.682435222333729996e+01
8.521403367654130534e+01
8.452006142953345602e+01
8.588220344658104466e+01
8.497453243261053046e+01
8.234839190723587876e+01
8.363828141819399775e+01
8.567849344286909741e+01
8.267492456155936509e+01
8.807399986571822126e+01
8.654042515421890869e+01
8.647385099512030138e+01
8.551573908694304293e+01
8.496143145560934329e+01
8.360059614812767848e+01
8.573239693337229994e+01
8.108436693532870265e+01
8.133248101574694999e+01
8.417587970947589326e+01
8.707463320553040376e+01
7.796251835096724392e+01
8.616521972241308447e+01
8.579454670562074625e+01
8.447707775140095521e+01
8.420464337281228495e+01
8.429461096488465444e+01
8.390643765457839720e+01
8.522843409877239651e+01
8.550617513457248720e+01
8.204730579452149186e+01
8.462534958653419892e+01
8.086667328822811385e+01
8.311773717935562900e+01
8.554159850150836064e+01
8.771255275609826185e+01
8.493381153630386393e+01
8.695669589186250903e+01
8.289096660646218595e+01
8.206380734203595750e+01
8.581365370738005538e+01
8.653565778075918047e+01
9.065198427391725033e+01
8.520930016536514984e+01
8.501573772734313650e+01
8.344820292972856635e+01
8.422083405796982447e+01
8.409626989533616381e+01
8.164649237340449872e+01
8.338054234521449359e+01
8.973509701395944660e+01
8.458553529340778709e+01
7.851135983733712465e+01
8.687753792216689419e+01
8.257058544650399767e+01
8.036973838765436540e+01
8.533739657377536503e+01
8.205177203189981583e+01
8.334878351556818643e+01
8.357103516411874011e+01
8.393491426029994784e+01
8.496015247575272156e+01
8.709451724817641605e+01
8.769571469955104703e+01
8.411048666229262949e+01
8.387747125603905829e+01
8.817022639896556768e+01
8.146579590031581120e+01
8.577302921849266681e+01
8.542073521451617069e+01
8.426803610799716182e+01
8.486770602961594534e+01
8.928492804770310443e+01
8.642399120028268555e+01
8.767992356236791807e+01
8.509275266993554965e+01
8.682538694870234508e+01
8.654616216079290325e+01
8.254024381397516663e+01
8.567138597359956975e+01
8.647340121369911969e+01
8.474628138091652829e+01
8.709623933835369769e+01
8.803567237272693546e+01
8.762215996028628240e+01
8.283469720845214113e+01
8.479182636964991104e+01
8.506007419144430060e+01
8.518045355822111731e+01
8.614028872398725412e+01
8.348730559655594163e+01
8.864655138449985827e+01
8.318134378965612541e+01
8.900358010518733920e+01
8.716976545113769248e+01
8.051432542052506847e+01
8.434827593087051412e+01
8.171703692068136604e+01
8.608889377435973245e+01
8.315043608564582200e+01
8.543985968278948917e+01
8.684872068976471837e+01
7.985497638837235002e+01
8.498868796501160716e+01
8.686959090314094567e+01
8.400479488453014199e+01
8.475644718560488400e+01
8.677511667076922208e+01
8.279539517330290721e+01
8.545443334220405518e+01
8.509279291809174595e+01
8.610266542523110900e+01
8.248665010870091407e+01
8.590269242840099650e+01
8.652661267880037599e+01
8.658220025131703323e+01
8.388250543367257706e+01
8.641645385041132954e+01
8.266671825811799579e+01
8.899177248740191715e+01
8.675593893086482922e+01
8.481811550237770803e+01
8.662717223849193715e+01
8.338824908825711191e+01
8.891783037283188662e+01
8.597489690419442354e+01
8.191963320654922143e+01
8.187926279484233305e+01
8.343303049889073009e+01
8.275026984705361599e+01
8.423999449961746677e+01
7.969073543213910682e+01
8.881914306337502296e+01
8.098770942968252484e+01
8.169719686464829067e+01
8.652748072279337066e+01
8.336308931268501965e+01
8.122395327695224410e+01
8.848245655025714029e+01
8.414638007218691484e+01
8.713294204544884280e+01
8.523992352122172633e+01
8.387304567269994493e+01
8.180189063453762799e+01
8.588761361792683147e+01
8.280295333495173793e+01
8.273528701277328423e+01
8.665958734413425191e+01
8.446412962936598490e+01
8.341479733676075625e+01
8.767037613091994785e+01
8.561948249036692005e+01
8.427048879595947994e+01
8.868719527255137791e+01
8.565927157644792089e+01
8.378093765123075798e+01
8.503508612232937480e+01
8.694120384862542039e+01
7.983890744346057033e+01
8.541129541690577298e+01
8.629485474219576702e+01
8.462816918763635954e+01
8.613140578106025202e+01
8.654985942290969092e+01
8.597300404307763699e+01
8.211579814845529768e+01
8.605010181361137711e+01
8.301743163120806912e+01
8.655900427599618752e+01
8.397184899777752776e+01
8.177032921372187957e+01
8.451384886269869412e+01
8.600873069849639307e+01
8.412494871513278838e+01
8.683299134864722646e+01
8.436132580241471146e+01
8.283129691687162222e+01
8.487672613628254226e+01
8.497503501193671127e+01
8.135899282276200495e+01
8.788030365090486384e+01
8.868287168542875065e+01
8.676564682994737154e+01
8.445233372994115939e+01
8.761615693555496875e+01
8.414442912580464906e+01
8.437240709139213379e+01
8.751663358551775218e+01
8.233684062970024797e+01
8.462621876294203105e+01
8.450108643153988908e+01
8.537117567986550171e+01
8.381041306011356085e+01
8.490881263244706645e+01
8.351864283992952664e+01
8.600092433659176550e+01
8.365413458704975369e+01
8.129407260869970742e+01
8.450895301260732140e+01
8.684052928793677495e+01
8.276075429601738165e+01
8.415983318450118134e+01
8.648695605875271042e+01
8.468364821447147506e+01
8.509316554499797292e+01
8.726385517543803871e+01
8.614796430064554045e+01
8.174683659337986796e+01
8.669073728137982471e+01
8.460203255309819781e+01
8.331136809187526637e+01
8.607501395265325073e+01
8.697210836255199240e+01
8.531128492047764666e+01
8.290923770437665041e+01
8.876978471708208929e+01
8.753322977854104181e+01
8.170002855236504047e+01
8.522354936528041947e+01
8.108154497401433503e+01
8.706158846678276575e+01
8.095394910289424217e+01
8.576170977821850272e+01
8.723931703779206259e+01
8.517137537990539897e+01
8.650217761175734665e+01
8.523746025113578639e+01
8.561170417564278523e+01
8.194624196580463149e+01
8.441333488146203479e+01
8.913742554348949909e+01
8.637694765220273041e+01
8.640274447585117912e+01
8.359249986453853865e+01
8.311805711323016510e+01
8.765986327107711418e+01
8.408280506668056375e+01
8.603033994705650400e+01
8.375738846343627131e+01
8.504920261974076823e+01
8.218274456420634522e+01
8.454779240513573768e+01
8.561319348960623188e+01
8.504204227504949642e+01
8.249211654355615053e+01
8.436382653073815163e+01
8.912973964389661319e+01
8.558145655345464320e+01
8.304003390727335443e+01
8.281844967072335351e+01
8.550700952166214108e+01
