1.426499114804025794e+02
1.398116817022917928e+02
1.445151125203375955e+02
1.440708917393847628e+02
1.456911751161921416e+02
1.454789009385294207e+02
1.498482545753613238e+02
1.454359536973600200e+02
1.437708819510824867e+02
1.420871156571668905e+02
1.430661417464463057e+02
1.444190262473082385e+02
1.467791481874596400e+02
1.438917695514093964e+02
1.433958530174366217e+02
1.484719092460317995e+02
1.422723246521848068e+02
1.461988086263951345e+02
1.466205550408620866e+02
1.429217160670601743e+02
1.416752863337206918e+02
1.456224666932614866e+02
1.446843596347420089e+02
1.406449929239375365e+02
1.443980017295250207e+02
1.435036311219431013e+02
1.451585447191073683e+02
1.413741941118805414e+02
1.394702172826986839e+02
1.494067766605651286e+02
1.429150353326798495e+02
1.450185987668911309e+02
1.447655888123359773e+02
1.401051514196854271e+02
1.405856483180459122e+02
1.410255070656687053e+02
1.450646245856353858e+02
1.460360933815457258e+02
1.419047870142485692e+02
1.418172527150063900e+02
1.441879848558886295e+02
1.444615546450490058e+02
1.439332573741912995e+02
1.426626614820702912e+02
1.425673994151805744e+02
1.449124983651689718e+02
1.426695183357865062e+02
1.441296475906357557e+02
1.486777396228060866e+02
1.457535354418860720e+02
1.457373924579878235e+02
1.422543957112913517e+02
1.451681710855884262e+02
1.439427860253244376e+02
1.446064466457544881e+02
1.453590901607583135e+02
1.454972392044458900e+02
1.448615291991266361e+02
1.429494021057782618e+02
1.446668482999088496e+02
1.417950395088694506e+02
1.411521364359796280e+02
1.445154231154333502e+02
1.418856490246567432e+02
1.493604368905197930e+02
1.405963273749295013e+02
1.433370282078709579e+02
1.452206260580250898e+02
1.402735721531407478e+02
1.443956969262819712e+02
1.446467119383062254e+02
1.434525269873848003e+02
1.395883554092837358e+02
1.423108051357214379e+02
1.423248024916053680e+02
1.429100278132201538e+02
1.422241137561470907e+02
1.475108637729971974e+02
1.437616938369741320e+02
1.417594180547554288e+02
1.434170316440982731e+02
1.417267064971620982e+02
1.443859777972414520e+02
1.448319646623266692e+02
1.455614083029698520e+02
1.448026975848916322e+02
1.410499839543529959e+02
1.436351765782041809e+02
1.420901912433282632e+02
1.412522181081078827e+02
1.491168980203464969e+02
1.440655109094705040e+02
1.466080035629818497e+02
1.410956689459862616e+02
1.436243842342127834e+02
1.418401982421861192e+02
1.472690226503028441e+02
1.427194754210698306e+02
1.459979296136244500e+02
1.453584258891817456e+02
1.475637604537706977e+02
1.434922348668189898e+02
1.416068763020562358e+02
1.441325122274691068e+02
1.452550719819899427e+02
1.400992962639348605e+02
1.442412338356284636e+02
1.462444969663855261e+02
1.464949546359475789e+02
1.407931048793984985e+02
1.439444208144837489e+02
1.446869592348597564e+02
1.395365430526304920e+02
1.466470856245923926e+02
1.401770005252787428e+02
1.425782475874020463e+02
1.420363982406957462e+02
1.457628177865655346e+02
1.460719043778017578e+02
1.460288909589447712e+02
1.456923322485651511e+02
1.435893626658895812e+02
1.443032182235197922e+02
1.434435785821323179e+02
1.427888617478734545e+02
1.444325931031027039e+02
1.440459603109928537e+02
1.402665454397416624e+02
1.445090397677654153e+02
1.457112627695700837e+02
1.462605715112761118e+02
1.479178316791012833e+02
1.408059909911999341e+02
1.452299135494930624e+02
1.434130501476940651e+02
1.431310426063092507e+02
1.426430048565243851e+02
1.451039097881493944e+02
1.470228689308711978e+02
1.414186052713875483e+02
1.480406019176875247e+02
1.458659680619784353e+02
1.411303528417940925e+02
1.447157898615901956e+02
1.442720898423041547e+02
1.496352230569087283e+02
1.413102867378073029e+02
1.411672826950246815e+02
1.414952392225413291e+02
1.400111186480710046e+02
1.416304423112444226e+02
1.450376175098924705e+02
1.447151755336421672e+02
1.452728424009353603e+02
1.457762310036145834e+02
1.445138376909670228e+02
1.437069869770423338e+02
1.437918897376985683e+02
1.452657704556205545e+02
1.431960018072747971e+02
1.407118809233716092e+02
1.441606570594998118e+02
1.464856848315207571e+02
1.461873434607842910e+02
1.443705190798613955e+02
1.414080714969432506e+02
1.466042761596575019e+02
1.453424734471205682e+02
1.457552787923906124e+02
1.400901875970534718e+02
1.429627060360317046e+02
1.413299487018852005e+02
1.467938691026064362e+02
1.397455065215494301e+02
1.457806481914873018e+02
1.429708459413635353e+02
1.450346351569490366e+02
1.447125611367719387e+02
1.457616803929276728e+02
1.426688311843288375e+02
1.442482716884942420e+02
1.463950610467790057e+02
1.461004818350521930e+02
1.417848837021668658e+02
1.423781041474186395e+02
1.459114750240808860e+02
1.439528154607132251e+02
1.475346398135627624e+02
1.469011471148682517e+02
1.442123742610316128e+02
1.443017077167091315e+02
1.408657735666484712e+02
1.409667697692611057e+02
1.487146513690940708e+02
1.387847064741685017e+02
1.466219445404489079e+02
1.456700869832118599e+02
1.441876152875383355e+02
1.436298984460874806e+02
1.430843512893149807e+02
1.461745943729507928e+02
1.420199111417951201e+02
1.434219874681113254e+02
1.459425766792842012e+02
1.466160882207972236e+02
1.442963160366329305e+02
1.418074413347356710e+02
1.421385540013743309e+02
1.431749798206060689e+02
1.414441226054045444e+02
1.460546554215333970e+02
1.425088246508826728e+02
1.435188094246317405e+02
1.429440044870832764e+02
1.412624226568370034e+02
1.447472736664560102e+02
1.422740882348070102e+02
1.429425996743366909e+02
1.462622156314167512e+02
1.396712829011806889e+02
1.428655582303746030e+02
1.483760620995465160e+02
1.472098919270737269e+02
1.440300070317434233e+02
1.457949389638072830e+02
1.409535874971125509e+02
1.436311496070312614e+02
1.438570374518384369e+02
1.472569541808983331e+02
1.462562685011376118e+02
1.431553992453484909e+02
1.473788060054761218e+02
1.412006358905876198e+02
1.422726695547999043e+02
1.442086142773528934e+02
1.458036912985581637e+02
1.435160721083862825e+02
1.468498637225175685e+02
1.473769398940600297e+02
1.460298012044159179e+02
1.422175900564861308e+02
1.425015602053647115e+02
1.434496569041588998e+02
1.455473497525994162e+02
1.410810858660264273e+02
1.409093458211230825e+02
1.427922986692293250e+02
1.465470558462006352e+02
1.431013596839989930e+02
1.435612049392274514e+02
1.400354402004255121e+02
1.440757159420402900e+02
1.439923371399138716e+02
1.465172138377892281e+02
1.441362018151982056e+02
1.452382386193791035e+02
1.473069243626901255e+02
1.421988253251353171e+02
1.464574077371440808e+02
1.433497369875888126e+02
1.476925337095057387e+02
1.426141533135965744e+02
1.446059810873395577e+02
1.416349389816482187e+02
1.418226090142269413e+02
1.460541295020510972e+02
1.417841000201982240e+02
1.471598955901372108e+02
1.441373763304995919e+02
1.430734164480876132e+02
1.424738862230731229e+02
1.428551569584004426e+02
1.439180092564809286e+02
1.467913867249933162e+02
1.459361328152368742e+02
1.421787283496577459e+02
1.451048844836156206e+02
1.428273143254380955e+02
1.460053012250862707e+02
1.470305392819848578e+02
1.494636264829611889e+02
1.390032589068684956e+02
1.456515363968744623e+02
1.438190327768699888e+02
1.444697122765578854e+02
1.436387543441421997e+02
1.450072577744851401e+02
1.435674256223570353e+02
1.484780121437118225e+02
1.426648054801831336e+02
1.477745440769935215e+02
1.457760649361520393e+02
1.410636064947913724e+02
1.410506274790968746e+02
1.422032224954731987e+02
1.415249351297011060e+02
1.441370741257952375e+02
1.467649149984076757e+02
1.458319746704401041e+02
1.413028812444608491e+02
1.423905262474208939e+02
1.431655446127516882e+02
1.438273359188852965e+02
1.440106548858476003e+02
1.471430792499713505e+02
1.447802519929817038e+02
1.464736028318053229e+02
1.428094908850426350e+02
1.413254892618789711e+02
1.455277071464682308e+02
1.467806704164328266e+02
1.423069445822568468e+02
1.465979975584012607e+02
1.441608638495726211e+02
1.449816510142240418e+02
1.414472877351535942e+02
1.423101649683292180e+02
1.423265711766549089e+02
1.471932550684312275e+02
1.453972825702031457e+02
1.430549459433840696e+02
1.479637775235832748e+02
1.454442768445211414e+02
1.436977238457257897e+02
1.426933763585104771e+02
1.459719844667916391e+02
1.419338474881768377e+02
1.466411223370317884e+02
1.424401792858065789e+02
1.446898826611689231e+02
1.437428206631393834e+02
1.454780991535820363e+02
1.474571147905041641e+02
1.420849455174856644e+02
1.446209693449129361e+02
1.434824172374847819e+02
1.393724253819472949e+02
1.470469755997239929e+02
1.456881584697896415e+02
1.409689196887736387e+02
1.410497984708808303e+02
1.436566134862263198e+02
1.465671545961607762e+02
1.430710782220163821e+02
1.409651751401390527e+02
1.450363321882959440e+02
1.444200333984319400e+02
1.401949300750788723e+02
1.402684669765791625e+02
1.468551507510479723e+02
1.483708215392068439e+02
1.443840869610787365e+02
1.406386475552891682e+02
1.403785926769061803e+02
1.441642887553699666e+02
1.448773718255381482e+02
1.420213517090676589e+02
1.458506698880530621e+02
1.467839526617980255e+02
1.447684413932667837e+02
1.411365218173846188e+02
1.451155857168694183e+02
1.433732443478959908e+02
1.428538302473714054e+02
1.427742917087628314e+02
1.445503852452709737e+02
1.419131292207844410e+02
1.432174090695716870e+02
1.431782609607894301e+02
1.436828840067027784e+02
1.423964800661815957e+02
1.461033010088476942e+02
1.423201420280043124e+02
1.408672682252867503e+02
1.408636330833678016e+02
1.485727502592463622e+02
1.452052877314563943e+02
1.430784054543835566e+02
1.418968287834696014e+02
1.424371165243603059e+02
1.428125228821802182e+02
1.440502172080961998e+02
1.397793353627530735e+02
1.444309679694091813e+02
1.489531744976950733e+02
1.462567446748844873e+02
1.444473440678256395e+02
1.447203670231578769e+02
1.445656188769409027e+02
1.460949399900969183e+02
1.486352933353294361e+02
1.469370866490160950e+02
1.438838777975339838e+02
1.445825281680600085e+02
1.467009485116994654e+02
1.429401964384358905e+02
1.431019792465997682e+02
1.432694511551455889e+02
1.414130572756240269e+02
1.414143166557788049e+02
1.450513210633745302e+02
1.452597315056025025e+02
1.428122949899586445e+02
1.456048417051463559e+02
1.428877172960162341e+02
1.430262337408250062e+02
1.471303797128092867e+02
1.428641872213758575e+02
1.467704106650349445e+02
1.486880586038087984e+02
1.424811789597671918e+02
1.437517404694430923e+02
1.426530582412233059e+02
1.455389867305109419e+02
1.460403495019592413e+02
1.427374025077022566e+02
1.427337727218219641e+02
1.439839662886873271e+02
1.468583569826935786e+02
1.419785958366747707e+02
1.437908618448850575e+02
1.416743980196162909e+02
1.395987325401908663e+02
1.455857228154359291e+02
1.441486951203363560e+02
1.436001095527470000e+02
1.441187702842618990e+02
1.410682089766356171e+02
1.425470152376891804e+02
1.455791278557427688e+02
1.391839238140124166e+02
1.434896867192300931e+02
1.433274717516109149e+02
1.472243968021824401e+02
1.437436667562496098e+02
1.467993983337095472e+02
1.412267339840953753e+02
1.425155394407755978e+02
1.444446705265616231e+02
1.439341863285984005e+02
1.421038119857370532e+02
1.442025992410457036e+02
1.451664047203318546e+02
1.422873747257749812e+02
1.463874525412329888e+02
1.462185959009709677e+02
1.480817602828871884e+02
1.469246543753502294e+02
1.453683824678204530e+02
1.427511303348143770e+02
1.439905109970398200e+02
1.461981481125044695e+02
1.424345665078617742e+02
1.465589980851293603e+02
1.409907706159900727e+02
1.449805928218832207e+02
1.408166789322095838e+02
1.471337882300097988e+02
1.427993736701913008e+02
1.436881033147204221e+02
1.423566512052947246e+02
1.432136590229694946e+02
1.444898884870085567e+02
1.469020712724965847e+02
1.436823605525588334e+02
1.438338462942147089e+02
1.408746810541244372e+02
1.449523745981094578e+02
1.440920438491494338e+02
1.463652593262391406e+02
1.433816195740013200e+02
1.444400693843095382e+02
1.445624921380678813e+02
1.432896757160932566e+02
1.410380202427944596e+02
1.415437000271558077e+02
1.439427566628964712e+02
1.409266720898005474e+02
1.448147965521674223e+02
1.410012927549495600e+02
1.452473083262986222e+02
1.414946957675768431e+02
1.454573862200624887e+02
1.468168246225137068e+02
1.456884396345203356e+02
1.418920938394373366e+02
1.426731830585262060e+02
1.455102796077288190e+02
1.436215058956557584e+02
1.506444365772252922e+02
1.442141313114926504e+02
1.422826302384691530e+02
1.433321717684920031e+02
1.454352469017498777e+02
1.437450462981747705e+02
1.428932016734208901e+02
1.449682241344416411e+02
1.448825344898492062e+02
1.446910642296859635e+02
1.470678889445945856e+02
1.463329915216749271e+02
1.456660491223081806e+02
1.452960632671078542e+02
1.449602347695385447e+02
1.446824285294450476e+02
1.439312876554832599e+02
1.451207220934864210e+02
1.481872004452666545e+02
1.426874012234826523e+02
1.462868283721561511e+02
1.413179286240959129e+02
1.458788541466497293e+02
1.443053550460707584e+02
1.437386357707011655e+02
1.460003458694064307e+02
1.450895637216785303e+02
1.450322465318840841e+02
1.419352117902652424e+02
1.476377314132471099e+02
1.457226162617250793e+02
1.436978067542662529e+02
1.405019742673853216e+02
1.455838152346296965e+02
1.456842706439153119e+02
1.429581287926186519e+02
1.427374305993117503e+02
1.461931150537659789e+02
1.435191568437459750e+02
1.441434060640388282e+02
1.462259139029656012e+02
1.410530478209794580e+02
1.425860830969791380e+02
1.428934442790205708e+02
1.437308510753165365e+02
1.450607217448092285e+02
1.440392856268665014e+02
1.469769966481717915e+02
1.443263297750075935e+02
1.417582415625103920e+02
1.445147967075266990e+02
1.462183046058357547e+02
1.457304682918951926e+02
1.451382471973674910e+02
1.441927926213404874e+02
1.454780567222818206e+02
1.451798253462802393e+02
1.487495170247990757e+02
1.446035997502119130e+02
1.433983062379676880e+02
1.415905447163007693e+02
1.442777908049227733e+02
1.452760565078622221e+02
1.481972112125769740e+02
1.435016263412192359e+02
1.432967210219451317e+02
1.415807723814152439e+02
1.411811799887886707e+02
1.420308143182975016e+02
1.432260065363834656e+02
1.406683737280519324e+02
1.459426660320594067e+02
1.455197774506398503e+02
1.438636496126534325e+02
1.487991282356100839e+02
1.474829237873353236e+02
1.460026865229430939e+02
1.463743455921724319e+02
1.460260908664425870e+02
1.430193627168278283e+02
1.428953128303815276e+02
1.428247274128219999e+02
1.421932361408796055e+02
1.424297990072712707e+02
1.410581145082012995e+02
1.449517646837406062e+02
1.425876271889113980e+02
1.429530474736987742e+02
1.443949877469930527e+02
1.423591399426355792e+02
1.461010803434770366e+02
1.459385358604101555e+02
1.440520862933869921e+02
1.442826366417966995e+02
1.448624753300752843e+02
1.449437100185244276e+02
1.458287675638512724e+02
1.396788322943264404e+02
1.469395226122362601e+02
1.438490461421843918e+02
1.425199649434120204e+02
1.443198503569018953e+02
1.426956876240638508e+02
1.416365498222425856e+02
1.421713588282288470e+02
1.452247930287504687e+02
1.445539941438159985e+02
1.413559285997181121e+02
1.409235137147643400e+02
1.435645626772241030e+02
1.459981806961399116e+02
1.477510565748667943e+02
1.457240401364772424e+02
1.383131900783269259e+02
1.437873488934796171e+02
1.482628199330624170e+02
1.429339080850186292e+02
1.432618306301060898e+02
1.451578235437808644e+02
1.445905892536311796e+02
1.436358969672471062e+02
1.442587888105267950e+02
1.430056191660638092e+02
1.410745187385103634e+02
1.463373506743828614e+02
1.403692368152150323e+02
1.434267171868894195e+02
1.439269113165229612e+02
1.443960641856751295e+02
1.407685497336759113e+02
1.437284224596896536e+02
1.422777927449938602e+02
1.428395305837619276e+02
1.404298328539422869e+02
1.415549002779484624e+02
1.432169522765650811e+02
1.444882308258571584e+02
1.426698685146694459e+02
1.466741755010913550e+02
1.435274407435793478e+02
1.486724044207984150e+02
1.442546845761090992e+02
1.449876343669675407e+02
1.449012231112072300e+02
1.459164110347710164e+02
1.403473825865195579e+02
1.422998699502713862e+02
1.435801268137749105e+02
1.447979576790491478e+02
1.464012735371576639e+02
1.417068516068576116e+02
1.421709863477509259e+02
1.462788301660953891e+02
1.465191439899784598e+02
1.454212339811098786e+02
1.418624487036400126e+02
1.439803062949938237e+02
1.474858271890572610e+02
1.461365767523281249e+02
1.431693474659673484e+02
1.442274407211366736e+02
1.432273066661903727e+02
1.415577767908120279e+02
1.482285993484366315e+02
1.460311647297549769e+02
1.433884042921444859e+02
1.465226399604830192e+02
1.443410563129183402e+02
1.465509619627245002e+02
1.498914370484762628e+02
1.426051565174306006e+02
1.462572837521775284e+02
1.465425126585779196e+02
1.464509806750262157e+02
1.473576199903800727e+02
1.451855346391786554e+02
1.401327071356183183e+02
1.471601531146833395e+02
1.409975405105252833e+02
1.415147631387344234e+02
1.426505754589603612e+02
1.417567538981136579e+02
1.445897991516899310e+02
1.451222476300120547e+02
1.433223211371729064e+02
1.469691587543154867e+02
1.451448291174705787e+02
1.443916056517302877e+02
1.434196918614650542e+02
1.462776984984690500e+02
1.424745530102729845e+02
1.443150388288111685e+02
1.448319386612286053e+02
1.419317410289032182e+02
1.428499604436651964e+02
1.421048556346290752e+02
1.423373821170066833e+02
1.468887147526212686e+02
1.463760522110762281e+02
1.431122725597303145e+02
1.473150039451872146e+02
1.439307587043877845e+02
1.460812107611200759e+02
1.464477783275195861e+02
1.472535157110586113e+02
1.470970571012128119e+02
1.448626949663175196e+02
1.464768791974117335e+02
1.464233795800694224e+02
1.425620397605716505e+02
1.418409139041584979e+02
1.454553414577858064e+02
1.446317311082835602e+02
1.475529293539870537e+02
1.395616005706141891e+02
1.419073350407838916e+02
1.444086309910797752e+02
1.418587222484351003e+02
1.471664272127634092e+02
1.421511711456250282e+02
1.427133907226971132e+02
1.444093869713570655e+02
1.472990122136203297e+02
1.441067011675761478e+02
1.449844311717478718e+02
1.428096168020702237e+02
1.431417537348127098e+02
1.471365458466204927e+02
1.431331502534759181e+02
1.429969893109580710e+02
1.447431479304947572e+02
1.419728421331604693e+02
1.466783528479245433e+02
1.476821972313293543e+02
1.451109568871439421e+02
1.398151187132410485e+02
1.408250105181103891e+02
1.409665298087581675e+02
1.431782747656370987e+02
1.446223720072571268e+02
1.445614115057232709e+02
1.410504895415643318e+02
1.451547585234196731e+02
1.451116085219298952e+02
1.445937514033622904e+02
1.424605442881440922e+02
1.413799486412800661e+02
1.395825144420377342e+02
1.452134267583188034e+02
1.413476913539155646e+02
1.463242248591732562e+02
1.418401483274843997e+02
1.402507720747489941e+02
1.401429864728652888e+02
1.398996385144256465e+02
1.433262992104389468e+02
1.400848569653324205e+02
1.419671349020561593e+02
1.454545500520482619e+02
1.447961979195255537e+02
1.447055970710862596e+02
1.401319837743141647e+02
1.419397893603413081e+02
1.456278444302819253e+02
1.460883584486265079e+02
1.453338293114758528e+02
1.441764496501526480e+02
1.429148670757398065e+02
1.439937055941365145e+02
1.411159976824189926e+02
1.442843891536984984e+02
1.417742546731310540e+02
1.470327462121698545e+02
1.475824711632701280e+02
1.480568437141589868e+02
1.412316013350931314e+02
1.421932902298142096e+02
1.428141123633621135e+02
1.450472526772118442e+02
1.478017812032320535e+02
1.434808144749387395e+02
1.459292735193720603e+02
1.452853035838942901e+02
1.464144798778874588e+02
1.463960632307662877e+02
1.403157770475431789e+02
1.427495400233040925e+02
1.461866042483766819e+02
1.457577790442495882e+02
1.435404988817818719e+02
1.451142601716479987e+02
1.454541334461499957e+02
1.445552526815423562e+02
1.460227079006719748e+02
1.408643037622564691e+02
1.430275857783192635e+02
1.422361359095801561e+02
1.463491234675421424e+02
1.440941919189518785e+02
1.488174946527969098e+02
1.432635962990028133e+02
1.421205572471180858e+02
1.455068234220909176e+02
1.429142039324620157e+02
1.438331221232000416e+02
1.403226384821503814e+02
1.442656654499409683e+02
1.445276592933294069e+02
1.448153389280751355e+02
1.453873443896819424e+02
1.451738295121693909e+02
1.434103278497079543e+02
1.419909048326516370e+02
1.437782849997385313e+02
1.412889538682008777e+02
1.431604956380465694e+02
1.455704491727454695e+02
1.456474158804378476e+02
1.436705011675401522e+02
1.389961301729513821e+02
1.463729409236689776e+02
1.436541044873058013e+02
1.433189029613293712e+02
1.418856205456865496e+02
1.467566619118072992e+02
1.441428200832778828e+02
1.436587338007053631e+02
1.462338129210780266e+02
1.451083578881496692e+02
1.402516494309348332e+02
1.471209454658556979e+02
1.431203203273613269e+02
1.414299077475576212e+02
1.416964894742984598e+02
1.422084166341419689e+02
1.444101851425237726e+02
1.441350240775713871e+02
1.453812539242186688e+02
1.426676122111888390e+02
1.420338216864847425e+02
1.445706844015684283e+02
1.445352703007733339e+02
1.432567562305755757e+02
1.444414019228513268e+02
1.442984396023520048e+02
1.438382514475811433e+02
1.461021264952655088e+02
1.425360307637706967e+02
1.414085690640062580e+02
1.431613600031937210e+02
1.398120608412725971e+02
1.430266827385086970e+02
1.461139129373067931e+02
1.447949698769558324e+02
1.438866359308454150e+02
1.427880529690452818e+02
1.417995316532938830e+02
1.446349048684695049e+02
1.448829683182509029e+02
1.435941586345741428e+02
1.441134459351306987e+02
1.432553304844236095e+02
1.436611813684789638e+02
1.457750857361029659e+02
1.422352544148915001e+02
1.467076561560267010e+02
1.401412411646284397e+02
1.444181255084787097e+02
1.414602612075417483e+02
1.434127444238330611e+02
1.471771253292650385e+02
1.430352537562679061e+02
1.443311507970289540e+02
1.438389231541011384e+02
1.470840834977582858e+02
1.488389314400391754e+02
1.453250897986160624e+02
1.468017043376985100e+02
1.440341386463565811e+02
1.452987131434044272e+02
1.433302593125033013e+02
1.465445773000175791e+02
1.429758330196963811e+02
1.456483834740236034e+02
1.393549506295438221e+02
1.397181576647508336e+02
1.400027038084132016e+02
1.430393331295016424e+02
1.435204602011475288e+02
1.460252714054991543e+02
1.420788793363164757e+02
1.411046458736387592e+02
1.471907328452708725e+02
1.456507725223984266e+02
1.454092380322281031e+02
1.425269287475797171e+02
1.429311680303344190e+02
1.454330409633251122e+02
1.449969843998552790e+02
1.444241087830891672e+02
1.429383983283392467e+02
1.420427409336502933e+02
1.406880648018914712e+02
1.458750222616550900e+02
1.459101851739553410e+02
1.424286758283822962e+02
1.418300804069655783e+02
1.457891996685094682e+02
1.438416795254123599e+02
1.413782506416352192e+02
1.435597670451440706e+02
1.418308085347587451e+02
1.493070173439727739e+02
1.450358668199921794e+02
1.411305756368511481e+02
1.428967046125507068e+02
1.460850813982155501e+02
1.460236566962420284e+02
1.413486184516415278e+02
1.447746690379376844e+02
1.408187791615805224e+02
1.476180762626736964e+02
1.454770215127499000e+02
1.419354172349426619e+02
1.452394301220744524e+02
1.426087081255560065e+02
1.448157583938324251e+02
1.411873059006200606e+02
1.420157195524917881e+02
1.466523532037007271e+02
1.404854993921071014e+02
1.443123626129575428e+02
1.438428864876143791e+02
1.451404841363803371e+02
1.479203497811608656e+02
1.494125552854351326e+02
1.424329583196215765e+02
1.466937408780262899e+02
1.450920820687163939e+02
1.441630433346312827e+02
1.423231330809902317e+02
1.439836500907684638e+02
1.433231967914671259e+02
1.455606912164465427e+02
1.403315252151356844e+02
1.437933830425140798e+02
1.417848972764972473e+02
1.443264231968042850e+02
1.458670960260774336e+02
1.415058535372960762e+02
1.457942858289721926e+02
1.431557119539492646e+02
1.399399226058303327e+02
1.462279398396825627e+02
1.415429448113944773e+02
1.465446433773198578e+02
1.487221389125137136e+02
1.479949183742617436e+02
1.455466190253792718e+02
1.433008418324120896e+02
1.468087113376645618e+02
1.468759673932924557e+02
1.472961854395612420e+02
1.458760616639007139e+02
1.446478042099472532e+02
1.471001491073382681e+02
1.457980894306012658e+02
1.461501912832099777e+02
1.434292019394082445e+02
1.460940328602913496e+02
1.415855274152753793e+02
1.412771261405432313e+02
1.465384864575839003e+02
1.485812468919791343e+02
1.467617283569822462e+02
1.436938436354402597e+02
1.408609079418444026e+02
1.454055497146661651e+02
1.460030392718207111e+02
1.439594474789561787e+02
1.446682239917699349e+02
1.394756656114410305e+02
1.416741071183417375e+02
1.451439781531793756e+02
1.447032440656660413e+02
1.473187083828299535e+02
1.432846273980416640e+02
1.440415026900950579e+02
1.408828106821868005e+02
1.449396064184738862e+02
1.432815698177883803e+02
1.441172125320855457e+02
1.425965015884468130e+02
1.450893059925365378e+02
1.458921970697455777e+02
1.445783010617051332e+02
1.440471136902230000e+02
1.477178792973320469e+02
1.448284914012143645e+02
1.423806607154666892e+02
1.447296874264172004e+02
1.451895107056469669e+02
1.464629315278369290e+02
1.439263633672298113e+02
1.412502051593960744e+02
1.417203366472887467e+02
1.408529684708700813e+02
1.427526418696543828e+02
1.447332379865091809e+02
1.420614401617016256e+02
1.455004177663363691e+02
