1.399078552427554598e+02
1.423948272125144570e+02
1.395530238165921162e+02
1.405679733119827688e+02
1.430356923803448694e+02
1.406674715300172238e+02
1.433316577876400686e+02
1.410023660726195942e+02
1.404934533570592805e+02
1.394863950664903314e+02
1.384929389157086348e+02
1.427421497641458643e+02
1.427143114902866898e+02
1.416038977767781830e+02
1.424788934716908102e+02
1.399353342761650367e+02
1.448777220181619896e+02
1.419620395171768905e+02
1.396069774799420600e+02
1.428420749348429410e+02
1.412901283478713594e+02
1.435953187630087484e+02
1.432181662742829644e+02
1.460175614853104094e+02
1.451437568299285488e+02
1.426544053007603736e+02
1.410315480596512145e+02
1.398158937673846083e+02
1.423430283194264803e+02
1.429810642118385147e+02
1.440807772327344196e+02
1.402952218920895007e+02
1.406457547058478212e+02
1.422531042348341828e+02
1.393099695923461638e+02
1.424791303621611860e+02
1.432556889584841429e+02
1.418190919098414042e+02
1.421786396543505759e+02
1.396875641566732043e+02
1.440321558932009509e+02
1.415406355531791007e+02
1.408333923479428051e+02
1.397193740039805050e+02
1.400345869035974999e+02
1.393248540124627652e+02
1.397088106839929083e+02
1.412198899816365270e+02
1.438059374824070176e+02
1.417718316941038097e+02
1.408575824011711006e+02
1.402005004909321144e+02
1.456465055743498169e+02
1.429534386615773656e+02
1.420689459240162478e+02
1.427996879670867258e+02
1.416862265917863795e+02
1.394346258145594390e+02
1.414945697786416758e+02
1.403547243113836203e+02
1.438627876450109966e+02
1.394033945016828966e+02
1.429184302771123782e+02
1.426896117800019681e+02
1.424762595282936672e+02
1.461286164766570153e+02
1.404468263300223327e+02
1.421149393831328496e+02
1.392606927350815909e+02
1.417982176949827533e+02
1.355822688504289601e+02
1.418653827120368192e+02
1.400379702485342079e+02
1.377583112695639613e+02
1.423711055409228550e+02
1.403226805946396212e+02
1.383281638631440842e+02
1.388403583768584326e+02
1.438413402816973132e+02
1.422894147515963823e+02
1.424986331743679102e+02
1.403433329508876000e+02
1.393696583450385162e+02
1.410245365198966851e+02
1.400504734041855386e+02
1.412435449108709236e+02
1.418191721592803276e+02
1.368321467985227287e+02
1.392134034180492108e+02
1.384118236260526089e+02
1.460783143309690502e+02
1.428828486278445951e+02
1.440053378826464439e+02
1.408508045015794892e+02
1.430869401692608562e+02
1.414767847178539455e+02
1.442866723752258622e+02
1.388425803416238864e+02
1.387470695543456429e+02
1.448676440633755931e+02
1.429178107299971714e+02
1.388577667281867889e+02
1.436132081716759785e+02
1.455915663321449358e+02
1.432883062823864293e+02
1.437637085025639863e+02
1.393450461414142580e+02
1.426054050799570234e+02
1.439435113012993668e+02
1.411315454959341196e+02
1.427548858347836074e+02
1.373802798151182003e+02
1.433970639398952756e+02
1.388954969180829551e+02
1.417473530214390962e+02
1.403711733846169807e+02
1.414095725403261383e+02
1.449685419224643965e+02
1.398541519895552767e+02
1.414337874849329637e+02
1.404580798902869674e+02
1.377845184808436727e+02
1.383290629798311500e+02
1.440225373623706844e+02
1.398237928709540085e+02
1.423542985206467506e+02
1.435632556980245624e+02
1.433185202556285560e+02
1.440445412056386658e+02
1.409546825561371008e+02
1.398332529465011476e+02
1.402864199348943828e+02
1.468447781964510739e+02
1.400382413977274609e+02
1.430523663556938914e+02
1.439501665653880309e+02
1.404854002102557615e+02
1.418835009716988225e+02
1.435179557903785508e+02
1.428995845961164832e+02
1.412819183473278599e+02
1.407611462777991278e+02
1.380620469260631467e+02
1.431772698166058149e+02
1.406501826960277413e+02
1.426672254016569354e+02
1.428594005343525453e+02
1.423438405625727796e+02
1.410493822793616516e+02
1.373573234470761122e+02
1.434326037939388527e+02
1.398779871184531487e+02
1.423481860226036986e+02
1.414067935143187640e+02
1.412070275273731284e+02
1.408041275819831810e+02
1.408812403645168843e+02
1.422633641369213819e+02
1.429779605322126201e+02
1.405229903938840721e+02
1.401007744089542655e+02
1.411024011745368227e+02
1.436395488707499055e+02
1.391652899336311009e+02
1.425020673719196225e+02
1.392676598548538038e+02
1.357793224621644583e+02
1.427819571637182037e+02
1.416645716313177559e+02
1.402411659112497375e+02
1.417617876542842623e+02
1.427563432911686050e+02
1.427269164960307535e+02
1.437290718156052378e+02
1.402146664229645694e+02
1.440257047286121121e+02
1.376942139347117120e+02
1.398229264883140104e+02
1.421517567930013684e+02
1.377796960669250552e+02
1.467698194034050516e+02
1.378632841662051192e+02
1.416313436182364569e+02
1.388381607850088528e+02
1.436694120956049687e+02
1.417066878816484063e+02
1.440403063249036393e+02
1.461109170332871088e+02
1.426590073770396998e+02
1.442876369740444034e+02
1.398212684343192223e+02
1.423348003742704293e+02
1.423745297229777123e+02
1.403373687217612655e+02
1.436583047764849823e+02
1.435978772870797116e+02
1.420859830156837518e+02
1.431337071340586817e+02
1.399421231591377932e+02
1.419561406735640787e+02
1.418881393217477864e+02
1.405272311254616397e+02
1.377848293311853638e+02
1.393591408093350879e+02
1.412813399693412180e+02
1.418964776300437904e+02
1.445779866290610585e+02
1.441721477568439695e+02
1.394077732960516016e+02
1.402714014801205735e+02
1.433994368820985699e+02
1.464187012804150356e+02
1.392795947402298964e+02
1.403015594325326560e+02
1.436213318291416954e+02
1.404621372898374148e+02
1.416392975342075431e+02
1.418230007100800378e+02
1.403892081527133087e+02
1.402350047164585760e+02
1.400017888357670586e+02
1.420961023212875602e+02
1.404690901783272636e+02
1.407148575393940462e+02
1.423258751817591872e+02
1.422155396707513262e+02
1.406383730265123404e+02
1.420205747568341792e+02
1.415369025209908500e+02
1.409814606043719607e+02
1.382743050581659077e+02
1.398612133733312248e+02
1.399164735603848442e+02
1.403977173537588783e+02
1.388178352163729699e+02
1.400082993020479023e+02
1.379014068798771575e+02
1.420871085584439584e+02
1.405780576367380945e+02
1.413560244625070084e+02
1.419651703048681668e+02
1.440262632883294032e+02
1.439263084392193264e+02
1.395895334016613276e+02
1.401884126700267643e+02
1.371545704315204546e+02
1.443906059102972677e+02
1.403660769460014421e+02
1.412187145089062597e+02
1.406379705781964731e+02
1.431293139266273613e+02
1.433817657372993324e+02
1.406757734907940858e+02
1.405923545628960198e+02
1.392528092708828069e+02
1.385577392927491189e+02
1.429088084524990734e+02
1.396380220423856429e+02
1.426769410896561681e+02
1.445401458876895902e+02
1.381226205729958565e+02
1.405246547423875541e+02
1.426707088825872063e+02
1.443206401467328988e+02
1.414586604410895632e+02
1.401805430194742428e+02
1.384536859176337771e+02
1.412720826029338355e+02
1.396543381417102978e+02
1.382297500444103378e+02
1.420381894834044374e+02
1.425476444002657956e+02
1.408633944847466353e+02
1.409177847601626468e+02
1.414946012150039394e+02
1.397683135170981075e+02
1.431174906115242038e+02
1.409245536375603649e+02
1.355204576220090757e+02
1.458118858361416699e+02
1.406458471649240778e+02
1.399110178832647193e+02
1.390797804305784382e+02
1.424893943021291420e+02
1.412488815024326527e+02
1.410073574647481962e+02
1.424917598382947119e+02
1.381258041788777007e+02
1.388908519969764939e+02
1.457822018846375443e+02
1.430329449816664180e+02
1.347580107511384142e+02
1.425765129579257291e+02
1.394054261068230005e+02
1.416651782080593875e+02
1.430034366802013608e+02
1.391986829550551761e+02
1.435925278864166046e+02
1.448037121088017614e+02
1.391310982164706900e+02
1.414601057251706777e+02
1.413802617089527871e+02
1.429040231425733793e+02
1.421897133396481365e+02
1.433598816482434302e+02
1.431841463483760890e+02
1.420168406478404961e+02
1.427295135487997300e+02
1.431829554261059059e+02
1.442362227115663416e+02
1.423959268950029582e+02
1.419962705068676883e+02
1.372932931484504024e+02
1.389210655770518770e+02
1.415395457345005354e+02
1.396539017471009458e+02
1.387912641861847476e+02
1.394223835554610673e+02
1.434907811416749723e+02
1.378902641763158385e+02
1.423853501938326076e+02
1.400929785017852112e+02
1.406820720181029287e+02
1.437373651724006720e+02
1.417694566044959004e+02
1.400491864324197877e+02
1.430588885576839289e+02
1.375539890510375756e+02
1.371420114128250418e+02
1.401343456390518440e+02
1.427213665337241650e+02
1.399731270750330054e+02
1.421020837752097918e+02
1.426528715127921885e+02
1.390531299447247875e+02
1.449460537854659492e+02
1.371077147486580543e+02
1.423494428143828827e+02
1.414507515836899643e+02
1.404882192201963278e+02
1.389370888701855904e+02
1.413845048310014079e+02
1.383209389440428936e+02
1.420161984773838810e+02
1.422078937135069623e+02
1.420958628232057208e+02
1.395909775397383044e+02
1.401380127619662233e+02
1.416070774636016267e+02
1.405254940727537587e+02
1.408108085926414788e+02
1.400617091490305768e+02
1.416497030011063600e+02
1.398958492619781566e+02
1.383924242163949145e+02
1.404231587139983048e+02
1.415336479577083821e+02
1.431731789622140241e+02
1.411623030520226507e+02
1.442843437896901264e+02
1.385319923180829278e+02
1.419938693345495722e+02
1.391419044324905485e+02
1.412827064915792619e+02
1.410649717558615350e+02
1.368503856936354737e+02
1.390130807160961979e+02
1.373547261852565953e+02
1.406024814337475846e+02
1.408454707383427831e+02
1.392550842206231891e+02
1.428747974989832414e+02
1.428045618748415677e+02
1.393752328224511814e+02
1.373761475930716927e+02
1.415415571267275823e+02
1.408147924239409008e+02
1.397172453115784378e+02
1.422975819109788631e+02
1.399721207512635601e+02
1.438055904009957544e+02
1.402519306563427506e+02
1.415772927049570455e+02
1.445647183438903198e+02
1.434911531810441261e+02
1.379440912949035010e+02
1.435013302265224979e+02
1.391220126454375077e+02
1.429708957133907461e+02
1.393188867530293464e+02
1.396339878983828839e+02
1.446880725483492540e+02
1.398779162124367303e+02
1.415506758869815656e+02
1.398325829807950242e+02
1.372247450679523979e+02
1.384346384888204682e+02
1.400507892341788079e+02
1.448978031380210041e+02
1.422555683505949844e+02
1.469122494780352781e+02
1.451688830772434926e+02
1.454609843181629003e+02
1.406018834390761469e+02
1.440547310341135017e+02
1.406653949691286982e+02
1.411040286375713322e+02
1.398010095100097203e+02
1.405148262419614866e+02
1.407931168266068482e+02
1.426691994628958469e+02
1.402604650376452184e+02
1.369958999039858440e+02
1.405426410636132175e+02
1.443411416828564313e+02
1.390146674764181682e+02
1.408449822664519786e+02
1.460609686632541298e+02
1.419254507424210487e+02
1.379980722918734841e+02
1.395486373184799902e+02
1.387493562980397428e+02
1.429187343598923405e+02
1.404468934398703368e+02
1.411166084160097682e+02
1.411500024346235307e+02
1.370012847059788044e+02
1.384455113032381632e+02
1.449672264149342595e+02
1.397061586843546479e+02
1.442271511311973029e+02
1.411702693478837887e+02
1.434391718095405395e+02
1.409000696131610653e+02
1.398823648272405649e+02
1.420603216584432573e+02
1.395414164073091285e+02
1.403658929637230699e+02
1.397505005026882259e+02
1.414307536417625215e+02
1.437795114586361080e+02
1.437622343680928907e+02
1.418850124216861843e+02
1.400497297653831197e+02
1.407051063458869464e+02
1.416440620894577194e+02
1.431973141051205403e+02
1.455098588968101296e+02
1.410090057164653672e+02
1.418106733339635355e+02
1.418850398019134502e+02
1.399476981184450040e+02
1.395920280558518982e+02
1.410968943758824139e+02
1.402807709388594049e+02
1.424751121387996307e+02
1.402781113603394090e+02
1.450120894493217634e+02
1.404603444674748118e+02
1.418018279624588445e+02
1.451334879216804552e+02
1.446237037195811013e+02
1.425996019570285966e+02
1.435452147246291759e+02
1.392963626575873946e+02
1.399294263056950172e+02
1.428842730297327819e+02
1.374448346769941338e+02
1.418802859759996124e+02
1.452291956847290635e+02
1.419350796129692185e+02
1.373516158904650126e+02
1.470787805670309751e+02
1.375493851750160559e+02
1.446092193492648335e+02
1.403185148523241992e+02
1.419150123966776960e+02
1.397888290422729085e+02
1.400039712949986210e+02
1.398453074057880201e+02
1.407255161777148942e+02
1.387963770489710953e+02
1.410544901654742205e+02
1.431287891675289075e+02
1.421360431054029902e+02
1.384372676294407540e+02
1.449682869523997510e+02
1.430889311103768762e+02
1.435553462286512456e+02
1.415618506972213595e+02
1.420489825757949518e+02
1.385097360056500406e+02
1.429907186572639546e+02
1.417007269664937610e+02
1.464313064151123740e+02
1.444657795721242621e+02
1.384927222781657576e+02
1.422535585261643121e+02
1.389398116689668825e+02
1.399924180156438638e+02
1.391013962919569167e+02
1.425640613353538697e+02
1.396935962958646087e+02
1.436838073478866136e+02
1.420650892094972448e+02
1.399294804224360291e+02
1.412308493056827388e+02
1.444928968497760877e+02
1.424480567152459969e+02
1.435276180127114003e+02
1.388046997618104967e+02
1.399566982362501335e+02
1.393032255093680760e+02
1.411746177095617441e+02
1.428032784757636762e+02
1.424453036008687263e+02
1.411895506316326419e+02
1.409218824560831820e+02
1.428521439318894579e+02
1.402544626776222287e+02
1.394815350889828096e+02
1.392102845937622533e+02
1.409889513967696075e+02
1.420945592644115436e+02
1.394927030482059536e+02
1.393364381277143309e+02
1.389595140062338032e+02
1.403588618591045361e+02
1.459591163824031810e+02
1.390631198886561037e+02
1.392435304452287710e+02
1.435344391870814889e+02
1.386297696115722715e+02
1.434867206920478964e+02
1.393528559093529395e+02
1.416229362092388442e+02
1.447315238431709759e+02
1.442018458465177559e+02
1.449421761611961017e+02
1.394629529656731961e+02
1.377037183136846181e+02
1.398259498621656576e+02
1.364592214066335600e+02
1.426082299099140869e+02
1.434225088913084960e+02
1.420552011444234779e+02
1.381064028858160384e+02
1.410145562745839527e+02
1.407759647112797552e+02
1.398077812517997813e+02
1.404758326913000985e+02
1.442717511936760673e+02
1.376672614235602339e+02
1.363426879737125148e+02
1.421489810588786895e+02
1.473018193386712653e+02
1.427669519443585955e+02
1.379280606192367884e+02
1.418258662223801991e+02
1.410917422001043064e+02
1.418645914720628980e+02
1.414364621962424167e+02
1.360735447124803841e+02
1.422635444069574930e+02
1.395435323138899832e+02
1.412879673668036276e+02
1.428353459271857560e+02
1.428717459859165047e+02
1.405407902959692024e+02
1.411463203850506432e+02
1.409858940839343973e+02
1.409596266095091437e+02
1.391623522200803222e+02
1.415088148987002512e+02
1.429729657147174464e+02
1.389172343116978254e+02
1.422464370658369148e+02
1.406420031044449672e+02
1.390327457270592220e+02
1.423271674303989016e+02
1.407688255749336292e+02
1.418473692469839591e+02
1.447653681175894747e+02
1.426436611809848216e+02
1.416403209948419430e+02
1.389118461686931028e+02
1.417143399067492453e+02
1.394430883754878892e+02
1.389413629360596758e+02
1.392908663050103542e+02
1.376958087758522709e+02
1.400578557181268309e+02
1.398846530793612999e+02
1.426140196884380487e+02
1.402216309454985890e+02
1.399381996891872291e+02
1.399861018831738591e+02
1.443750506724657612e+02
1.406124972612335000e+02
1.400423260431902861e+02
1.440127333567810979e+02
1.406441250834299410e+02
1.447774663826068320e+02
1.431591737954153132e+02
1.427368045690488429e+02
1.422531643190014563e+02
1.388235190115463809e+02
1.402739741329885987e+02
1.414048749891522334e+02
1.392545581835809401e+02
1.377238272175586076e+02
1.416216050620518558e+02
1.367821733965078579e+02
1.419876733906324660e+02
1.401416079995542532e+02
1.404206039496999381e+02
1.395361561248219289e+02
1.437623923677603273e+02
1.452736932220392987e+02
1.403429667520891826e+02
1.405268150537711449e+02
1.415407362750418088e+02
1.453865604398440325e+02
1.419454857684067690e+02
1.407604630718726071e+02
1.374097800017636928e+02
1.430483768885300719e+02
1.384562008538074167e+02
1.455375165186884772e+02
1.466492649208727812e+02
1.416750833873532827e+02
1.410930192193482071e+02
1.401857216617874258e+02
1.444044469276719838e+02
1.430112453661675715e+02
1.408426426958282036e+02
1.411794371601268665e+02
1.405639592691934752e+02
1.424404092691873132e+02
1.389832108863579663e+02
1.423062945706227822e+02
1.411779127906014821e+02
1.416555137038341456e+02
1.416583504266313014e+02
1.406955927390300758e+02
1.398938714955125135e+02
1.420206132209075349e+02
1.384433825893307528e+02
1.416569646913640099e+02
1.465631119471707962e+02
1.403484818447100508e+02
1.418023887173667674e+02
1.404479875854376587e+02
1.427100304318364010e+02
1.433581630686529707e+02
1.423441365179906484e+02
1.421858076335897749e+02
1.417541434486697085e+02
1.401490493800934587e+02
1.442037777322780983e+02
1.410870232884988411e+02
1.414095130071524977e+02
1.436821144660307539e+02
1.418213637687372852e+02
1.403828976083356395e+02
1.403023977578191364e+02
1.417070657842703270e+02
1.394843096612675595e+02
1.390524415503062130e+02
1.401026322164490807e+02
1.421690007284464059e+02
1.427537719341822537e+02
1.434512279729236752e+02
1.393912356376655737e+02
1.422706505257544336e+02
1.391950962561703875e+02
1.400615615601955710e+02
1.420660680957426507e+02
1.379275105908751584e+02
1.408595302368671298e+02
1.404220400152753427e+02
1.436958206731010250e+02
1.381071813859599899e+02
1.389037154491120987e+02
1.379701458655317481e+02
1.408811945316299159e+02
1.434858889882326025e+02
1.392625318057753532e+02
1.413776460274765725e+02
1.432047002643378733e+02
1.379538359867052293e+02
1.419169654332413302e+02
1.397472028699828570e+02
1.435419199723172312e+02
1.428586445980921269e+02
1.432514052356341381e+02
1.422732421767281892e+02
1.375923848523219988e+02
1.433090273862639776e+02
1.410563278617885317e+02
1.418493502036537279e+02
1.419660028474493458e+02
1.368294734437866111e+02
1.444566843814572223e+02
1.421312239981314463e+02
1.426515387614129509e+02
1.429908708787037597e+02
1.405582257147747498e+02
1.410414956773211657e+02
1.410336343728762074e+02
1.426568707168037804e+02
1.411837968936825689e+02
1.415708160319566673e+02
1.411636035924437920e+02
1.413199132003480543e+02
1.411337009449624418e+02
1.382024690144897079e+02
1.401689266753573690e+02
1.406725992229059727e+02
1.409663349080882710e+02
1.464868628767823395e+02
1.439827184308739731e+02
1.423619569588761351e+02
1.393383398307411198e+02
1.409837106322650015e+02
1.423421941379908162e+02
1.430859247831083678e+02
1.427216122054957737e+02
1.430470971828904396e+02
1.389616868122018616e+02
1.422852618928981769e+02
1.416986865028314071e+02
1.403522790772311737e+02
1.388938466250031354e+02
1.434207465785860336e+02
1.401340868263493462e+02
1.474807804389348860e+02
1.387082128631772946e+02
1.414458780380367671e+02
1.403503477987049450e+02
1.408246612320720601e+02
1.387743179823048933e+02
1.448095040956323487e+02
1.413675914602256682e+02
1.408264561502886636e+02
1.415871759756005019e+02
1.362236628175246267e+02
1.402363473542857264e+02
1.416481002216463878e+02
1.397254899893944753e+02
1.410255179775863041e+02
1.442022989452019885e+02
1.414833757766501492e+02
1.428086488516815962e+02
1.449330290055769694e+02
1.416150569643563131e+02
1.408405259577894242e+02
1.412538471111247134e+02
1.365046274708762155e+02
1.422227206315676824e+02
1.419280612234733212e+02
1.423633064240062254e+02
1.414304117188554812e+02
1.402641724592868684e+02
1.445090228221084203e+02
1.422800808766635328e+02
1.419692902022504768e+02
1.423646269842644756e+02
1.452261423463282597e+02
1.436948990323393787e+02
1.446778397580681315e+02
1.382963571419054745e+02
1.439138652057316392e+02
1.437354376191569827e+02
1.397567403589831940e+02
1.424073029217260853e+02
1.381907335802230250e+02
1.429106685459198616e+02
1.418025861869792550e+02
1.433779706155104350e+02
1.394718133674165017e+02
1.428385298812299311e+02
1.392346066508727347e+02
1.447684445414707000e+02
1.383487632959214295e+02
1.419335772138653056e+02
1.440875101081533671e+02
1.441706084268449217e+02
1.442901149578702871e+02
1.421422407702172563e+02
1.409995536245755545e+02
1.423475040102854905e+02
1.393082657055474556e+02
1.447619058562595455e+02
1.402963570676090796e+02
1.408253290403449398e+02
1.419277221614169093e+02
1.392750509600069222e+02
1.392858861877788854e+02
1.427074245415008988e+02
1.409431230603345284e+02
1.393546707299285856e+02
1.410831683853993752e+02
1.415840462239652879e+02
1.432006965006175392e+02
1.392072965578591379e+02
1.435654283507133755e+02
1.426208604953180270e+02
1.387701285736298473e+02
1.383557172204529877e+02
1.420948841895942962e+02
1.406156183578471541e+02
1.449630341123324797e+02
1.420646569565735433e+02
1.390083471326123856e+02
1.440412700186940924e+02
1.408949737988543518e+02
1.408228029488552124e+02
1.425685405093350937e+02
1.438057770741679633e+02
1.409750542911913556e+02
1.427170625977858833e+02
1.406275533067710626e+02
1.433999638342461651e+02
1.445175459827900966e+02
1.404654241920529500e+02
1.386497421239414791e+02
1.426959831439218078e+02
1.427056106406608649e+02
1.419457566867550895e+02
1.434335920596630274e+02
1.429767215458678606e+02
1.385285761500028912e+02
1.431946267593881146e+02
1.424788625093401038e+02
1.419894674883545065e+02
1.420310438751698996e+02
1.412126347387386147e+02
1.369941967096089570e+02
1.418634166169509285e+02
1.419615283953872904e+02
1.422285744161396508e+02
1.434369693994318595e+02
1.405865237716514287e+02
1.391323606211277308e+02
1.420443403432562093e+02
1.426515511523325017e+02
1.410172046407157325e+02
1.418080945983922163e+02
1.405683589231700239e+02
1.405529861589442078e+02
1.400495156517557689e+02
1.443182386980439844e+02
1.413018746098467204e+02
1.405883348326220528e+02
1.419939859991904711e+02
1.395723598835573682e+02
1.412018271852935527e+02
1.383707013728348727e+02
1.410058435997277684e+02
1.416554037370830201e+02
1.397064018878445495e+02
1.360568068466861007e+02
1.455123899285023015e+02
1.406710730982407256e+02
1.413410715309120178e+02
1.358544546597679528e+02
1.429339429643979997e+02
1.391126556740387343e+02
1.400712455163449022e+02
1.437264475709577312e+02
1.397410846711053694e+02
1.420281679406204489e+02
1.394088493068895218e+02
1.428609456704806462e+02
1.408769292185766631e+02
1.401265411230021982e+02
1.427957635535049405e+02
1.402674433009465815e+02
1.448789142033990629e+02
1.390777997339052945e+02
1.410579510805313816e+02
1.385834763330269652e+02
1.408124773978096300e+02
1.414563348778198701e+02
1.427997961784670338e+02
1.445903156270493355e+02
1.402907921408554159e+02
1.431245529605686784e+02
1.417679927673375175e+02
1.417986385236683304e+02
1.420200605631879398e+02
1.414474894730390133e+02
1.421262991535674587e+02
1.434326502597037631e+02
1.405536852995906827e+02
1.407745421010920097e+02
1.406333853757561769e+02
1.402588116082564511e+02
1.426042933946562812e+02
1.439114954967190272e+02
1.408251095390763510e+02
1.387167669179082736e+02
1.398484653676889877e+02
1.419289809643140075e+02
1.409916970316855611e+02
1.438033529529494956e+02
1.422468215250202661e+02
1.402182486259150664e+02
1.384813725797113477e+02
1.419435234737013616e+02
1.421186303433253215e+02
1.410923359986830121e+02
1.369410805230415917e+02
1.386154256790933061e+02
1.413408315870553906e+02
1.393212919829988721e+02
1.413418829457602328e+02
1.380483395953528714e+02
1.374490111952985103e+02
1.417728225205438264e+02
1.408996935277557156e+02
1.390169383939739589e+02
1.418638978970863604e+02
1.428788391762662684e+02
1.386427767875333643e+02
1.465866745285580919e+02
1.436512256001828405e+02
1.384997307132058779e+02
1.415984758389780893e+02
1.414205568687822847e+02
1.425433607028119525e+02
1.413145233126258518e+02
1.384352290552016029e+02
1.406592759614254931e+02
1.418978638030948503e+02
1.434447006422698223e+02
1.440286001407077094e+02
1.418886931673933702e+02
1.440084665683733647e+02
1.431936709565063950e+02
1.417696830565035384e+02
1.424686800187224947e+02
1.431227095938596960e+02
1.400186234494094606e+02
1.408539891528557462e+02
1.413155359998606002e+02
1.415981818313817371e+02
1.407337085137015151e+02
1.419567148805849683e+02
1.416851567024493477e+02
1.378821536809347492e+02
1.375233722352987229e+02
1.428345769819940756e+02
1.395274200369035782e+02
1.419077655948643439e+02
1.423481783234262252e+02
1.435470226962589493e+02
1.365181940698665812e+02
1.384654145812382637e+02
1.429783027372328945e+02
1.355821065621590549e+02
1.387742622251454918e+02
1.424193764180949131e+02
1.447999523260070589e+02
1.422231496822411998e+02
1.450097647551967555e+02
1.389219997220565688e+02
1.400946351470791740e+02
1.386946845412909681e+02
1.436749776888040628e+02
1.412928261904132228e+02
1.431966795781694088e+02
1.410402027935358547e+02
1.413916642221596760e+02
1.434160520561831902e+02
1.402629222137118177e+02
1.411812296705418248e+02
1.402134021832267479e+02
1.386558638091185856e+02
1.409026100564654200e+02
1.364590869850893284e+02
1.424646906723041866e+02
1.416463977949068465e+02
1.433247728439258140e+02
1.401157078126946942e+02
1.457922421689398504e+02
1.431582867399135921e+02
1.396032640295904343e+02
1.407780253076031443e+02
1.366980914592519412e+02
1.422590107242804152e+02
1.404133686084572901e+02
1.403534010836650907e+02
1.397303144332379645e+02
1.467480084631083912e+02
1.404294224267418372e+02
1.388583252760399205e+02
1.412250734932850946e+02
1.404760055965705305e+02
