2.398520420747494768e+02
2.456636045624347275e+02
2.383635454402318885e+02
2.443179345504424589e+02
2.436259648727567821e+02
2.416289626583027825e+02
2.378654795790235141e+02
2.421893382206312992e+02
2.362600639084270711e+02
2.414478409531587317e+02
2.409588068924120421e+02
2.396475713420808233e+02
2.448423522805534560e+02
2.446784492292989626e+02
2.430992886784654559e+02
2.402213264886943023e+02
2.404804066666585243e+02
2.441997723778915486e+02
2.401642498562072490e+02
2.431668720135659498e+02
2.392845771899353053e+02
2.395457988499631767e+02
2.431345240586669547e+02
2.412140585814594544e+02
2.410598890775675329e+02
2.436543151322196650e+02
2.421698790409134006e+02
2.395732606734572130e+02
2.437188195975335816e+02
2.373972571373892890e+02
2.413495783003202177e+02
2.409525385318054589e+02
2.410626803040287882e+02
2.395201959689263163e+02
2.400421759876107899e+02
2.393355670199130998e+02
2.424913682040316871e+02
2.446620368583435265e+02
2.401168137092426775e+02
2.423514215182735825e+02
2.428401518078071604e+02
2.411753596261567338e+02
2.396455551654103431e+02
2.381887584904883397e+02
2.432072327024033314e+02
2.425360190592375318e+02
2.397408734173386620e+02
2.384166331873293245e+02
2.429160613023911424e+02
2.409968439313257420e+02
2.439052764840714360e+02
2.405697373942164745e+02
2.427710954133800385e+02
2.401889619870010222e+02
2.403509193995162434e+02
2.404758204499624981e+02
2.402770737986305676e+02
2.437576525150369378e+02
2.415275240900186873e+02
2.428308473042662570e+02
2.391935603073124526e+02
2.417195835302794364e+02
2.423310939719602857e+02
2.426835405432533719e+02
2.402341316100130086e+02
2.453568476322293748e+02
2.377859631338858719e+02
2.366968139553350170e+02
2.429148823318430175e+02
2.435544685900144373e+02
2.394815621518136197e+02
2.426074906021074753e+02
2.443646734927976638e+02
2.379552118833886141e+02
2.437438789205709213e+02
2.441526062843103659e+02
2.413644985490671218e+02
2.406596643547592578e+02
2.379246853079362154e+02
2.398878964040196990e+02
2.428622368401437370e+02
2.409780167505149393e+02
2.396689181556207018e+02
2.393950086687424914e+02
2.384398554653730855e+02
2.397681768544763372e+02
2.412866743166446497e+02
2.430988710223048770e+02
2.448419024621231586e+02
2.388795970500693215e+02
2.366227377137647068e+02
2.371683864231927430e+02
2.410068383154998628e+02
2.425795644547412451e+02
2.388490199726559808e+02
2.459248005053152326e+02
2.394482658114466176e+02
2.452729880217788150e+02
2.429091330756776870e+02
2.448049464006260507e+02
2.419239087141145035e+02
2.447633649638620454e+02
2.422195857672243164e+02
2.382307923977262476e+02
2.398110342035883491e+02
2.404167582220914596e+02
2.431114973812720734e+02
2.447923063247855282e+02
2.408387217393400590e+02
2.449060470259222200e+02
2.421456482247426436e+02
2.436561725076874154e+02
2.425536627244925114e+02
2.421888762646328246e+02
2.422837751735792153e+02
2.432229054456718131e+02
2.408536025030096823e+02
2.418085121465761063e+02
2.399040099747263639e+02
2.422494067525870776e+02
2.404122788828370858e+02
2.423251826592766918e+02
2.460039371257410892e+02
2.432799234502461445e+02
2.435339420269800144e+02
2.416616567084932967e+02
2.431863009793524100e+02
2.395981068645879191e+02
2.441901272007862360e+02
2.449063808363941916e+02
2.435741058544186046e+02
2.419305119729359603e+02
2.387136757649337824e+02
2.375044244496675674e+02
2.424090269143022169e+02
2.421058117729506876e+02
2.415897106668207925e+02
2.402082335423270365e+02
2.454406176651990279e+02
2.435381917836953392e+02
2.434260728423581384e+02
2.410248612153111765e+02
2.376993342788731525e+02
2.392471917410269668e+02
2.407758116457586084e+02
2.400437776981165143e+02
2.414979201077121616e+02
2.436896889362238880e+02
2.420968621785131631e+02
2.410768864147688930e+02
2.432787371472952032e+02
2.426506024629626381e+02
2.377701971995307986e+02
2.438573394798115430e+02
2.404131725797714694e+02
2.405453123821250756e+02
2.430087275280394010e+02
2.408939287805252434e+02
2.425764200037056639e+02
2.411202042305631892e+02
2.465446422302146061e+02
2.388098354500350524e+02
2.388192689062398983e+02
2.451473023202348145e+02
2.437655020128861452e+02
2.359873813940569960e+02
2.443259909477282861e+02
2.418236963192589997e+02
2.416589487654570405e+02
2.393831176708203827e+02
2.415798279870468264e+02
2.421828762576047325e+02
2.383969230706556459e+02
2.426320752777516248e+02
2.426397713279509389e+02
2.437676453123215765e+02
2.401577599019470028e+02
2.429145445734316695e+02
2.406819447076589711e+02
2.400565550842263178e+02
2.421866513483656433e+02
2.439971956683192218e+02
2.441577206724789164e+02
2.445714463352022960e+02
2.388764124966692748e+02
2.404113696882994304e+02
2.397136063668011445e+02
2.363965952486093443e+02
2.376926408957959609e+02
2.440725312091785213e+02
2.428608491045235382e+02
2.417227676994940850e+02
2.426195073375021991e+02
2.364249189851819608e+02
2.402100083981497676e+02
2.425934124823481852e+02
2.442939487099803557e+02
2.412429877418441606e+02
2.403627409342485066e+02
2.432394431885673782e+02
2.432933005471876129e+02
2.402562384290392572e+02
2.424642722434255973e+02
2.437343420403962000e+02
2.389829875301952882e+02
2.436088675716725049e+02
2.425338565733875669e+02
2.418332134596964522e+02
2.398844312420108622e+02
2.379890783979702746e+02
2.466446164082194628e+02
2.431155220802580175e+02
2.443717076191813646e+02
2.403455043159820548e+02
2.402727177058179961e+02
2.413555929274699849e+02
2.363110794477151728e+02
2.417119931427109520e+02
2.424787233691970130e+02
2.382495317870753411e+02
2.435059413355986919e+02
2.396881358500722854e+02
2.424114722938624880e+02
2.423005988478455492e+02
2.399883009560408880e+02
2.414801091239004620e+02
2.403397372638935394e+02
2.442387543248497366e+02
2.419738183246203675e+02
2.412556618099052628e+02
2.386511535729450202e+02
2.385693971479684024e+02
2.424087184067343514e+02
2.403043415265136957e+02
2.424137321415697386e+02
2.396234394558990175e+02
2.376036239226648092e+02
2.393790327541901206e+02
2.426100479489000463e+02
2.373786976292510076e+02
2.446795512639438641e+02
2.434941136036529770e+02
2.393901006400321876e+02
2.447753221740961749e+02
2.431455491423317596e+02
2.397000941839379209e+02
2.450275517354096451e+02
2.409706925243791034e+02
2.419698909908455278e+02
2.428752410188745614e+02
2.423732149049783118e+02
2.405819558754642458e+02
2.394411169192329112e+02
2.405630037667259842e+02
2.428547433445675097e+02
2.426496563936986490e+02
2.407142322782955546e+02
2.430341409128628811e+02
2.424173144406551330e+02
2.414707148673546442e+02
2.407052141134160763e+02
2.421034746506765316e+02
2.445584217275670085e+02
2.372251381606744474e+02
2.416349246805158089e+02
2.398435725488120056e+02
2.432564586550245451e+02
2.422807392380966576e+02
2.407871553379415843e+02
2.415963233829665739e+02
2.402742504504631142e+02
2.423811224419452230e+02
2.424720006260519369e+02
2.425674392884521069e+02
2.433142295635375092e+02
2.408518997501134606e+02
2.366824959660928869e+02
2.428883148474696156e+02
2.430753167725110586e+02
2.423350665825109047e+02
2.417879897441229105e+02
2.405871588795867240e+02
2.414845655640584141e+02
2.427488764485096624e+02
2.396958981908648241e+02
2.431611708892438912e+02
2.446037154105674745e+02
2.406413593796532950e+02
2.395565028734175712e+02
2.406136061620886437e+02
2.433421408318671695e+02
2.422148875619529917e+02
2.393396587133742912e+02
2.444683816605572702e+02
2.397821020967800223e+02
2.395383046599750685e+02
2.389496639154926925e+02
2.432400304730061862e+02
2.411788343034700404e+02
2.436567082897370256e+02
2.437113099606338551e+02
2.441768783339794879e+02
2.415927674269726424e+02
2.416467808406088977e+02
2.434990175460258968e+02
2.433111340021850992e+02
2.427392919687110862e+02
2.404492717381068019e+02
2.403897379721995264e+02
2.446491718024421971e+02
2.396908164065483504e+02
2.425612126486870466e+02
2.419059456119364881e+02
2.412333196226438758e+02
2.432634545862142375e+02
2.397492459173306543e+02
2.435701283084315492e+02
2.418571760511571540e+02
2.403936979863958641e+02
2.400164478202907219e+02
2.400052744489600514e+02
2.416996662041472916e+02
2.456091347264357125e+02
2.441349818026684773e+02
2.423341195953956628e+02
2.433118644992129020e+02
2.407033131024586510e+02
2.429080568067451793e+02
2.453345166490021256e+02
2.435528195023473188e+02
2.414989425686758864e+02
2.388825307766655612e+02
2.426237914937469782e+02
2.411588409240685564e+02
2.413501822517233393e+02
2.405333684630270170e+02
2.408550664043690688e+02
2.431566894137146733e+02
2.455124630728480781e+02
2.394896658262522919e+02
2.430429023477239241e+02
2.393749814168672856e+02
2.408796128285034115e+02
2.433786402540566769e+02
2.470551637168735795e+02
2.418740613378017201e+02
2.451645427372261281e+02
2.410141427338290612e+02
2.391310821860274700e+02
2.407128428687690587e+02
2.413679122549852138e+02
2.387129616305970501e+02
2.419154733634038621e+02
2.477136134302320158e+02
2.377900221992920535e+02
2.416290887024177323e+02
2.404169091401251137e+02
2.385113935106705298e+02
2.386978793503905081e+02
2.443281358995861012e+02
2.420821242253292098e+02
2.410211835065884713e+02
2.392930018209082448e+02
2.378704556217947470e+02
2.406454903755041812e+02
2.415900793024543702e+02
2.464296681673665432e+02
2.386333491954943042e+02
2.419441530717550677e+02
2.417663004230207662e+02
2.407723478525135477e+02
2.387509742141230333e+02
2.410832391541158586e+02
2.427999496272801991e+02
2.437026259828983257e+02
2.445271181234023459e+02
2.474365402995139220e+02
2.411808348444504020e+02
2.406649604086211980e+02
2.386414205661752703e+02
2.386250028364116247e+02
2.416846204201488035e+02
2.408812039181958937e+02
2.425894132048769336e+02
2.453688859593387406e+02
2.416148350118984069e+02
2.417004510938570547e+02
2.370724142128537153e+02
2.406452509198513212e+02
2.458764668943470610e+02
2.449121781979606851e+02
2.399913983025796824e+02
2.422856017108946673e+02
2.413484605453189147e+02
2.408679807304463907e+02
2.421636954494417751e+02
2.435937148284329510e+02
2.415180776867618135e+02
2.425386887671826628e+02
2.428224816213423765e+02
2.414694563738826787e+02
2.403603665284479973e+02
2.447744220248442559e+02
2.406369779505726001e+02
2.404871336395329138e+02
2.433037597920392727e+02
2.395003306688614941e+02
2.410439034701469154e+02
2.443443205024573786e+02
2.421804553946885221e+02
2.416042192952849916e+02
2.426585043480094441e+02
2.416630087750251903e+02
2.373194995379075181e+02
2.419501840301550146e+02
2.413974959433633671e+02
2.430389484926841703e+02
2.417872751036178443e+02
2.402656539832205453e+02
2.403205648480212915e+02
2.407204453273321008e+02
2.425096340882223558e+02
2.433779344989933406e+02
2.443162771154919994e+02
2.434088172898664482e+02
2.409523413426410912e+02
2.417124137471493270e+02
2.429506324660963514e+02
2.417111687723374587e+02
2.412926762195134813e+02
2.411922604763725531e+02
2.410501559210554205e+02
2.410731278522695789e+02
2.412437890380333556e+02
2.396808491471155378e+02
2.408933372861164344e+02
2.449161926333601969e+02
2.404912038942464960e+02
2.427406661017236615e+02
2.414877975950230109e+02
2.405782198916578807e+02
2.411068403235435085e+02
2.407978925049567067e+02
2.425809981374020481e+02
2.411684087004694277e+02
2.376536904000155346e+02
2.381271831179150809e+02
2.421104325161502686e+02
2.423306976566189235e+02
2.423249264656548405e+02
2.395789531012560474e+02
2.370665204383731179e+02
2.418166300049988706e+02
2.405397090564842415e+02
2.395814860798431596e+02
2.421000164051824015e+02
2.419665139933509863e+02
2.416922414721711050e+02
2.355272549399513480e+02
2.409261662158955346e+02
2.363163850599717932e+02
2.456189649849949888e+02
2.461162395590227447e+02
2.416985519361864476e+02
2.406787025699441642e+02
2.396889208937024591e+02
2.421103445168631936e+02
2.424020190876959191e+02
2.398207591821163760e+02
2.416711820200923455e+02
2.442397234170696549e+02
2.396851625779310950e+02
2.434593528031078620e+02
2.424211305411174067e+02
2.386843296605653393e+02
2.407253106280353734e+02
2.399416666956086033e+02
2.409621892016162690e+02
2.398665434738415740e+02
2.434401184046319884e+02
2.429527538317800577e+02
2.441535587799119469e+02
2.425532523016037771e+02
2.392302682377589633e+02
2.426372344345477075e+02
2.377035682211549954e+02
2.397038932617601859e+02
2.432709276931549311e+02
2.400305797184872745e+02
2.370364686451340503e+02
2.456655147809038908e+02
2.447458006384814269e+02
2.417208404815557117e+02
2.430657033576988226e+02
2.418914322263142083e+02
2.405621161386023346e+02
2.429164130189691377e+02
2.413770064875164962e+02
2.410767867498420003e+02
2.392236831065546880e+02
2.419018270928030176e+02
2.417691972986235101e+02
2.441743832859756083e+02
2.454929754029258220e+02
2.433806770427127617e+02
2.420073113797749329e+02
2.423690253875631697e+02
2.404757251289853457e+02
2.453346149010751276e+02
2.403175025632238260e+02
2.392428336275961556e+02
2.378488765603607362e+02
2.430238633055784874e+02
2.461542397093313070e+02
2.433364100220490229e+02
2.433174966674445443e+02
2.382823229776044229e+02
2.458009728540746437e+02
2.438934122716259196e+02
2.415231439744526938e+02
2.395838921155576315e+02
2.408516088368530461e+02
2.433202122503064970e+02
2.404781698127783613e+02
2.374201826872521792e+02
2.418693931096169365e+02
2.414779415754090337e+02
2.428521702772287085e+02
2.420347316010513623e+02
2.372612480333135352e+02
2.394460304401537201e+02
2.409058229345357915e+02
2.380689141456492735e+02
2.400298767044650390e+02
2.432807555046663026e+02
2.455747259435921137e+02
2.418075509366427127e+02
2.426734584083517632e+02
2.428061425751808713e+02
2.389987902923532204e+02
2.406190097322976840e+02
2.419002951976686120e+02
2.414051593688195965e+02
2.422272815809372162e+02
2.415613265270560248e+02
2.425259338933284994e+02
2.407043713649407835e+02
2.410963281621150145e+02
2.406385636496478639e+02
2.409310398310448420e+02
2.419939493711191574e+02
2.408422634573000494e+02
2.383827419589966610e+02
2.419777112345930163e+02
2.411514721298851214e+02
2.390582823329074529e+02
2.410566668755920432e+02
2.407878628579570659e+02
2.422148616363626559e+02
2.410759785066332199e+02
2.388019397991433266e+02
2.423191837447199077e+02
2.387082887896985426e+02
2.426666813507656855e+02
2.424410548965446424e+02
2.448686317047223611e+02
2.402300308476149269e+02
2.377398022964453332e+02
2.442674931604736912e+02
2.410721311310833528e+02
2.424915814504253717e+02
2.429997907434883189e+02
2.387713634800790601e+02
2.422860487405809522e+02
2.404827461293068041e+02
2.399050547059211738e+02
2.432704171257602752e+02
2.402609798365695610e+02
2.444752456127740743e+02
2.412791354848901335e+02
2.428809976646351743e+02
2.418134828385084631e+02
2.404711738596642476e+02
2.419832416271057127e+02
2.474926698750738865e+02
2.419899513907934079e+02
2.402291804508242876e+02
2.408861238576790242e+02
2.420018869972113009e+02
2.411028223440490308e+02
2.434631564702135051e+02
2.390949104872155431e+02
2.419125660014728112e+02
2.396260894065189291e+02
2.386175052344061100e+02
2.360846664069736391e+02
2.384639994133522976e+02
2.395764941922287221e+02
2.410853257242710583e+02
2.379205547698940677e+02
2.423262937336005507e+02
2.423821513968196939e+02
2.396506805262380624e+02
2.405350534203099357e+02
2.397022432062948099e+02
2.411980145884326419e+02
2.410904069417805999e+02
2.411329866866898897e+02
2.391113533778782880e+02
2.435879852539060550e+02
2.459475739899636721e+02
2.409625438516639235e+02
2.424606531829110452e+02
2.445983397143617424e+02
2.393136443436551701e+02
2.423246702823873022e+02
2.436312987518518298e+02
2.390714344352564353e+02
2.373188673168486673e+02
2.380526839695837680e+02
2.393183829679320240e+02
2.378794551100990020e+02
2.400712486013599403e+02
2.404369885614567011e+02
2.404392892440141338e+02
2.403166061677457606e+02
2.424252686567710953e+02
2.436223769655902913e+02
2.415208152286867573e+02
2.418931252649768169e+02
2.402393393765652263e+02
2.444322393235838149e+02
2.400388590520769583e+02
2.400071997439237634e+02
2.420660988605434056e+02
2.400457602478243473e+02
2.373223532999848260e+02
2.433655780089371206e+02
2.398636929790669683e+02
2.417440497026240678e+02
2.415385233777908240e+02
2.437039377190170057e+02
2.399793450187956125e+02
2.427872512598043215e+02
2.375275943979426359e+02
2.453595611855083405e+02
2.466040324268005861e+02
2.395655568061801546e+02
2.430679603461314571e+02
2.390360050974969681e+02
2.413312070449460691e+02
2.400682300804123770e+02
2.416141796386604881e+02
2.435875784954574499e+02
2.388707656715879182e+02
2.423473185869978295e+02
2.414054848466513761e+02
2.398413337472369449e+02
2.447657587001592390e+02
2.416597587759713406e+02
2.429041593018443734e+02
2.418742256066026073e+02
2.426189103152444488e+02
2.376556110574833269e+02
2.376946091833343075e+02
2.431763790210785885e+02
2.394981734346395967e+02
2.434792794554412865e+02
2.431510079741449886e+02
2.414623463907188068e+02
2.431033720181640945e+02
2.417749311846045828e+02
2.397388918352578173e+02
2.415210524053779579e+02
2.384065703641370249e+02
2.423287261622843403e+02
2.422016644454254504e+02
2.432444873947398492e+02
2.386215665295956683e+02
2.394695875969312340e+02
2.383926136034961303e+02
2.397733483927715952e+02
2.419603089798981159e+02
2.411004500274078168e+02
2.417972762270945282e+02
2.456761546666305094e+02
2.430440896485869189e+02
2.390146601517835165e+02
2.406259224394397336e+02
2.438866276697542048e+02
2.435772934591863645e+02
2.439218046876958113e+02
2.455348492417053023e+02
2.393013416907315332e+02
2.389295704617978799e+02
2.435618059566328668e+02
2.379751045229223223e+02
2.420576747928928683e+02
2.420261987547117997e+02
2.415492286332256526e+02
2.404308945859592370e+02
2.435912048671752643e+02
2.417341579623494283e+02
2.417737623612704567e+02
2.384198058052026852e+02
2.423702546759024870e+02
2.440010642648948362e+02
2.431164683347164441e+02
2.395642891432270289e+02
2.414457241083991050e+02
2.408421933530575529e+02
2.417609204275914578e+02
2.384599579120253168e+02
2.401071327395979154e+02
2.447028951794486886e+02
2.410779949003016043e+02
2.422138406743873702e+02
2.388874720604120796e+02
2.379951971069190790e+02
2.414339966433293796e+02
2.410487347695443248e+02
2.401621781429573730e+02
2.435681508251910543e+02
2.399559273626003630e+02
2.434479730048706472e+02
2.395689782001079777e+02
2.387440944211063822e+02
2.407654444427736280e+02
2.390010688074069947e+02
2.412853814530552938e+02
2.428721745033487593e+02
2.418147622547139122e+02
2.436880509208589842e+02
2.430102219596331565e+02
2.389642558522243121e+02
2.405358424448141363e+02
2.433787120454031765e+02
2.439218615316204080e+02
2.416178440559742455e+02
2.426706232527119482e+02
2.404665992364814144e+02
2.442399872678968222e+02
2.421388572130170758e+02
2.399108616241624361e+02
2.423439950091695607e+02
2.414975304593033911e+02
2.372301697833078720e+02
2.403075846604735659e+02
2.394167634810247023e+02
2.419763422206612233e+02
2.387742593202451644e+02
2.434479404247210539e+02
2.433216388656000788e+02
2.388365748777472959e+02
2.415673023240614725e+02
2.435655238588798284e+02
2.387702123856956007e+02
2.426673784859135594e+02
2.435631735946868162e+02
2.408259667851035886e+02
2.389714270588882528e+02
2.406779573123639295e+02
2.386135791035423779e+02
2.405435201754536365e+02
2.390552885943232866e+02
2.430828721142418658e+02
2.421878950813903657e+02
2.432822928373207390e+02
2.395679802732917381e+02
2.437271810187595520e+02
2.416909458147989369e+02
2.422391622988923245e+02
2.456477141749721511e+02
2.411184656546509757e+02
2.387926811424994185e+02
2.432392753655536239e+02
2.453684907897115011e+02
2.442606522125261677e+02
2.405368609703651259e+02
2.420931931753680999e+02
2.430008332858823223e+02
2.430953365971681706e+02
2.372946441241382161e+02
2.383239739860247539e+02
2.410495663827904593e+02
2.419871749615466001e+02
2.445288799788912684e+02
2.387982539809801494e+02
2.456757220812105516e+02
2.434429499399323902e+02
2.386839518870123982e+02
2.411446850060314375e+02
2.407633562681031947e+02
2.412127041130281953e+02
2.448709002368247809e+02
2.408448678406957697e+02
2.421964757713677159e+02
2.419380760892555031e+02
2.404816217767212549e+02
2.403617784852173997e+02
2.410843776432963921e+02
2.379755720446207192e+02
2.405408371513559871e+02
2.423741525487803585e+02
2.387178720382350718e+02
2.423329743491995885e+02
2.392075792046005347e+02
2.414081473052563069e+02
2.394160979770081212e+02
2.386628024685918490e+02
2.450820962700458665e+02
2.430255326053757301e+02
2.439851187170232549e+02
2.414213306086732587e+02
2.448818705996092149e+02
2.405588535271493242e+02
2.397022133175916849e+02
2.432129785763004008e+02
2.425922237900379344e+02
2.405542886037083861e+02
2.384547466321038769e+02
2.460692021883160123e+02
2.389316489000790398e+02
2.407186683883578837e+02
2.419180458127089537e+02
2.413435175106574206e+02
2.418027625579366031e+02
2.405916710608888991e+02
2.406582439698086091e+02
2.413366735767557714e+02
2.387523219455679566e+02
2.412777188760818774e+02
2.411540945925497681e+02
2.435851551444669099e+02
2.386120600201564343e+02
2.369461855502352137e+02
2.413193296124181018e+02
2.374588220978753554e+02
2.412000474593278341e+02
2.439165040667875530e+02
2.410361767128292740e+02
2.412589241928953356e+02
2.417474225236649943e+02
2.437604690929954643e+02
2.381332284812724822e+02
2.391902674587144588e+02
2.404832196428531290e+02
2.407283901497231398e+02
2.430648724019202120e+02
2.441566209437000339e+02
2.421122904117089547e+02
2.415777387690970670e+02
2.400006442354039962e+02
2.419510156800402285e+02
2.438251398356960351e+02
2.413196224358432573e+02
2.409429528109708656e+02
2.431734888406923289e+02
2.409964776134223428e+02
2.390427186922500198e+02
2.422860639625688464e+02
2.408643503685233327e+02
2.406728329653465437e+02
2.416028650516630876e+02
2.448586970111472567e+02
2.389671504204366954e+02
2.394583053565047805e+02
2.441866208524370450e+02
2.399365832325350993e+02
2.401217996484153048e+02
2.425758386700960898e+02
2.391781318373364797e+02
2.438655197714978726e+02
2.426484331365912794e+02
2.416649806542626777e+02
2.423060990337418446e+02
2.391094909840877847e+02
2.436117647172244176e+02
2.365454197255124313e+02
2.405615186649702366e+02
2.416057443759602279e+02
2.430204716816388100e+02
2.403061016194523916e+02
2.370390628113894138e+02
2.395486198905919935e+02
2.396639328801406919e+02
2.402963948370665435e+02
2.408610532788169110e+02
2.389685935853811145e+02
2.432235508435133795e+02
2.433916039673233911e+02
2.415934577895608868e+02
2.409903767778741894e+02
2.390693029352881069e+02
2.417011034768647164e+02
2.411336197164116584e+02
2.371672906693632967e+02
2.419860355413470643e+02
2.428987978360353281e+02
2.420011347242084128e+02
2.457320202358431516e+02
2.405196216402012510e+02
2.417435141761277748e+02
2.386257113304544646e+02
2.378654667360341080e+02
2.396745261822321993e+02
2.440130293861228949e+02
2.400357902299563762e+02
2.459202493146662789e+02
2.404689145715208554e+02
2.371531788280723276e+02
2.405592258695583325e+02
2.413092515390860058e+02
2.431436232479263140e+02
2.404339237080535554e+02
2.395738430296096055e+02
2.406684702907314204e+02
2.404680082911633292e+02
2.380636380518676276e+02
2.421394354472882640e+02
2.400525625662928633e+02
2.392925958393027486e+02
2.437217182945919944e+02
2.427770345544971349e+02
2.388992375694313353e+02
2.411753330263817361e+02
2.422754970780412123e+02
2.384062469471318195e+02
2.405198979042427823e+02
2.448887610224263085e+02
2.421649848687100359e+02
2.437462748062425817e+02
2.399317312244679385e+02
2.390762419181289715e+02
2.419828279583603887e+02
2.404760208760387172e+02
2.433838119807463727e+02
2.433587143742400940e+02
2.400228986221392233e+02
2.441402487896127127e+02
2.422805602912289942e+02
2.402942525362573178e+02
2.434680324404175451e+02
2.408684570360598514e+02
2.403359945452590694e+02
2.412125471463824908e+02
2.447697817461651937e+02
2.414544173740843860e+02
2.394050808563539761e+02
2.464160552846227858e+02
2.463363803099336451e+02
2.425060094622265012e+02
2.402249627279372532e+02
2.404875821728986693e+02
2.412233897964530343e+02
2.440079960636598742e+02
2.378999715131220682e+02
2.419332553363947511e+02
2.423582359907874206e+02
2.405519761008689272e+02
2.409970751699265747e+02
2.402790474869803177e+02
2.422208987870256465e+02
2.413631903274660147e+02
2.419624091566197990e+02
2.409433937627430851e+02
2.386714152223513850e+02
2.433794418563419981e+02
2.406873298545839361e+02
2.419671013635887391e+02
2.424474106325720584e+02
2.448597957593844967e+02
2.411781310529316897e+02
2.419516034051374902e+02
2.390073030864195971e+02
2.429668589532918759e+02
2.384099570432801443e+02
2.398580726121595035e+02
2.412381630704949771e+02
2.400632806454486854e+02
2.422118661880866455e+02
2.443238331941530532e+02
2.392833022271902337e+02
2.431562291736462385e+02
2.426007144488173140e+02
2.412178793191763475e+02
2.404089194377851015e+02
2.424422602088900476e+02
2.371632102841274161e+02
2.412433063501856054e+02
2.428706549206696934e+02
2.444394458417288547e+02
2.422415986913050006e+02
2.423685648209445560e+02
2.439953199881091450e+02
2.424752992927952562e+02
2.421299456500378255e+02
2.421092125185471673e+02
2.413910639284544573e+02
2.436950070657856031e+02
