1.438439607454722875e+02
1.397953279227536996e+02
1.405169645418083633e+02
1.395287361772944621e+02
1.360009561842975643e+02
1.353230722519953133e+02
1.385163363785221691e+02
1.329387446888282227e+02
1.359815047056871151e+02
1.342961298687964984e+02
1.369005999787649159e+02
1.382425857810909804e+02
1.410892537149099724e+02
1.388052695293740726e+02
1.342980964194367175e+02
1.397463235230129328e+02
1.392872946287915568e+02
1.382958193385972834e+02
1.411311733205722874e+02
1.345347240496056429e+02
1.339619660685217184e+02
1.440560757169481860e+02
1.414736421679046430e+02
1.378150539490533504e+02
1.379258221854802002e+02
1.283946269925785941e+02
1.392217549347206216e+02
1.398118313114430862e+02
1.350904517337877451e+02
1.361814567000782574e+02
1.436113632401595055e+02
1.339441238350810863e+02
1.369743428191660826e+02
1.436093994656849873e+02
1.402390600556122706e+02
1.401244106899570454e+02
1.319410084817595248e+02
1.383076249951148782e+02
1.376445939581709581e+02
1.354435663428253918e+02
1.320974513744755825e+02
1.323669179959289011e+02
1.353912285744959547e+02
1.287851365361515548e+02
1.361605627964022744e+02
1.313645574643527993e+02
1.326803506139287094e+02
1.321701880741383661e+02
1.404220154287645812e+02
1.354229340923392044e+02
1.408339836615677712e+02
1.376788647891357869e+02
1.343666855354996699e+02
1.342293375132331619e+02
1.342411127336748109e+02
1.422913530332703544e+02
1.329830163229191839e+02
1.350584766527594809e+02
1.396395205371350414e+02
1.313967357521521535e+02
1.314830156058440309e+02
1.351497410791165237e+02
1.291320716567627755e+02
1.385558638894885917e+02
1.394595869585396031e+02
1.433670461594006440e+02
1.361455345697302448e+02
1.397322842243399919e+02
1.385067281046839867e+02
1.296357551763646256e+02
1.310996541924214682e+02
1.360913770009378254e+02
1.384527642746806180e+02
1.381980813246826187e+02
1.348368360508365242e+02
1.362989708148562045e+02
1.345412490175951632e+02
1.401466477788936515e+02
1.289933509221587258e+02
1.410141275489720840e+02
1.340879955810675881e+02
1.420523494430741493e+02
1.329787927757951991e+02
1.408529135742269887e+02
1.338879389712338650e+02
1.324825302063957508e+02
1.372582704274282719e+02
1.298706460139777050e+02
1.344038188478920972e+02
1.356170963621227372e+02
1.392813564823425736e+02
1.384243043363517529e+02
1.411856993747297224e+02
1.334656647258958628e+02
1.438873423883833311e+02
1.386503691842772810e+02
1.242306580458693475e+02
1.360350125225366753e+02
1.344570064986316140e+02
1.309115989799959721e+02
1.347997188031206690e+02
1.405207595376465122e+02
1.348181869334150065e+02
1.374905278149929870e+02
1.375541268573570335e+02
1.399153145464731267e+02
1.352548229387304275e+02
1.386972379827851967e+02
1.324698626955380689e+02
1.359997084792433100e+02
1.361573846515753985e+02
1.368008423889128835e+02
1.364447410562553955e+02
1.337692023721189969e+02
1.377279100815598554e+02
1.433152801319691036e+02
1.375715884549421730e+02
1.399055542368654130e+02
1.334724601682364664e+02
1.361952161471072884e+02
1.310015177912744093e+02
1.373037592797888635e+02
1.313275213968391881e+02
1.347625003185657420e+02
1.379414765791862862e+02
1.376273653847911191e+02
1.381805422511884842e+02
1.310563818674089021e+02
1.345092796081873416e+02
1.320984965157865645e+02
1.399490197437170309e+02
1.412561219354982143e+02
1.428056624110941755e+02
1.393524442212336396e+02
1.363439122221385844e+02
1.371387791023193188e+02
1.349968856670271293e+02
1.430272544779401755e+02
1.316575338525815653e+02
1.380608654677080835e+02
1.391872491512170029e+02
1.380644483463277368e+02
1.381628510391367683e+02
1.380926995342969974e+02
1.344603123545193739e+02
1.382220431290870124e+02
1.312162377446365156e+02
1.378325011664682904e+02
1.300196882428258789e+02
1.364906102625852782e+02
1.355070021372586666e+02
1.387500620587005074e+02
1.404760071346556458e+02
1.412501190119284331e+02
1.287687032522163975e+02
1.348703651470204079e+02
1.391214730881071375e+02
1.297907219429509666e+02
1.443813932288643400e+02
1.409502371760518429e+02
1.313888271476235445e+02
1.316422109112993724e+02
1.396383280315980073e+02
1.335636082725740721e+02
1.335725253031807540e+02
1.362216080199041244e+02
1.360506950780951172e+02
1.418195512944414816e+02
1.296414560731474523e+02
1.343850595578864784e+02
1.374221611745703342e+02
1.326490176936122509e+02
1.337432481674492522e+02
1.380369253859894627e+02
1.341600921598976299e+02
1.302224095161226671e+02
1.391718571777126670e+02
1.300618638026812732e+02
1.319733989361585316e+02
1.386577261691007266e+02
1.329348092613382448e+02
1.273392933906431637e+02
1.379003571404056459e+02
1.362270084968246238e+02
1.381878700639398403e+02
1.365072911696313156e+02
1.384396529249803791e+02
1.358002254446203381e+02
1.355633153722734505e+02
1.384557924477425388e+02
1.293908023192605583e+02
1.371019468118044244e+02
1.349333087855801239e+02
1.382419351925201454e+02
1.428372555432099773e+02
1.325610404191281191e+02
1.369979473060521400e+02
1.319302430914886486e+02
1.468766455804844213e+02
1.388971682018556919e+02
1.392887303072075156e+02
1.324774252555999965e+02
1.384280449848109527e+02
1.443480636744697563e+02
1.348723681053026837e+02
1.341555193827184667e+02
1.343965501171022936e+02
1.406057818778258479e+02
1.326603586162530064e+02
1.379864009762806916e+02
1.415915520198452953e+02
1.369614761576242756e+02
1.355637118258036367e+02
1.385613041510939070e+02
1.344913132827707045e+02
1.350805536663272051e+02
1.402248253026142208e+02
1.348767057045573949e+02
1.356479306283095809e+02
1.366083805996056242e+02
1.366393074142397381e+02
1.356598829627138798e+02
1.418426733208846997e+02
1.352704407778255415e+02
1.347457780431520575e+02
1.353975800654727948e+02
1.441715895457895726e+02
1.342854227328817842e+02
1.409822757303887784e+02
1.346138269392428128e+02
1.315418712493027158e+02
1.307522871219203182e+02
1.356496001502848969e+02
1.365301477096015788e+02
1.320623776684864481e+02
1.412624121050914141e+02
1.362788853747788096e+02
1.327656644991563724e+02
1.307520050075360416e+02
1.371640685525039203e+02
1.257333836305287349e+02
1.356595507525870801e+02
1.409036946203967773e+02
1.299517449905642650e+02
1.375351286216906885e+02
1.335677144180327218e+02
1.307325381900352284e+02
1.379258439319816603e+02
1.349699061011772869e+02
1.354633256738757439e+02
1.357091845993228105e+02
1.400481616587474036e+02
1.364842360239273660e+02
1.397559459124493344e+02
1.395172611363952910e+02
1.451722810457595187e+02
1.364937173594651938e+02
1.356337513155993975e+02
1.391315989485170803e+02
1.353426739394512310e+02
1.379022606822088903e+02
1.367956576275717850e+02
1.394526852447428666e+02
1.391858330857839690e+02
1.372617013423117101e+02
1.344166592895888641e+02
1.390715709693996587e+02
1.330913263713873675e+02
1.340518494989472345e+02
1.371290345682175769e+02
1.400163894386676589e+02
1.353005824957255072e+02
1.392767596216345680e+02
1.382198539405071926e+02
1.410606649531467838e+02
1.408252495373592978e+02
1.374111361281872803e+02
1.398690475488915865e+02
1.362901753219096008e+02
1.285937772955407468e+02
1.385819392425502201e+02
1.262334895139769344e+02
1.294809701112124571e+02
1.277935145708453319e+02
1.370009384125224301e+02
1.401312749673711266e+02
1.386190823229560465e+02
1.434346438083981639e+02
1.341512767249007823e+02
1.348656125462424029e+02
1.381611333070968612e+02
1.372538231973859126e+02
1.314829657952091964e+02
1.425182504744455514e+02
1.385695025961127840e+02
1.358552233889185175e+02
1.404887076694680275e+02
1.332270505476866447e+02
1.342273319329822243e+02
1.414838704457859251e+02
1.333122376374846283e+02
1.313785723379728267e+02
1.333554908004575168e+02
1.400486704691484761e+02
1.361734751589862071e+02
1.354250127371166457e+02
1.353169263339744361e+02
1.387842463974593841e+02
1.273371261129669278e+02
1.415487574347033899e+02
1.412307220412036770e+02
1.379194272625009035e+02
1.313117324465241893e+02
1.387518666766555668e+02
1.423671259676032150e+02
1.346690180524607854e+02
1.383164616946395711e+02
1.407752356854914240e+02
1.313134081665054396e+02
1.305601219530681192e+02
1.382385104303836840e+02
1.347575089980286691e+02
1.400023940071877178e+02
1.369753321911699118e+02
1.412425025437871113e+02
1.371071932399140110e+02
1.320631461120708252e+02
1.359575107077634186e+02
1.278312464661533028e+02
1.423047275008165116e+02
1.338638453220628151e+02
1.380606909435725811e+02
1.413099065973534891e+02
1.360880226924994361e+02
1.466601041762187094e+02
1.331437943779122008e+02
1.349175472074454945e+02
1.399383244554237820e+02
1.315583834840692248e+02
1.415818293349966837e+02
1.403834281048953585e+02
1.440611399217008852e+02
1.364853068831905603e+02
1.407650820612914231e+02
1.393340501809053080e+02
1.301337997611375386e+02
1.387245232758971270e+02
1.389183310736582087e+02
1.344020457880239405e+02
1.315173927494608677e+02
1.362104946397856509e+02
1.323796792978534143e+02
1.316226792656563305e+02
1.359000485367320721e+02
1.353883203129286130e+02
1.385246331576140619e+02
1.344956884948435629e+02
1.338250172634935495e+02
1.371740590702342786e+02
1.397227009417635202e+02
1.476316512145361344e+02
1.373898876855609217e+02
1.374274168688825739e+02
1.319321068031678124e+02
1.341545933763664777e+02
1.364069191319780714e+02
1.380528021096193356e+02
1.401988867070085689e+02
1.302369443210965869e+02
1.336251301259015634e+02
1.302874626132397964e+02
1.353951921617714049e+02
1.420010160932814642e+02
1.341073793692187905e+02
1.390855598682105949e+02
1.353577234200803048e+02
1.355992653889230439e+02
1.285236655782365460e+02
1.361671330742598514e+02
1.355828809635177663e+02
1.348112562901619356e+02
1.315943134411401729e+02
1.379925791826618706e+02
1.381765061858766614e+02
1.338351846441010196e+02
1.375434582812104907e+02
1.308697804581659057e+02
1.435602447501592565e+02
1.371148291096357639e+02
1.365129806764928446e+02
1.436039697343994135e+02
1.338757765175801353e+02
1.361001585521643733e+02
1.344640905598773486e+02
1.351887412797292995e+02
1.421157930153547397e+02
1.423664735020654462e+02
1.300550060401186840e+02
1.285354964325063349e+02
1.384195679078501939e+02
1.319646865589136837e+02
1.360237266358135173e+02
1.377939925094194393e+02
1.371622895429016751e+02
1.317439020924819033e+02
1.422548992943808628e+02
1.411090511441574904e+02
1.378412268927856985e+02
1.418675147985352396e+02
1.388597882178410998e+02
1.360341285466436432e+02
1.319293871966900440e+02
1.414038706348553660e+02
1.393356486884238166e+02
1.388084237965696275e+02
1.329371396945028323e+02
1.327840834075463476e+02
1.346309616563540033e+02
1.337020201131484498e+02
1.317965940875664899e+02
1.342456158660412768e+02
1.296555938712198781e+02
1.387907769975704468e+02
1.356587389455306436e+02
1.344080070481922178e+02
1.384984428597209956e+02
1.433459960975965544e+02
1.385642925430242940e+02
1.408932241679437993e+02
1.330728595910760532e+02
1.420500805663193944e+02
1.378033829992928645e+02
1.305012798612315805e+02
1.364352969520046486e+02
1.302141144410579443e+02
1.361034421475865770e+02
1.393275728562440747e+02
1.356436098109051045e+02
1.341001284074797297e+02
1.412649351456084901e+02
1.372298160872233552e+02
1.382094404233806415e+02
1.342227884318166389e+02
1.392287805990423237e+02
1.328666343818863993e+02
1.392912263638135926e+02
1.354182709034487004e+02
1.337593618088414757e+02
1.359956922032233422e+02
1.416630802687245421e+02
1.356158961524793938e+02
1.329447614774182682e+02
1.315150870358499446e+02
1.376546319137208059e+02
1.288237879392009688e+02
1.409906735624258545e+02
1.365421240233951323e+02
1.392663755189047947e+02
1.361263811271089708e+02
1.425196009546144467e+02
1.341483489260842532e+02
1.355248279320420579e+02
1.381240987569723018e+02
1.375532884207258633e+02
1.417951329711212907e+02
1.318838928215339479e+02
1.371089745467841681e+02
1.343100215974324101e+02
1.348408147064294269e+02
1.380344900918468056e+02
1.356841869003292231e+02
1.377908427838093246e+02
1.400432066718147439e+02
1.391736962802871744e+02
1.363036012639892647e+02
1.324489444202216930e+02
1.362486344588567135e+02
1.411809612913027081e+02
1.380295889441666191e+02
1.353358463705673387e+02
1.330893930328568899e+02
1.389120984833425894e+02
1.340330216607711691e+02
1.360991958242150872e+02
1.345834276449698166e+02
1.345492753660208791e+02
1.369856155876016430e+02
1.372594326275029744e+02
1.434136271528528823e+02
1.349066652876758496e+02
1.370234584912049911e+02
1.381794752983506953e+02
1.312612825157322334e+02
1.310590647144755962e+02
1.397880606520046740e+02
1.328625259922350779e+02
1.380902177173568930e+02
1.273134330674508305e+02
1.352244610564473533e+02
1.329051457667430327e+02
1.354731127940474948e+02
1.410249469180771769e+02
1.313045951987423337e+02
1.403533273508404022e+02
1.417283263243042484e+02
1.407792446152767241e+02
1.433340160225961597e+02
1.294810238794868553e+02
1.323259887629763512e+02
1.303101690082748974e+02
1.394689064592627119e+02
1.322170247077278304e+02
1.392883172275749359e+02
1.374747503419987424e+02
1.390505815564678755e+02
1.393806799507915173e+02
1.393484963983378293e+02
1.344597177882497192e+02
1.395405753270827063e+02
1.439405663097832075e+02
1.326032526958859989e+02
1.370669675454147125e+02
1.365031623671263787e+02
1.421251711252464816e+02
1.393820667268794864e+02
1.398008382959379503e+02
1.392028940887959152e+02
1.372290929950071927e+02
1.337947064298324733e+02
1.371618745129286481e+02
1.410055847540735670e+02
1.293815852605198131e+02
1.395565174780396376e+02
1.370504790058573121e+02
1.378926520251192187e+02
1.338702900051267193e+02
1.383495449345032284e+02
1.393908703832911158e+02
1.359045488177930565e+02
1.391228917279877635e+02
1.296164374496460141e+02
1.309527809801495835e+02
1.377248709051866626e+02
1.342763164634286568e+02
1.356951306134366178e+02
1.339143126480681758e+02
1.332542862995332769e+02
1.379758357648811966e+02
1.401821201788561950e+02
1.350148054959172725e+02
1.440861303921026035e+02
1.373866560803388950e+02
1.400467309100412763e+02
1.406556798562819495e+02
1.310332106038481754e+02
1.278433060663789007e+02
1.332284599330821209e+02
1.341664484688324137e+02
1.341283451895798180e+02
1.287469499604083580e+02
1.368550379982972345e+02
1.342581841505294449e+02
1.373070557395583933e+02
1.370383401870559226e+02
1.302635781655894789e+02
1.376038571835232460e+02
1.369263611344977107e+02
1.300818036738687624e+02
1.372995585694749536e+02
1.345543862065348435e+02
1.334420548699404492e+02
1.417018773523143693e+02
1.351178448561526295e+02
1.339725086402322631e+02
1.311611550228667511e+02
1.295306503780285539e+02
1.377952744906942257e+02
1.393392517070226972e+02
1.358646448886989901e+02
1.453847637469540928e+02
1.296622737305723660e+02
1.395503210381706936e+02
1.425341011944418312e+02
1.365486626855992540e+02
1.407562736803519101e+02
1.365624782738119904e+02
1.330303075375382775e+02
1.356952420888385404e+02
1.327955574077777214e+02
1.372218062373352438e+02
1.353117786877216417e+02
1.394935927236814734e+02
1.358306234738958835e+02
1.342115782019119763e+02
1.336742457692656671e+02
1.386970566673828387e+02
1.451265222347332440e+02
1.444632607975134420e+02
1.409518626564902775e+02
1.367060048416333586e+02
1.386862393282871722e+02
1.402865741545934100e+02
1.299804007267276802e+02
1.399483917376904571e+02
1.301194727267524058e+02
1.418890752995865796e+02
1.354384367154425490e+02
1.342390172077638510e+02
1.364792417991758100e+02
1.353995645174724132e+02
1.325702500682211564e+02
1.324815584508060624e+02
1.322523919173237630e+02
1.389097430392106389e+02
1.407486919843841520e+02
1.384702402515543440e+02
1.385080225064404260e+02
1.328548669633905774e+02
1.411734507533803935e+02
1.370311179189844779e+02
1.352918412081136523e+02
1.448278843329177334e+02
1.381035923599212083e+02
1.329668994053498352e+02
1.359403182058657080e+02
1.338403317347273287e+02
1.343245023083842113e+02
1.377076540160782372e+02
1.389520519682471331e+02
1.358178183770718306e+02
1.347566650944086177e+02
1.376996925181084350e+02
1.370219942873433752e+02
1.369263842447800812e+02
1.361728474275929557e+02
1.285880112184563586e+02
1.380298579726470223e+02
1.355157456476173934e+02
1.347469273576474791e+02
1.385546269602569964e+02
1.325008429847832190e+02
1.323845810964641316e+02
1.381230495207430806e+02
1.327649835459974952e+02
1.406700294166455194e+02
1.442243586641732804e+02
1.326869275964475889e+02
1.351507064835572578e+02
1.333848330039406846e+02
1.394032372927244694e+02
1.333562860117618243e+02
1.350188066371214575e+02
1.379211412745535767e+02
1.393127754209677107e+02
1.346206001190470545e+02
1.347919595950817779e+02
1.383146749285063493e+02
1.382182801292659917e+02
1.321782212219414419e+02
1.402380082146497102e+02
1.388412681909557591e+02
1.309925239792460729e+02
1.392444962884728170e+02
1.344911375099860322e+02
1.328098125231348092e+02
1.345317223216609932e+02
1.337163651313363744e+02
1.393011942102171474e+02
1.314916082984612444e+02
1.326806577712959268e+02
1.312082426528989743e+02
1.316532167687837784e+02
1.310118587746250114e+02
1.318532018540484216e+02
1.404945328850507167e+02
1.349337524897468654e+02
1.431604778063552033e+02
1.365223106889348514e+02
1.335919543076624052e+02
1.377325923779799268e+02
1.371392326767499981e+02
1.284975884422444210e+02
1.331458016562139335e+02
1.367993476800727990e+02
1.348120682783247162e+02
1.367173053270767298e+02
1.405825007002472944e+02
1.362915754974149536e+02
1.349823909251416865e+02
1.381255293022929322e+02
1.335206577025094248e+02
1.429809443574605439e+02
1.347937571826944918e+02
1.307151268016844483e+02
1.357838179931465561e+02
1.381219503988614861e+02
1.347814715635050220e+02
1.298389458929315197e+02
1.330956631772214394e+02
1.319242137995204018e+02
1.337031692043499049e+02
1.354456629954403013e+02
1.377966830939678005e+02
1.382263556238196713e+02
1.377387019810544189e+02
1.374883090744433218e+02
1.391416588711639406e+02
1.282112229031330060e+02
1.337520265207803618e+02
1.334830904331471686e+02
1.420759905726767727e+02
1.321266266502028941e+02
1.346556385505502647e+02
1.339972793901775958e+02
1.305231023749434769e+02
1.337016349019811514e+02
1.388294099960205585e+02
1.422636818267331762e+02
1.385932879115142953e+02
1.321568637351308269e+02
1.399512128147901535e+02
1.344123184742398109e+02
1.434386224324088062e+02
1.364389593493510517e+02
1.238732486498280139e+02
1.359835834096865312e+02
1.286728771119413466e+02
1.351027081826290726e+02
1.324178849938239750e+02
1.385176291935185304e+02
1.336297993167267748e+02
1.408382354729552048e+02
1.423562435888724735e+02
1.355252700230722951e+02
1.440567662580476167e+02
1.415789187080007423e+02
1.394866223926792372e+02
1.347397350640400475e+02
1.406886722926012112e+02
1.419860182244755720e+02
1.382977109191486704e+02
1.409551544706437767e+02
1.312507682063056222e+02
1.362161496823790401e+02
1.398721018766175632e+02
1.402983981083920355e+02
1.412410787571366484e+02
1.300014914420542027e+02
1.382072780910509664e+02
1.347063155768292688e+02
1.415287123055087193e+02
1.367407791093642970e+02
1.464337248092338086e+02
1.367862086616451904e+02
1.409768588014269142e+02
1.351271510250273877e+02
1.397224507773574089e+02
1.389338715764415326e+02
1.351981410364936949e+02
1.319477515619739449e+02
1.332236781897670426e+02
1.433376828954337157e+02
1.328937678005073337e+02
1.351745816747416313e+02
1.413221141511236851e+02
1.331918701290581168e+02
1.321520133350678350e+02
1.424769709189665434e+02
1.375721066386381608e+02
1.397735772168480537e+02
1.357207490762035604e+02
1.412222415794072674e+02
1.374763016619050404e+02
1.390910567600186027e+02
1.417418081960566099e+02
1.351844883477643577e+02
1.330763700922940131e+02
1.413492820589601990e+02
1.382258285306990047e+02
1.358888071590910158e+02
1.400919137078498409e+02
1.343591783716403540e+02
1.404103477793541686e+02
1.354597665817850327e+02
1.345780903644516684e+02
1.414863255524243755e+02
1.409275620767804185e+02
1.316932128194046072e+02
1.305753337463862920e+02
1.369832963125414267e+02
1.312370649382276326e+02
1.393888614146420082e+02
1.360194237690307091e+02
1.374779495823595425e+02
1.355142912128871444e+02
1.399535688623049339e+02
1.351841806579182048e+02
1.420152433601935797e+02
1.376592439570537181e+02
1.332805840201720571e+02
1.399765369372877046e+02
1.384419935502408805e+02
1.352610650457503993e+02
1.330310777880367539e+02
1.378570098007484148e+02
1.339400026341004661e+02
1.379864395888438935e+02
1.359972803610000085e+02
1.400280758406300663e+02
1.365471363812535799e+02
1.400485238941483601e+02
1.359754995533584179e+02
1.324992487869454578e+02
1.254346483961363958e+02
1.379981488145619721e+02
1.372555674170245368e+02
1.393038515217259317e+02
1.362340878109553728e+02
1.399245965332668220e+02
1.381783221907622590e+02
1.365861957896246679e+02
1.436825612245717139e+02
1.315299506770375046e+02
1.389912871126302605e+02
1.373300761233227547e+02
1.428875571716478703e+02
1.369553441895471622e+02
1.365989713040735012e+02
1.243834286166910772e+02
1.455450453673463187e+02
1.319373076903178799e+02
1.387916684838035906e+02
1.342827326258240248e+02
1.289934932359779793e+02
1.329452613492950945e+02
1.356771256193169961e+02
1.354060815257992942e+02
1.385993244963604809e+02
1.425725229398744887e+02
1.393592110163981204e+02
1.430290851743246776e+02
1.358863919486815064e+02
1.368800646456988943e+02
1.359334116617413883e+02
1.381984095934282664e+02
1.331768138822087337e+02
1.315467516157688124e+02
1.380419362631207605e+02
1.377364648868200732e+02
1.297048255983409319e+02
1.369903500118617217e+02
1.379744548693748243e+02
1.388570837487017116e+02
1.366460546907790672e+02
1.377379562483545214e+02
1.357280732667611289e+02
1.377942018076072372e+02
1.294023651684888989e+02
1.377874078292260549e+02
1.452974224008844146e+02
1.320926118266554568e+02
1.322810490568258786e+02
1.330339685595440642e+02
1.427780909548313844e+02
1.391405028412951879e+02
1.373139019545192241e+02
1.315760999238594877e+02
1.405839932710509004e+02
1.375078347213315624e+02
1.339631647330014346e+02
1.395505993045861715e+02
1.369446248898414922e+02
1.323428100687404481e+02
1.387341778759715396e+02
1.328044540358766596e+02
1.375484003403880138e+02
1.360953121425968959e+02
1.385667852756966454e+02
1.309529579283430678e+02
1.318345567743971287e+02
1.376571273095312620e+02
1.313662235207270896e+02
1.364639200212525907e+02
1.353687644663849596e+02
1.383372012410490299e+02
1.334729125615266412e+02
1.371080251750801438e+02
1.287700146711803200e+02
1.349035150851292144e+02
1.359579466031524930e+02
1.391839867448412633e+02
1.409484464028994921e+02
1.345304819591542582e+02
1.385264994975517823e+02
1.336990030936307221e+02
1.311481970299828106e+02
1.437321950856964747e+02
1.443530282200641466e+02
1.370805698263394845e+02
1.376490357294428861e+02
1.369174651000061829e+02
1.430046831619760894e+02
1.396069121999589129e+02
1.345925636281120887e+02
1.383698978699655129e+02
1.364076948716144670e+02
1.398981862788687067e+02
1.438407907537220751e+02
1.362528545541834148e+02
1.359231197192922309e+02
1.338551368381720010e+02
1.395678919966381386e+02
1.362700286976789243e+02
1.388912075327648665e+02
1.326743280783762486e+02
1.330665623742721664e+02
1.352829598023480457e+02
1.418359283363088252e+02
1.307089212384220502e+02
1.328551713961535370e+02
1.400630849344462945e+02
1.342222046990092963e+02
1.315625099297174359e+02
1.374611212131867433e+02
1.392607901943335094e+02
1.350837893907386160e+02
1.375394305549257581e+02
1.363631356066946694e+02
1.373713310472071214e+02
1.367871131877579955e+02
1.358068842158936320e+02
1.355492209815504907e+02
1.283994279062012822e+02
1.345499113201206569e+02
1.368473639293851249e+02
1.332148663650805815e+02
1.372401933027171310e+02
1.344426651541988917e+02
1.408821444655395396e+02
1.350211286162873137e+02
1.381735654406265041e+02
1.347639384708522812e+02
1.420099020313777487e+02
1.341764366429463280e+02
1.326391918616576220e+02
1.338807358974196688e+02
1.368108541045506001e+02
1.348710759419685701e+02
1.353414764988210379e+02
1.349257218603658828e+02
1.403562895187658626e+02
1.405979595601767471e+02
1.374173753873701003e+02
1.354105632454997021e+02
1.317312336746886388e+02
1.360705872190992523e+02
1.370346821139986844e+02
1.317033246562228612e+02
1.427331571320964940e+02
1.335215640931354528e+02
1.368473033651321771e+02
1.316881273084122199e+02
1.328423319395378712e+02
1.335059845127465792e+02
1.355254412170801004e+02
1.328101102917791820e+02
1.314987286037319336e+02
1.325193656159642046e+02
1.294297399771184303e+02
1.366767319691030309e+02
1.336748527264767858e+02
1.389012027762545642e+02
1.328876930325901071e+02
1.360348200856294625e+02
1.326649526557149272e+02
1.343812929557225857e+02
1.347328141515677373e+02
1.348159117226146009e+02
1.421647857140371798e+02
1.394295244317617062e+02
1.363790610787404773e+02
1.386500866748699821e+02
1.353566315377853755e+02
1.392297923390079291e+02
1.359032101545465991e+02
1.311300573845204838e+02
1.301704916895622546e+02
1.412435220599203944e+02
1.295609898702087150e+02
1.407949370503541218e+02
1.346012746614796072e+02
1.319307673016900537e+02
1.374909875767269227e+02
1.392434294291324477e+02
1.401038833161780133e+02
1.341677030347907191e+02
1.385378461469336742e+02
1.318181269394414130e+02
1.365779509737429009e+02
1.384345532185545835e+02
