2.489855520123051349e+02
2.479845413902727103e+02
2.474992033826865452e+02
2.521465503499792078e+02
2.473527264488547530e+02
2.484885644768481541e+02
2.467147341772892162e+02
2.510939078756889558e+02
2.479322474548859532e+02
2.500222847995502491e+02
2.481196735703592253e+02
2.504813406641778784e+02
2.500304402396576506e+02
2.500880078457977902e+02
2.514271632309248901e+02
2.478576893984578362e+02
2.519535794129172359e+02
2.490110397948147067e+02
2.512432569529265152e+02
2.511144984788539887e+02
2.476129358151925146e+02
2.461970648138174340e+02
2.528031244363762653e+02
2.471327139029898490e+02
2.503922359866849092e+02
2.543222574129910640e+02
2.524370478276943572e+02
2.466390748141341192e+02
2.516516520395595649e+02
2.521921502697755670e+02
2.536008378750378824e+02
2.504744340407775667e+02
2.474817023504693339e+02
2.498595939441000269e+02
2.468189380495564649e+02
2.524492944907106278e+02
2.488554921858581110e+02
2.469648157135194140e+02
2.481097849410675735e+02
2.498719862929194164e+02
2.567262710165706494e+02
2.505829839357145659e+02
2.481579220163452248e+02
2.513887014595791243e+02
2.464350729727851501e+02
2.452121357226844793e+02
2.462175566372449396e+02
2.462535935016368853e+02
2.460074691035972876e+02
2.465419572843866263e+02
2.491320665572962412e+02
2.482505679750888419e+02
2.456234820273332105e+02
2.504060757571916724e+02
2.502807640964200573e+02
2.519774062336502993e+02
2.485304487649180203e+02
2.468311352946288935e+02
2.472152925469086995e+02
2.522386673797287528e+02
2.488857186468237330e+02
2.498349923266683845e+02
2.531638006636934222e+02
2.495032718084139276e+02
2.500329339089919927e+02
2.552492427975190026e+02
2.511752993848349149e+02
2.447587935018328835e+02
2.544606537337987788e+02
2.503258851003969880e+02
2.480754147274225261e+02
2.507383178615952772e+02
2.469039362838190641e+02
2.465850647725218892e+02
2.457203109654686557e+02
2.473682447138667726e+02
2.513679999754729977e+02
2.505668059225374122e+02
2.510584412888353256e+02
2.479724557110064609e+02
2.439954555700014396e+02
2.457642718330849334e+02
2.510634943531634065e+02
2.497420379461728430e+02
2.466817573180461807e+02
2.502808457334665491e+02
2.443438048784372256e+02
2.525980244601037157e+02
2.500624449757049490e+02
2.502364457754449916e+02
2.476956475053987106e+02
2.525335933634792980e+02
2.513621628103997239e+02
2.466516634970596158e+02
2.505924282793411919e+02
2.440347533512611449e+02
2.461106040940607329e+02
2.462964160481563169e+02
2.474429986249786282e+02
2.521544182828821477e+02
2.500422690534973924e+02
2.461336558273933406e+02
2.492771462390161616e+02
2.474515210840002055e+02
2.542452175485525174e+02
2.486514791945826346e+02
2.471309493120458285e+02
2.510026792170131671e+02
2.485807960455345267e+02
2.516343792217748785e+02
2.475007701885032532e+02
2.501764518202627130e+02
2.476978825560625808e+02
2.502750821122512264e+02
2.524544138147293779e+02
2.534068818663999139e+02
2.450996697009731804e+02
2.520518060221243388e+02
2.485545513299654488e+02
2.482600157971273518e+02
2.476207927519972145e+02
2.502041756811883602e+02
2.480813757446538261e+02
2.481154216015338818e+02
2.525566997157140747e+02
2.462008895292761963e+02
2.459497459853153600e+02
2.483144996320012012e+02
2.504907813670001246e+02
2.483682987594217479e+02
2.487084368921599946e+02
2.517374839392648482e+02
2.510565132435265525e+02
2.492887257407888626e+02
2.419860665607124020e+02
2.490187138463903125e+02
2.501195954459407460e+02
2.517405732169345924e+02
2.520020207954129887e+02
2.501384482453977114e+02
2.509579381210961060e+02
2.450311486920059281e+02
2.486264239171844679e+02
2.498884741221427248e+02
2.507518459947978329e+02
2.508409332857090135e+02
2.524783292667386547e+02
2.450405481121918569e+02
2.488468906636170743e+02
2.471344402893455765e+02
2.488115130235304946e+02
2.517718018821849455e+02
2.495566913517975820e+02
2.472010561112633411e+02
2.523921251201267069e+02
2.500833264676467991e+02
2.516824098663950053e+02
2.522807566907308683e+02
2.489999322420168255e+02
2.506390121861846296e+02
2.453310993142545158e+02
2.512575169886990807e+02
2.514683150499649003e+02
2.504611991144597312e+02
2.495106288569036224e+02
2.477764882877605146e+02
2.463018504847820509e+02
2.454664586396755510e+02
2.450356379303732126e+02
2.491932986190853683e+02
2.473985469679534219e+02
2.452091548254544193e+02
2.476717047095178543e+02
2.487325460891836997e+02
2.508803836657367867e+02
2.480756297998927948e+02
2.502715780546594715e+02
2.495230388695556201e+02
2.480178089494037863e+02
2.517848285503634713e+02
2.489891203841814331e+02
2.478815070153695501e+02
2.469827109725420371e+02
2.466514396661675619e+02
2.529474902092478601e+02
2.544587086511035068e+02
2.482317188166653352e+02
2.500144351078722877e+02
2.469496568593405641e+02
2.497338925621417900e+02
2.461001334295574736e+02
2.472668523161298424e+02
2.506556027690177473e+02
2.469175992782958531e+02
2.508284864406490442e+02
2.505932091536660664e+02
2.541462903748708300e+02
2.491799404692989697e+02
2.453672229769715045e+02
2.452247812215299234e+02
2.510170148705414590e+02
2.508007861789246817e+02
2.482548781328637517e+02
2.477979971989826993e+02
2.532988655974621395e+02
2.476660342833061179e+02
2.499466483465570832e+02
2.498871898503310831e+02
2.469331128515854061e+02
2.464622258429369310e+02
2.500500429258132158e+02
2.467288279138008420e+02
2.435524068744730073e+02
2.482257445083824905e+02
2.528987042260579585e+02
2.523297975062953356e+02
2.479282388941018951e+02
2.519687639649293374e+02
2.469681276225678346e+02
2.454350410051947051e+02
2.528917441873864220e+02
2.513227390528660123e+02
2.486151504247983723e+02
2.516067643915347674e+02
2.523999141231327883e+02
2.490369979538577354e+02
2.516133694495578936e+02
2.530855307231105655e+02
2.482758095446594098e+02
2.468791149968689069e+02
2.525609340348284491e+02
2.531120747274829341e+02
2.466407451510316946e+02
2.516989880338360592e+02
2.500576751471054138e+02
2.530686555123620849e+02
2.506547341403278040e+02
2.529846484090362537e+02
2.479415194620493139e+02
2.493266269064012022e+02
2.495437225615431771e+02
2.523065961768556633e+02
2.423221885896554113e+02
2.569961069591871592e+02
2.494775773479154566e+02
2.506457108766232125e+02
2.457954234035871934e+02
2.471980486362105012e+02
2.485125178511627269e+02
2.568533219485973405e+02
2.502462991887135217e+02
2.497928924211099968e+02
2.473826096315097800e+02
2.532499985314695437e+02
2.490218123278053213e+02
2.428130081877702651e+02
2.478240011968588306e+02
2.566670912294385403e+02
2.489320704818403556e+02
2.488252174494040503e+02
2.480241834892265160e+02
2.492739762752064792e+02
2.468414631618312853e+02
2.475181353218725064e+02
2.516526105195982552e+02
2.493898650028091026e+02
2.514545472564004456e+02
2.471767285314618050e+02
2.507513136467784989e+02
2.520026663346693567e+02
2.517501574838281897e+02
2.507377078012110019e+02
2.483746856357888646e+02
2.508078341252918619e+02
2.517275990084361865e+02
2.470976841666324049e+02
2.477513238199974239e+02
2.506610655413832092e+02
2.523582489381223866e+02
2.478330840932864589e+02
2.455782998419763885e+02
2.472430796670489030e+02
2.502998927457355762e+02
2.456417625360330419e+02
2.477884248098633577e+02
2.542782920351053235e+02
2.490070020100183115e+02
2.514441753453687340e+02
2.484096576396539717e+02
2.438837345360292659e+02
2.489173041537286224e+02
2.475225981606369032e+02
2.496808232732382464e+02
2.518408377767944444e+02
2.480083012466437253e+02
2.436463206299764863e+02
2.516016260857342388e+02
2.469395083933707156e+02
2.465717772952354778e+02
2.431746246326106871e+02
2.445508852070536250e+02
2.546652144471298698e+02
2.500059456567925054e+02
2.434647443805882006e+02
2.502655162549582144e+02
2.483301150975748897e+02
2.479633261315370589e+02
2.476760941299876038e+02
2.464405910189547342e+02
2.534264916572132904e+02
2.505455884510982116e+02
2.487141140403968222e+02
2.483547230607633765e+02
2.497049040475667994e+02
2.472239059492284809e+02
2.469948262736173774e+02
2.498853648295588528e+02
2.488396423332658287e+02
2.463837343139353493e+02
2.474433257729390050e+02
2.483102323040116346e+02
2.468766532057792631e+02
2.491136087368246024e+02
2.503848109822608592e+02
2.491163970544104131e+02
2.521792735167392436e+02
2.498589363489668642e+02
2.513338342028668535e+02
2.529487021830991011e+02
2.517707434262192123e+02
2.496638821551585750e+02
2.453332200725202767e+02
2.485944018603351537e+02
2.486280772934325398e+02
2.544805488118046810e+02
2.506281232368111489e+02
2.474068930856376767e+02
2.535860202312561569e+02
2.462559649477900905e+02
2.475307206042775761e+02
2.490750902595218008e+02
2.490430819549289367e+02
2.523162373460419587e+02
2.530746436938478325e+02
2.493886573089190222e+02
2.476089591740700371e+02
2.469827846175500383e+02
2.474478735305167447e+02
2.462795316705982884e+02
2.554797793262722791e+02
2.527623712929899398e+02
2.498895554205495273e+02
2.521695653106514214e+02
2.527555121668312950e+02
2.469495134261854901e+02
2.459728859483501822e+02
2.505396767845620616e+02
2.495904263635592031e+02
2.514162562191614825e+02
2.507780973206347426e+02
2.487001610495101716e+02
2.520873175804595405e+02
2.484157383138633861e+02
2.475164344302036739e+02
2.493810965934677881e+02
2.464410245685604650e+02
2.480072878080071348e+02
2.515681915419693553e+02
2.492738542492797365e+02
2.505183181063900690e+02
2.505671016629324015e+02
2.499706229164043521e+02
2.493613313684909940e+02
2.513093968192886223e+02
2.484952336803907542e+02
2.524886661984916145e+02
2.515424000495389691e+02
2.486941800604545563e+02
2.466729802258553832e+02
2.483274897806057027e+02
2.493545627342492423e+02
2.491891199643045809e+02
2.498278751319183755e+02
2.493143791181984170e+02
2.502091327006160100e+02
2.486980285851559245e+02
2.453794207579613555e+02
2.513160241703301097e+02
2.469569394239486826e+02
2.497924111328794368e+02
2.501676140533047317e+02
2.479242571555952850e+02
2.530443984342523152e+02
2.494552043202971277e+02
2.487960642303957570e+02
2.444008172567460520e+02
2.500626837808694631e+02
2.494645879881497308e+02
2.490830097049847325e+02
2.473257985636745389e+02
2.466466799096564273e+02
2.531412721921525133e+02
2.481355424642220555e+02
2.500990632619222254e+02
2.512506740281607449e+02
2.491574249197260258e+02
2.505522319473714390e+02
2.540220799329899819e+02
2.543871370558703120e+02
2.449205101456151112e+02
2.482465368286456737e+02
2.502919752410996068e+02
2.509652133542329011e+02
2.458121229628553692e+02
2.545445857022853033e+02
2.538042411036740020e+02
2.502131201245202305e+02
2.500302734669728011e+02
2.487961109243139219e+02
2.490917451308378929e+02
2.447137428633107561e+02
2.507229029830138245e+02
2.492748824299941077e+02
2.464392766029904465e+02
2.506744957243823535e+02
2.525546703533408959e+02
2.452083145244515663e+02
2.557886007315279073e+02
2.497585138641317144e+02
2.511095435468019730e+02
2.484246823627485696e+02
2.489394508309910066e+02
2.454574010489539546e+02
2.501391764120132848e+02
2.465322427136683814e+02
2.503366647873437785e+02
2.500976123037528396e+02
2.494507158572863830e+02
2.532120092475407773e+02
2.501912739715843088e+02
2.532422030162841224e+02
2.508352760912774784e+02
2.483470469823786573e+02
2.464042424231385553e+02
2.467160703296153201e+02
2.499229135799666892e+02
2.482715187285929517e+02
2.504929651579114136e+02
2.516224937104700814e+02
2.433992461001609229e+02
2.429123296413324340e+02
2.506467603657721384e+02
2.480432172629259640e+02
2.525082639165328544e+02
2.435710391238509089e+02
2.482777284430648024e+02
2.462098287793249085e+02
2.494170418725302625e+02
2.531926177099463757e+02
2.460881366260143750e+02
2.487412014922186643e+02
2.536474740597652726e+02
2.521397565709786477e+02
2.504322771314287479e+02
2.519807290045306161e+02
2.531195269165554578e+02
2.451892327521520087e+02
2.469839515708430042e+02
2.439871835093288155e+02
2.486173202025051410e+02
2.536038363092360726e+02
2.504692662718210272e+02
2.485448060401927535e+02
2.487655542794928465e+02
2.456403435537874032e+02
2.527942236122285919e+02
2.490599821909226819e+02
2.483343317373496006e+02
2.510893545880383328e+02
2.500217863040622888e+02
2.490113338296240499e+02
2.524669528961260880e+02
2.493422755215267159e+02
2.456940698396637117e+02
2.482691494745320426e+02
2.474513388828556799e+02
2.490636115056915685e+02
2.504275956002980479e+02
2.462529040446538318e+02
2.519005412931831245e+02
2.498593359586868985e+02
2.505691825783678155e+02
2.479586315749387211e+02
2.490155195894489282e+02
2.472018119017660638e+02
2.506545322615052385e+02
2.487168113204541839e+02
2.515908699627375711e+02
2.522089383590564466e+02
2.482085717298369616e+02
2.461432046850431163e+02
2.503483793915966089e+02
2.493653931935822357e+02
2.481776586613570998e+02
2.449122413560361906e+02
2.435461505022283006e+02
2.542184474204453863e+02
2.538249219780149417e+02
2.503423784228363900e+02
2.512674921591021473e+02
2.521673587108201957e+02
2.469984614929143447e+02
2.492251172739522360e+02
2.531092723513618523e+02
2.520863246611840225e+02
2.504619413159445571e+02
2.456356057659731391e+02
2.480198394008724847e+02
2.472275882266661995e+02
2.478682502770933525e+02
2.522423003564662451e+02
2.489724751371068123e+02
2.448947828512956448e+02
2.484409588239146274e+02
2.459723517960659080e+02
2.526390848507519138e+02
2.507364850866628672e+02
2.487764554806752813e+02
2.493979555472431002e+02
2.480099266431532783e+02
2.495377951405611441e+02
2.481978691163296844e+02
2.508555147043910551e+02
2.479100716820670414e+02
2.479652108866905280e+02
2.562300202149489223e+02
2.493888498735821031e+02
2.480156656242254769e+02
2.496350481368966712e+02
2.504825909009421991e+02
2.439166468776115266e+02
2.520646607997207411e+02
2.481971835750208868e+02
2.561040581494500543e+02
2.465341559536681473e+02
2.520225481900249349e+02
2.473610814103407449e+02
2.527875173492335250e+02
2.497429260526667179e+02
2.495799587198290226e+02
2.485583543141792688e+02
2.499991844690597418e+02
2.492549887550455310e+02
2.483581858380281915e+02
2.490961665725688761e+02
2.490998747561429525e+02
2.475043973703087659e+02
2.487691376956476290e+02
2.497795731471545650e+02
2.511332373963413431e+02
2.475219131960925552e+02
2.487157865439818352e+02
2.502216189728980282e+02
2.507263887794887296e+02
2.513993535022918877e+02
2.527251479814376580e+02
2.471776021420457141e+02
2.523977211299398959e+02
2.502311232966984846e+02
2.480850123710785340e+02
2.504214644297799168e+02
2.476681275002254665e+02
2.480138759381174793e+02
2.491789569055468405e+02
2.490837318149930297e+02
2.518307239690951462e+02
2.455018185483286857e+02
2.477394659693046322e+02
2.460384157126531477e+02
2.508936097723761236e+02
2.435725834677378998e+02
2.431047365549836456e+02
2.507139733247702793e+02
2.508122576917222943e+02
2.505867762171302786e+02
2.466264166611325663e+02
2.473743754056903015e+02
2.512288060414369966e+02
2.551533467767446268e+02
2.466329100574746462e+02
2.509261962304862266e+02
2.487571345386011785e+02
2.457900343398574421e+02
2.495595982973992477e+02
2.447412382550017185e+02
2.464151962768731607e+02
2.475388738760350122e+02
2.463117334773127141e+02
2.502890305362570587e+02
2.504310218563678063e+02
2.481844013125784443e+02
2.538586251230405821e+02
2.498192780109267801e+02
2.459373942572368890e+02
2.494677868315536386e+02
2.510785684887302693e+02
2.469947327222430147e+02
2.507695796677863882e+02
2.479962717910415790e+02
2.460986120799497883e+02
2.494184641055798011e+02
2.503515651438387408e+02
2.492221019013015564e+02
2.518882677828433998e+02
2.479855380103429923e+02
2.526883736446836792e+02
2.527858157062209727e+02
2.506324299990921816e+02
2.496356248381725322e+02
2.509314537489978818e+02
2.465068083072821139e+02
2.493635179360395284e+02
2.537059311712228009e+02
2.511026273302120160e+02
2.498548372346531607e+02
2.448419054012054517e+02
2.480851686244011205e+02
2.457698412407410444e+02
2.526089489506376253e+02
2.492614136761556836e+02
2.509093239365187458e+02
2.468046266667779491e+02
2.532972581389442439e+02
2.503325682225386686e+02
2.500210695049010212e+02
2.493432662252603791e+02
2.461829975098173975e+02
2.485345987854373107e+02
2.470183378123551279e+02
2.516452605713740525e+02
2.473036890435532484e+02
2.529330489821589083e+02
2.500376762908659032e+02
2.504792501093205885e+02
2.467628011189533197e+02
2.499699899964902272e+02
2.506100774212213196e+02
2.514216366254385093e+02
2.531005459033067666e+02
2.491041438975054518e+02
2.476689097316974824e+02
2.495323153957170632e+02
2.520149410520880338e+02
2.525574278941197690e+02
2.486977746051564395e+02
2.504876228773528339e+02
2.533524180110015038e+02
2.515487167776211379e+02
2.498878733468861810e+02
2.501523218052637958e+02
2.482208581812969328e+02
2.498958859103349255e+02
2.496632938880580355e+02
2.501308357840686085e+02
2.545655405658490906e+02
2.518730688162839328e+02
2.555357279898206286e+02
2.479223911757619305e+02
2.478932341850038767e+02
2.516824410942051884e+02
2.473712725950523463e+02
2.510737674770542753e+02
2.503570068692881989e+02
2.493195818967828075e+02
2.502289641537565785e+02
2.441494792914913319e+02
2.533744064594111762e+02
2.467642165203077980e+02
2.490574883689958483e+02
2.493394733568868276e+02
2.469955554217453653e+02
2.497353627450597742e+02
2.483591078351240071e+02
2.484856327044538773e+02
2.489751931159416358e+02
2.468484863362655517e+02
2.520407164267897144e+02
2.438427933643613699e+02
2.508237728194277452e+02
2.519087489999618015e+02
2.521468131589049051e+02
2.472522435647216241e+02
2.491654720676972090e+02
2.450959535328200900e+02
2.526348395361268615e+02
2.466929107652966593e+02
2.485459286110874757e+02
2.465135662147525863e+02
2.481876133277472150e+02
2.535994213277220126e+02
2.467702926040660998e+02
2.489533648186461505e+02
2.529714699521880164e+02
2.507818646910859570e+02
2.489308256653444289e+02
2.483487628431253995e+02
2.478341004344937915e+02
2.491309886398964863e+02
2.434635796408136628e+02
2.456837570443494769e+02
2.541275248806607863e+02
2.488401305220989457e+02
2.512481135549781470e+02
2.478471874660534979e+02
2.476404025684171302e+02
2.515159217016071125e+02
2.475837152856463490e+02
2.488320605978098001e+02
2.528439313098339483e+02
2.476740936623137657e+02
2.485086334737883931e+02
2.499966490133578532e+02
2.514055681915111791e+02
2.489658167481893827e+02
2.467107553434225622e+02
2.488715177354895047e+02
2.467957699432351149e+02
2.496036875756776681e+02
2.471405567367016829e+02
2.503049018855477641e+02
2.542546719721694899e+02
2.493848092639913148e+02
2.501427335605119140e+02
2.521533868124594449e+02
2.460747442148779953e+02
2.516271291833108137e+02
2.486162640949839329e+02
2.526376112998155463e+02
2.481969481669090669e+02
2.496281301003658655e+02
2.519585144222832014e+02
2.465266798599184028e+02
2.473517021485305634e+02
2.503829639737639070e+02
2.508317956616741355e+02
2.488799203896401764e+02
2.502957651676304067e+02
2.533697462845995005e+02
2.505887403073079724e+02
2.488189279684422104e+02
2.485047528392313438e+02
2.519286089157750439e+02
2.484795183868142203e+02
2.528652305728039948e+02
2.470683848725572034e+02
2.498213592531675147e+02
2.488229844304661071e+02
2.506726767058820826e+02
2.498189913737747929e+02
2.500182398853853840e+02
2.463055182552475912e+02
2.492960353019995239e+02
2.496161062839042586e+02
2.446923946587550631e+02
2.486661735646017632e+02
2.512306847013239235e+02
2.502677809093167696e+02
2.439233482366086037e+02
2.511537615677136728e+02
2.559327116323186715e+02
2.482596741610034314e+02
2.487276548299351759e+02
2.493037530257273886e+02
2.502343344591624543e+02
2.477246366911702182e+02
2.501535888373504690e+02
2.493075879986392351e+02
2.500892501288385290e+02
2.497435334183173836e+02
2.467871681988930277e+02
2.435308643961502071e+02
2.496618207104256157e+02
2.519553259594270855e+02
2.477972096151774792e+02
2.508540693645045678e+02
2.500690185083017525e+02
2.503154792762143472e+02
2.492434213747755791e+02
2.439921582622799576e+02
2.482231968111605340e+02
2.475595826990225703e+02
2.470023046922020455e+02
2.483989185525116739e+02
2.468641366324082469e+02
2.523816443060916015e+02
2.531519424404737890e+02
2.488206305218676277e+02
2.470179147961703450e+02
2.449882369515253515e+02
2.495178933244800135e+02
2.504357205798533812e+02
2.460379902516346249e+02
2.477621516217667477e+02
2.521243629659122689e+02
2.503827303749378359e+02
2.488415594129035924e+02
2.470968203213075469e+02
2.494043579214346096e+02
2.505058898010106248e+02
2.480893070861777119e+02
2.539767042025151795e+02
2.493088902474357269e+02
2.504368066237278185e+02
2.507564111049047426e+02
2.495507189411742388e+02
2.488234163791292985e+02
2.496141958014586635e+02
2.503414310471364672e+02
2.569444925551597976e+02
2.525110401962898550e+02
2.509241864964828892e+02
2.535629668769003899e+02
2.512355123129732704e+02
2.481412812053221444e+02
2.464905947752713473e+02
2.472158885016732484e+02
2.516414396499215798e+02
2.518697194442515013e+02
2.460595809463422086e+02
2.487855584314368400e+02
2.474493950539172147e+02
2.528181626258841561e+02
2.544562596282357845e+02
2.502307552963533794e+02
2.531795894685567703e+02
2.479321363646074303e+02
2.517670119401421687e+02
2.481065353277281247e+02
2.469867786212324745e+02
2.481129589172305714e+02
2.530285158482604686e+02
2.460296025650300180e+02
2.474406184720269550e+02
2.430200457267186493e+02
2.488338708326520532e+02
2.483730072253308379e+02
2.488754844952691201e+02
2.476477223787062485e+02
2.479799269916865967e+02
2.535081228327071301e+02
2.447581233775516978e+02
2.507731030498849520e+02
2.483316180610279389e+02
2.511488808716037795e+02
2.523523415188572585e+02
2.497105935441218776e+02
2.511291474526812806e+02
2.523476331368437400e+02
2.543648305198715889e+02
2.525519709123229575e+02
2.503096122705115079e+02
2.504474027207645292e+02
2.533732601016534431e+02
2.489641493971505213e+02
2.495473152890558026e+02
2.501334395159915118e+02
2.478024608021381141e+02
2.451760736639428160e+02
2.541009554000902710e+02
2.451181936163066553e+02
2.489330899465951177e+02
2.496027647421784934e+02
2.483236787461521260e+02
2.489450656631660763e+02
2.511331814157433655e+02
2.470260350986699507e+02
2.499380173417519586e+02
2.482070895418364103e+02
2.475460608751541827e+02
2.524461749220111244e+02
2.531647815073576737e+02
2.465823165570913602e+02
2.489993190497651199e+02
2.526298099103640027e+02
2.509972229395127101e+02
2.496110706505950532e+02
2.462343339903667356e+02
2.522988430976249674e+02
2.477714022899287443e+02
2.513741846902654231e+02
2.497005432881464628e+02
2.493086287765843849e+02
2.504356615552727305e+02
2.516089491397401900e+02
2.498654346849178012e+02
2.497006729801470613e+02
2.521111612222283895e+02
2.484379275863696250e+02
2.474768778900078132e+02
2.479506374436239753e+02
2.490581871244184526e+02
2.477403111820977699e+02
2.536345256086618463e+02
2.506332779002778182e+02
2.497013318490600966e+02
2.479635429747906699e+02
2.505394992457357262e+02
2.483308498251837477e+02
2.487286329234918583e+02
2.488421235049665086e+02
2.505948444011564220e+02
2.498062437447136972e+02
2.463121687765744241e+02
2.449118280404956352e+02
2.513040936838396533e+02
2.457304608035586568e+02
2.483087236257495931e+02
2.517244781080437406e+02
2.456024666256116404e+02
2.469313302846441047e+02
2.534493938056248226e+02
2.441632122605770974e+02
2.468829577500700054e+02
2.506597147593083719e+02
2.507783056013813621e+02
2.470670797235419798e+02
2.493811892130916874e+02
2.519518965631710614e+02
2.500631080604153738e+02
2.526445344890472313e+02
2.518307831793661649e+02
2.490190532281375511e+02
2.482132900650732950e+02
2.496143130225877940e+02
2.552247969248866184e+02
2.504374073076428147e+02
2.489631033607763868e+02
2.508673274256607897e+02
2.508132684818757241e+02
2.490786601769371487e+02
2.458406020314809268e+02
2.522423760213320634e+02
2.454292830527540161e+02
2.522719265170358369e+02
2.507300444912735031e+02
2.462431684647234249e+02
2.497598990133894290e+02
2.533260270175981645e+02
2.509193840418093941e+02
2.483291962049992208e+02
2.529077055832497365e+02
2.490483579979550370e+02
2.500566502749201447e+02
2.502348707466979363e+02
2.527512354486116806e+02
2.485703204630088123e+02
2.466372244836460652e+02
2.506557902931161834e+02
2.516829860764059674e+02
2.463564393521505167e+02
2.476716269573174429e+02
2.498495788396875810e+02
2.449549684642108787e+02
2.487281457181903761e+02
2.491756588106296704e+02
2.491064556109928674e+02
2.517899065193978174e+02
2.495872754326670133e+02
2.455978627346349299e+02
2.520411603925859936e+02
2.464413185995242372e+02
2.565733679941702121e+02
2.500219313981624225e+02
2.468163333774960790e+02
2.485492335670936654e+02
2.513790845845769582e+02
2.448939675694515188e+02
2.451043362937709844e+02
2.531996940510030356e+02
2.532409553451062436e+02
2.496176841750937001e+02
2.412225549688868966e+02
2.486751630487551665e+02
2.488485494750735825e+02
2.492462710479382793e+02
2.525725519237011838e+02
2.462462754187584721e+02
2.488569748370743469e+02
2.524917599000447410e+02
2.518880265291336684e+02
2.528445284062394762e+02
2.503893964790282780e+02
2.433072429522333096e+02
2.474176791301137257e+02
2.518073771464292463e+02
2.467069822468418181e+02
2.490520461330138460e+02
2.479415893422240913e+02
2.489660327598009530e+02
2.495037001157779457e+02
