2.175638294008575144e+02
2.133631816590621781e+02
2.215336740770889037e+02
2.145379435757093063e+02
2.093263057658137996e+02
2.187607710399700807e+02
2.131530337746292503e+02
2.152613995808527534e+02
2.125013436192606662e+02
2.114968434209682187e+02
2.163571847026165642e+02
2.174201228127278682e+02
2.182467758650032579e+02
2.185213308439844297e+02
2.117549935492638440e+02
2.068471404311485742e+02
2.128946552148449882e+02
2.139640634663362562e+02
2.149664236520643499e+02
2.193959559283048009e+02
2.147880591469677256e+02
2.122738787042604827e+02
2.178955252308147976e+02
2.183528715446043691e+02
2.119844823539859817e+02
2.187873094121248698e+02
2.110563938730762175e+02
2.208086585684018814e+02
2.131069492216407752e+02
2.173406897833459368e+02
2.128686819666101542e+02
2.140442986047102067e+02
2.162582106006660752e+02
2.153020877100369432e+02
2.123632056324106827e+02
2.227173095451522613e+02
2.155999008174516689e+02
2.122747421597310620e+02
2.135132524568651036e+02
2.152490354657709588e+02
2.179484508427117646e+02
2.175515706916227145e+02
2.175067022138094330e+02
2.067769637706479386e+02
2.199076387962433898e+02
2.184438782921574784e+02
2.177957408628981284e+02
2.098961186669571646e+02
2.180981316768534271e+02
2.164385101726982725e+02
2.152163423644513500e+02
2.156995831788883606e+02
2.161696669667243782e+02
2.131607904964205886e+02
2.157234182090525962e+02
2.197624286869308321e+02
2.096000876009915146e+02
2.156898688184147659e+02
2.103040685264474519e+02
2.136908734444061793e+02
2.090107357636019572e+02
2.177468027291395742e+02
2.151598103152717272e+02
2.190030979154379054e+02
2.129026283856591988e+02
2.105717677891424842e+02
2.148314018575234456e+02
2.186733311307831968e+02
2.195288917777483277e+02
2.149125259295592230e+02
2.146578505979643410e+02
2.175853654750621047e+02
2.124897820489994729e+02
2.103078496844056531e+02
2.106777237404307073e+02
2.185462460704108878e+02
2.093924645595173502e+02
2.169836637707009288e+02
2.168324503084300545e+02
2.103874487800514146e+02
2.154839489056753905e+02
2.145848092719027136e+02
2.189053802429112068e+02
2.211598825510257029e+02
2.065099883436234336e+02
2.129625252864158540e+02
2.176380109143992172e+02
2.193064886206875030e+02
2.168003578814243895e+02
2.139891281793493079e+02
2.155328026553542031e+02
2.137640526784269071e+02
2.092734870152163182e+02
2.233470253293973826e+02
2.128907177277105802e+02
2.142299117548139975e+02
2.103823562533879681e+02
2.071681356204542226e+02
2.134113070299349317e+02
2.120104921464294705e+02
2.198562137996584340e+02
2.234428788631294651e+02
2.080170939182415566e+02
2.171808201643202096e+02
2.125600681303157273e+02
2.175020661018452870e+02
2.145394498166810138e+02
2.153111218182403661e+02
2.217837445603740036e+02
2.209613747313353826e+02
2.148133644593341955e+02
2.185107815550405519e+02
2.133353792120709898e+02
2.203452761492640946e+02
2.157244099440788148e+02
2.199839545637964591e+02
2.133517880148471022e+02
2.174649644468902352e+02
2.182023317263084152e+02
2.155771625078243119e+02
2.115967695254984733e+02
2.206589238292331743e+02
2.134177387220318565e+02
2.152995349005035735e+02
2.144429500260494876e+02
2.164574418549451593e+02
2.102643731002550282e+02
2.179430008211722054e+02
2.270259966330676775e+02
2.140128430934269943e+02
2.165168651528451562e+02
2.132401778438936049e+02
2.135738494388089350e+02
2.150811703691489356e+02
2.182548480562215900e+02
2.144503051581837099e+02
2.181193655179983182e+02
2.173761532726068992e+02
2.064987374639002837e+02
2.123363210664409735e+02
2.134602071221662243e+02
2.165062767471468419e+02
2.197985296291375334e+02
2.202825099786154510e+02
2.130283260841388824e+02
2.115677453357689046e+02
2.160611603043548996e+02
2.152233741790467718e+02
2.159053156384623264e+02
2.145978779903723535e+02
2.184629403427973955e+02
2.133564658343884162e+02
2.188409937051298471e+02
2.216778805954014331e+02
2.178829150026296020e+02
2.222849282486730260e+02
2.138688307830957172e+02
2.173624941233801451e+02
2.167677080734833055e+02
2.218854065284494368e+02
2.149159361340119858e+02
2.167811332232774078e+02
2.187176651821284850e+02
2.169895862626210601e+02
2.205047471613998482e+02
2.187919304366055542e+02
2.197415530393454617e+02
2.181346244304696143e+02
2.089562280232527769e+02
2.187738062783155897e+02
2.225317423012317306e+02
2.104417721121701561e+02
2.197156174844812426e+02
2.179286181197951464e+02
2.180925520088957796e+02
2.144303807580117507e+02
2.148580712418845451e+02
2.219732026235156468e+02
2.140940935102151457e+02
2.159586249248769150e+02
2.169573469624897655e+02
2.161512867284814661e+02
2.163089784564287470e+02
2.161635217986950579e+02
2.189661545537954055e+02
2.195344730723880389e+02
2.120428302759740973e+02
2.232116707283464905e+02
2.189495981837435181e+02
2.175744827368659742e+02
2.144005140039841706e+02
2.173789737803223829e+02
2.154798240760603392e+02
2.161991596370351374e+02
2.208540493231464552e+02
2.130004307679416229e+02
2.106971738223890043e+02
2.180857388120049905e+02
2.170599403918305370e+02
2.191215188701209513e+02
2.145079142066717282e+02
2.142883014419626022e+02
2.139166171945146004e+02
2.145260789055481894e+02
2.099966917337642656e+02
2.148998177466773711e+02
2.185331766111893614e+02
2.227835727955330754e+02
2.152010642526887807e+02
2.117179482025318862e+02
2.137438118362838111e+02
2.127508073985565318e+02
2.226003842399680650e+02
2.112707429824922087e+02
2.134015355232699562e+02
2.187447103747322217e+02
2.190383041942187106e+02
2.120083522843706874e+02
2.194943780279452881e+02
2.146398408967962723e+02
2.143993423883233334e+02
2.136829914850567604e+02
2.164162791358945981e+02
2.131634661247812232e+02
2.153409468878605537e+02
2.181081052523086043e+02
2.160650589021469443e+02
2.218264913115816057e+02
2.219128558769219808e+02
2.104272010093067422e+02
2.162749207315598028e+02
2.124091394220632765e+02
2.187323823273932817e+02
2.186748886196381250e+02
2.153162567310609177e+02
2.174624396746964123e+02
2.114964371345100744e+02
2.167364786000997583e+02
2.104210755870472553e+02
2.185810069811005576e+02
2.173510174197820390e+02
2.096905321311078580e+02
2.228926727134798398e+02
2.199851706493162453e+02
2.070605855026987570e+02
2.167645398880318339e+02
2.178627619955267392e+02
2.078627664400315211e+02
2.152672284947984167e+02
2.152445462946013492e+02
2.173264103097852455e+02
2.113036421720324256e+02
2.215127362152236117e+02
2.209769075510861853e+02
2.146125005425902543e+02
2.145377619247300913e+02
2.174095134944720655e+02
2.189725183764575434e+02
2.178569230119609585e+02
2.087819189302974223e+02
2.211970233231185148e+02
2.171966236338309955e+02
2.194479390411522388e+02
2.121964013628957844e+02
2.119304562426784457e+02
2.148159383208708562e+02
2.148314973150058336e+02
2.138411294558572422e+02
2.129353290930912124e+02
2.185856065267366830e+02
2.193422053696337741e+02
2.158157255980434286e+02
2.192193982392558667e+02
2.223090052356847366e+02
2.163365896791748355e+02
2.220643702964363797e+02
2.150424806539761562e+02
2.201166588882297219e+02
2.225429421538628958e+02
2.210103770662404372e+02
2.196521635482665147e+02
2.147503247077085007e+02
2.174665060747851157e+02
2.119388096789099905e+02
2.184279212884282799e+02
2.168840781041764103e+02
2.090156319535661567e+02
2.161631808201706804e+02
2.166980269206108005e+02
2.075683607604311476e+02
2.173615250876593166e+02
2.195818863821384923e+02
2.153402681240651759e+02
2.170047596723733250e+02
2.193093952909678137e+02
2.154289421455631270e+02
2.157369046143295463e+02
2.126247007411809875e+02
2.092362282032639769e+02
2.145963452282752542e+02
2.173031138638001778e+02
2.127938831100623247e+02
2.202042967547841954e+02
2.207259681631017827e+02
2.070644405849846237e+02
2.154780275283042101e+02
2.166357859559856820e+02
2.161751808409297553e+02
2.219265189623775143e+02
2.154583694132572305e+02
2.100841036369834285e+02
2.249439005816322776e+02
2.148386603510283521e+02
2.165797465623666085e+02
2.169244691888449665e+02
2.204849656306264762e+02
2.125154674001440469e+02
2.091360908612674905e+02
2.099413437033677781e+02
2.152733934762200363e+02
2.160894332005206593e+02
2.095357238794236707e+02
2.119834742564090391e+02
2.193272033267035681e+02
2.142230141392006146e+02
2.130115512487668639e+02
2.054404787623942070e+02
2.078068537862991150e+02
2.169041399603651996e+02
2.129681724190424745e+02
2.238424007998432330e+02
2.208974650463661362e+02
2.199348577550365746e+02
2.110763294293370791e+02
2.175342323708284482e+02
2.099097675405721759e+02
2.136895693070910909e+02
2.149388108496748089e+02
2.092401881582942451e+02
2.116399420805533964e+02
2.174783223564220407e+02
2.130467685995565148e+02
2.156737284324478878e+02
2.202141319616764861e+02
2.209550073183192467e+02
2.166408369015016717e+02
2.177584221911416762e+02
2.204302777671368005e+02
2.139630134829074279e+02
2.164153603991098578e+02
2.159551469606262515e+02
2.085419934736881942e+02
2.116236489229012250e+02
2.156066657926437244e+02
2.152302846242596388e+02
2.116482732278652179e+02
2.140890038695729061e+02
2.160107540224909997e+02
2.163131860726619777e+02
2.207839721469643450e+02
2.153781354255501128e+02
2.141113524573580094e+02
2.134570165061886655e+02
2.153471526360419261e+02
2.104460404697338163e+02
2.130630839250573558e+02
2.212781310732293321e+02
2.162553488463301505e+02
2.200131643303613203e+02
2.143931939543006138e+02
2.162476509726216705e+02
2.117032176359430196e+02
2.151233851960391803e+02
2.166462358734247005e+02
2.164828380384293212e+02
2.183457139856132301e+02
2.135219849430543775e+02
2.151511306184819148e+02
2.140885132669256450e+02
2.110154492492905263e+02
2.187137680248651463e+02
2.189631425514315026e+02
2.212319118076034670e+02
2.163741257293811202e+02
2.174790905148700233e+02
2.104018024075294022e+02
2.153829149527887807e+02
2.159240945080814242e+02
2.202932718283393569e+02
2.116164460114557073e+02
2.157617592018628159e+02
2.124113156432705694e+02
2.137556600989501021e+02
2.134311837511452552e+02
2.156108612289396262e+02
2.153954426487237868e+02
2.172430961364298696e+02
2.178283573697000861e+02
2.198083963503382279e+02
2.161487246479561577e+02
2.171668733913988376e+02
2.145810309667764386e+02
2.216538317002841438e+02
2.181815726894843976e+02
2.171277725222923323e+02
2.156149163012612462e+02
2.107719020095991027e+02
2.134795635102163658e+02
2.154833415558866534e+02
2.152783488028916565e+02
2.131401494451550604e+02
2.164228168085400341e+02
2.197628180069000052e+02
2.210690695071317009e+02
2.180698753439302777e+02
2.177049655568267781e+02
2.148969685591848418e+02
2.137880028090825704e+02
2.148438179405061419e+02
2.126135980642280856e+02
2.147137417630929406e+02
2.157078505547588918e+02
2.185806308452864073e+02
2.186295873509592980e+02
2.126578926775876539e+02
2.180243607234566241e+02
2.149958364375521853e+02
2.215094321761854133e+02
2.196083258984508291e+02
2.183481224184458540e+02
2.196549152172523804e+02
2.118240568719408543e+02
2.162011374414860825e+02
2.082511961880290983e+02
2.204231000604353312e+02
2.112108115017468037e+02
2.245358055298205784e+02
2.170842985218748424e+02
2.114687020257609049e+02
2.162846917112323695e+02
2.127467212657896596e+02
2.165131148319482577e+02
2.203546400720866529e+02
2.144207989057301518e+02
2.186719931123549543e+02
2.169703376234525081e+02
2.185297133857883409e+02
2.202940370670271761e+02
2.209668087054911325e+02
2.142406492370405999e+02
2.124334618010930456e+02
2.180019834548911319e+02
2.137389492025293691e+02
2.164546872317640975e+02
2.160500761939728136e+02
2.191515283800528664e+02
2.226608980108668447e+02
2.169950531417458990e+02
2.210087462373007270e+02
2.152490021237021551e+02
2.088069232962315027e+02
2.228656908449637797e+02
2.095252088859478476e+02
2.126734832539622175e+02
2.216621712386786669e+02
2.141919513539555737e+02
2.114075531754720316e+02
2.151724381165203397e+02
2.130675117423576808e+02
2.175316430442393028e+02
2.186487525673427967e+02
2.139568925248437381e+02
2.143378309773554804e+02
2.127167452438276882e+02
2.079097898685611767e+02
2.109683410600728450e+02
2.134286872306921339e+02
2.190874700629522636e+02
2.168750701219169628e+02
2.119065991817539043e+02
2.206584940340787568e+02
2.217715976266414657e+02
2.165502105780448687e+02
2.136769999965482327e+02
2.194209753683534530e+02
2.137724218140858738e+02
2.177524089322659222e+02
2.149473616855052853e+02
2.165192892452663500e+02
2.154777238548004732e+02
2.140777192263214488e+02
2.131447708136356596e+02
2.186778585645590169e+02
2.150820616568387038e+02
2.098507760101722397e+02
2.249039473842191228e+02
2.195767915825631462e+02
2.190524737522702310e+02
2.182260036718382139e+02
2.138565588728672537e+02
2.134435263742470283e+02
2.132136915906223464e+02
2.153557056369646148e+02
2.078758860490561062e+02
2.162596924020147640e+02
2.126511693324582097e+02
2.149116020086476624e+02
2.147816625228721819e+02
2.169374640736893980e+02
2.153190540084127065e+02
2.129930977711250648e+02
2.123689527861755835e+02
2.152497449185615892e+02
2.094090404325631880e+02
2.161972591722377786e+02
2.216493576974939401e+02
2.134466510284697733e+02
2.122594732811076597e+02
2.102617021442156613e+02
2.183669573816313232e+02
2.191990196108177429e+02
2.108968912043475541e+02
2.257040434552783950e+02
2.202171105349924005e+02
2.164616994799058318e+02
2.123335396795034171e+02
2.184286614362777641e+02
2.240308895478230227e+02
2.107242727078757412e+02
2.198498049057494086e+02
2.158053596885610830e+02
2.181759767846404827e+02
2.121539656293726068e+02
2.137890475390668144e+02
2.134559001931156672e+02
2.158044444770762595e+02
2.133520945306840133e+02
2.103951173516750544e+02
2.126870554834697771e+02
2.213365635154430322e+02
2.175231275251868226e+02
2.138260412728737379e+02
2.190137612244239165e+02
2.112971413446331894e+02
2.121424682574379972e+02
2.140680306423836328e+02
2.171924731994139108e+02
2.174951467218858738e+02
2.202933202828942001e+02
2.168540047961605524e+02
2.134236450000057346e+02
2.178383043634673015e+02
2.142618673747922173e+02
2.113248279839678503e+02
2.263413516916020001e+02
2.188666266265318257e+02
2.250334180710063947e+02
2.153607512512972733e+02
2.131524138950972258e+02
2.176466907797976944e+02
2.075791052476485277e+02
2.114078141141857259e+02
2.156401634046388551e+02
2.139876619949823748e+02
2.191816933637242926e+02
2.139267645599146022e+02
2.162530436070988173e+02
2.155126551715976007e+02
2.119777862654936769e+02
2.114194336640150027e+02
2.157639930167841555e+02
2.171251966741950525e+02
2.170624938532820636e+02
2.116974023336503592e+02
2.166677880570458683e+02
2.125396037775054765e+02
2.084284340330030432e+02
2.182675458630757248e+02
2.126568905451403850e+02
2.153327355480245444e+02
2.166511917694204215e+02
2.199395651355878272e+02
2.154938506031072052e+02
2.122140603033968205e+02
2.161067920136889313e+02
2.150240290043281846e+02
2.149694544219325394e+02
2.112436759840368268e+02
2.167030434528028309e+02
2.162274412140173467e+02
2.127280325796154443e+02
2.179408404444380949e+02
2.200704831449264702e+02
2.158997567416844277e+02
2.202914374907642241e+02
2.161767898406422717e+02
2.159415208447661314e+02
2.131205747486711743e+02
2.245865326290395672e+02
2.133770887732746075e+02
2.122170936346936969e+02
2.170119105558357546e+02
2.207141104463812553e+02
2.122462696967331510e+02
2.166058709407761285e+02
2.169925307219722583e+02
2.112413104549027878e+02
2.159182040164308205e+02
2.108649730424548352e+02
2.129650770345026842e+02
2.187722370555513862e+02
2.152570454729526830e+02
2.150661409077465294e+02
2.133871967349394936e+02
2.152148740077883247e+02
2.127820662065455224e+02
2.159080177307586723e+02
2.179074365221012499e+02
2.172071013013849097e+02
2.167510236472618033e+02
2.164868486255916196e+02
2.077591929487305720e+02
2.150243952446037383e+02
2.118100055371575934e+02
2.176457702662060001e+02
2.200778484158332731e+02
2.136096181997454551e+02
2.121926399317808887e+02
2.145702694493149352e+02
2.199114822118052643e+02
2.151479015993543840e+02
2.110955626152480988e+02
2.169769726096097600e+02
2.132886380159537794e+02
2.230560715160249003e+02
2.198822058134624911e+02
2.160672261126325964e+02
2.136509511864330477e+02
2.172151400213684269e+02
2.164126201031597816e+02
2.165752952082430056e+02
2.120496704954925065e+02
2.190443290136281291e+02
2.196597333579599365e+02
2.185661452107119658e+02
2.161833195859308887e+02
2.151642512338759161e+02
2.220118484136838788e+02
2.122309527494934684e+02
2.190288425019383283e+02
2.140182709658392923e+02
2.215058629019297030e+02
2.174855093429094097e+02
2.087467832195287940e+02
2.155183459679754492e+02
2.200636907635397677e+02
2.194708433954790223e+02
2.134179687609492362e+02
2.233290839933628149e+02
2.177148515607399872e+02
2.136359169352688241e+02
2.164427396625119968e+02
2.114905833308200442e+02
2.152846520327218798e+02
2.121624938765130537e+02
2.150838435163704219e+02
2.142257628447703439e+02
2.161312382898142346e+02
2.211712708628346888e+02
2.112368189418602640e+02
2.212182642311242375e+02
2.099545167413174056e+02
2.169450442886297878e+02
2.132821270046990492e+02
2.141648583178007073e+02
2.161556897121934924e+02
2.155924795462034069e+02
2.219603354195326403e+02
2.183436565998328263e+02
2.119845020559829436e+02
2.131795935247018861e+02
2.177883803673477985e+02
2.174598956057020587e+02
2.156934535055738991e+02
2.145348297142117531e+02
2.138999917863346809e+02
2.179157929526205066e+02
2.186048334550611116e+02
2.159560112484757326e+02
2.174625306735776746e+02
2.153446311704043410e+02
2.106077735028820825e+02
2.154415568237274101e+02
2.097565345057892330e+02
2.226258536313686420e+02
2.134496406713651027e+02
2.227186800236524107e+02
2.150435960831153182e+02
2.142768996266244699e+02
2.116038708177101455e+02
2.156306637339551457e+02
2.180006645870389832e+02
2.223606345662841193e+02
2.182469507673032751e+02
2.203491959289759166e+02
2.153493176812259833e+02
2.170761086302558454e+02
2.233215096652898808e+02
2.126422041726533507e+02
2.155473050499990393e+02
2.179478844896537737e+02
2.163743066022490495e+02
2.152276749807542160e+02
2.199747728678554211e+02
2.144780654101456321e+02
2.176397303864632136e+02
2.126797314116537052e+02
2.155794016924497782e+02
2.099825647222907321e+02
2.163733235270493651e+02
2.127428120879568212e+02
2.168403597922405766e+02
2.123424581136140148e+02
2.142854709213483488e+02
2.165545103036334069e+02
2.144877769456726639e+02
2.122151317663433758e+02
2.203489586621244882e+02
2.155504152593341587e+02
2.203472300672328004e+02
2.220107953921458659e+02
2.179465814431825095e+02
2.073107727104267894e+02
2.151090942439048774e+02
2.122317994168830353e+02
2.175360118955467783e+02
2.139135751919318977e+02
2.181845429421256597e+02
2.130079379170389586e+02
2.189491915471344328e+02
2.136851144754292307e+02
2.182027403960792071e+02
2.219593141332019002e+02
2.135343145942732406e+02
2.132917396480636683e+02
2.147194076458818870e+02
2.150006297442745336e+02
2.103140122553149354e+02
2.061171572110876014e+02
2.179582386661105318e+02
2.152184684159041126e+02
2.161197234482246756e+02
2.141655585232776673e+02
2.097687526447018058e+02
2.174431532932943014e+02
2.124686506524839444e+02
2.174815731130243819e+02
2.184429544367950768e+02
2.169079754919601157e+02
2.179734864296077888e+02
2.147023145468690757e+02
2.151622120009398316e+02
2.152543763959629928e+02
2.171817264553794757e+02
2.166212840827025730e+02
2.144423069857853932e+02
2.131213527443882185e+02
2.135721237433461397e+02
2.159338485319817096e+02
2.119781143458689598e+02
2.149827746135706832e+02
2.213870325724197130e+02
2.161354205536084123e+02
2.159124802298322265e+02
2.077507355982940851e+02
2.211355161297427969e+02
2.109554765089722537e+02
2.187754924215568337e+02
2.194585182494786295e+02
2.215239860847632087e+02
2.157522738987735522e+02
2.109209115630433757e+02
2.107727884057957795e+02
2.169960965861794193e+02
2.182291188502655643e+02
2.134885600639358074e+02
2.186268474968908038e+02
2.242666867142081344e+02
2.098709285822901904e+02
2.193899238258573519e+02
2.132916520211820171e+02
2.230633774592901943e+02
2.098853409431661134e+02
2.164123980588281313e+02
2.207515635672275209e+02
2.194013008075641551e+02
2.080870155813053941e+02
2.149047602493625106e+02
2.151832422587209521e+02
2.141116118297751427e+02
2.162932241068615724e+02
2.127463724648421248e+02
2.128505259092465280e+02
2.175635601185245207e+02
2.143346492410458382e+02
2.170694803546399498e+02
2.114201005041075803e+02
2.091715357402049165e+02
2.182853967840344183e+02
2.120482516789797103e+02
2.167873574072155520e+02
2.158125230753634582e+02
2.126499962976718905e+02
2.209985519987955911e+02
2.140436405879457027e+02
2.160540574826404452e+02
2.091194419369486752e+02
2.191906994674557723e+02
2.095438243315796285e+02
2.143049518502168667e+02
2.183266289110963783e+02
2.149330745843429042e+02
2.118428628543977652e+02
2.139800244175094122e+02
2.145873983263379330e+02
2.128152844236764452e+02
2.171238399238926888e+02
2.226512193519288303e+02
2.116905762075575410e+02
2.142842254464785299e+02
2.152918583421771928e+02
2.180790417215461332e+02
2.180171322072206124e+02
2.149317073968517491e+02
2.168562073283010250e+02
2.188119150674879165e+02
2.140006309313723705e+02
2.167216325560821417e+02
2.166750757117368948e+02
2.118042923742401626e+02
2.119142107748828607e+02
2.193791602710334132e+02
2.148584200919625005e+02
2.193986457866269006e+02
2.160926491776471607e+02
2.130462082049742492e+02
2.087571960873346200e+02
2.221033701157061557e+02
2.187676082086099427e+02
2.178263179503217088e+02
2.191819759506465459e+02
2.200724567129400953e+02
2.127831656024599738e+02
2.184328132492754264e+02
2.133256884351795009e+02
2.158496329621865186e+02
2.216866810487948101e+02
2.129373330841938809e+02
2.150797374723156281e+02
2.105056477276080784e+02
2.235251297780320954e+02
2.181881412432908007e+02
2.156687715227260469e+02
2.149800924319916646e+02
2.095637217093019444e+02
2.157936513574278479e+02
2.170848693913074214e+02
2.184791447660794859e+02
2.107408606163880904e+02
2.157292767773637649e+02
2.126608304098746487e+02
2.183182298553556393e+02
2.187516294023748742e+02
2.200801120844874674e+02
2.123553168182415902e+02
2.153759850721797875e+02
2.192839993765128384e+02
2.195198990112816944e+02
2.191105513360613486e+02
2.156863480475531674e+02
2.100492838312807464e+02
2.135781334191134704e+02
2.099254580891558533e+02
2.116697009656348598e+02
2.177262550214443024e+02
2.123232318727469305e+02
2.092322914263877180e+02
2.113077766081673303e+02
2.147091589517806085e+02
2.177253743333741625e+02
2.121980728539248275e+02
2.197213693471411489e+02
2.148758663024499356e+02
2.206671623760733780e+02
2.162924901311239410e+02
2.124259566040959157e+02
2.175578837808595836e+02
2.179660501045588319e+02
2.142456062164699233e+02
2.163167512475175442e+02
2.194773514700578687e+02
2.176532881758781741e+02
2.174680587592928873e+02
2.163587090978889478e+02
2.150055818157168517e+02
2.137260805446277345e+02
2.095488883432299758e+02
2.105044444877516128e+02
2.122863505857145583e+02
2.192208292889473000e+02
2.070725762765965214e+02
2.155375631308849620e+02
2.168895083768341863e+02
2.164620205734979663e+02
2.106705962361448314e+02
2.142096996956372834e+02
2.136246357249702044e+02
2.088871483354743077e+02
2.181549997864999284e+02
2.178949394761024507e+02
2.175849526099079299e+02
2.174990468170725819e+02
2.184916201077954554e+02
2.210832781335239758e+02
2.139435814538990712e+02
2.149978958762895900e+02
2.216628713534352926e+02
2.098904374953318950e+02
2.179491066719214984e+02
2.107103030425671193e+02
2.212843844391180141e+02
2.174333977382455316e+02
2.095602219281344958e+02
2.153262408591707811e+02
2.138877779926981191e+02
2.153872786420207319e+02
2.171808219239290167e+02
2.218244956319069274e+02
2.186929854444843500e+02
2.173685424359140939e+02
2.215187742076635971e+02
2.223115414338613789e+02
2.164880842946612631e+02
2.191999629240599745e+02
2.189398070948205088e+02
2.136860758484295957e+02
2.208179827418702246e+02
2.098825395435474377e+02
2.140723195807376840e+02
2.131694016619207446e+02
2.189881936702994949e+02
2.167858736244147337e+02
2.194163872214353717e+02
2.158646497763907632e+02
2.127299689938652421e+02
2.173558120405575949e+02
2.155039994733673723e+02
2.162090529189289327e+02
2.128674300819010909e+02
2.164260366501900137e+02
2.141433503370844846e+02
2.140650515024979370e+02
2.157395599798700232e+02
2.157397998999123843e+02
2.111185539564273768e+02
2.174892461570348701e+02
2.164731473012580523e+02
2.087025025771485502e+02
2.166650379659247392e+02
2.210012272107108231e+02
2.198735733224549733e+02
2.120472852767847485e+02
2.191437004658062051e+02
2.134599085078930898e+02
2.112033409639235799e+02
2.133791672220745568e+02
2.189028706568437599e+02
2.146368534442897840e+02
2.152878103209168046e+02
2.141235975312257267e+02
2.164489027232215506e+02
2.155319554834034932e+02
2.213457177317660296e+02
2.160421972593739213e+02
2.161696216282667820e+02
2.155294500022742170e+02
2.157727349737728844e+02
2.126985843546657691e+02
2.179241485034666255e+02
2.186589126197678183e+02
2.176532464061080248e+02
2.193165051406951136e+02
2.162261271307003199e+02
2.184698557494011197e+02
2.134804484898437806e+02
2.138300935983593263e+02
2.104223708731704221e+02
2.190884094250453984e+02
2.151646473758558784e+02
2.208645312244362060e+02
