9.112447444681698983e+01
9.144798926157636743e+01
9.164789447352647755e+01
9.111324473895436427e+01
9.198715185900134372e+01
9.284892836960648310e+01
9.185509776770459212e+01
9.023118690743559966e+01
9.109671067616524454e+01
9.168465658996076684e+01
9.152131893954252462e+01
9.163890199346360532e+01
9.155356323971507493e+01
9.281950484827132186e+01
9.168211353567883748e+01
9.216688580233504524e+01
9.121698263743195412e+01
9.286320063596363639e+01
9.139399268886857897e+01
9.198661915357311614e+01
9.246483819456497599e+01
9.178185045981483370e+01
9.171623614096112931e+01
9.010323561441218487e+01
9.199452101116061442e+01
9.220045821928975727e+01
9.191502324996294249e+01
9.357786794082892357e+01
9.241544676540078740e+01
9.193831184387448729e+01
9.081167592974497893e+01
9.125502386903879426e+01
9.038603433288578515e+01
9.104860752838645510e+01
9.302993277272764772e+01
9.018454747226219581e+01
9.191328447315942185e+01
9.195308422218653277e+01
9.126156967140191512e+01
9.194035492408809773e+01
9.105407958931986911e+01
9.200056388280293618e+01
9.164765595264272235e+01
9.166521614079411506e+01
9.367359264563351928e+01
9.117260761160675031e+01
9.057171883878908147e+01
9.114165094821701985e+01
9.190097184787153139e+01
9.175431070095962127e+01
9.006991315639018580e+01
9.225027803930983339e+01
9.112652804652816485e+01
9.116066489083556235e+01
9.328523639409424106e+01
9.201589106946261154e+01
9.103190823126904263e+01
9.130817264557101964e+01
9.233021623845340287e+01
9.195080434233712197e+01
9.005724445778169240e+01
9.098740973396328968e+01
9.302203385584486739e+01
9.169500596480280308e+01
9.184881330476684980e+01
9.219316077786301378e+01
9.205383360758470701e+01
9.305811052888316226e+01
9.054056187782714460e+01
9.143123198937600193e+01
9.081229118209823525e+01
9.264334787768568447e+01
9.127588237380059866e+01
9.021877217893239731e+01
9.209469687490670253e+01
9.090141353611940644e+01
9.150598998253023808e+01
9.138132868503521422e+01
9.176736764957750836e+01
9.118537261131486105e+01
9.210494170656549784e+01
9.214097121007439739e+01
9.149811615325408809e+01
9.228036089713442891e+01
9.184275384798577591e+01
9.183585271279018514e+01
9.134365780342147900e+01
9.195231311916795391e+01
9.142146568542905527e+01
9.101418685947741949e+01
9.252151107761467586e+01
9.191966405112479777e+01
9.217231057622478829e+01
9.156809164065077766e+01
9.107589307413853419e+01
9.232224157065397208e+01
9.172019982364359691e+01
9.148255109654185446e+01
9.190794442670070907e+01
9.129113875971167147e+01
9.240321423217706354e+01
9.170883001644554611e+01
9.124653929812846798e+01
9.113023261180322265e+01
9.247437395648100278e+01
9.110995104308392456e+01
9.189980131657804918e+01
9.062574148502284288e+01
9.197081163726790010e+01
9.208027299852027170e+01
9.109516449627474799e+01
9.269565059962394571e+01
9.029723909853333907e+01
9.127614802809344496e+01
9.199133763780798745e+01
9.238976732719646634e+01
9.225996278148276986e+01
9.045512133750317219e+01
9.088001103986420048e+01
9.076047523023082420e+01
9.164249624448945042e+01
9.121926300351213968e+01
9.168846725399755826e+01
9.102870616821918759e+01
9.204717107248625041e+01
9.192298934801303290e+01
9.173408421121600043e+01
9.280747020739757147e+01
9.115572036358540231e+01
9.231190159730360278e+01
9.268542826899545162e+01
9.130621210964436330e+01
9.167305398748921164e+01
9.270089731370320862e+01
9.069079615585673082e+01
9.114806796383794563e+01
9.055760043126292658e+01
9.069401728723613587e+01
9.117928373819277965e+01
9.177274335649185844e+01
9.167339020164060059e+01
9.141309159621214064e+01
9.197776097563618691e+01
9.078296799146738749e+01
9.257865662566361209e+01
9.216152586881527498e+01
9.143038643493842699e+01
9.120627551994991222e+01
9.178455810269112192e+01
9.178005513350998967e+01
9.215864064830547875e+01
9.167026688648964239e+01
9.224840679650239395e+01
9.215115736518858114e+01
9.165895684875698635e+01
9.168066194697527749e+01
9.157959268013516407e+01
9.169203023300728717e+01
9.123927668914699041e+01
9.179005881733554872e+01
9.125100509088939305e+01
9.115527799821943233e+01
9.126082178728727001e+01
9.300891986504198883e+01
9.284931522990373765e+01
9.177350003394835198e+01
9.193263418823832467e+01
9.204615144781824654e+01
9.096310652808624297e+01
9.206244581152169815e+01
9.224987721473115698e+01
9.218744128484094347e+01
9.074250615132810083e+01
9.175408793896977500e+01
9.114583671363948270e+01
9.166571980249868545e+01
9.081891759160782840e+01
9.214637359068215972e+01
9.091151205833379834e+01
9.184054045883154060e+01
9.242440091233245880e+01
9.204412834880599803e+01
9.158464578768389686e+01
9.167464168156315907e+01
9.078542676589930238e+01
9.129397032667962719e+01
9.143049810394568055e+01
9.075210206488739573e+01
9.207280897143205323e+01
9.289655793327197841e+01
9.102798961964121816e+01
9.175915266481672461e+01
9.165218457114634987e+01
9.179582174629379665e+01
9.212672034599552262e+01
9.271242194728780817e+01
9.092366761828755273e+01
9.165615442484326536e+01
9.188030266419052339e+01
9.165443699712218972e+01
9.163670567935565714e+01
9.143959448574472049e+01
9.155290183768289580e+01
9.226249792346254708e+01
9.072486289055193254e+01
9.257823842241302259e+01
9.220965688937374694e+01
9.184416699034724729e+01
9.282762253704369471e+01
9.271817658077871727e+01
9.083303960750271244e+01
9.232534265320829547e+01
9.133517486527361484e+01
9.241589594832065302e+01
9.120402842900334406e+01
9.146281846711613639e+01
9.102041606450168842e+01
9.059956987203621281e+01
9.152005902629601053e+01
9.164172456144392243e+01
9.139468934695030100e+01
9.179303089042554120e+01
9.184075248551158666e+01
9.235354892794514114e+01
9.210688391971277156e+01
9.122409176751192206e+01
9.199968999488139332e+01
9.227236249830080794e+01
9.168468242105105048e+01
9.210752290483125648e+01
9.114027371493848761e+01
9.029315613494101456e+01
9.130830105396465513e+01
9.112958159981161543e+01
9.000314993974212996e+01
9.210892419033184808e+01
9.163238311352161247e+01
9.069127421359274877e+01
9.093305540626268169e+01
9.266046323798065032e+01
9.207656323734957482e+01
9.280770811573630397e+01
9.139571653956029706e+01
9.192126280062741728e+01
9.170248774912649026e+01
9.123616214164378846e+01
9.213594372798360155e+01
9.185059875227391046e+01
9.156863660188463427e+01
9.148926126555106464e+01
9.157580805143076930e+01
9.090534287652553758e+01
9.270967373501797226e+01
9.249889133694938437e+01
9.183473435922788042e+01
9.112776082576995407e+01
9.170973989639749391e+01
9.217246193541150490e+01
9.197930606807776144e+01
9.103591024268865795e+01
9.321066813233234427e+01
9.160519756931319080e+01
9.160119049420235626e+01
9.180058226681371991e+01
9.274002664234882332e+01
9.248621146560682860e+01
9.216557326057589705e+01
9.254526924233567797e+01
9.193577164494239184e+01
9.304897169120090439e+01
9.260124628039670824e+01
9.118210541339549025e+01
9.221654854725072425e+01
9.225166282193850975e+01
9.243861276090433421e+01
9.113333322027717998e+01
9.139300096200018686e+01
9.143788842685111717e+01
9.188324333644567332e+01
9.111938653927028042e+01
9.135868751506741603e+01
9.082789803818887719e+01
9.193288634830641115e+01
9.145751355511946201e+01
9.225521441106543818e+01
9.229370506688209730e+01
9.218174239899155964e+01
9.141957076828879281e+01
9.078305356484381150e+01
9.104696266850083930e+01
9.181509975845195015e+01
9.179686713363115302e+01
9.154965567660480019e+01
9.148333511367638948e+01
9.120709794412287863e+01
9.068819751225774439e+01
9.032695730481603391e+01
9.212399895373540915e+01
9.123947488332066769e+01
9.139269492645826176e+01
9.125235738724359180e+01
9.030809357171349916e+01
9.191866420688114658e+01
9.112030012389999456e+01
9.147984217373775095e+01
9.098466693816715178e+01
9.122279355865190098e+01
9.180105618402690482e+01
9.069718101246999709e+01
9.184990809917312049e+01
9.177043897529586047e+01
9.103808008460393353e+01
9.192386205268472565e+01
9.283471889665790400e+01
9.160755344792568167e+01
9.082971342053069463e+01
9.256593645767824796e+01
9.171792943977132495e+01
9.175533108022808904e+01
9.308244529629317299e+01
9.173701071440358135e+01
9.168499841230917013e+01
9.059455958906266915e+01
9.042824770402555146e+01
9.047056951054844376e+01
9.187859014407511893e+01
9.185746858201055431e+01
9.109678803855859996e+01
9.150936099336823304e+01
9.285661169264615467e+01
9.119560465954471340e+01
9.163830329576049394e+01
9.204319534410068115e+01
9.075988820767999243e+01
9.231721290140092151e+01
9.276441507054748570e+01
9.127877548100987326e+01
9.152154468185132430e+01
9.175124520351795354e+01
9.211564184296835833e+01
9.316202452768351350e+01
9.281652761005912566e+01
9.130412733912305612e+01
9.161238018709032360e+01
9.078216133334821336e+01
9.056518140798891636e+01
9.062394148566201579e+01
9.189277524778394479e+01
9.073923996881721621e+01
9.135404088012190016e+01
9.079224426192217834e+01
9.123329061490368019e+01
9.081097648643317655e+01
9.175523610634135707e+01
9.091325678564230373e+01
9.163428367652140594e+01
9.163194910395012016e+01
9.096284095799251190e+01
9.309697582552861661e+01
9.138894478741914895e+01
9.026356786639112784e+01
9.195841554386039718e+01
9.196556640588934783e+01
9.258593153136445153e+01
9.112736866166744676e+01
9.224597127668609176e+01
9.225881464774474239e+01
9.117921517928279229e+01
9.224520609121361758e+01
9.100010059576392507e+01
9.143802521315356557e+01
9.145063068011498331e+01
9.118320168344698118e+01
9.116023258774480098e+01
9.076593477232329121e+01
9.073211451458605836e+01
9.309191755330590468e+01
9.125614367292553197e+01
9.176114656803805758e+01
9.147637685525451445e+01
9.102257358287046429e+01
9.246603193103005935e+01
9.082145861256115893e+01
9.092863859150807571e+01
9.248289372029969968e+01
9.193378833467282618e+01
9.082371670018572729e+01
9.069741003890982256e+01
9.165458712858153945e+01
9.085480596491744620e+01
9.213250052310237947e+01
9.126112806502302988e+01
9.189400502663045245e+01
9.173310580768092848e+01
9.140141033209147281e+01
9.195087078575097905e+01
9.088520498841246820e+01
9.175079348545592950e+01
9.090525830483989012e+01
9.143157554322904446e+01
9.220394401478280599e+01
9.080822801802287358e+01
9.108582273447839839e+01
9.299405888487150662e+01
9.226985630362295865e+01
9.096306504932383064e+01
9.058086974225285815e+01
9.174115893883016781e+01
9.135390667689318889e+01
9.160584264170735480e+01
9.187838547971922765e+01
9.195727775555758399e+01
8.995251755411493377e+01
9.153226904852185442e+01
9.102635488858400947e+01
9.264237784834267586e+01
9.231068131940618571e+01
9.122916691854581472e+01
9.181868658859612253e+01
9.137083926652027799e+01
9.182429340102228821e+01
9.147133744685079648e+01
9.025278183782872077e+01
9.238183654901153830e+01
9.074476629186305843e+01
9.092257149738244948e+01
9.163192662444859593e+01
9.131539677900136098e+01
9.176471881629166205e+01
9.139310235071069144e+01
9.225272407315253531e+01
9.236387504581233543e+01
9.228576045892120305e+01
9.150845957315405599e+01
9.116072518089276855e+01
9.102529052563585310e+01
9.086233936702252834e+01
9.122255866210592501e+01
9.120382283299160520e+01
9.133180652664479737e+01
9.153319766265360613e+01
9.173193942280059332e+01
9.171428888231466203e+01
9.283706369745942766e+01
9.099861667736517745e+01
9.268915994982339157e+01
9.269764328192955816e+01
9.287115803044915197e+01
9.071310113554432064e+01
9.109057511330779278e+01
9.132704916440454213e+01
9.156535578215911642e+01
9.038368491935629834e+01
9.119492467177346384e+01
9.065561637203727230e+01
9.256729277822439883e+01
9.185298233770411969e+01
9.131486084355297805e+01
9.097624606207610043e+01
9.112682670863708267e+01
9.109071944605864246e+01
9.143797589869824094e+01
9.126901608221828610e+01
9.184027364582136954e+01
9.227693214191538118e+01
9.030820559784507395e+01
9.102447502531559564e+01
9.048901046774599877e+01
9.211281413241529492e+01
9.154279980816156126e+01
9.180681799857795511e+01
9.177660949296405590e+01
9.210889387970522080e+01
9.124638100990826217e+01
9.238649369516029708e+01
9.166685302986553552e+01
9.091504435276765150e+01
9.154642846918613941e+01
9.187530739005961777e+01
9.182012829990515002e+01
9.204056697172629242e+01
9.124020840117069042e+01
9.091372882215442530e+01
9.171243088893135109e+01
9.190828235213294306e+01
9.142183610685259509e+01
9.155522985867095542e+01
9.092312720769619716e+01
9.101251089346575895e+01
9.068656874074187613e+01
9.275171631512409931e+01
9.172968867230247270e+01
9.182036387397681665e+01
9.173673720219569816e+01
9.195850685273890690e+01
9.174848766196171823e+01
9.227349669519448128e+01
9.142587792410051861e+01
9.130025067227697377e+01
9.147203954314119301e+01
9.221122895227162530e+01
9.107762063743777503e+01
9.139058066789303325e+01
9.163031349970577821e+01
9.183265516108920679e+01
9.101220855005475130e+01
9.061669884319344703e+01
9.073185266914424574e+01
9.229952938858625089e+01
9.053681798639618705e+01
9.131880797935710348e+01
9.135069185100493883e+01
9.202455677125125533e+01
9.124348868002061863e+01
9.161060546583141218e+01
9.216318391350161221e+01
9.169522607387568769e+01
9.198421119826134884e+01
9.105084733696605781e+01
9.168046288089716711e+01
9.183466176943635162e+01
9.053974304306512977e+01
9.218033552282625465e+01
9.208091241946544869e+01
9.170452733502570197e+01
9.112609866370993927e+01
9.137986193600521290e+01
9.258569770818384370e+01
9.089083512865663295e+01
9.265415919002835210e+01
9.149652795668372107e+01
9.251112292279957217e+01
9.191138897222577953e+01
9.138469824562432109e+01
9.326819991692643441e+01
9.155008578703383648e+01
9.176777668813207356e+01
9.137017433191090277e+01
9.243561835207660238e+01
9.187036737750008797e+01
9.174455632913280567e+01
9.186910242662077053e+01
9.079634623463859100e+01
9.143879668301053698e+01
9.099067183207606035e+01
9.057410834705507341e+01
9.163621473616572644e+01
9.104960214666242280e+01
9.189153111492086623e+01
9.163510335205553758e+01
9.208535623056613417e+01
9.292789440948115498e+01
9.219762267630149211e+01
9.335054371992998767e+01
9.154176106779655697e+01
9.165311789475521209e+01
9.070871689738271471e+01
9.111634820355683928e+01
9.188594996719922392e+01
9.211191538488800745e+01
9.045129505810743353e+01
9.257784497960173553e+01
9.224649080476316954e+01
9.229429651430416470e+01
9.234301088878727626e+01
9.174929505729843981e+01
9.210504550533870827e+01
9.148670736073751186e+01
9.121912990514262276e+01
9.112479801608279217e+01
9.139845087718795469e+01
9.173982094017543432e+01
9.232401980353151316e+01
9.013810841086919368e+01
9.072140930323072894e+01
9.288220883642947001e+01
9.240723203870209090e+01
9.174461650854500760e+01
9.203608682421238996e+01
9.251169237630125508e+01
9.227886067552036309e+01
9.146711175646656500e+01
9.172971866207562641e+01
9.188999661084994841e+01
9.219518512662160958e+01
9.093230330573720721e+01
9.239470367640228687e+01
9.126804674546546892e+01
9.226792297933054954e+01
9.281282829467309625e+01
9.150144506852716120e+01
9.079822819204591156e+01
9.210817672286300706e+01
9.212455821404363121e+01
9.225897072364337248e+01
9.074346292056928576e+01
9.183068472617331679e+01
9.107398145231867659e+01
9.142148392928503142e+01
9.147276031131428908e+01
9.285220701282553080e+01
9.185586973980939263e+01
9.152962620834944119e+01
9.089542249295246279e+01
9.191262702797341433e+01
9.223412821051593369e+01
9.164914395955429427e+01
9.189645123665920323e+01
9.322260509910684334e+01
9.066290186357873893e+01
9.235213041759212160e+01
9.157265999202701323e+01
9.101284907154558823e+01
9.069453473286877454e+01
9.200941908697348026e+01
9.157223987462162995e+01
9.180593098500021654e+01
9.262823236804399585e+01
9.007642390563326273e+01
9.125373162782602776e+01
9.113754429730178686e+01
9.166168225022219929e+01
9.100196895861243718e+01
9.149378368390101457e+01
9.220068218854588338e+01
9.190745979911960717e+01
9.197159688440272873e+01
9.210569928797352190e+01
9.110057898072106752e+01
9.217609369630517335e+01
9.229208781142760643e+01
9.169076651830349078e+01
9.153285981986405773e+01
9.224991839982288866e+01
9.307498762461077035e+01
9.121394839957234524e+01
9.264324683336408839e+01
9.113474634875490210e+01
9.107594712810461601e+01
9.138555883961788595e+01
9.221731234451551984e+01
9.257436360529413832e+01
9.258807570589003433e+01
9.141896180499010427e+01
9.074897999514776359e+01
9.102689445694019810e+01
9.115578831397341730e+01
9.119862496939900609e+01
9.010343640542606636e+01
9.164938182704432279e+01
9.146389354409626549e+01
9.148489888771261747e+01
9.134342651723341078e+01
9.353206758881560745e+01
9.237646694284157434e+01
9.176221894170410565e+01
9.265427594687609769e+01
9.117029542025920819e+01
9.180264129490892344e+01
9.203316459678018191e+01
9.177920490850021906e+01
9.096785410433828645e+01
9.213690416648381643e+01
9.183205525225876897e+01
9.200501141220763657e+01
9.183321589706106636e+01
9.163734259218286127e+01
9.231326265710485757e+01
9.158161012205529516e+01
9.001153557686626527e+01
9.136082805344905466e+01
9.207176455578722596e+01
9.064747545013192109e+01
9.228828268106656196e+01
9.206765975354274190e+01
9.151024765557993135e+01
9.187694585527667357e+01
9.149979729494630476e+01
9.190076847813486438e+01
9.167286713656496033e+01
9.150201862346285964e+01
9.074252949231146204e+01
9.072346920721760455e+01
9.163901057660490324e+01
9.111286274812185582e+01
9.255345766483762304e+01
9.149761193870494935e+01
9.113071004055528590e+01
9.066788016003654604e+01
9.145333371555113899e+01
9.215384421285149585e+01
9.209448481963026722e+01
9.203285227678601643e+01
9.205201296847435799e+01
9.185926418583433417e+01
9.245229388138189108e+01
9.276525061698818320e+01
9.117365646273184154e+01
9.014389829112860753e+01
9.144948470329143220e+01
9.106969975291460173e+01
9.156771834188712944e+01
9.167276377386703246e+01
9.109045049298133279e+01
9.190846138684837285e+01
9.213568749889979870e+01
9.150115104577487557e+01
9.194355192353341977e+01
9.190969564375298262e+01
9.140721462787597318e+01
9.053937079164414570e+01
9.299681344477922096e+01
9.145140936370295037e+01
9.239076261977433546e+01
9.028348706777984489e+01
9.200256050969157684e+01
9.131146270443481683e+01
9.197347432264761835e+01
9.160466316611254456e+01
9.169225427622659197e+01
9.225378748428371978e+01
9.025674768864435293e+01
9.111416079321784878e+01
9.103632786789870579e+01
9.181750877170551917e+01
9.134005180177359762e+01
9.134817799163151619e+01
9.182371368233270914e+01
9.123265031808388414e+01
9.091854305467840902e+01
9.207681959986996389e+01
9.133697507556256312e+01
9.126347466046924239e+01
9.144551468897408597e+01
9.208482501473835669e+01
9.158778121171911835e+01
9.143504522366245624e+01
9.248963013284372892e+01
9.156752326397455022e+01
9.149740291866447706e+01
9.122056570087329419e+01
9.156179730398430650e+01
9.129876463591509150e+01
9.118213067086956869e+01
9.232862920827236053e+01
9.168520289739164753e+01
9.189275905460371519e+01
9.208086906737921140e+01
9.170094009128048640e+01
9.088642274753401296e+01
9.154269711605006421e+01
9.069390363430942159e+01
9.134727044751518577e+01
9.141023838698536963e+01
9.236910484206832450e+01
9.264106123000711079e+01
9.082920937055470745e+01
9.223392382649548438e+01
9.146729610331651372e+01
9.108234775837696873e+01
9.134637161252297233e+01
9.109043004420426826e+01
9.159730552718021102e+01
9.158892681665902558e+01
9.165781706198796996e+01
9.156895492802453873e+01
9.170820557362191039e+01
9.148426197207649579e+01
9.145105693148661885e+01
9.204931649720747089e+01
9.097071321050232484e+01
9.070698165134217561e+01
9.221913101557942127e+01
9.101993024385045317e+01
9.144891689921047373e+01
9.124895360482068440e+01
9.218434750683603340e+01
9.255481084383455936e+01
9.234063738336510596e+01
9.103481980762963133e+01
9.248294849278448737e+01
9.122838908185775608e+01
9.120492575814148495e+01
9.141403159157398761e+01
9.010534964453856333e+01
9.104866598739182848e+01
9.195919706355806511e+01
9.247972882052837917e+01
9.151799736220711168e+01
9.198346721772729495e+01
9.072140577059082034e+01
9.140180942553334376e+01
9.149828642067873830e+01
9.226997845234686224e+01
9.186657775305727114e+01
9.094823574799123378e+01
9.238957722839288067e+01
9.049326682314983827e+01
9.120660885418465114e+01
9.229882782181591949e+01
9.086572955939625729e+01
9.176139148313710336e+01
9.137495889105599645e+01
9.228278092917369690e+01
9.097074598584599414e+01
9.253828382694517529e+01
9.157814529338887155e+01
9.196108060396065298e+01
9.276905374459582276e+01
9.143833288202968390e+01
9.118669165298831558e+01
9.273617515894490282e+01
9.196734181989175738e+01
9.196457487799602859e+01
9.221606961923809820e+01
9.139055451054602486e+01
9.155903795281304269e+01
9.225379974885728984e+01
9.196430270128340112e+01
9.231569096869336022e+01
9.167528052330600019e+01
9.134627760619250125e+01
9.151367819561809824e+01
9.186758022856237460e+01
9.117516494942734084e+01
9.158882258395283316e+01
9.181391233987740463e+01
9.242820017839238744e+01
9.159427743467941241e+01
9.171013937196001109e+01
9.043242623900111710e+01
9.063809932498166688e+01
9.184908308097747920e+01
9.184558940934860516e+01
9.182592961145424226e+01
9.242678924965537135e+01
9.273869277795618871e+01
9.133706807486011314e+01
9.269150497649670228e+01
9.128963649577330841e+01
9.195614633570639285e+01
9.247015902447684255e+01
9.246226226294456296e+01
9.187570388951186828e+01
9.130430554209323191e+01
9.074935455055815225e+01
9.202237028524380946e+01
9.185921040526203285e+01
9.170961028379251445e+01
9.206916102282799841e+01
9.137213946352022731e+01
9.121091364331179818e+01
9.129224491561051025e+01
9.154005115923007452e+01
9.203126279182028213e+01
9.210265994936573009e+01
9.107248785426340021e+01
9.096101976985235638e+01
9.163731049464929868e+01
9.278953343258383768e+01
9.042330515786383671e+01
9.156741716460850000e+01
9.162918659375955599e+01
9.263828138549594371e+01
9.177288970079357000e+01
9.158730044971503048e+01
9.187719360628166498e+01
9.117155074861616981e+01
9.057382633299243935e+01
9.158959868049551289e+01
9.086025328716934268e+01
9.195682694721365635e+01
9.184945013814267156e+01
9.186417892011104414e+01
9.200939862404780456e+01
9.071253447737606734e+01
9.161860239916912008e+01
9.207310864610293777e+01
9.109292862298259763e+01
9.305724654933212037e+01
9.214564178355711022e+01
9.159419310690650207e+01
9.205019399524209689e+01
9.181091252630208999e+01
9.074194722320665107e+01
9.171964198977894966e+01
9.121246796040472304e+01
9.244206319965503837e+01
9.222388640516345504e+01
9.022414662045837019e+01
9.233980660593712742e+01
9.223564407193592274e+01
9.058881309290883621e+01
9.083551968822915512e+01
9.212406378378972249e+01
9.164638277218021756e+01
9.241077097905660764e+01
9.233096023019535892e+01
9.225106913642829909e+01
9.267620383329642664e+01
9.176246102018092188e+01
9.139876934987771051e+01
9.256878299854257364e+01
9.237462428119128788e+01
9.243048541150339759e+01
9.238742672457043170e+01
9.224540969925084255e+01
9.273375704378214834e+01
9.129655485426330586e+01
9.096616752467654976e+01
9.209651806349903325e+01
9.103843254144852892e+01
9.197002931902349587e+01
9.188254111989606088e+01
9.196486597119519502e+01
9.214396230866586279e+01
9.147717665532898934e+01
9.095929961670221076e+01
9.086371456624863185e+01
9.150556970130155321e+01
9.143097586153550083e+01
9.194227519642242896e+01
9.222971395161867747e+01
9.194447494851564784e+01
9.133837909421900747e+01
9.191826875322342971e+01
9.148683125077914724e+01
9.243191659648833536e+01
9.104800053780968483e+01
9.173397394952411332e+01
9.087769848739257839e+01
9.112994349374585568e+01
9.126781243921095665e+01
9.102339915602502174e+01
9.085010197371273932e+01
9.069404479529264052e+01
9.197338181776149213e+01
9.058602394812938030e+01
9.141248439719588248e+01
9.123614375018392764e+01
9.212491601375528205e+01
9.102429764175623461e+01
9.008078747878469983e+01
9.212832100429241677e+01
9.144158375433366359e+01
9.148476467141819057e+01
9.134115134816707382e+01
9.271362981207865062e+01
9.186341211586308475e+01
9.129752803640407421e+01
9.227269278263626973e+01
9.224088997468150808e+01
9.172737598762947187e+01
9.222552441165133530e+01
9.065558344381901179e+01
9.128228470693341023e+01
9.208738684441227917e+01
9.138428952787549520e+01
9.165343809706557465e+01
9.211477448833548465e+01
9.169195401149634961e+01
9.245334435971481923e+01
9.078597862921472483e+01
9.126932945544723452e+01
9.209183086164222232e+01
9.152623113961497836e+01
9.123222528343050897e+01
9.207555287420763079e+01
9.078878042379305668e+01
9.187884347777161054e+01
9.072143077699344360e+01
9.162279370817671520e+01
9.162281545848627218e+01
9.179856891078674153e+01
9.232647944052443734e+01
9.155608985035884473e+01
9.199825302542411976e+01
9.247800385376876875e+01
9.173897552494864271e+01
9.087491944199230431e+01
9.199084585463022279e+01
9.157560338383004250e+01
9.036823512748823362e+01
9.215693331998113536e+01
9.109650152330283390e+01
9.372210539081304148e+01
9.066485617956294618e+01
9.149308665585182609e+01
9.105627174570450677e+01
9.149298204857643668e+01
9.077776159505452824e+01
9.140085218421781121e+01
9.164261972355309638e+01
9.203196301593608553e+01
9.288443558199662675e+01
9.154572569693233675e+01
9.013982780091387781e+01
9.172050678932613721e+01
9.123558963847595749e+01
9.165948354442555512e+01
