1.117204513777875974e+02
1.158783207300762683e+02
1.183182675873535032e+02
1.201135053468865834e+02
1.198877403833295148e+02
1.202697977557480584e+02
1.156009606993790726e+02
1.158909539611667867e+02
1.135456345096867921e+02
1.155307522075412692e+02
1.152719825162793086e+02
1.176078394147097299e+02
1.187563096557352509e+02
1.178217413833992850e+02
1.171845646830909686e+02
1.154807525231233001e+02
1.190364574666754010e+02
1.169000798853772380e+02
1.150901786896688321e+02
1.217448285928727927e+02
1.205097243049203541e+02
1.169960745597419560e+02
1.172743376242669200e+02
1.170938881629109289e+02
1.154657117073015229e+02
1.137983879303421446e+02
1.152784082077953656e+02
1.188613775728096869e+02
1.167144680486368031e+02
1.106140795899212037e+02
1.189920775156704735e+02
1.193666945561294028e+02
1.155795621639542503e+02
1.150674217756933189e+02
1.204370520179534196e+02
1.147717736746257913e+02
1.161338069160588446e+02
1.211639230868077703e+02
1.159838392871748738e+02
1.175794409670915854e+02
1.188783973455629592e+02
1.154684120158652689e+02
1.186285641394125179e+02
1.168187460772810482e+02
1.186990522256309646e+02
1.149256969558047956e+02
1.191193861700135557e+02
1.180328172821445918e+02
1.157083444403288155e+02
1.174549264948898752e+02
1.160129601778074004e+02
1.151507137112169659e+02
1.174535005549300735e+02
1.193714024753229239e+02
1.172071660378450986e+02
1.198709553716296625e+02
1.176838743460006640e+02
1.148282426657092401e+02
1.196149316527503004e+02
1.174677935034204239e+02
1.137958728086823044e+02
1.174720741703123963e+02
1.200953750402763518e+02
1.188647004197922001e+02
1.157235260297794355e+02
1.193237452379242427e+02
1.165899734730530355e+02
1.175940665271890424e+02
1.159322348498605777e+02
1.151043961695152404e+02
1.191117251132675534e+02
1.142230515352016909e+02
1.188438910096934364e+02
1.178972923247591496e+02
1.203848069574026312e+02
1.161335470804434067e+02
1.163099950926934838e+02
1.202712266248256583e+02
1.159965479183629071e+02
1.134339755255599727e+02
1.173544450376055153e+02
1.188359793519865093e+02
1.178264851379967837e+02
1.169641292047018197e+02
1.180897245564410269e+02
1.229771083136508025e+02
1.202544636193839551e+02
1.185277403230632700e+02
1.158226924755348932e+02
1.177395958821850428e+02
1.153998938101504592e+02
1.175961510174607554e+02
1.156581612897432336e+02
1.159931945838190899e+02
1.180792656124168474e+02
1.175969797649109267e+02
1.178005253544840798e+02
1.216489951760804473e+02
1.187532430908979393e+02
1.153774769765766024e+02
1.162902424234138721e+02
1.165735902217986393e+02
1.186940990542648251e+02
1.173272999578868081e+02
1.181700273762151454e+02
1.150790519070947795e+02
1.167552087251496715e+02
1.151242101466782373e+02
1.196325184012151226e+02
1.151251990725173613e+02
1.171662747944506577e+02
1.164493296817108359e+02
1.177583184798613161e+02
1.199754832416730181e+02
1.180461562322057318e+02
1.169399586219168157e+02
1.180890459142167259e+02
1.192423169653748261e+02
1.178444471984983579e+02
1.224275661623329654e+02
1.191283046463727118e+02
1.152856217633011653e+02
1.168100966664966620e+02
1.143799288466941846e+02
1.194315118515017247e+02
1.198557779989874916e+02
1.161889844949289454e+02
1.138839739813056724e+02
1.182800328838988264e+02
1.143408131219928237e+02
1.173291429872543858e+02
1.148283783486876217e+02
1.173375738372111243e+02
1.198097380065429434e+02
1.183722465067614706e+02
1.163667749959537474e+02
1.149972854768957546e+02
1.161972018597640073e+02
1.175363706763818072e+02
1.144911097627877439e+02
1.183074987859406519e+02
1.150268540238442228e+02
1.155611345502859990e+02
1.167358212453091255e+02
1.185106366421479294e+02
1.173631137469206607e+02
1.153235092644924435e+02
1.163763339585913030e+02
1.176321875140207567e+02
1.179614071564017905e+02
1.170731574566412405e+02
1.162995643668439811e+02
1.172367632420611443e+02
1.171809492207814856e+02
1.163432253796870697e+02
1.173351944811641943e+02
1.147527957436306139e+02
1.154194750827720952e+02
1.185011499621766831e+02
1.153912373691356237e+02
1.181729290715335026e+02
1.203616485357134991e+02
1.179171150704581805e+02
1.191206569252302216e+02
1.148433400304529783e+02
1.174939953078403221e+02
1.147799032246710595e+02
1.185331559796570957e+02
1.173004406655444569e+02
1.175424356006294602e+02
1.137858957219243621e+02
1.169508703704099588e+02
1.166690605794258744e+02
1.164069292826225421e+02
1.165592348637087383e+02
1.168137169084966871e+02
1.159630359776397199e+02
1.154365582979741589e+02
1.176965346180148657e+02
1.149218524751858439e+02
1.212460467548910827e+02
1.175836086402083822e+02
1.157725166941004744e+02
1.212929320119721979e+02
1.159104686805587079e+02
1.149683643675598859e+02
1.188769482442641134e+02
1.142819777287326559e+02
1.176410227455956203e+02
1.166805569540505303e+02
1.164475573518860330e+02
1.162786882902057641e+02
1.177244257460386905e+02
1.211291447925092513e+02
1.170947140787375531e+02
1.167785215342545513e+02
1.181492215315984424e+02
1.176041963959933838e+02
1.169821836597001692e+02
1.185449420319186657e+02
1.189705586088122118e+02
1.186896127491734347e+02
1.153787578782947918e+02
1.161094690616198193e+02
1.168933422676289382e+02
1.163428426008036070e+02
1.177644695688452572e+02
1.157102826589508595e+02
1.203050177238980751e+02
1.175619954403627361e+02
1.163583605256103795e+02
1.177227450445519850e+02
1.180535846967418081e+02
1.158539244277073408e+02
1.208401664928810817e+02
1.185278340240555650e+02
1.179785758600769441e+02
1.146634519041961369e+02
1.150126756343029086e+02
1.178231397886954568e+02
1.161481581332254791e+02
1.162944661815749043e+02
1.161505603325128106e+02
1.174418832171462412e+02
1.172355243335683213e+02
1.167561840816927798e+02
1.165144361589094331e+02
1.178827721610598189e+02
1.185641228284218158e+02
1.148537226476726119e+02
1.159659651077513018e+02
1.191902023875452414e+02
1.171307816739390120e+02
1.143882440494669339e+02
1.189552318549306023e+02
1.175590126970807603e+02
1.169165332928511276e+02
1.135249902713943584e+02
1.186132593704890326e+02
1.189941279234670048e+02
1.188671598634950186e+02
1.192328627341517233e+02
1.168270807379673784e+02
1.173577941627084726e+02
1.182165166291616742e+02
1.182649495854590924e+02
1.237190733238475957e+02
1.167586198094345917e+02
1.154579142669049929e+02
1.200410990401689588e+02
1.191486087054783667e+02
1.194546981714662053e+02
1.177325183632439973e+02
1.187000610391622217e+02
1.174130399029645844e+02
1.218086503491720407e+02
1.172159990152532743e+02
1.187701946767986243e+02
1.142499348133347894e+02
1.174849130859443278e+02
1.178848781047913690e+02
1.134190820008604845e+02
1.171157670200177989e+02
1.169427836100634437e+02
1.132149393192800488e+02
1.140120582851111521e+02
1.147430029721235343e+02
1.183375637086683270e+02
1.155545815099726497e+02
1.147999203634977334e+02
1.151780665826496630e+02
1.166255522450696844e+02
1.171742882258307645e+02
1.179055131482976009e+02
1.191706386675247700e+02
1.183897010872847062e+02
1.171777480159290548e+02
1.160801955247058572e+02
1.208564161036882325e+02
1.169929318127827855e+02
1.191521948560833408e+02
1.179552031385785966e+02
1.126496716010537966e+02
1.175661144927714332e+02
1.181724203223262606e+02
1.180779243015297766e+02
1.174371503031685791e+02
1.171768044997916007e+02
1.191003354817991209e+02
1.170674218010433947e+02
1.163498238422006068e+02
1.185134469838834406e+02
1.176611937665026630e+02
1.209954333593491356e+02
1.214244063769842654e+02
1.148491135095658535e+02
1.231070828825344563e+02
1.164646714787027406e+02
1.155959694440007155e+02
1.142930759591238257e+02
1.150038295658489176e+02
1.198683234076681003e+02
1.146583030427021725e+02
1.183957483914955020e+02
1.202624142169661354e+02
1.144031325132559687e+02
1.193120710349678149e+02
1.204783288140538531e+02
1.179043586718356380e+02
1.151858365188192579e+02
1.184390715281923150e+02
1.197101963612806941e+02
1.158258659794239946e+02
1.163746290837724331e+02
1.180025445379296656e+02
1.179120572949844075e+02
1.175159445448711466e+02
1.165392733855252771e+02
1.158030761196523173e+02
1.177540247763427601e+02
1.153766134855873702e+02
1.162788644781830953e+02
1.121261569803976670e+02
1.209411306384989331e+02
1.165599505890714909e+02
1.172336171885676919e+02
1.210206670802305666e+02
1.191995008647156027e+02
1.181504347975243547e+02
1.154319619433487389e+02
1.170573560011986416e+02
1.166104051492529550e+02
1.188311674256307242e+02
1.165980767356748800e+02
1.191257412128935016e+02
1.181752187498697282e+02
1.178750534964958945e+02
1.177737535005027780e+02
1.147808398290249556e+02
1.172642842790411066e+02
1.202254064892222374e+02
1.160191178037637485e+02
1.172483434019238473e+02
1.195896794944861341e+02
1.182117207691537573e+02
1.182895504245903311e+02
1.193363405640978812e+02
1.156448363329672873e+02
1.152615149952942772e+02
1.196223680084564620e+02
1.167690721010541353e+02
1.171814172373709084e+02
1.175407983662594233e+02
1.179456823918289530e+02
1.137299311053586166e+02
1.157447508743033495e+02
1.172577520443062440e+02
1.177865033925364884e+02
1.217342943650621834e+02
1.174583660214378540e+02
1.159818822101620270e+02
1.140033374166321636e+02
1.162142285557817161e+02
1.168322622756282811e+02
1.149984578068494585e+02
1.205551030638231964e+02
1.146745755705150174e+02
1.162967946133459520e+02
1.185483456328406930e+02
1.161000918243248776e+02
1.158140329044856713e+02
1.172866190972853246e+02
1.149343686882250495e+02
1.177614751591780191e+02
1.157299044081135690e+02
1.169526704877734744e+02
1.157387889074235687e+02
1.170407855741929808e+02
1.169323674678190912e+02
1.234466790465452277e+02
1.169602010894177226e+02
1.194462693271525495e+02
1.169285300298451062e+02
1.177200310588399219e+02
1.170301088156844713e+02
1.155292060784546777e+02
1.162218563602408778e+02
1.179842043940967073e+02
1.173554304397653567e+02
1.215877553420614987e+02
1.155735094644132772e+02
1.189087577675084191e+02
1.182812609924984883e+02
1.166708465678957225e+02
1.152318304066353534e+02
1.146647353844830235e+02
1.198380894147453120e+02
1.129987876322589102e+02
1.176551123737951912e+02
1.187193342677536094e+02
1.182252289924618509e+02
1.202618518850910476e+02
1.151743113328992365e+02
1.173467409499295258e+02
1.190488661795813954e+02
1.192332450111534143e+02
1.211697453325699314e+02
1.186296257836066701e+02
1.197917396362720837e+02
1.197919703117531469e+02
1.185501136774917228e+02
1.234130305532078467e+02
1.193693084681301002e+02
1.166954092146602875e+02
1.201749804660122720e+02
1.178237838114965541e+02
1.159913128179063193e+02
1.175173037063281640e+02
1.205627638529827266e+02
1.172766200054834087e+02
1.164126939899481101e+02
1.108574739260548796e+02
1.166037179844015697e+02
1.180741699087624141e+02
1.173888807291674112e+02
1.214422845616323627e+02
1.204386077285770966e+02
1.199449903516661209e+02
1.194066025516284384e+02
1.200448479290407846e+02
1.165299038443571078e+02
1.180315877608067012e+02
1.175603527137511577e+02
1.171371676223966745e+02
1.178068736551972933e+02
1.154703461575245456e+02
1.117577921646330452e+02
1.162355940853911420e+02
1.190671324557283839e+02
1.156397105014372784e+02
1.134310049651306116e+02
1.195124358288283872e+02
1.179407079200195909e+02
1.189279907239199758e+02
1.160509147982039053e+02
1.214536378168818516e+02
1.166269368569501381e+02
1.191704826491641285e+02
1.167856220856642153e+02
1.187975268677360674e+02
1.212370483364483960e+02
1.160039122118052290e+02
1.190696078382369478e+02
1.186765212455426877e+02
1.208494471194730835e+02
1.158227880247742974e+02
1.123624982718665279e+02
1.156695716040503044e+02
1.172446649339784841e+02
1.181966376726256698e+02
1.177104381529457413e+02
1.154311960403349673e+02
1.170978606883699626e+02
1.181948595817744945e+02
1.162499315819552805e+02
1.173183332785873603e+02
1.184059996961788244e+02
1.159510618547568299e+02
1.133154281579432450e+02
1.161295798568885687e+02
1.178402294008975133e+02
1.163474604639436194e+02
1.152702801787178970e+02
1.158297460268465358e+02
1.183787909903297901e+02
1.193003671554051266e+02
1.154964475663513355e+02
1.148949913641162510e+02
1.173843071966079634e+02
1.219474505026839495e+02
1.148965073384894282e+02
1.182571240053180190e+02
1.131575613427408484e+02
1.176411085412436250e+02
1.168067586859156393e+02
1.150043250355783044e+02
1.182487890109690056e+02
1.153897082898362925e+02
1.152872146787180583e+02
1.168780610556867714e+02
1.190945722902641535e+02
1.177848271447996353e+02
1.211947769837846778e+02
1.210892971271084093e+02
1.160323694506093943e+02
1.163658720129381408e+02
1.136647832862785776e+02
1.169089155529488693e+02
1.156368140606843298e+02
1.174503236672636746e+02
1.183871039609787914e+02
1.134200671182467346e+02
1.165308060834291268e+02
1.162195118996405654e+02
1.147522089679157915e+02
1.179871489213445699e+02
1.203593651179276236e+02
1.204392138335343105e+02
1.186634765268137102e+02
1.165597172386768960e+02
1.170642766620820794e+02
1.180497384330385131e+02
1.155857857614624180e+02
1.155209983017608550e+02
1.166766395807138395e+02
1.155238101568713205e+02
1.188898292856711265e+02
1.206738972194094686e+02
1.149998132915389419e+02
1.183683122802452203e+02
1.202357530125491820e+02
1.174932964359162355e+02
1.182847172470675332e+02
1.156212380492964229e+02
1.176996572562906209e+02
1.168920286795326291e+02
1.122868808857554654e+02
1.181689574974197399e+02
1.190808532286590662e+02
1.207910613065390493e+02
1.158075434299357340e+02
1.188518069196372551e+02
1.193521924983489129e+02
1.150577760041783080e+02
1.177339775083906801e+02
1.155375381452073356e+02
1.122080548964203217e+02
1.181451282726124674e+02
1.179980411023971953e+02
1.180842390185293880e+02
1.166011762410715420e+02
1.130198739354526936e+02
1.153061119176967395e+02
1.184281011928299705e+02
1.189216625396040712e+02
1.186244685889433441e+02
1.195836311238820571e+02
1.160578536501803768e+02
1.181412647397944653e+02
1.180891560086577527e+02
1.165566045622376237e+02
1.156347556942232444e+02
1.197949364284565519e+02
1.180031522999241105e+02
1.152130781192809934e+02
1.146869286483700563e+02
1.157003819976781358e+02
1.177824954005922393e+02
1.173069847098736318e+02
1.168539163190466184e+02
1.202938456750996892e+02
1.197423776375681541e+02
1.205643908878029862e+02
1.131942301616599025e+02
1.169470321267428119e+02
1.156513747097355918e+02
1.171844155424980300e+02
1.165145696310278396e+02
1.153318651850671728e+02
1.163007528939374566e+02
1.168012548077627173e+02
1.166409689963111873e+02
1.168297881152433888e+02
1.177871674371352952e+02
1.156276279924432657e+02
1.171586338506783704e+02
1.159065851665802853e+02
1.182026127851299151e+02
1.174205193361991064e+02
1.163700857428517139e+02
1.173621107386636879e+02
1.183592368771531937e+02
1.153626638745815853e+02
1.174644311999480095e+02
1.162908960562506309e+02
1.166767156148982139e+02
1.160469104318791693e+02
1.161805361480397636e+02
1.148986836793311568e+02
1.153697657029836847e+02
1.175775990272675102e+02
1.137521621701550174e+02
1.203615441870940117e+02
1.160231402486578958e+02
1.186731693142935029e+02
1.166216255546515725e+02
1.171132010301823527e+02
1.158224729028023745e+02
1.188116648938841564e+02
1.177403951739525070e+02
1.159842451942296861e+02
1.190956149833403117e+02
1.173400446500692595e+02
1.169684397612145688e+02
1.172420083460609561e+02
1.153901825449915748e+02
1.190583403776218603e+02
1.152542457989811879e+02
1.154178156267149120e+02
1.178510480413677470e+02
1.121940802095397203e+02
1.161361319713951588e+02
1.150511612533576908e+02
1.193311102772935328e+02
1.159365958431070851e+02
1.134212446480873240e+02
1.170062542482083217e+02
1.200537805034017538e+02
1.201012163489655364e+02
1.139280335699309035e+02
1.180465405154746605e+02
1.169817476241578476e+02
1.140718454414577820e+02
1.170975712076818809e+02
1.160421606317022452e+02
1.193044243699524429e+02
1.188320590045123168e+02
1.149411216844686550e+02
1.161097532650679369e+02
1.147312494513855796e+02
1.147233038712820701e+02
1.190045877643302106e+02
1.149899414201576633e+02
1.165498523275070539e+02
1.162794540632188642e+02
1.171708846801827946e+02
1.159500016749997542e+02
1.145281576955614895e+02
1.168689643808456111e+02
1.190095442266162991e+02
1.144044649168788936e+02
1.190713698762872212e+02
1.177184974541214189e+02
1.164482375809719485e+02
1.179250652379612205e+02
1.179060446298382061e+02
1.176779974611862514e+02
1.149743827447426838e+02
1.143601494409934247e+02
1.170495603037647783e+02
1.161530525041868742e+02
1.185820151034155714e+02
1.174036311905161369e+02
1.146989259325329016e+02
1.167633446119922240e+02
1.185594568976030985e+02
1.211117462656259676e+02
1.157887349672530206e+02
1.195461095679715555e+02
1.163999714872787621e+02
1.197342340226146575e+02
1.189288868382210040e+02
1.160592380429141741e+02
1.183888887467359439e+02
1.157290435506215971e+02
1.177555551962233267e+02
1.181851718880247120e+02
1.111294082326596566e+02
1.187506666978838439e+02
1.202871605899146346e+02
1.179632920669131124e+02
1.211583859593967389e+02
1.158089406902849277e+02
1.161510248601094162e+02
1.160323261466686091e+02
1.149597174870545189e+02
1.156839912171920020e+02
1.176014359447314916e+02
1.213919960589611549e+02
1.159407809007384600e+02
1.187593253059631451e+02
1.185593823388322505e+02
1.166131046801017419e+02
1.187633715313702112e+02
1.163023593367567514e+02
1.208448912847733823e+02
1.143270420503252467e+02
1.179864811546186445e+02
1.176866414264569443e+02
1.166138103472520271e+02
1.156442393052409017e+02
1.168770613830923111e+02
1.182984485758618831e+02
1.157865961747207137e+02
1.145393968276237615e+02
1.186615683783968365e+02
1.204145627625165531e+02
1.176840248148668451e+02
1.171965791628396687e+02
1.180415248531970320e+02
1.159275284526680139e+02
1.166242708705336923e+02
1.145919290782316153e+02
1.168283189906492652e+02
1.167223471686287866e+02
1.219554567345461464e+02
1.148360724956891801e+02
1.169387377245267032e+02
1.150437241256163077e+02
1.182695109640728930e+02
1.154638403569996257e+02
1.187065268901192638e+02
1.163443806235882221e+02
1.152011711489181351e+02
1.149925302203774180e+02
1.175165469987173879e+02
1.136141698827757551e+02
1.181574848260733148e+02
1.198726621834515527e+02
1.168527392652342343e+02
1.156624469124711254e+02
1.155325452777678521e+02
1.173683780267756021e+02
1.161903462791440660e+02
1.184150084265515233e+02
1.154767552614402462e+02
1.186295610916281760e+02
1.205938982615837460e+02
1.158260517929666378e+02
1.158350588197623665e+02
1.154255022791919032e+02
1.164118629318424212e+02
1.123972850242828230e+02
1.186059719202522018e+02
1.160972777480984064e+02
1.180532983096246085e+02
1.160855820136613517e+02
1.176470824296661846e+02
1.154133004212534530e+02
1.182051512067671126e+02
1.181999878915488864e+02
1.169706236806006245e+02
1.170320409201299015e+02
1.162929963441799401e+02
1.156285061205934994e+02
1.159185260029004354e+02
1.198426706773431789e+02
1.200358799790383699e+02
1.162793694678299232e+02
1.177151511494142255e+02
1.175675311390615576e+02
1.197915033232618640e+02
1.209279817046209757e+02
1.172808559057928619e+02
1.128349146620957839e+02
1.130432913031724240e+02
1.171475663419393243e+02
1.146283357132064964e+02
1.191753059141599635e+02
1.194677779301342184e+02
1.172669859240362342e+02
1.209572361597205941e+02
1.208245457219034051e+02
1.198005795445106116e+02
1.195671575533542921e+02
1.186196604648082626e+02
1.171972524723034184e+02
1.202969324850915456e+02
1.147027085648551292e+02
1.163267947923177417e+02
1.184115492326911152e+02
1.172269157083379838e+02
1.165126411532267952e+02
1.207054916596802201e+02
1.163559269635989608e+02
1.188007694838061923e+02
1.165570898396718320e+02
1.148705906803167522e+02
1.156065607681659344e+02
1.185415954846736639e+02
1.158348988046607673e+02
1.187764493148372367e+02
1.186410065686957154e+02
1.174250197086757339e+02
1.166565924302119299e+02
1.150157713992255708e+02
1.160918307928488957e+02
1.203710428865127824e+02
1.190464149692128046e+02
1.163791301054236556e+02
1.157449336484439470e+02
1.182444074796244990e+02
1.176270622653695739e+02
1.193739181640679021e+02
1.156327574641067031e+02
1.212115970458914092e+02
1.169437479392153421e+02
1.177768542017747819e+02
1.174288338739786610e+02
1.170532732523866173e+02
1.181506811006822488e+02
1.193682776009118101e+02
1.181870640914564348e+02
1.188440278656719329e+02
1.179136967460510164e+02
1.154400538268131555e+02
1.180528342081944260e+02
1.151938118531695920e+02
1.161783879917880569e+02
1.142734673460703050e+02
1.188640964243137006e+02
1.197370819155052430e+02
1.128097929948544049e+02
1.172488705267290356e+02
1.166372679521351756e+02
1.186762327838967082e+02
1.178666143303319274e+02
1.201258053879017211e+02
1.206950873714203709e+02
1.176789993470628559e+02
1.177017400589494542e+02
1.157779494102961166e+02
1.182580932011462806e+02
1.162328122631997473e+02
1.159184837615672734e+02
1.144295485173346378e+02
1.155611071292161398e+02
1.137492835290646838e+02
1.190123064808595075e+02
1.158515323041488472e+02
1.209843808890699535e+02
1.174262933342072017e+02
1.197849014484578305e+02
1.179424987216335836e+02
1.200576488798011070e+02
1.171040368387609476e+02
1.150494810786878190e+02
1.193856985361767045e+02
1.172405741088063564e+02
1.158993760334851544e+02
1.146548761928733313e+02
1.207075626076784545e+02
1.171460492985245025e+02
1.179836385622540433e+02
1.161810570332732624e+02
1.164383665798074929e+02
1.184955643945593948e+02
1.157456685721936509e+02
1.145655618820435819e+02
1.160888362462982570e+02
1.200834026866390474e+02
1.166396746183262820e+02
1.184844427072873714e+02
1.176642428599280379e+02
1.180654800995551454e+02
1.186097398642877323e+02
1.177577780274070989e+02
1.164798150348016463e+02
1.177049898842720808e+02
1.168807559699088756e+02
1.160316361467292978e+02
1.159650207351547948e+02
1.178162385152898963e+02
1.198793062048364959e+02
1.147263529402263771e+02
1.189436290626432822e+02
1.142515925409174571e+02
1.168192329493188311e+02
1.156307126361868427e+02
1.175079663837626782e+02
1.185849001926654438e+02
1.182372304583800400e+02
1.188883821035579871e+02
1.159385706075292575e+02
1.158234746207861861e+02
1.182290930885146309e+02
1.180692046801739252e+02
1.151203011228999316e+02
1.185882683461775287e+02
1.161025487578747857e+02
1.167341538347491650e+02
1.200433790794247528e+02
1.142332301564939883e+02
1.166421411110578958e+02
1.175133902363901086e+02
1.157271676270971170e+02
1.193212635926438452e+02
1.176577576939727692e+02
1.206513102377416260e+02
1.145796641277386243e+02
1.177215848777353813e+02
1.188336336629185439e+02
1.187531722347278134e+02
1.169619067668170942e+02
1.190081667564314785e+02
1.204912692524379878e+02
1.168035463746013818e+02
1.138403800439874942e+02
1.195486158109350328e+02
1.174378665035458909e+02
1.155333333573137793e+02
1.166497293609110386e+02
1.178381955557873511e+02
1.150450443257500837e+02
1.181481698531467686e+02
1.146665750320459978e+02
1.200432223052610539e+02
1.189499289161507392e+02
1.167536915144301730e+02
1.204807601593482076e+02
1.151971601159788037e+02
1.201093474577781137e+02
1.172667034822708416e+02
1.186370013810458488e+02
1.163991640901328850e+02
1.160612436599370909e+02
1.142044638974794140e+02
1.168490213028503888e+02
1.143788162329115323e+02
1.212697832192904741e+02
1.175471296108543413e+02
1.187022078768729614e+02
1.179126760736647128e+02
1.184003921002864814e+02
1.173219936785607587e+02
1.153499792644625188e+02
1.178991242351762025e+02
1.153266350345629405e+02
1.195677729388317374e+02
1.143349933912271297e+02
1.175145691005653106e+02
1.189244426564994797e+02
1.175872220885203490e+02
1.162674037335536070e+02
1.181298747748492701e+02
1.154510210684277354e+02
1.180534511419180888e+02
1.142534255612937670e+02
1.186864452853059646e+02
1.185248492770875544e+02
1.176370035319620797e+02
1.206892050490820765e+02
1.172175180193436148e+02
1.145298996804257428e+02
1.205366999461697475e+02
1.178426417068664875e+02
1.145887835305849904e+02
1.178129186381198252e+02
1.197094859191489178e+02
1.207614334216485474e+02
1.165560310783650522e+02
1.158700018796039899e+02
1.196256972415216353e+02
1.171390972447592276e+02
1.165997377404189876e+02
1.178623263221227120e+02
1.169764373558432879e+02
1.144369409671702442e+02
1.172801229559638756e+02
1.181725939118658175e+02
1.189269939161299163e+02
1.170352434896073106e+02
1.185229946414658286e+02
1.174875842246858326e+02
1.184229353565067697e+02
1.179590517754767802e+02
1.185586371156458938e+02
1.132789326416431521e+02
1.187595921595045780e+02
1.143286241559728467e+02
1.163759261116559571e+02
1.168423317085692474e+02
1.161091050059424532e+02
1.186176746299507556e+02
1.161493099187552787e+02
1.168417634142729611e+02
1.164258987448702669e+02
1.169232410765699370e+02
1.164446174900343181e+02
1.168373110052562112e+02
1.175070770187880527e+02
1.158171281318170571e+02
1.162265087464080580e+02
1.176564963633355632e+02
1.161067640724847365e+02
1.177011285463820229e+02
1.181912705461824942e+02
1.154104750675247573e+02
1.169569680986362101e+02
1.166432716674733285e+02
1.175252842504343960e+02
1.181100682865915559e+02
1.146143111655332660e+02
1.128461568370423436e+02
1.169211499924305713e+02
1.219243601523911735e+02
1.173652027751730742e+02
1.180841412252276257e+02
1.183920918573858785e+02
1.179754951343909397e+02
