2.159423102706711859e+02
2.152293421511020881e+02
2.109967354851982577e+02
2.113651946650030027e+02
2.137005433720207463e+02
2.138896508270916286e+02
2.133251814180279098e+02
2.120022055673822479e+02
2.127154016079121845e+02
2.148950415255028474e+02
2.151354555205956842e+02
2.133107993377406046e+02
2.121938013965259699e+02
2.122826928494336300e+02
2.141822626217440870e+02
2.147687246248615054e+02
2.109547500003835694e+02
2.135684334611720203e+02
2.133188639403595346e+02
2.122346128679195658e+02
2.144462312767641663e+02
2.146541765432732802e+02
2.096565077079474975e+02
2.101347502338372806e+02
2.147473501793192270e+02
2.128739227474186180e+02
2.128665902514835295e+02
2.160151450571027851e+02
2.119150327459566938e+02
2.116952677383427499e+02
2.111870125783283925e+02
2.119552424732273721e+02
2.173422939360753787e+02
2.120187168191225737e+02
2.157305627749329062e+02
2.131450400143496893e+02
2.132752640115250813e+02
2.127064906440868413e+02
2.124220670993479985e+02
2.151853173604385177e+02
2.126080511839043083e+02
2.122035191019982392e+02
2.128702694311955383e+02
2.107816078874169818e+02
2.117591838858351707e+02
2.144601526147352786e+02
2.141106472927953632e+02
2.142864633281728857e+02
2.123630227543510216e+02
2.140470082120816073e+02
2.116001347841190920e+02
2.160540437139156893e+02
2.137369081896464138e+02
2.144600280428218468e+02
2.143670387425663364e+02
2.137120562147379701e+02
2.129459722144316345e+02
2.136470117888925415e+02
2.127850031889809372e+02
2.146809498205126090e+02
2.152838557185712887e+02
2.131353032019192710e+02
2.152837892951386891e+02
2.137601348022115531e+02
2.089605492978967050e+02
2.117496990480662760e+02
2.134448891518829612e+02
2.123815037222525461e+02
2.120545944127371172e+02
2.152917941386126870e+02
2.141405127830678055e+02
2.124954731407479471e+02
2.150432164033634876e+02
2.141303559334170643e+02
2.142112269747358937e+02
2.111478741916444619e+02
2.130773402275919466e+02
2.124717389624645705e+02
2.150447286686978430e+02
2.128856343218256484e+02
2.153541259207185874e+02
2.134263693078850679e+02
2.153837958787615321e+02
2.122230279672646418e+02
2.152151218628654874e+02
2.141716947877324060e+02
2.148377227778436520e+02
2.141202315996527545e+02
2.145193979182984094e+02
2.153771340328254382e+02
2.129212889879020736e+02
2.131792685741745004e+02
2.165496557277257921e+02
2.139768380998321220e+02
2.133784450433285542e+02
2.140951011000202584e+02
2.130611142959311337e+02
2.131093394033131005e+02
2.134788882235608867e+02
2.136283896823190958e+02
2.131934910804624508e+02
2.124704772605409175e+02
2.132989216098866905e+02
2.142353847556088908e+02
2.132727364683990743e+02
2.145047306975657477e+02
2.123811851931906745e+02
2.123765258202761856e+02
2.119998368622573821e+02
2.114644763181907763e+02
2.139378580753397046e+02
2.150766224671839950e+02
2.141127181470017149e+02
2.139476928476192654e+02
2.129703025504531695e+02
2.137604738696009861e+02
2.162262753825174286e+02
2.129834701308542719e+02
2.152991798555788421e+02
2.146076603954281552e+02
2.145418933743818855e+02
2.123089246772246668e+02
2.133730147105009394e+02
2.115515627422182661e+02
2.141353139104622016e+02
2.138503687755245721e+02
2.130455643078549315e+02
2.105406728307727917e+02
2.133809372096912682e+02
2.132886306273281321e+02
2.121021840394761568e+02
2.129692713831032620e+02
2.140689436718208185e+02
2.125073356805060598e+02
2.133139533415426001e+02
2.144207930642464817e+02
2.144339699155653705e+02
2.138450085012743216e+02
2.172038129417470600e+02
2.140582584074832937e+02
2.130344297609926514e+02
2.150795316444544198e+02
2.151026905280232882e+02
2.145109625478657733e+02
2.131316725756814492e+02
2.133649587317117664e+02
2.109079533446839321e+02
2.129480666104990405e+02
2.127693061351698987e+02
2.129097051024205030e+02
2.136773832079771296e+02
2.126331101114788851e+02
2.125408114966016626e+02
2.124340880264990119e+02
2.136062639104728191e+02
2.148337709148676709e+02
2.130769256535322711e+02
2.130997275006449456e+02
2.105223590867853716e+02
2.146527234852448771e+02
2.136564099116901900e+02
2.141704404621530955e+02
2.120242158627278286e+02
2.138520809293263198e+02
2.128277336265782083e+02
2.132322954125860974e+02
2.140619345043304804e+02
2.140910786590534087e+02
2.146209219861502220e+02
2.146247688788685082e+02
2.143665964108836306e+02
2.133150894631629058e+02
2.136963916559853658e+02
2.153649950264699839e+02
2.139472138679198281e+02
2.136179901075304883e+02
2.154508136997674228e+02
2.143087926047753911e+02
2.138384651046190754e+02
2.123151485797102112e+02
2.138839626897403150e+02
2.135128767209151590e+02
2.128054447225090655e+02
2.157393105402811386e+02
2.162201787803515458e+02
2.148143582614963520e+02
2.109299078205781370e+02
2.151200492634163481e+02
2.135120531468180047e+02
2.141595109555845227e+02
2.121773679141923878e+02
2.133575980639129455e+02
2.126203569986511184e+02
2.147643101821413723e+02
2.147599807137533787e+02
2.139599998473904918e+02
2.123905981937488150e+02
2.152505863466256812e+02
2.130840001495347167e+02
2.122126907148166879e+02
2.125055121092439379e+02
2.119958604950928986e+02
2.125101444383674902e+02
2.126077219489044978e+02
2.105713189892433661e+02
2.110296884575815568e+02
2.135674104577250318e+02
2.111153342430745283e+02
2.136244166348199656e+02
2.122373451368368649e+02
2.152410046129697889e+02
2.131556110613691430e+02
2.138710197675245865e+02
2.131096172167971474e+02
2.133056970007838231e+02
2.127957943476725688e+02
2.166054639135398645e+02
2.148337011714451990e+02
2.147298503265782870e+02
2.128946263542482029e+02
2.131373635156711828e+02
2.134143112434567797e+02
2.138944471742640019e+02
2.105550543360868971e+02
2.141767044696684650e+02
2.138595998772181019e+02
2.126559067553344562e+02
2.128854732544679109e+02
2.115791602075830724e+02
2.140310458348245675e+02
2.120135242381214198e+02
2.132582325249460666e+02
2.135802987348670570e+02
2.129022516605357396e+02
2.133455131982719593e+02
2.106461050408846916e+02
2.155625581276989635e+02
2.137013164600800792e+02
2.123714135374525540e+02
2.113209764771619916e+02
2.142852155754581815e+02
2.139205823987294366e+02
2.110261607899288947e+02
2.124426995171853321e+02
2.088582098557487257e+02
2.128047745349338697e+02
2.139918946521903820e+02
2.130438648206721268e+02
2.124871483402868932e+02
2.141658502554902839e+02
2.145399733753591534e+02
2.151975189856539146e+02
2.130842871601272464e+02
2.130148594539853661e+02
2.142247542164515153e+02
2.143552974450316810e+02
2.130206675984219373e+02
2.135695186416207605e+02
2.131717042255218928e+02
2.127624764584646471e+02
2.123921948878881949e+02
2.123915461354839351e+02
2.145633676618919878e+02
2.143727123379781290e+02
2.142281290513370493e+02
2.123459814694631405e+02
2.135439924743554343e+02
2.113743667906572625e+02
2.131249400994738039e+02
2.137198927995588917e+02
2.134928370959027006e+02
2.151428093778132791e+02
2.131168582807927407e+02
2.128969898016848958e+02
2.121131608283984349e+02
2.155467799497793351e+02
2.151073191923489674e+02
2.121554212189968780e+02
2.137322035288511017e+02
2.138134628050972879e+02
2.130546234937294798e+02
2.156877777557133697e+02
2.129192988286101240e+02
2.142570146440559427e+02
2.133247634444997516e+02
2.128146036757717638e+02
2.144602383414754740e+02
2.132498597511158778e+02
2.109241922698061273e+02
2.112741385798742044e+02
2.134706702336415276e+02
2.132783469414946182e+02
2.136855674236399523e+02
2.137580040735898592e+02
2.150137384795217770e+02
2.153860313111536300e+02
2.132614912201798631e+02
2.121799756698267174e+02
2.142067032422348518e+02
2.139655263164230519e+02
2.150135020675239446e+02
2.122600068840601182e+02
2.120486525596310514e+02
2.152275307575363854e+02
2.135320032773584558e+02
2.139261938216152998e+02
2.157781461740875670e+02
2.150621137573145631e+02
2.129188274837304107e+02
2.121757738717479356e+02
2.155305512533861076e+02
2.128726491900270616e+02
2.133446935774899771e+02
2.128996613584150168e+02
2.153841195698842625e+02
2.155160071121423471e+02
2.143396067618616883e+02
2.138746282264580998e+02
2.130291033539444072e+02
2.142624791396406181e+02
2.148862216394283280e+02
2.119606054994175111e+02
2.139281341926221387e+02
2.131029000306795638e+02
2.126749768612730804e+02
2.131101034877800942e+02
2.141533594464575572e+02
2.134759769022548426e+02
2.122710120776071392e+02
2.104325619310776005e+02
2.120322434403436205e+02
2.133189091200100620e+02
2.114965123310599040e+02
2.123000618620312139e+02
2.133086557631912399e+02
2.119652900424543418e+02
2.147318901551510351e+02
2.160659406760680952e+02
2.133547733846801862e+02
2.138644107316906116e+02
2.142989770997228334e+02
2.148633111591339286e+02
2.135255843567452700e+02
2.144112787969323506e+02
2.143049968841256145e+02
2.137005042220194753e+02
2.153906687352353515e+02
2.140590100444542543e+02
2.123908373703973496e+02
2.159207717953464964e+02
2.119759898053607117e+02
2.110132821160171943e+02
2.136622028375932416e+02
2.140769621249013142e+02
2.153762184513893772e+02
2.157606387625621664e+02
2.136794777706339232e+02
2.114632791190039995e+02
2.149611801310702504e+02
2.109031834774962988e+02
2.144654486463586238e+02
2.127380164592656513e+02
2.140773850431038170e+02
2.122379793302231121e+02
2.129518991085350308e+02
2.151068116356069311e+02
2.129420639444551000e+02
2.158335080910645161e+02
2.109868925587457511e+02
2.143716855334018589e+02
2.138715350344521937e+02
2.133601833341054714e+02
2.125831962510804658e+02
2.140378006767429611e+02
2.127181251454600783e+02
2.134649905634533695e+02
2.131584158090046799e+02
2.148162285373189775e+02
2.130563459941319593e+02
2.115457410372941069e+02
2.124766418774683245e+02
2.132533437070498508e+02
2.146385181725905511e+02
2.106189820547720046e+02
2.145197417799949449e+02
2.112653904877230673e+02
2.136484152511810635e+02
2.138172409961944425e+02
2.104501984506722181e+02
2.121654145565343867e+02
2.114266435997579379e+02
2.143200255681952058e+02
2.147239360783853499e+02
2.124405078179243560e+02
2.157886085462433812e+02
2.122248828607407916e+02
2.130513113184051690e+02
2.134716503541558836e+02
2.123648486988180935e+02
2.135962835951122543e+02
2.134314550993584589e+02
2.128717708563645488e+02
2.118712878747451214e+02
2.120578166599767655e+02
2.156433460942349427e+02
2.133173835521082253e+02
2.128865335719515599e+02
2.125612487835173283e+02
2.161049625599611943e+02
2.135657225106199917e+02
2.129353323757771648e+02
2.106760900784936723e+02
2.144274074358693269e+02
2.148013830835516558e+02
2.110530731101104038e+02
2.127338808799947572e+02
2.137953766309075547e+02
2.142224398212035226e+02
2.132197827291167584e+02
2.145516511584851287e+02
2.111906760654796926e+02
2.116080056660270543e+02
2.140201274908966127e+02
2.143542347813542790e+02
2.154647112148384167e+02
2.146637452577607235e+02
2.149470195928859937e+02
2.100012455357395993e+02
2.121724100797199526e+02
2.154694733724273021e+02
2.145918815149539967e+02
2.130009508679685837e+02
2.113132835391317315e+02
2.123851272113863331e+02
2.121784561549838770e+02
2.116703937309893888e+02
2.148843662948094959e+02
2.138137522159889556e+02
2.122056691698289796e+02
2.134596727631011390e+02
2.154738334562480873e+02
2.121660891054645788e+02
2.140150956597025527e+02
2.137894028420938923e+02
2.115891277690705294e+02
2.139951938285880431e+02
2.129987428079807614e+02
2.104595074948364868e+02
2.135666524640025727e+02
2.157723245387213069e+02
2.137883462892841635e+02
2.143656374056380400e+02
2.138231079342016301e+02
2.140515779581807294e+02
2.141306426483948826e+02
2.134855975664149241e+02
2.145244397343078049e+02
2.144163344840115144e+02
2.131470239153143211e+02
2.118492156402327851e+02
2.125345296056921711e+02
2.154543441765789851e+02
2.141419234297392222e+02
2.131115809014504237e+02
2.151516999710594007e+02
2.112616348222360330e+02
2.134958256703814072e+02
2.142658076963406302e+02
2.133944199331901643e+02
2.159908079378238028e+02
2.129960096104984189e+02
2.149720418438406284e+02
2.137900059508721142e+02
2.127162753407273783e+02
2.146603438868196463e+02
2.140475355827573765e+02
2.114186002638461161e+02
2.147685060057026476e+02
2.129753738314757925e+02
2.130304382029666215e+02
2.124200593837063593e+02
2.140530349084298507e+02
2.123410676225680902e+02
2.141805374556897448e+02
2.145855763124360749e+02
2.130441416041575451e+02
2.127514258234509725e+02
2.140560926601107212e+02
2.128799228426001662e+02
2.153975210553686281e+02
2.149211447613315329e+02
2.134011705208709486e+02
2.123636661521896372e+02
2.139257783274208009e+02
2.113427683605897585e+02
2.143139159308912269e+02
2.154247672817274690e+02
2.139641874658969414e+02
2.122727251693167148e+02
2.143721666088258644e+02
2.131509892877535890e+02
2.143467832565061997e+02
2.130989646997932141e+02
2.129010674031868291e+02
2.119381319711657170e+02
2.126716037093868863e+02
2.158413373176617824e+02
2.134605957599747228e+02
2.130107143987921177e+02
2.138599465812951621e+02
2.152554778747428657e+02
2.104882596055039130e+02
2.123743972463451541e+02
2.143765873943426641e+02
2.135780099270951382e+02
2.149648229539551494e+02
2.156525112099814692e+02
2.138328059654751030e+02
2.120867469578850546e+02
2.139484249720805167e+02
2.138520290968516235e+02
2.145801506776463441e+02
2.149060102812255195e+02
2.137531126870339619e+02
2.142848141180778043e+02
2.140269616825121943e+02
2.140387811851020388e+02
2.142447578575900593e+02
2.138782755007815126e+02
2.125596578287443208e+02
2.136540197430010437e+02
2.126278716093284231e+02
2.140805709855620194e+02
2.134835072770395357e+02
2.138878886703443527e+02
2.117397145323196810e+02
2.132488999435051653e+02
2.119464215929143620e+02
2.131318815162902069e+02
2.128433768998290816e+02
2.152752602275456582e+02
2.131566274144525437e+02
2.146938873942958423e+02
2.125267154326725745e+02
2.149360598603818744e+02
2.131479625495781249e+02
2.123624298281727079e+02
2.118176102419467668e+02
2.146428323592921288e+02
2.137180742989395128e+02
2.127643461431011360e+02
2.158418162125665560e+02
2.143247865220376980e+02
2.125008185774731260e+02
2.148064842056792827e+02
2.128074078703671717e+02
2.142802438549763622e+02
2.103096474510538769e+02
2.111456683176452316e+02
2.135046984974030977e+02
2.133250998651422208e+02
2.140475287178071540e+02
2.135784693030221888e+02
2.115711369878138441e+02
2.137063440816511957e+02
2.114591273492188463e+02
2.130704373980333628e+02
2.120947697467032924e+02
2.115801081768110805e+02
2.129281790728704493e+02
2.141082531560489883e+02
2.148159901582442046e+02
2.149962117537265271e+02
2.133213954366177347e+02
2.146391733525285872e+02
2.137632390348543368e+02
2.135261423853746408e+02
2.134278440919748903e+02
2.137836723322020589e+02
2.128978485247309038e+02
2.153892242341991903e+02
2.155398437053912915e+02
2.161296376417251111e+02
2.129493429180358817e+02
2.136863497544145787e+02
2.138147162457835009e+02
2.142036791641444893e+02
2.140400026624903660e+02
2.140258711512133232e+02
2.145288343313501969e+02
2.114900126187449700e+02
2.145246274450854571e+02
2.151181176260355983e+02
2.114482695094071971e+02
2.093525217130370208e+02
2.136798904733121276e+02
2.109252990139265194e+02
2.144591580836938363e+02
2.155769546103796017e+02
2.134889688912945473e+02
2.149474562580002157e+02
2.122829145321663589e+02
2.136528800718078855e+02
2.144471485635292538e+02
2.123410986761669506e+02
2.144671094093033616e+02
2.137799968878255470e+02
2.115121145914832255e+02
2.132676746450150347e+02
2.134572930727065341e+02
2.151423206951670579e+02
2.163421559981096323e+02
2.148925152456819205e+02
2.153826063055585962e+02
2.139783899294234857e+02
2.127436553282724390e+02
2.132449557531333255e+02
2.109841587740972955e+02
2.150554274717028420e+02
2.123937955313237751e+02
2.142151425092910131e+02
2.139530179490188573e+02
2.145775767794058027e+02
2.145038213998394383e+02
2.132463683811800763e+02
2.148846032796857912e+02
2.146409014503966262e+02
2.134877895028969021e+02
2.160875684743510874e+02
2.101233090177620682e+02
2.143081267090518622e+02
2.129230730383292212e+02
2.112798590433642403e+02
2.143299128766318233e+02
2.120940536774511997e+02
2.173771739370939997e+02
2.140802735450929504e+02
2.125644367598260374e+02
2.136103078660472363e+02
2.138410963506767644e+02
2.140418904942468146e+02
2.151381301019472119e+02
2.138773653398425267e+02
2.131880739711597244e+02
2.126340655017651784e+02
2.145729224728761153e+02
2.160776531482942460e+02
2.143260122590166645e+02
2.125613254157121332e+02
2.150768768290079436e+02
2.106467049086426755e+02
2.151099675557748583e+02
2.148509762782791483e+02
2.144503273332465767e+02
2.132156614520980611e+02
2.118988850773453692e+02
2.123627674167171620e+02
2.154130368510773508e+02
2.127862570188966913e+02
2.136494349977663774e+02
2.141777039083682723e+02
2.123758995932090556e+02
2.121086657465133101e+02
2.131918537929269348e+02
2.156283304103758667e+02
2.130504507552546158e+02
2.130960968016693755e+02
2.143088285148571686e+02
2.110119535191494151e+02
2.107187513577996469e+02
2.136672993038247625e+02
2.132735862842399683e+02
2.128331455562461372e+02
2.127142034488481102e+02
2.136805478415724338e+02
2.141371932225441697e+02
2.127837083887168887e+02
2.141938972622196218e+02
2.154747783444568370e+02
2.143404690427906303e+02
2.138043949274148190e+02
2.148070117818404867e+02
2.129671323662413727e+02
2.144945695697571466e+02
2.128075549767385723e+02
2.115589263798077013e+02
2.120437928489183150e+02
2.141367575849303648e+02
2.163699247379889243e+02
2.124882258259516448e+02
2.118643872543221960e+02
2.168787663864260082e+02
2.143804736682907333e+02
2.145261163157058206e+02
2.155792272254277293e+02
2.132280739971101013e+02
2.150889520949963583e+02
2.153536098201498703e+02
2.128067275598861556e+02
2.141739192105436302e+02
2.136934075630464633e+02
2.134602780653823686e+02
2.115717754143174716e+02
2.146277749325980153e+02
2.145093907688665524e+02
2.142874956122767856e+02
2.125564815840839117e+02
2.115387408737354633e+02
2.126841884845054551e+02
2.130827607669161807e+02
2.147078908320239918e+02
2.166446888953172731e+02
2.122137355353923738e+02
2.132643402996497173e+02
2.137384455579158384e+02
2.114115697401942668e+02
2.107257685479475811e+02
2.144689840267308227e+02
2.132691523793219233e+02
2.144654221333558723e+02
2.154681429911387340e+02
2.135268800547808326e+02
2.134547275371786554e+02
2.148006493993064510e+02
2.123576670483200814e+02
2.143438050869690130e+02
2.141019403346230945e+02
2.121388748329587202e+02
2.131879096091997781e+02
2.134504230005572367e+02
2.131881286116426111e+02
2.138859836035404385e+02
2.130115116537990048e+02
2.127104130266643551e+02
2.127214359561448305e+02
2.129559707322507904e+02
2.146744636870634793e+02
2.145031758072217940e+02
2.139650481931042805e+02
2.146270074865746551e+02
2.124135049023080626e+02
2.157700065985150673e+02
2.147994855114561119e+02
2.136112287122773239e+02
2.122627886591779713e+02
2.141546960177897461e+02
2.127525358561616997e+02
2.115844771697266253e+02
2.139476927628215321e+02
2.147310590157331092e+02
2.124557453744686484e+02
2.148346826804745717e+02
2.135164518849427964e+02
2.137778125998580379e+02
2.120337883312060114e+02
2.129597951450918174e+02
2.120335999394815758e+02
2.133303869018979242e+02
2.122627814942878786e+02
2.145458718839827270e+02
2.144901224782205986e+02
2.132328375743988715e+02
2.116462416936230397e+02
2.111629886337166511e+02
2.134729180418752037e+02
2.146163636396582604e+02
2.106496271285059834e+02
2.132429616900878671e+02
2.110385046159907176e+02
2.128652877880692529e+02
2.144489376899135493e+02
2.150083946378406665e+02
2.135459528001529463e+02
2.138225170427492117e+02
2.126624984856242406e+02
2.139717031935419129e+02
2.143057172619513437e+02
2.125471998914327116e+02
2.101041374280076752e+02
2.141184100516402111e+02
2.158830393873577407e+02
2.119564058272774787e+02
2.120833950278626787e+02
2.137335277947332770e+02
2.141489636681261857e+02
2.129157852216821141e+02
2.155711364718063692e+02
2.131419295356132295e+02
2.128956521839830600e+02
2.124957985397415428e+02
2.140662182643055189e+02
2.132538626832273110e+02
2.128766312772950471e+02
2.133375199184894200e+02
2.130801956724279194e+02
2.145628041344089070e+02
2.122436969818458010e+02
2.156150395580234829e+02
2.124871385470073335e+02
2.124275984625385547e+02
2.147002322034985582e+02
2.139328962700354850e+02
2.126176792143821501e+02
2.105651189707858464e+02
2.156681655083716862e+02
2.134241590428878794e+02
2.141729570137349015e+02
2.142412904394462885e+02
2.141519053111636595e+02
2.101181242504876820e+02
2.135596407638403775e+02
2.126797383851918823e+02
2.137058789795929101e+02
2.116689309451715530e+02
2.124636447386789939e+02
2.145081942084209743e+02
2.140298747710964733e+02
2.139131860078110776e+02
2.101004824355636060e+02
2.145722829456333898e+02
2.148595147028096619e+02
2.141078245610995054e+02
2.143202976025985436e+02
2.143192699194122781e+02
2.140711939735504359e+02
2.133065657596250162e+02
2.147331861718021457e+02
2.110722751411187517e+02
2.118979002399370870e+02
2.139329325364772671e+02
2.153554389627867067e+02
2.142406019691662209e+02
2.126328876908264931e+02
2.128238338170814359e+02
2.148139954793342099e+02
2.126875672836327169e+02
2.119411885686573669e+02
2.138989114057808081e+02
2.129704120998788710e+02
2.125377757119354101e+02
2.126202528930580797e+02
2.135305480657527539e+02
2.135671540519052485e+02
2.109918977646251221e+02
2.134527217594007595e+02
2.135856106580580729e+02
2.153992014374526320e+02
2.124200605724618640e+02
2.144859698111590092e+02
2.130142220309706147e+02
2.135353861234600572e+02
2.088448172873023054e+02
2.137425135839347661e+02
2.128799658433373452e+02
2.122149654143657358e+02
2.126899611183884531e+02
2.134979851924132674e+02
2.094944746923556238e+02
2.115621554590593689e+02
2.131936393894503112e+02
2.136257318059334125e+02
2.123551061099466040e+02
2.120306409324018375e+02
2.141430329130063512e+02
2.166973595729336068e+02
2.135218110284088482e+02
2.129162022332924948e+02
2.142976077794147329e+02
2.145224771596706432e+02
2.133342930279059431e+02
2.125145022368997161e+02
2.131499369797291763e+02
2.130070423647055406e+02
2.110347699156367867e+02
2.144325555034417334e+02
2.124478785575444419e+02
2.126721821267893802e+02
2.135338265144563081e+02
2.114046669295059644e+02
2.133150940014095340e+02
2.117909350718317967e+02
2.116213652877395361e+02
2.147033440258804831e+02
2.137678977344828581e+02
2.130945681993064795e+02
2.147806699954804799e+02
2.119353302397749417e+02
2.115631610890092134e+02
2.131666538551051246e+02
2.138744217549791529e+02
2.118492212103970189e+02
2.116509885851972683e+02
2.158179354798186864e+02
2.116395223298509336e+02
2.122339504004427226e+02
2.111844607397792686e+02
2.132206918626282004e+02
2.140773166262635527e+02
2.142979139413007488e+02
2.129400159243825215e+02
2.142461684131577044e+02
2.139983035356316350e+02
2.130943220443624284e+02
2.141624643038808529e+02
2.140278390266528277e+02
2.127544708111471436e+02
2.127775615960777884e+02
2.133449135876498133e+02
2.123039372481162275e+02
2.125571749799543113e+02
2.154727719991220170e+02
2.137095843735602330e+02
2.140996667500267563e+02
2.129840440292981043e+02
2.115060691359237808e+02
2.142982936216833139e+02
2.126161520732025849e+02
2.108786109498463759e+02
2.134275287450377618e+02
2.146726725092902655e+02
2.112927203136045478e+02
2.140149655066762193e+02
2.120033798293711982e+02
2.147820638224631296e+02
2.125993970078833968e+02
2.146320357713157421e+02
2.127205205267174790e+02
2.137261374523525888e+02
2.116312391568229714e+02
2.126384669674660302e+02
2.150075198196308861e+02
2.128360120074210897e+02
2.122202242842854787e+02
2.131487029633765360e+02
2.126952107540542443e+02
2.145043207721523402e+02
2.132949053964133270e+02
2.142775383443525925e+02
2.129274100830214422e+02
2.139742122855030004e+02
2.132414136108013452e+02
2.120408636576169670e+02
2.138036590572038449e+02
2.134669018980534645e+02
2.118718218831060653e+02
2.140967044595242896e+02
2.124295420232773779e+02
2.151502779103486205e+02
2.101816133824404176e+02
2.131317844204891685e+02
2.153455358495514247e+02
2.125508796074261113e+02
2.111127493069930097e+02
2.128565704441395781e+02
2.107070412298171505e+02
2.140247089949832002e+02
2.145366148139948166e+02
2.121125380999418439e+02
2.136827448105227916e+02
2.128625059396088943e+02
2.121212702172355193e+02
2.114789110385897857e+02
2.147930666259629504e+02
2.132550080434054962e+02
2.116446355535468911e+02
2.142314081591856620e+02
2.117752881533957066e+02
2.149468958013466420e+02
2.147895498287045086e+02
2.142247605115479132e+02
2.142789421274516428e+02
2.124153682608963436e+02
2.124736816595009543e+02
2.135770470631696867e+02
2.111451849023685554e+02
2.132698185759370233e+02
2.156170784774551805e+02
2.140626360313018210e+02
2.109977712475477460e+02
2.138307687319784804e+02
2.131273085111263583e+02
2.143867961083082605e+02
2.148510155212386508e+02
2.144771084168399113e+02
2.128810847085774469e+02
2.133566759920510094e+02
2.118796075049095009e+02
2.121940167549954026e+02
2.122021360841965532e+02
2.146588200168322373e+02
2.130084391705565565e+02
2.134022148221093858e+02
2.136561529152891126e+02
2.127534494053109881e+02
2.156395426146387990e+02
2.141592330955130024e+02
2.146077379373990084e+02
2.144288381925677811e+02
2.143852539697145119e+02
2.134564246828040552e+02
