1.205082118958390538e+02
1.179952126627523228e+02
1.211456721744293219e+02
1.219615330794568564e+02
1.229736735987041953e+02
1.215477436698613616e+02
1.234451200481698976e+02
1.201657083026723569e+02
1.218713093334716433e+02
1.200111806987218301e+02
1.195135624754987305e+02
1.210958176609364614e+02
1.190192464838211208e+02
1.207079493720895584e+02
1.190783631776695017e+02
1.193827319463076151e+02
1.183000351341722194e+02
1.197660637330084086e+02
1.205044057496679244e+02
1.235287946412915829e+02
1.182111292722958211e+02
1.221454503236733018e+02
1.203128378362618776e+02
1.200033959547833575e+02
1.200103191032582828e+02
1.198281109169074767e+02
1.199671312830252674e+02
1.199507653836662371e+02
1.215811460635913761e+02
1.191941563709282548e+02
1.201628527056601712e+02
1.199846077121370769e+02
1.209192529721692182e+02
1.213470217579648534e+02
1.184792471381484518e+02
1.195668748818941225e+02
1.232124998074105378e+02
1.177359483257837383e+02
1.202879373810459214e+02
1.204973744328400187e+02
1.179174678671997896e+02
1.193728252367097582e+02
1.204312119854141514e+02
1.211179352385251775e+02
1.199166923183713322e+02
1.183840703393881597e+02
1.183830804454015322e+02
1.192720632611691087e+02
1.205948890336066057e+02
1.203998294606177524e+02
1.200680561143137055e+02
1.222669008788051741e+02
1.227870963770363062e+02
1.192870923082224976e+02
1.200915780399257216e+02
1.167833576582393960e+02
1.198156914830368436e+02
1.173241015491378505e+02
1.208414017488630492e+02
1.211955155991543620e+02
1.174219962934182178e+02
1.208515279699432199e+02
1.192011594692770871e+02
1.193896070589277230e+02
1.181722625259030934e+02
1.196500211002191634e+02
1.198752983331322213e+02
1.197406061696998307e+02
1.201134894749588113e+02
1.217995960451328727e+02
1.204442536925953533e+02
1.201321258443294084e+02
1.188957808072613744e+02
1.187067472222174302e+02
1.207474420856249822e+02
1.197151438014506368e+02
1.211180639291662260e+02
1.218023499631719631e+02
1.230069320622144602e+02
1.193839385498687449e+02
1.196335241768692299e+02
1.195638580876474606e+02
1.188999529598192595e+02
1.207330476491614206e+02
1.185199025346809947e+02
1.185165775281570433e+02
1.184862276564297900e+02
1.195494129734337463e+02
1.211087342624765029e+02
1.217875176987662940e+02
1.204234676830732980e+02
1.215036370300047111e+02
1.191290712408006272e+02
1.204776949104292072e+02
1.192798895377692645e+02
1.204405507363531029e+02
1.189340706858219079e+02
1.202972394063656054e+02
1.200619515633356826e+02
1.215836229610091834e+02
1.203529091165521123e+02
1.195854328111135345e+02
1.218128321579100231e+02
1.192451879621272326e+02
1.168106433904689681e+02
1.209754602656538367e+02
1.206182171467666535e+02
1.201857904688935292e+02
1.166019575466865490e+02
1.206645981683186193e+02
1.186629627405090730e+02
1.199081533217357816e+02
1.213393092919806264e+02
1.192234832570184864e+02
1.174909461245758280e+02
1.227721518874304110e+02
1.181513754664997720e+02
1.194891902454133259e+02
1.206540169041682873e+02
1.195938625593121429e+02
1.207546656256011488e+02
1.215154194359027429e+02
1.199429233841008937e+02
1.184715362215622889e+02
1.206012911731499884e+02
1.191516118859337041e+02
1.178581469892293541e+02
1.209985366374061329e+02
1.202276490385677334e+02
1.228250861378614474e+02
1.199800321517370776e+02
1.192089157078411574e+02
1.198194461495965299e+02
1.210691691083517014e+02
1.222660303180838639e+02
1.203276592328723353e+02
1.171422981167978037e+02
1.190161785696138992e+02
1.175598297902030112e+02
1.206637205700765492e+02
1.191216695015272080e+02
1.190493238198634884e+02
1.204387712733101807e+02
1.195726230225390196e+02
1.186300892208639794e+02
1.208784390565848526e+02
1.182566143128078977e+02
1.180807766736478612e+02
1.201707586322178258e+02
1.198592431162603305e+02
1.189915092742660363e+02
1.213864362295869910e+02
1.207219994453856060e+02
1.217489300735874878e+02
1.198963999002209420e+02
1.201262215723385793e+02
1.208921537032584155e+02
1.217650524047138418e+02
1.203881910394092642e+02
1.168817130763920034e+02
1.201953203633706124e+02
1.185430170560323688e+02
1.205699383610058817e+02
1.196685060883661720e+02
1.191689222070777845e+02
1.192915730967893921e+02
1.178792475408164222e+02
1.210749398660293679e+02
1.197824088921035752e+02
1.183403757585483049e+02
1.193090589706281293e+02
1.193453655402021667e+02
1.155160682942269403e+02
1.231578824867525128e+02
1.199859134282574900e+02
1.187862920101482302e+02
1.197866823145513706e+02
1.211816084554400135e+02
1.180267644925069135e+02
1.215040516512077460e+02
1.189658609182714457e+02
1.190941243966585006e+02
1.196593096127349583e+02
1.198457935725912051e+02
1.186196313819611277e+02
1.193389934278290667e+02
1.209132663939717958e+02
1.204343028934510045e+02
1.185051841843000773e+02
1.213759672444402895e+02
1.188924898156526382e+02
1.201284797907097897e+02
1.198568532236935766e+02
1.192381307565792099e+02
1.207462139649722985e+02
1.167486488845988646e+02
1.212666245611471112e+02
1.223235231263703184e+02
1.193884185411305339e+02
1.191139335214508321e+02
1.188459422819163080e+02
1.188329181100246501e+02
1.231630456915209209e+02
1.188908414128989506e+02
1.209384802738589713e+02
1.186163409433712843e+02
1.186591834452170104e+02
1.209948053276998081e+02
1.200938875174071967e+02
1.234531192766273620e+02
1.213679883942956792e+02
1.198720361506799179e+02
1.218723784222430169e+02
1.186078957074404485e+02
1.214098354992956388e+02
1.201945919106706526e+02
1.224649624905045613e+02
1.214546459552832971e+02
1.185917382181335142e+02
1.196018315545020982e+02
1.208945081027973458e+02
1.207006702904151325e+02
1.214990365702221027e+02
1.208592485991068060e+02
1.197425779982554133e+02
1.198028163095635108e+02
1.174420921736526537e+02
1.213864233844078910e+02
1.230151516825089288e+02
1.187515116919392142e+02
1.216763382904775739e+02
1.207547575990618469e+02
1.185093356107407629e+02
1.185774041764779838e+02
1.211668905284848847e+02
1.188880797487889680e+02
1.158984309611741850e+02
1.209022289007646975e+02
1.207635000728516559e+02
1.195261938545469320e+02
1.199319297695156763e+02
1.190651051089345884e+02
1.205915702639728835e+02
1.199450382816842477e+02
1.195695778458607634e+02
1.224698747420998899e+02
1.198708240300725265e+02
1.171549747636663881e+02
1.200947378207078486e+02
1.199854897547295423e+02
1.194356192888824921e+02
1.191965997481862019e+02
1.197341005382855599e+02
1.201091133511451829e+02
1.206784261257834601e+02
1.200730718778401922e+02
1.224848161788586083e+02
1.208425373326886358e+02
1.198466757024916518e+02
1.190659735541381963e+02
1.193637887935149564e+02
1.183351644447357813e+02
1.204834604393757473e+02
1.198351489529210312e+02
1.209741828320239705e+02
1.211343663141489344e+02
1.192968867418548200e+02
1.196071545879798350e+02
1.184033793822704155e+02
1.219405540743348553e+02
1.193445575481173222e+02
1.215131873833891518e+02
1.215074184422975350e+02
1.201453404503171640e+02
1.232738871914220908e+02
1.184978947222237764e+02
1.225019914716473295e+02
1.184144980572914392e+02
1.192012220081709160e+02
1.197742609957123250e+02
1.218574184780924270e+02
1.211710147730345142e+02
1.192254837234582681e+02
1.198234753123881973e+02
1.206568482291298636e+02
1.187720297610480316e+02
1.225535001759033378e+02
1.170003061122010735e+02
1.202316792389636078e+02
1.206205128413925536e+02
1.201474717134613286e+02
1.183624099519002755e+02
1.216460451374256166e+02
1.204752417976964267e+02
1.195971093748625833e+02
1.202416711533846154e+02
1.165244735542852936e+02
1.201053900145647475e+02
1.202389631706587068e+02
1.204918330352355582e+02
1.185856308961619874e+02
1.195119861415266342e+02
1.196536842680934001e+02
1.195154022297047760e+02
1.192034701042986313e+02
1.199292818931006650e+02
1.204482623383834863e+02
1.189362749784738611e+02
1.203987048248949208e+02
1.203752046405258938e+02
1.202520103930924762e+02
1.190596287838270513e+02
1.222850466323027234e+02
1.165910301136317457e+02
1.203884757370573197e+02
1.209632975314464005e+02
1.205996422835331146e+02
1.173405597769053799e+02
1.199888780389282346e+02
1.170702275489455104e+02
1.198377401943833434e+02
1.195500103804438226e+02
1.173737875965629343e+02
1.196662813212142993e+02
1.215648634459518291e+02
1.191550232391216753e+02
1.194993999647356588e+02
1.196762062672606248e+02
1.188818745355103488e+02
1.196752942473947172e+02
1.192380122185459186e+02
1.198720335639441288e+02
1.211922908851286422e+02
1.211887498310081384e+02
1.201586503445261940e+02
1.183302296747430802e+02
1.211980460140306093e+02
1.201634896313183276e+02
1.189784649420928559e+02
1.212190553757281464e+02
1.188693124240012224e+02
1.206251253226613329e+02
1.200873322095274318e+02
1.205497356616507432e+02
1.206662094085841090e+02
1.180057365668566121e+02
1.202336844118727157e+02
1.161408826801785494e+02
1.217992865186120639e+02
1.202144563175942551e+02
1.178993016118144226e+02
1.181128553056796733e+02
1.217117612923395740e+02
1.200159926501580827e+02
1.220672067332509982e+02
1.208243264412944740e+02
1.208727371694634485e+02
1.186002244178801845e+02
1.205257227080090132e+02
1.178555361313976704e+02
1.210083865804140544e+02
1.190543667684512457e+02
1.202851797800721130e+02
1.207564490606232965e+02
1.186000956414849696e+02
1.187041576020034199e+02
1.219256763272324520e+02
1.204341601218118569e+02
1.204290435962044370e+02
1.219559622744841079e+02
1.197256039577649602e+02
1.190912501278796185e+02
1.197271388004127601e+02
1.187373943957737339e+02
1.209798337248222992e+02
1.183530274125830601e+02
1.198610585367090948e+02
1.200706587890325210e+02
1.197266272739749695e+02
1.214194188041779086e+02
1.199107541721983807e+02
1.180735631061481996e+02
1.188272191510275206e+02
1.204691778104434832e+02
1.168353426407586824e+02
1.213866281171620329e+02
1.210043133932896495e+02
1.191068665368197372e+02
1.190252593849961187e+02
1.189323616147230780e+02
1.184705978660304879e+02
1.200002907375057362e+02
1.216281743830511886e+02
1.195168990207355364e+02
1.203240320379836561e+02
1.192016309054052243e+02
1.182256497881073187e+02
1.184041889204122384e+02
1.206404900791144428e+02
1.203902072463228876e+02
1.182705113927217724e+02
1.202395647824701825e+02
1.215252889932385614e+02
1.197626405871645261e+02
1.198149820344638954e+02
1.179002081950159635e+02
1.208075911276418708e+02
1.205116491578503144e+02
1.185366852258061670e+02
1.192864837138229177e+02
1.174148242647995204e+02
1.199973211294824722e+02
1.219452211947804585e+02
1.215594888219367675e+02
1.220601509265312927e+02
1.201359239388048223e+02
1.214562788071533532e+02
1.191689994184912820e+02
1.203199682838994988e+02
1.190186282494186685e+02
1.204520434407342009e+02
1.181035168039348946e+02
1.195569372563997632e+02
1.205861654438002546e+02
1.189411202249106339e+02
1.202107350994550217e+02
1.217956983550790113e+02
1.203709018139285689e+02
1.185122034030036957e+02
1.186916226610335769e+02
1.187950010896914392e+02
1.219215689494717196e+02
1.165721002827823298e+02
1.200203099644913891e+02
1.198673345772372016e+02
1.198709239996550906e+02
1.203940316991496218e+02
1.187813586913640762e+02
1.186855762272311807e+02
1.206231098255077256e+02
1.202727659069798847e+02
1.216043325601844600e+02
1.195100091607224329e+02
1.206401891748489277e+02
1.185551902220345823e+02
1.230263115269391108e+02
1.200397747207699837e+02
1.206284816070494372e+02
1.197841087211066764e+02
1.212324491465325877e+02
1.200957726716080316e+02
1.210643371337976646e+02
1.178808509016091222e+02
1.221366309772729437e+02
1.215768709154327780e+02
1.179144534864859537e+02
1.218093507996093905e+02
1.202058313980633955e+02
1.189371385419640745e+02
1.192458835764631147e+02
1.200573707584915297e+02
1.192178440745328913e+02
1.210781617647246691e+02
1.176305176787464148e+02
1.196350535195322209e+02
1.218420140100264177e+02
1.231416029929591502e+02
1.201922853398780973e+02
1.194470283462895708e+02
1.208811990692014575e+02
1.176630047777635895e+02
1.194427860828907768e+02
1.192141058645923408e+02
1.234744215351472576e+02
1.177306622153316908e+02
1.192166886430886450e+02
1.190216568459290443e+02
1.201150537371455727e+02
1.214496788942312833e+02
1.206220490090486237e+02
1.206290407095788169e+02
1.187987827761016888e+02
1.192419686468132625e+02
1.188128189149466039e+02
1.189481181929494227e+02
1.204088877326117597e+02
1.200733919680587292e+02
1.185137565780230346e+02
1.198905293245541372e+02
1.212663010463309803e+02
1.180764548395960247e+02
1.216409768363309780e+02
1.203664714929735737e+02
1.202278656126965330e+02
1.181361665139351089e+02
1.202928262413291520e+02
1.189718924703978331e+02
1.200673993396483894e+02
1.224757147990031143e+02
1.192651756022290357e+02
1.184149250468399117e+02
1.182115545564979016e+02
1.192295911595407460e+02
1.197899529046750615e+02
1.195479064415592632e+02
1.179808863813292561e+02
1.199464777417947090e+02
1.185567636462496921e+02
1.203321270378604595e+02
1.219400734963095800e+02
1.175642836529455906e+02
1.183169334610621632e+02
1.194870363582884210e+02
1.200981669235814593e+02
1.178686047104209251e+02
1.192521908943902105e+02
1.196606479563174616e+02
1.184240560655636045e+02
1.190770077306317063e+02
1.207412435330892890e+02
1.223555248578614822e+02
1.203632165419699618e+02
1.222999176179554013e+02
1.203095566875733198e+02
1.195107606380641130e+02
1.182954843025485445e+02
1.197027758335738810e+02
1.172388982341541208e+02
1.215573290386274579e+02
1.177505403219916076e+02
1.192744905069677088e+02
1.218666650389359916e+02
1.173341765572118618e+02
1.205474811200348029e+02
1.237037812556347518e+02
1.209608231889165353e+02
1.215728878736439924e+02
1.199887523779071898e+02
1.194375524335301577e+02
1.188991727102027909e+02
1.186004824522302528e+02
1.200202092847736282e+02
1.212683908188695909e+02
1.181832137209147788e+02
1.187364339092280261e+02
1.186901646345371404e+02
1.210701221069440265e+02
1.212425745229175504e+02
1.214925550723294521e+02
1.188057419060490929e+02
1.202967410489247158e+02
1.189484185091553883e+02
1.207920396565845493e+02
1.214657851605284833e+02
1.186684191175343557e+02
1.174505571415132010e+02
1.213037406969545771e+02
1.213231222766220156e+02
1.214197897950385396e+02
1.189231507666488596e+02
1.203415648255151922e+02
1.196039880482312014e+02
1.207670217666301653e+02
1.185627106488860392e+02
1.184183360236786626e+02
1.208339968020670483e+02
1.187551198036034066e+02
1.205048415559571851e+02
1.200874330925760631e+02
1.176289881108506137e+02
1.188062966864864478e+02
1.176059874757469004e+02
1.198440168468695504e+02
1.196637647036697700e+02
1.199837283077839203e+02
1.182485297211919004e+02
1.210063583747831615e+02
1.212786861182538303e+02
1.200507454623042491e+02
1.181689873047627231e+02
1.202106361262076888e+02
1.181447573586908106e+02
1.195614838015021917e+02
1.214849914123091565e+02
1.174558633398982721e+02
1.200851768979253222e+02
1.171900293636896322e+02
1.191014693054833202e+02
1.196442526264167014e+02
1.220368177277802602e+02
1.181730038055169274e+02
1.196576614866189487e+02
1.182101979508364877e+02
1.217698450934845908e+02
1.205193012831530126e+02
1.195737432651999370e+02
1.179483772967638231e+02
1.191629298425466601e+02
1.203767242948843972e+02
1.188773967908539930e+02
1.198746881118959635e+02
1.185739865095541319e+02
1.186609897717281541e+02
1.213669253713923837e+02
1.206739135886200671e+02
1.180556469365568688e+02
1.214960250172152172e+02
1.221055454111634475e+02
1.213299061839884132e+02
1.232260829751466531e+02
1.202062506750425541e+02
1.179228647308201090e+02
1.206077882729432815e+02
1.200637362983058978e+02
1.217914947378216084e+02
1.203893994304601591e+02
1.205973153633747046e+02
1.185768548171783436e+02
1.196442837362227039e+02
1.213728798685844339e+02
1.206585110670192194e+02
1.204726924165190809e+02
1.202446991655591546e+02
1.220496901006762158e+02
1.225290822413440424e+02
1.179254202018546209e+02
1.205155488271228421e+02
1.214297614316361091e+02
1.217018452630065042e+02
1.177257699287533654e+02
1.199924442696428883e+02
1.202270733819654112e+02
1.184605385458426241e+02
1.190858029754099761e+02
1.202533379453019364e+02
1.207050124753795757e+02
1.197734481394559793e+02
1.188891868333370780e+02
1.183145859199367038e+02
1.206045163539032075e+02
1.160603448910040782e+02
1.196535445296633355e+02
1.199055380515450366e+02
1.196487171483720431e+02
1.212171626160084941e+02
1.205998605629285123e+02
1.204338178732031110e+02
1.211677314389301330e+02
1.189101224522879221e+02
1.205310964441552386e+02
1.190234045710453330e+02
1.222264683338417655e+02
1.189461584571158568e+02
1.186596205290959887e+02
1.210650601237991566e+02
1.209293555683471766e+02
1.223235701083128788e+02
1.188784048136662506e+02
1.223383109764282608e+02
1.215122349115319764e+02
1.199131911323937629e+02
1.205700972504053397e+02
1.208940403968439909e+02
1.186188891543915105e+02
1.187964285784613878e+02
1.184121859472828078e+02
1.210011153710837135e+02
1.185288253838675701e+02
1.201885971021043673e+02
1.212826028212240033e+02
1.192473976290047943e+02
1.180379139296740618e+02
1.213908125817326322e+02
1.188857438185234372e+02
1.176853369692888549e+02
1.203862838998196878e+02
1.212686540740707670e+02
1.180759706166300589e+02
1.204337660965576191e+02
1.205922708042307931e+02
1.193014150716263231e+02
1.203956956068744830e+02
1.207229596900600654e+02
1.218400628211323919e+02
1.210144010497722888e+02
1.199979976727689461e+02
1.182136923009578311e+02
1.196504362153344374e+02
1.217852259718704460e+02
1.197965336395064071e+02
1.202277557093022295e+02
1.210767828351108051e+02
1.211419468260882866e+02
1.195594514823605152e+02
1.210449878019031900e+02
1.204679392961110125e+02
1.200751134179585620e+02
1.211993985457341125e+02
1.219710783359290360e+02
1.203144742214286254e+02
1.213062995102571904e+02
1.212419874827995017e+02
1.216101258479737055e+02
1.200152973754250922e+02
1.196921076521567215e+02
1.208068537110201532e+02
1.195483125631654104e+02
1.181456335759218064e+02
1.179164101424980657e+02
1.202741533948027666e+02
1.163918545483853819e+02
1.191343295788318670e+02
1.227215450631780271e+02
1.175150581162364745e+02
1.191524951628005482e+02
1.199107432809489637e+02
1.218249631283603094e+02
1.245194290026421413e+02
1.202238982684631594e+02
1.205316634100701663e+02
1.179054348800779763e+02
1.204103474881325297e+02
1.219851802143375465e+02
1.229513539886971643e+02
1.198006912456402944e+02
1.177601580445369933e+02
1.199996739523751756e+02
1.218959196824972793e+02
1.166371669266879536e+02
1.198579936859858464e+02
1.220544517544241216e+02
1.195271493118700334e+02
1.202017482465003724e+02
1.198195909905783623e+02
1.183360270733393378e+02
1.196705699776913292e+02
1.200926204047923278e+02
1.216880190684076410e+02
1.207769442942074534e+02
1.173841697087745928e+02
1.201466730470355202e+02
1.208614665246179527e+02
1.182539027199274102e+02
1.166834495287157552e+02
1.200452100653939880e+02
1.191132817029034072e+02
1.212775362846358149e+02
1.210625884795696692e+02
1.209682293621998923e+02
1.180446901220091718e+02
1.180116059794383006e+02
1.188448727714522164e+02
1.195417179360593707e+02
1.211673774392771037e+02
1.196650396563031649e+02
1.215415529551950584e+02
1.209785685052064821e+02
1.201569935642905023e+02
1.218171223534443044e+02
1.200983719937606935e+02
1.180756933952435901e+02
1.187270924193920081e+02
1.186320451662238469e+02
1.203462533293090218e+02
1.188085889399162767e+02
1.187374074921581553e+02
1.203048967816676935e+02
1.194976061666889251e+02
1.216591600728733198e+02
1.199600262616896202e+02
1.177861625379645432e+02
1.191843461395112200e+02
1.199988589548172229e+02
1.197190995913014717e+02
1.218703699178038420e+02
1.196779323753956561e+02
1.185034082295847497e+02
1.197949106025168931e+02
1.203761729140592820e+02
1.180261746561098022e+02
1.205400242225546634e+02
1.204928500394666742e+02
1.193206005926927276e+02
1.210790480830964242e+02
1.179348256945796010e+02
1.189929205353416251e+02
1.196766641634602450e+02
1.202176917663475280e+02
1.185291230609705622e+02
1.217845547362785226e+02
1.194375144331181389e+02
1.201379645984526690e+02
1.192270004433964772e+02
1.207945836613231734e+02
1.206333975800298930e+02
1.184360028023181002e+02
1.193470524901572958e+02
1.196344647984727914e+02
1.189557815231457880e+02
1.200846366405249910e+02
1.189780407148965935e+02
1.208990089013199309e+02
1.207054744709057843e+02
1.197951345641977667e+02
1.195531700281966039e+02
1.199745046541012954e+02
1.216922748603907394e+02
1.174314586450029623e+02
1.180418154227218679e+02
1.189333752281747394e+02
1.197138775797683365e+02
1.205432033843376587e+02
1.203996284763092746e+02
1.213583395682934025e+02
1.215949376453976072e+02
1.206693643305465997e+02
1.204640842466100850e+02
1.209438818544587946e+02
1.210297091598173722e+02
1.187021903069281592e+02
1.210395290646599022e+02
1.201090687028652439e+02
1.199781186436621994e+02
1.193494451105050445e+02
1.208075169166355209e+02
1.189846379273298851e+02
1.212642296320386492e+02
1.196252426951499075e+02
1.182221269148117528e+02
1.198683308612851732e+02
1.211389333694170034e+02
1.210762672482444202e+02
1.206671261122993855e+02
1.187685927233842165e+02
1.173863014906589370e+02
1.196339567471923573e+02
1.175558994062357527e+02
1.188858311654874029e+02
1.188457745244029979e+02
1.179194251967139735e+02
1.214579610271244121e+02
1.211228351713189824e+02
1.168944352617910880e+02
1.201208137779344156e+02
1.214901399103875264e+02
1.198151152648489273e+02
1.188000151844121319e+02
1.211576816835376604e+02
1.195701843074024993e+02
1.196853715075764626e+02
1.200768749473299266e+02
1.182771234901793349e+02
1.206678474861282382e+02
1.214485704195595730e+02
1.209147179690725409e+02
1.182911649767217455e+02
1.203063369176316968e+02
1.209898631759508447e+02
1.183000284700501652e+02
1.208949457590195209e+02
1.199768351204041608e+02
1.191798347068042290e+02
1.190055162548762411e+02
1.181298995414118167e+02
1.180837192237918032e+02
1.200663228697869869e+02
1.195980022959894455e+02
1.173671465340116953e+02
1.191565907675760343e+02
1.193896058260585420e+02
1.189473970240116216e+02
1.201199402357512298e+02
1.201719180771217736e+02
1.206841446957060384e+02
1.192872967714997685e+02
1.193429394875071381e+02
1.210640837121198956e+02
1.206075775888354116e+02
1.214266319419633930e+02
1.181978944454884868e+02
1.215783285619021967e+02
1.211053467896054912e+02
1.177229993447918162e+02
1.214316487679615477e+02
1.185637045544284547e+02
1.195963279250344726e+02
1.200153588233888655e+02
1.198068280505583232e+02
1.181907428805886155e+02
1.207576181031359397e+02
1.177188636092278387e+02
1.219435003014703796e+02
1.206616632608645006e+02
1.179021717741766508e+02
1.220103244643251372e+02
1.186725177466859122e+02
1.209916718113217087e+02
1.176875342250590251e+02
1.207042498877071779e+02
1.175135901050924758e+02
1.207629948650068599e+02
1.181663854486716332e+02
1.190923041328173753e+02
1.194587105592879794e+02
1.186768676299107881e+02
1.185796940118401182e+02
1.192632487196622435e+02
1.168318775183108755e+02
1.200752633332248251e+02
1.216144213914639352e+02
1.207903118778232425e+02
1.203002748574318304e+02
1.195545966831578539e+02
1.204110420683097402e+02
1.193613547923578295e+02
1.187084331804259421e+02
1.216883117751029317e+02
1.209309007109808931e+02
1.183693458807557164e+02
1.175921793264508750e+02
1.202505007128574022e+02
1.192150332601233060e+02
1.184296788564211624e+02
1.201467538169800662e+02
1.218055127006561520e+02
1.214225286406364148e+02
1.189593731618373056e+02
1.198530317888091190e+02
1.211455799157699005e+02
1.207690311346122769e+02
1.214664005874543165e+02
1.189913997218936998e+02
1.189686906167159606e+02
1.190931738705100429e+02
1.189845074372103539e+02
1.195204815338588276e+02
1.184675623551521682e+02
1.191304722789079875e+02
1.177433517627323738e+02
1.202285400955519208e+02
1.202215236813924975e+02
1.198057072567671071e+02
1.193423689070307603e+02
1.212258285422528701e+02
1.232350022193650290e+02
1.204560191286185926e+02
1.169664725300464454e+02
1.196314746565521858e+02
1.196766080963262198e+02
1.208600929343756292e+02
1.207058408517902990e+02
1.210784258959820789e+02
1.239031398311551158e+02
1.200881673966299417e+02
1.228073508000467058e+02
1.207804987908583882e+02
1.227704462006716142e+02
1.195297839044218478e+02
1.198762550876455606e+02
1.207120939994627662e+02
1.173152809193149295e+02
1.211617403917324509e+02
1.213806546205560437e+02
1.207279271734269486e+02
1.173573962827046842e+02
1.208323723663000209e+02
1.199336725740348299e+02
1.199089902917559982e+02
1.220333555144329694e+02
1.184359782290234193e+02
1.193595726161329367e+02
1.187610326190565218e+02
1.213444821567549354e+02
1.194328122660989777e+02
1.196063661694623335e+02
1.202883319290744453e+02
1.192863155796519550e+02
1.200858058400411608e+02
1.198986908046592816e+02
1.209027484056865376e+02
1.222523683673169757e+02
1.185662383940450013e+02
1.186914061048668145e+02
1.200509501501724259e+02
1.186549333240778452e+02
1.209978601288013635e+02
1.206922030651280835e+02
1.193402759449876953e+02
1.195758540816777185e+02
1.199872970617112173e+02
1.185508787792614243e+02
1.197910242958368485e+02
1.179332219505265726e+02
1.185904430700582992e+02
1.185491473265205400e+02
1.219238483611775052e+02
1.196699312655884029e+02
1.203814411031414693e+02
1.195181665133512467e+02
1.219045634285367328e+02
