1.297983535355998015e+02
1.296734043079388812e+02
1.285451453329816900e+02
1.326118657909748606e+02
1.256117434445227161e+02
1.304134602989360587e+02
1.273744876965533877e+02
1.301518783380382160e+02
1.321112683610069212e+02
1.319353789385350524e+02
1.325631228642147619e+02
1.248241057172268000e+02
1.334110634343107620e+02
1.319329242660447505e+02
1.296601362340554715e+02
1.280597246564002489e+02
1.302252858458668356e+02
1.315761384471318820e+02
1.322291282640479437e+02
1.275317669100133742e+02
1.268479564605964640e+02
1.324461571262887958e+02
1.283358679654477612e+02
1.293948927857397280e+02
1.264783618038823931e+02
1.307758615818366366e+02
1.297900837300886110e+02
1.260661717724641733e+02
1.287248379397805138e+02
1.291882337130843723e+02
1.326912078105405044e+02
1.280997323920805400e+02
1.302091089040996792e+02
1.257619688837567651e+02
1.299922842903604874e+02
1.297350285097126346e+02
1.281981802130551387e+02
1.267713532221088570e+02
1.301055014167179991e+02
1.330943370621702684e+02
1.321633627870219527e+02
1.268815031972490743e+02
1.303666012075925948e+02
1.291311953323575494e+02
1.273799303956799065e+02
1.281617478120662952e+02
1.327484151803023167e+02
1.286586260237859562e+02
1.271324526632883476e+02
1.318727008002458376e+02
1.269174593987138593e+02
1.333297678956091374e+02
1.310214141153518028e+02
1.304648683321168221e+02
1.283170837640744537e+02
1.292205009556693085e+02
1.317879215471776604e+02
1.260244162464494906e+02
1.309158406252097677e+02
1.271895152060935601e+02
1.276674497725631312e+02
1.309520389857030978e+02
1.300793590458728204e+02
1.286725728769351917e+02
1.269832580262236803e+02
1.305227111272454295e+02
1.277580206809058296e+02
1.274591833741160656e+02
1.297186681413886049e+02
1.289623198374953006e+02
1.282838678549580607e+02
1.316651254032925635e+02
1.253388871971470024e+02
1.312877099365357196e+02
1.280352079375666392e+02
1.294405337864073715e+02
1.301386113655252359e+02
1.295103178143715184e+02
1.293917626194993602e+02
1.302298293663925506e+02
1.307286126527352792e+02
1.300550867520878739e+02
1.274388089128415231e+02
1.316772347145828803e+02
1.324987347580273536e+02
1.272610953841166577e+02
1.273184422854414777e+02
1.275598356737720138e+02
1.315640260792932281e+02
1.316313130664675271e+02
1.319135944119990143e+02
1.274900793274713067e+02
1.274641494990803778e+02
1.275209495099518620e+02
1.301013715167238445e+02
1.277470812929603738e+02
1.250169237782752845e+02
1.268230375142326238e+02
1.305286072351928226e+02
1.290363325961201042e+02
1.277117181727825681e+02
1.339140978770628578e+02
1.298763237889255890e+02
1.276258288428439727e+02
1.310241300951431640e+02
1.298106487583964395e+02
1.256767362838860720e+02
1.279026437000638197e+02
1.260588323294605289e+02
1.286712347265409164e+02
1.290196372736764658e+02
1.307421109235660879e+02
1.265910227776440848e+02
1.318770871351966036e+02
1.280807921207463664e+02
1.243846474813800143e+02
1.318707322682267034e+02
1.268286630037314922e+02
1.283270471615639678e+02
1.280264580909076813e+02
1.309417382878248759e+02
1.315265508922989568e+02
1.233963673858786905e+02
1.294605430039183886e+02
1.297880664346844810e+02
1.280466646424530381e+02
1.286066246135945619e+02
1.271395496441468254e+02
1.321834566602358905e+02
1.281339334958306608e+02
1.279969002522140613e+02
1.304479669616150659e+02
1.318401290226421736e+02
1.327515281375939082e+02
1.311311798840885956e+02
1.244746904983465612e+02
1.301976484613301750e+02
1.292112198813914006e+02
1.285629452924956411e+02
1.324608664480255413e+02
1.253578955569671507e+02
1.287675723499004903e+02
1.319241955461355644e+02
1.310187493394036551e+02
1.312414069631661278e+02
1.284331358030815409e+02
1.286936158045837431e+02
1.268145808176018505e+02
1.265610340148601978e+02
1.312132245920917910e+02
1.292574341866793475e+02
1.282881945672473591e+02
1.285600948314885841e+02
1.284207110237940981e+02
1.282431175111188963e+02
1.311947038763898945e+02
1.296579965181863656e+02
1.313443089297306301e+02
1.260140823739989173e+02
1.297284819403370477e+02
1.332750027463425226e+02
1.251442679987478641e+02
1.302726731158364828e+02
1.309822212554686303e+02
1.349452832394340476e+02
1.313286333732092146e+02
1.244331926567069075e+02
1.272175372845297971e+02
1.263463173393151635e+02
1.253860855453022225e+02
1.294412066311518004e+02
1.287609754186797488e+02
1.305252657320320964e+02
1.295073722649551655e+02
1.251136397781478991e+02
1.288729225232129636e+02
1.291883773865872911e+02
1.276130311344120827e+02
1.288835321350615004e+02
1.285657857567043152e+02
1.303836497949224338e+02
1.261166674107039398e+02
1.309350813150014403e+02
1.263138714402528819e+02
1.302115957866270435e+02
1.308111384072828400e+02
1.307467853316484820e+02
1.282334759846937686e+02
1.245471483377295812e+02
1.296375399381170723e+02
1.311471875502135447e+02
1.311046706303486076e+02
1.289812296452033422e+02
1.268408604587747703e+02
1.302460550590498372e+02
1.289717380403889706e+02
1.302324735811980929e+02
1.283115149760440659e+02
1.287113198610060465e+02
1.290315255718892615e+02
1.278672519541865995e+02
1.293427357316070925e+02
1.272399697538096035e+02
1.305155016309066127e+02
1.266113564044848090e+02
1.295414451581305002e+02
1.284354089176040077e+02
1.282574666019639551e+02
1.318041029369372836e+02
1.298870278122581112e+02
1.287528446552098842e+02
1.278051334101046166e+02
1.296714508307524909e+02
1.284888128707174815e+02
1.316974315282107284e+02
1.275224475917914333e+02
1.282254771794198405e+02
1.312897372416517499e+02
1.287967292669507344e+02
1.300641466355109230e+02
1.268173430225641454e+02
1.262414286839496214e+02
1.272293388185795209e+02
1.304931200837652341e+02
1.309336912377877979e+02
1.301801073874830763e+02
1.315656112310724950e+02
1.284434091812870236e+02
1.328814976761692321e+02
1.304436471980714316e+02
1.298090345328791102e+02
1.272783089143793092e+02
1.280057284879422923e+02
1.293075579626482181e+02
1.306178492258459016e+02
1.305562050370336635e+02
1.310122397620334880e+02
1.303806197812333778e+02
1.263949622775760133e+02
1.280379056136019926e+02
1.264694847292469007e+02
1.282335785180193568e+02
1.270283594309084236e+02
1.305218577437286172e+02
1.297078113237430159e+02
1.292071045827519811e+02
1.290918706956717585e+02
1.313386392575760908e+02
1.296077393568160403e+02
1.313005283521654860e+02
1.282291571297106998e+02
1.279970012606612499e+02
1.329244848067458236e+02
1.260672589837486584e+02
1.298070231755021666e+02
1.318899238844067554e+02
1.250159897615662885e+02
1.305440517407052425e+02
1.303168227669441706e+02
1.279341363072848452e+02
1.313390962570090323e+02
1.294858296875790131e+02
1.337589169167584089e+02
1.307596892643777835e+02
1.314210409088030076e+02
1.290876864489245861e+02
1.293730198699560106e+02
1.281095371476417597e+02
1.324005040659154417e+02
1.279391678614674248e+02
1.286783732726539995e+02
1.296995802003284552e+02
1.328032674584738970e+02
1.277891038415905882e+02
1.271529360515102240e+02
1.311456316311621890e+02
1.316495314906878207e+02
1.324909341050244507e+02
1.305672872410909235e+02
1.294590147988426452e+02
1.307471314954631225e+02
1.302036077354241286e+02
1.263100172835612653e+02
1.275292510189221531e+02
1.284084002300212717e+02
1.275152937850237294e+02
1.311489611517640128e+02
1.294076444181407055e+02
1.296426910455392374e+02
1.307995089579109163e+02
1.294852113959265978e+02
1.271645988842906831e+02
1.267085963332151692e+02
1.323607912648420495e+02
1.290960313977126361e+02
1.281333527436330542e+02
1.340184832044528775e+02
1.266930862380449128e+02
1.272164071238210283e+02
1.272173693548319875e+02
1.346305766936866632e+02
1.304322112648873144e+02
1.286879124479840755e+02
1.312728452212815569e+02
1.330494797031560097e+02
1.305193393902542880e+02
1.257433693558358101e+02
1.278446127963784846e+02
1.285058400835827115e+02
1.291538386784895920e+02
1.261780734530911730e+02
1.297178091118735210e+02
1.304825803655502625e+02
1.298014158397156450e+02
1.348020555774020863e+02
1.296317078708238171e+02
1.289613789232475369e+02
1.337652635770788550e+02
1.288993964001661539e+02
1.278739392615544546e+02
1.272483684351430071e+02
1.300914734424128198e+02
1.285396729751695375e+02
1.293340844169698869e+02
1.302641560890387211e+02
1.309253305097554403e+02
1.280483631329125842e+02
1.317135357282415669e+02
1.277230190856088399e+02
1.300534626365505346e+02
1.267757491050478507e+02
1.322326893406923318e+02
1.261901177244914152e+02
1.256972153433155057e+02
1.294210295283742198e+02
1.318871494201571011e+02
1.280207347905203221e+02
1.308854079094051031e+02
1.286076033287505140e+02
1.298318656521045682e+02
1.265121510502443556e+02
1.285745758086774515e+02
1.297404809705563196e+02
1.282918765455367804e+02
1.261712993668322724e+02
1.310931539129661587e+02
1.275524523552899296e+02
1.311917441014672647e+02
1.307539516747890502e+02
1.278232340867428150e+02
1.283660926110340483e+02
1.332843428502427798e+02
1.294777007243477840e+02
1.307420640972154899e+02
1.259852027878055907e+02
1.284584715987567449e+02
1.307002602788694219e+02
1.286599723389824135e+02
1.273833479780861353e+02
1.286486283454001409e+02
1.299933060199769557e+02
1.282558072042140509e+02
1.287152641546547613e+02
1.272181840215522470e+02
1.315561600659014800e+02
1.282044600767663667e+02
1.310358618369232602e+02
1.343314381761958884e+02
1.284993061575157185e+02
1.282180710169539850e+02
1.294122600032427783e+02
1.264072695890760087e+02
1.271219162604683959e+02
1.273973646804656283e+02
1.256871960669539021e+02
1.297196991106666815e+02
1.284964087386479150e+02
1.287456373560756617e+02
1.309980208327345110e+02
1.274710929165088515e+02
1.281739078225483865e+02
1.294919796465350146e+02
1.273953203585101903e+02
1.258411821489471834e+02
1.252940711986870923e+02
1.289035203981218274e+02
1.293847107945085781e+02
1.283562132729744008e+02
1.286787452970824859e+02
1.273890582300265351e+02
1.305484180152915314e+02
1.275875053099298810e+02
1.273981074780223537e+02
1.295463879485234315e+02
1.312054250636328447e+02
1.277271261871700432e+02
1.273192479363727472e+02
1.295244501441015643e+02
1.327574386879453527e+02
1.314356299655581779e+02
1.305288175291496486e+02
1.270264387583864334e+02
1.311512606515192942e+02
1.296221956291913102e+02
1.288132758891113667e+02
1.290094202863207329e+02
1.281349303532850286e+02
1.302884567759700758e+02
1.309329001041456593e+02
1.283365680759011980e+02
1.286262353415512791e+02
1.297593979927009116e+02
1.232932734006177071e+02
1.277689544436239260e+02
1.282908649288802678e+02
1.312332673064041160e+02
1.292559037119675054e+02
1.273825256641861614e+02
1.276550116762225713e+02
1.271099203741735977e+02
1.329169226726312445e+02
1.284429190377206851e+02
1.265020349493728418e+02
1.299774663192631579e+02
1.321887767956915809e+02
1.290084976537309558e+02
1.273147742703778675e+02
1.283134728603551764e+02
1.292449021394317299e+02
1.314544186840338966e+02
1.277735566657847670e+02
1.290627215343692740e+02
1.269188132634651822e+02
1.277687982513293576e+02
1.273025512711210609e+02
1.272109860047994232e+02
1.259041097818902131e+02
1.293000675197621376e+02
1.291387890227226478e+02
1.330935234932461810e+02
1.259536404848457067e+02
1.297137092985643676e+02
1.290687662455675309e+02
1.330379571968148866e+02
1.322931426857106203e+02
1.261198329326587384e+02
1.242545106929610199e+02
1.290317857731764946e+02
1.318935711159053312e+02
1.268879813446093010e+02
1.291056484256084786e+02
1.298134789812611132e+02
1.320140726662084489e+02
1.303606114011423074e+02
1.269824486170163311e+02
1.241354691575824063e+02
1.326248037770778296e+02
1.278586910285765015e+02
1.296028548531234605e+02
1.281392328552216497e+02
1.265219587264001149e+02
1.290743121601836947e+02
1.285261430519302053e+02
1.325197750815993345e+02
1.261032512351583250e+02
1.279892125847813134e+02
1.311152707556393011e+02
1.309837973707297465e+02
1.260174384191090269e+02
1.243652898919266931e+02
1.293886256344814285e+02
1.298915305440240218e+02
1.324512474941310813e+02
1.246405146987620611e+02
1.280738972292753886e+02
1.245794341738000810e+02
1.289906014214504353e+02
1.297600062021947736e+02
1.284261391380557882e+02
1.300320800235411127e+02
1.290936103226964349e+02
1.303755349692410448e+02
1.300508786044171927e+02
1.309133562678534304e+02
1.297457805644569930e+02
1.268672689377174265e+02
1.325039528113523204e+02
1.273501578433725143e+02
1.280090097509239229e+02
1.303273506522795913e+02
1.277620247800488755e+02
1.302692112566211620e+02
1.298359751102906046e+02
1.281616236461832159e+02
1.284278736152747342e+02
1.236248266791380388e+02
1.272929334576955824e+02
1.283075413919390826e+02
1.270116824634829413e+02
1.290197471052318292e+02
1.300392527062394379e+02
1.282002324499522103e+02
1.291690235473994619e+02
1.258371931047564232e+02
1.285452606316544006e+02
1.271474458478520120e+02
1.270411863480984636e+02
1.306146777836286219e+02
1.255439531428426392e+02
1.274389380933851612e+02
1.307274033686656196e+02
1.288577591162533054e+02
1.284207517788198913e+02
1.300528334617544033e+02
1.308796111530788266e+02
1.279358146535767986e+02
1.293328885133202277e+02
1.258495858847862650e+02
1.307916632326575268e+02
1.277826881418516223e+02
1.286894670146106137e+02
1.268718480101315151e+02
1.289467298555053674e+02
1.278293711843459732e+02
1.321068022402120903e+02
1.311080088138016322e+02
1.272721912911422351e+02
1.285270493388083537e+02
1.309349631135775951e+02
1.272736041800412039e+02
1.290719431897975653e+02
1.277917370160389368e+02
1.306333722697632425e+02
1.278312981347621786e+02
1.318940444806034975e+02
1.332436335940949164e+02
1.292521987344777017e+02
1.265629561522494271e+02
1.294780038670887450e+02
1.322674124569946343e+02
1.289744756850669489e+02
1.313660265692231235e+02
1.259406553403839411e+02
1.287143424509270062e+02
1.266545622853915489e+02
1.294610185709107100e+02
1.282560534856731067e+02
1.285129558112419375e+02
1.325231431438784000e+02
1.286455165383007113e+02
1.285503455634267880e+02
1.305790846954191124e+02
1.286269365010232377e+02
1.283989366890035626e+02
1.311860428542430839e+02
1.315210651566632123e+02
1.332000529575324492e+02
1.288443319117586157e+02
1.298139828746195690e+02
1.264788606221185603e+02
1.258600274511901063e+02
1.295046640031938239e+02
1.290953449113756619e+02
1.310487849121971067e+02
1.273652398336036669e+02
1.308882011313521048e+02
1.287636651569841320e+02
1.314537393655663493e+02
1.289191404476970035e+02
1.296511666251121255e+02
1.310783292021935154e+02
1.274155956854028204e+02
1.322733999615303730e+02
1.293332104533524500e+02
1.311717842764236934e+02
1.306617948166724261e+02
1.278663441819566344e+02
1.278900225712753809e+02
1.269467500517031624e+02
1.322175144986022133e+02
1.276892173692760508e+02
1.243553698303381623e+02
1.286151936889710328e+02
1.302439699472298287e+02
1.317471911765145762e+02
1.302477127796308025e+02
1.292000358264283761e+02
1.312479363986942360e+02
1.270884481191036883e+02
1.279199069244753417e+02
1.281422576061323468e+02
1.299219687051073890e+02
1.240806139976529465e+02
1.287979296202804846e+02
1.261080420576066814e+02
1.267631861741422625e+02
1.286283520977720798e+02
1.271317868046518527e+02
1.279934496294960837e+02
1.263069408653848313e+02
1.285750403376841007e+02
1.302198643321515874e+02
1.321222626414694616e+02
1.294349876374001553e+02
1.287414255264846474e+02
1.271271094801790014e+02
1.273021447400153363e+02
1.304773827903535732e+02
1.300139422389065658e+02
1.313054373389865930e+02
1.249834224900843225e+02
1.285093785417894878e+02
1.320407614683608415e+02
1.263535048634091567e+02
1.287496512815312428e+02
1.272458131596951176e+02
1.310354356514138203e+02
1.299034229351225065e+02
1.293218750239899748e+02
1.287071431024159267e+02
1.311915639419813147e+02
1.315671032293548137e+02
1.289345798095874329e+02
1.285811341975790185e+02
1.304460739732652428e+02
1.291123038002242538e+02
1.327427164527256309e+02
1.296346626333946119e+02
1.275225940368533202e+02
1.283410710586954337e+02
1.284123481679136205e+02
1.294792772021341420e+02
1.272193600724769595e+02
1.312192413615434532e+02
1.275231775544720989e+02
1.302982161617127872e+02
1.281532327361840942e+02
1.295604578317279447e+02
1.287155058391113869e+02
1.309637877548556162e+02
1.273251075475180443e+02
1.321458846813444552e+02
1.286826448986416267e+02
1.291312165270688865e+02
1.323606671874466940e+02
1.340960747105846451e+02
1.308187026230770300e+02
1.274572915690174000e+02
1.262960269734885088e+02
1.287759510873441968e+02
1.269612170085189007e+02
1.253390053008853471e+02
1.295309385054435722e+02
1.285177711048710876e+02
1.305433489991291651e+02
1.289599003351497117e+02
1.306602926642441389e+02
1.290231833638132741e+02
1.309991408698976443e+02
1.300278593481455118e+02
1.287730084108315225e+02
1.284008923599447769e+02
1.279269566169788419e+02
1.328520309900595180e+02
1.288402716366921368e+02
1.320238240158848271e+02
1.295707791758576377e+02
1.255068290303733392e+02
1.297361315170392402e+02
1.277941723519742254e+02
1.295731528223675468e+02
1.287406777630483816e+02
1.270192821897533690e+02
1.304352188354534974e+02
1.289832305646725388e+02
1.307452854718686410e+02
1.320923790373674649e+02
1.313394640275360814e+02
1.270216251579315667e+02
1.258688311449489845e+02
1.274140744029532328e+02
1.293732355745407574e+02
1.278470950051572714e+02
1.249763542870731641e+02
1.291514309709778274e+02
1.253303972266142949e+02
1.326899174370611263e+02
1.303644874067756803e+02
1.297034493544199165e+02
1.268324427434808257e+02
1.295052242571759678e+02
1.300212447888079055e+02
1.317870007091101456e+02
1.279184197594726271e+02
1.293523894010794777e+02
1.325221367745855616e+02
1.315493432776533780e+02
1.251419374562598819e+02
1.281114122836953015e+02
1.287568464797121806e+02
1.293250567353688609e+02
1.267913505874554119e+02
1.283157172251528664e+02
1.267840389927136613e+02
1.307409678240532571e+02
1.265726247253953858e+02
1.243929522909354688e+02
1.326312832744931143e+02
1.290707595168548778e+02
1.284357414057229789e+02
1.269700636246780050e+02
1.272036296806295610e+02
1.289018609472695118e+02
1.302720584357520863e+02
1.319045419648371933e+02
1.293813346910147288e+02
1.278919863610893657e+02
1.274040458380093952e+02
1.309433263509843925e+02
1.294987306404729281e+02
1.285357357180361646e+02
1.302768018315030929e+02
1.330282823890270549e+02
1.257829156421894368e+02
1.305844988493775816e+02
1.290706881191165110e+02
1.263621347806503934e+02
1.306800921993442444e+02
1.300036942550907497e+02
1.296609839405846571e+02
1.250385028433831138e+02
1.328177539929889406e+02
1.279278737344284735e+02
1.271826609980781342e+02
1.314284717711697681e+02
1.253271571016602337e+02
1.308653088984918043e+02
1.310577477898279426e+02
1.271168421255383407e+02
1.342696618879227515e+02
1.292069650068518456e+02
1.276840417388330593e+02
1.282221065589013165e+02
1.281487996590055332e+02
1.312638468764235995e+02
1.305900840282355944e+02
1.329742877472815792e+02
1.277377998710985878e+02
1.261141255902222156e+02
1.289580281880332393e+02
1.308360446054261956e+02
1.290234411874475313e+02
1.324231745218704361e+02
1.262342369890018432e+02
1.296814068872925816e+02
1.300318491955486877e+02
1.321331839000375226e+02
1.301964050716285612e+02
1.305359556996119466e+02
1.269824918289937727e+02
1.319368376798126405e+02
1.319140555912591708e+02
1.288258673694215872e+02
1.319712154991923683e+02
1.324150336778823487e+02
1.291710627932864668e+02
1.276832766434323219e+02
1.308105431432055354e+02
1.303014429816896609e+02
1.277222354744485102e+02
1.256504485002350435e+02
1.263831351062512169e+02
1.274655757494597168e+02
1.281286045575922117e+02
1.279000176614144664e+02
1.251741182022183665e+02
1.314155807307839723e+02
1.278182383962631974e+02
1.270716875678998292e+02
1.298681224450729701e+02
1.290959970665539913e+02
1.298014770785018754e+02
1.269229556169013762e+02
1.276225428544204163e+02
1.283710577157241062e+02
1.284399023812961786e+02
1.306374498713480250e+02
1.300176727450713372e+02
1.308028886853154233e+02
1.283206078462706898e+02
1.270083214679664962e+02
1.309453448417475556e+02
1.254612319970305521e+02
1.287794825701696766e+02
1.291677329599699249e+02
1.255311310248786327e+02
1.270381973645231994e+02
1.283674175506346273e+02
1.337609524307112281e+02
1.323548141873944530e+02
1.252545819273189096e+02
1.274689404876346686e+02
1.273135509205758780e+02
1.320504199393593581e+02
1.285442536679826446e+02
1.292774196318045483e+02
1.292130751713897610e+02
1.283104627497275487e+02
1.302042451680970032e+02
1.299197801013532114e+02
1.257863190254027188e+02
1.223994909952451451e+02
1.303318288005611123e+02
1.307339501463814315e+02
1.295641356326676998e+02
1.325659452033868604e+02
1.285739315676021874e+02
1.275973315797578067e+02
1.285795985004463091e+02
1.274578752358913079e+02
1.309984524296843915e+02
1.284025878946363548e+02
1.273456934216492726e+02
1.289916448637132476e+02
1.279083516432257852e+02
1.262708205237969423e+02
1.308190535528790122e+02
1.292834464763614903e+02
1.301402609962494239e+02
1.288134140081247665e+02
1.284960451548094511e+02
1.324585885656628648e+02
1.272420231204669534e+02
1.289917368460613432e+02
1.279851036276173630e+02
1.311290226560624035e+02
1.292331105972511125e+02
1.309392648464674380e+02
1.303202799460316896e+02
1.304732022875599284e+02
1.294997500540146405e+02
1.295969197348558453e+02
1.251094851353610977e+02
1.286033531937511611e+02
1.331884565934155376e+02
1.284596582233660911e+02
1.294592407132506935e+02
1.292432755042778751e+02
1.275005393079128453e+02
1.274647925046988917e+02
1.278855243184649737e+02
1.306358068490514484e+02
1.268253447261992193e+02
1.268857850568518018e+02
1.304134241410806965e+02
1.308695924946273408e+02
1.269726743123859762e+02
1.273003321955664973e+02
1.261177757999398494e+02
1.291748108423477106e+02
1.275400309894912709e+02
1.293277655500056653e+02
1.317268438277160101e+02
1.282554573809865133e+02
1.276095977113789104e+02
1.271802508428720273e+02
1.269024468545883053e+02
1.297186849535645194e+02
1.293684481853351258e+02
1.270341517266438416e+02
1.262616774093873886e+02
1.295565148078908919e+02
1.298874979947287898e+02
1.255753195155975845e+02
1.308247345571182052e+02
1.322321093730030555e+02
1.257328882807892114e+02
1.298609921937980687e+02
1.296694958758596954e+02
1.284281767693032918e+02
1.286886757501292777e+02
1.323777478129984502e+02
1.278309887502043978e+02
1.275000826688199425e+02
1.297390938063184649e+02
1.306709118125186819e+02
1.245147255878731585e+02
1.277504988427615729e+02
1.293022522834336030e+02
1.352439934757423714e+02
1.292877175227616533e+02
1.285981998028163389e+02
1.312269533353963595e+02
1.319499228224809997e+02
1.306976519380856416e+02
1.315340857382747402e+02
1.319891244171110998e+02
1.280515959392544687e+02
1.279869597784211521e+02
1.277152648891584334e+02
1.256888759132306035e+02
1.268700788724892448e+02
1.293637953976277117e+02
1.305000264601646336e+02
1.293083072269905358e+02
1.280305429867494809e+02
1.294461859301981406e+02
1.293395453646044473e+02
1.303268608885166486e+02
1.267447668899180258e+02
1.298934641605950731e+02
1.274165589002652723e+02
1.268165867240754210e+02
1.299091273766885877e+02
1.292171276171794148e+02
1.282030887717331495e+02
1.300424508943945909e+02
1.304565102109839074e+02
1.318219928675821677e+02
1.344502771736470095e+02
1.266980731336607278e+02
1.305498616735928294e+02
1.280636288231424658e+02
1.296019864722753709e+02
1.308602500651341813e+02
1.317034281308502841e+02
1.272614904283968116e+02
1.325611672391919171e+02
1.259159972103141740e+02
1.297266935681603570e+02
1.286115049796570133e+02
1.284459296688376639e+02
1.252683320956016360e+02
1.294244327123346920e+02
1.301773938248966545e+02
1.286446888158923230e+02
1.295699634939841474e+02
1.304607627284554781e+02
1.293489797734048068e+02
1.277264518715686137e+02
1.308832196928828466e+02
1.316363813519201074e+02
1.334076994489564072e+02
1.267582101056731148e+02
1.266533683881140746e+02
1.290706284605895462e+02
1.288749242399892694e+02
1.286368815866979958e+02
1.306342253522813621e+02
1.304428367971042064e+02
1.295131028678489429e+02
1.312836551767018989e+02
1.273648154087337332e+02
1.289405998817792636e+02
1.286107023799555407e+02
1.285453174584469309e+02
1.264750168037343059e+02
1.300866248239160825e+02
1.296641430885446482e+02
1.288047869529555101e+02
1.322686176544333989e+02
1.326566408957649230e+02
1.281586779199505202e+02
1.265300552006416979e+02
1.283275810137131998e+02
1.277571637135499429e+02
1.301796967921886790e+02
1.314849487118848970e+02
1.284365490160287493e+02
1.289131207085690107e+02
1.296835488212104224e+02
1.276905378333229777e+02
1.302552229384396298e+02
1.272848030674738595e+02
1.300097500614344881e+02
1.275210999395465308e+02
1.327642636571841024e+02
1.295865087540133800e+02
1.270731773454626961e+02
1.301319964876562949e+02
1.313585187738431443e+02
1.279330816888928979e+02
1.284876203662938678e+02
1.301612374476609375e+02
1.314863500496275037e+02
1.288965681166329773e+02
1.271600759684556010e+02
1.298826110906113058e+02
1.310657442766591601e+02
1.305080204631969707e+02
1.280756859751764694e+02
1.331267368869311554e+02
1.322018077210885281e+02
1.247108658454202583e+02
1.293190229730624310e+02
1.308649261736288167e+02
1.281613770829633836e+02
1.326062627293483729e+02
1.263080005823188543e+02
1.291054508468046436e+02
