1.009751449926907014e+02
9.757989580179423683e+01
9.870809129139996685e+01
1.023043412465646753e+02
1.023447459010337042e+02
1.041075999492147446e+02
1.021093503176746538e+02
1.010670031585079300e+02
1.000158948472292195e+02
9.968319081881968202e+01
9.841526995526236021e+01
9.776449539456478988e+01
1.007316006962670798e+02
1.003387630550150789e+02
1.005923370553488070e+02
1.011339135663858571e+02
1.011692036651277107e+02
1.022502379550089131e+02
1.023961855287199114e+02
9.945191814684547182e+01
1.014192909168433232e+02
1.021199829627220481e+02
1.004504238439994595e+02
1.003697814637721706e+02
9.896685170333505255e+01
1.010904181658580256e+02
1.012760554807396716e+02
9.936384154094893972e+01
1.006129559836659411e+02
9.726317062355330734e+01
1.004342105792507454e+02
1.007288725216778715e+02
9.718245664928670635e+01
1.016924448431526145e+02
9.898064564080800665e+01
9.974904127464952808e+01
1.016723933595904441e+02
1.005226057940560338e+02
9.816187233921817779e+01
9.974873107943379580e+01
1.000427706443404787e+02
1.019164752988377671e+02
1.004944665299859565e+02
1.028271419314967119e+02
9.828288636881261198e+01
9.991644366771498653e+01
9.937305925327663658e+01
1.011889209152262907e+02
9.622506304575051672e+01
1.023034257906039244e+02
1.021616961406627695e+02
1.038721724101498012e+02
1.027625400582984838e+02
9.992323354858035600e+01
1.007431514673088344e+02
9.979377035419464903e+01
1.002370415422291359e+02
1.005564386447939000e+02
1.025007818122454069e+02
1.028207012064542170e+02
9.953948523572823603e+01
9.944064022620926835e+01
1.033251881662052512e+02
9.931563994784853833e+01
1.006710819959899226e+02
1.023150776046620365e+02
1.019277447371457015e+02
1.019837632715031503e+02
1.013788661504364086e+02
9.678443709611508439e+01
1.006523881418930131e+02
9.793605123984630723e+01
1.020507578635567683e+02
1.026074144310760232e+02
1.008874710668628722e+02
1.010808028165421319e+02
9.906715539705260198e+01
1.001218393100729003e+02
1.021318771009204909e+02
9.825438615132190989e+01
9.889521756898386684e+01
9.932028851948366821e+01
1.033496006839415173e+02
1.018702466467355947e+02
1.032144321023934310e+02
1.019653793820749286e+02
9.988997143432165160e+01
1.031005063183934567e+02
1.012877717755896043e+02
1.008453753526093095e+02
9.997969698842389619e+01
1.005948009149014695e+02
1.005743826955785067e+02
1.014587844858978798e+02
9.989761528615298403e+01
1.014471191995773580e+02
1.000566317591523244e+02
1.027235973565044702e+02
1.018320520265781113e+02
1.005560721741698131e+02
1.033954621733979735e+02
1.001071853481367384e+02
1.008011982931881079e+02
9.939190786499018770e+01
1.003580730102545857e+02
1.024704624760300646e+02
1.000765419283479218e+02
9.991280556037823146e+01
1.012625940374454103e+02
1.007522460423858632e+02
1.002341805614729395e+02
1.020363857162744665e+02
1.051608629899603073e+02
9.897212626087231513e+01
1.008037121555459663e+02
1.002780934952241267e+02
9.942307425661054765e+01
1.032050815750416888e+02
1.010877377192543491e+02
1.016618063300193739e+02
9.993156328744696282e+01
9.688969536663168469e+01
1.010684107781965508e+02
1.018664833139178540e+02
9.925997198825902501e+01
1.012977528135375849e+02
1.001345395463390133e+02
9.686466656931126806e+01
1.022105864067471401e+02
1.019212509700361409e+02
1.023006634121619243e+02
9.880060585140635965e+01
1.010676512597513579e+02
1.016316363311738655e+02
1.011036881926418545e+02
9.996219129657424673e+01
1.026173234780925014e+02
1.023701559832868924e+02
1.019546887920323286e+02
1.003407639102264710e+02
1.007520227921989004e+02
9.845497481401086759e+01
9.967052130782995789e+01
1.017519524877927211e+02
9.986373201070900052e+01
9.940369203569994738e+01
1.022568654490606548e+02
1.000128028451565285e+02
9.635828059757571395e+01
9.875586569593276920e+01
1.015779399524592037e+02
1.004546175697891783e+02
1.021566042214350887e+02
1.002805864882015072e+02
9.795360182922453873e+01
1.055794265500641416e+02
1.025685934220349367e+02
1.013244147141181770e+02
9.974567827474349713e+01
9.971593400525462414e+01
9.918516877712046664e+01
9.810717223439415591e+01
1.006535524393377443e+02
9.905554515443746766e+01
1.034659372326951967e+02
9.676266789786699007e+01
1.035093785365124717e+02
1.011580915458852985e+02
9.847234260797972638e+01
9.893997526859929792e+01
9.842588001042408052e+01
1.019090288911995685e+02
9.971622369526807006e+01
1.027733010427967884e+02
1.004502688768310037e+02
9.885005981101753036e+01
1.002602481931083815e+02
9.793662665783823229e+01
1.037880192007472999e+02
1.012235201046870827e+02
1.018687703893272101e+02
1.012599175819031814e+02
9.753436502127527774e+01
1.018401765468743321e+02
1.022669568814002332e+02
9.747187068541302324e+01
1.008961412953900378e+02
1.008926308496586159e+02
9.700799932220168387e+01
1.005725115391551583e+02
1.017221624047033544e+02
9.786795565290012178e+01
1.018821545412901628e+02
1.017916024409041853e+02
1.015479892317263193e+02
1.033796198307103964e+02
1.016267692478859743e+02
9.980430468502441954e+01
1.014926754513673330e+02
1.005810106744257695e+02
9.859899194139057954e+01
1.010929851013261640e+02
1.031649114213408893e+02
1.024471757995962378e+02
1.006807895574187199e+02
9.950891153579711101e+01
9.810175903639550654e+01
1.015329913781958453e+02
1.014268281892939569e+02
9.719013265782496092e+01
1.014889235461438801e+02
1.003160782950735808e+02
1.017783661082936959e+02
1.019139927284126088e+02
1.000803807777111558e+02
1.027611130876851604e+02
9.773542079467436849e+01
9.705912532837695039e+01
1.014893435970508193e+02
1.015468930089792394e+02
1.003615617644874050e+02
1.021603340181655142e+02
9.803016338219788395e+01
1.008129764482445978e+02
9.760211956438018888e+01
1.013185675275522613e+02
1.004387539596651635e+02
1.008088748966197414e+02
9.819107993022589653e+01
1.018842508898329271e+02
1.004487298539943509e+02
9.966910799127452947e+01
9.776798316501036368e+01
1.021506682197320259e+02
1.060816304465063524e+02
9.911122919790672370e+01
1.011189888110883004e+02
1.004580663677682963e+02
1.022897172290792724e+02
9.720574934277637169e+01
1.017980284983845678e+02
1.000107638059391206e+02
1.026312584064716873e+02
1.018177622180376858e+02
1.018834348093002689e+02
1.035477021733922101e+02
9.948720777651597302e+01
1.016747667865255380e+02
9.862759716696534440e+01
1.020195217881260135e+02
1.011716773782116121e+02
1.017031032668741801e+02
9.900726667799460756e+01
1.028159755776328126e+02
1.004773082686647001e+02
1.005045819247600321e+02
9.804883704070525141e+01
9.792545355681248509e+01
1.030422000562955844e+02
9.940418220172408326e+01
9.775195999176823136e+01
1.017465336093575843e+02
9.986029325902102016e+01
9.811936267007976653e+01
1.009903708137819933e+02
9.828515735216117832e+01
9.723150854234678775e+01
9.876838331589091524e+01
1.002438191317771583e+02
1.023582166792392343e+02
9.975718617246116082e+01
9.879327929837970146e+01
1.001132781315477160e+02
9.949226780769613754e+01
9.797571983870078327e+01
1.020678037117279899e+02
1.008065175227971366e+02
9.925001043662480527e+01
1.033719239270437100e+02
1.045629610896329638e+02
1.006981725656323476e+02
1.004593582441963804e+02
1.001740524538252686e+02
1.037202075986400018e+02
1.027325558797709562e+02
9.913363267414850100e+01
9.963145141147374773e+01
1.037020958147388257e+02
1.015534825225698512e+02
1.003223995776469906e+02
1.005405562482149975e+02
9.930625407166621699e+01
1.009356682538983989e+02
1.002503305814091306e+02
1.002254663945282687e+02
1.024193756087507552e+02
1.015312630409457881e+02
1.032486020376375109e+02
1.007734689635394716e+02
1.031677716075616189e+02
1.006303669110227617e+02
9.915208708767744383e+01
1.045707921412923724e+02
1.003121772870634061e+02
9.687507520864767230e+01
1.011482422863124242e+02
1.002663448949489862e+02
1.001553416570866659e+02
9.874822495520035659e+01
1.014618527633356138e+02
9.948829426168326506e+01
1.018955637404252599e+02
1.022194039794656248e+02
9.927558515784248527e+01
1.002648250505401393e+02
9.911930242002519265e+01
1.002376231354528073e+02
1.000345432326732720e+02
1.029146587746744927e+02
1.037992410762500555e+02
9.861420705898507322e+01
9.979876757197168047e+01
9.941993559581598561e+01
9.909773970379602304e+01
9.735736957816295956e+01
1.001955333092399343e+02
9.862900329358201645e+01
9.541871775000289801e+01
9.810991351755291134e+01
1.011889770398936577e+02
9.841563905008706570e+01
1.012618210776474541e+02
9.806984072825264320e+01
1.013213871543605364e+02
1.001061061539977288e+02
1.009087687784091543e+02
1.025126145103266708e+02
1.020329370329409215e+02
1.028415371252335007e+02
1.026300842709680126e+02
1.040744915013892609e+02
1.005327891043378798e+02
1.005698349754703571e+02
1.011254268117929200e+02
1.016092398844147624e+02
1.011385674833605179e+02
1.017280397057059815e+02
1.036806530413541765e+02
1.013124208677112961e+02
1.016260860327181774e+02
9.964829270418782414e+01
1.023684249467297889e+02
9.899779111486196825e+01
9.892344499381970024e+01
9.952974262375472847e+01
9.757662316591485308e+01
9.950894283448739941e+01
1.009674740464794667e+02
1.004461336628094728e+02
1.019718034924107002e+02
9.804341948690007769e+01
1.033373475313823491e+02
9.962277214786043089e+01
1.004695685029643357e+02
1.038183241047598955e+02
1.054702276816571072e+02
9.681237190872315068e+01
1.008805696975444732e+02
9.888829285516391110e+01
1.001159229666445896e+02
1.008095576982665733e+02
9.990552025248778989e+01
9.857178566209869075e+01
1.024299754028275089e+02
1.021907333045930670e+02
1.019397671557450735e+02
1.030367587594660392e+02
9.964051121536513733e+01
1.016836854960345420e+02
1.007447650178632017e+02
9.728460399973809558e+01
1.030035005578702680e+02
1.009514539732236784e+02
1.021834189908108925e+02
1.008610381339889841e+02
1.029591814375314982e+02
1.006750850229416727e+02
1.019612652422840711e+02
1.009306602832077999e+02
9.874388151708200212e+01
9.804955891667053436e+01
9.913698386996496481e+01
9.873287854561424126e+01
9.991997999114025220e+01
9.785052077929987036e+01
9.820254704138977786e+01
1.018446668278337768e+02
9.908894738390574730e+01
1.038227826754961711e+02
9.803570961228207636e+01
1.027693973397011149e+02
9.992386704060839975e+01
1.041107744712457901e+02
9.683486283391331995e+01
9.760822859752008185e+01
1.020587985633232790e+02
1.027439238671822892e+02
1.011336036097491728e+02
1.023037177533345812e+02
9.839025089723095618e+01
9.647302917062071970e+01
9.963600164901933454e+01
1.010332243467753699e+02
1.003117340612465824e+02
9.909561441076674271e+01
1.028279021778150337e+02
1.002549239002999286e+02
9.907257012989958866e+01
9.874837137116848851e+01
1.009610469245095885e+02
9.858589270234736546e+01
1.019576513513106590e+02
1.008560730456672019e+02
9.934221470156953160e+01
1.017218894481363805e+02
9.956339973678244348e+01
9.783037815827337624e+01
9.849710402874383419e+01
9.988081739709961937e+01
9.875288449124695944e+01
9.910894603266753222e+01
9.916964390671203944e+01
1.005225168322739790e+02
9.918963416310081982e+01
1.006399593792226455e+02
1.028270067271240436e+02
1.012419941693791685e+02
9.742736819142785976e+01
1.016623594476985062e+02
1.051929396582582683e+02
9.977881327065450989e+01
9.954362773705227596e+01
1.029697610936192689e+02
1.007255666601004123e+02
1.042740714249924707e+02
1.022014905004371599e+02
1.002053429799766775e+02
9.924652988579352098e+01
9.776730509643049061e+01
1.037328896729055145e+02
1.029429807002229609e+02
9.809772669472603468e+01
1.040855691619670864e+02
1.002365978531478987e+02
1.012606524998394661e+02
1.034021101203750561e+02
1.007241643516065750e+02
1.005930461706149686e+02
9.906817880045173297e+01
9.974317029988161210e+01
1.017645693841881211e+02
9.718461588330086443e+01
1.003543526540113362e+02
1.035681073482982129e+02
9.998376777590328857e+01
1.008058866331029151e+02
9.929260218444584041e+01
1.005227356966863397e+02
9.925994821202050389e+01
1.032582027001349871e+02
1.008494918801300884e+02
1.064091809353207339e+02
1.031512673234488062e+02
9.901551715358934302e+01
1.000700276427887871e+02
1.003144717785648226e+02
1.015287099524133367e+02
1.014035730914026345e+02
1.003960840914592723e+02
1.022857926725773723e+02
1.022051298497624714e+02
9.726747342778348582e+01
1.004960546342518199e+02
1.002972896585052780e+02
1.015234449207444101e+02
1.017858444585594526e+02
9.942977976729511624e+01
9.962860339326164194e+01
1.006593587612353531e+02
9.949252641153134391e+01
1.022500317348616079e+02
9.848953912846351955e+01
1.006881262504279846e+02
1.011722406283686126e+02
1.025650555088070490e+02
1.004051600996622255e+02
1.020409600896541633e+02
9.900237187841796072e+01
1.023337169992567368e+02
9.908015157424189567e+01
9.966546857953758831e+01
9.844853004701815280e+01
9.932376067259835395e+01
1.020547319296096020e+02
1.039251448827032078e+02
1.006256098416234011e+02
9.869313480615930700e+01
1.004999802086902747e+02
9.602837524235604860e+01
1.024734284405048186e+02
1.014754478841360736e+02
9.920421184894472333e+01
1.003237167158253555e+02
9.988721072661890332e+01
1.009797533269337322e+02
1.006840810036867424e+02
9.785619479839002111e+01
9.935080134252919493e+01
9.818680085937384661e+01
9.939496418104427278e+01
1.010046531462742649e+02
1.007057625195964761e+02
1.006947045706476302e+02
1.033527148887209250e+02
1.010457458690314070e+02
1.016823868956729910e+02
1.016326761230557452e+02
1.023953834667509710e+02
1.008022087708683614e+02
1.015047843296675438e+02
1.011528609282183737e+02
1.002512716584138985e+02
9.815279110949624908e+01
1.041845832531465419e+02
9.947680970972538717e+01
1.032712503414676917e+02
9.910452902563476130e+01
1.025666421065393195e+02
1.009105206671819417e+02
9.958760527500538728e+01
1.019515159325809179e+02
1.001591028206311904e+02
9.870635648556745423e+01
9.992909538659181123e+01
1.009911855989422662e+02
9.913660204837603374e+01
1.016107639803718428e+02
9.555255799736988820e+01
9.775446961777724653e+01
9.925557384022359031e+01
9.996448000109501208e+01
9.912791674017594801e+01
1.017167497960759164e+02
1.017722678056627927e+02
1.022296861884193930e+02
1.004572454428301711e+02
1.017740747690400127e+02
1.024224032810429179e+02
9.907144049158658561e+01
1.013179488083812316e+02
9.556892349390724917e+01
9.854177642261653602e+01
1.013249232155196040e+02
1.021488733798923079e+02
1.024593902882483292e+02
9.943788248215203396e+01
1.015378645255059098e+02
9.853401950590527747e+01
1.018833078778145307e+02
9.962371796559807535e+01
1.005861181609950279e+02
9.978518301014383951e+01
1.002691821237122412e+02
9.744573874462162166e+01
1.018788470220479070e+02
1.019957769649436301e+02
1.005030758795558654e+02
1.015157083432661835e+02
1.014201868158354927e+02
1.023884143963225881e+02
1.033889516083803386e+02
9.908723479906626608e+01
1.006375888238722069e+02
1.005879898385098556e+02
1.013700149888494337e+02
9.976322646933080307e+01
9.975420137989247849e+01
1.035661253376480744e+02
9.828249688235844417e+01
1.010777749414167488e+02
9.960777454997018765e+01
1.010078655421867353e+02
9.956693221340643163e+01
1.022502425564410800e+02
1.018576875323195310e+02
9.901702728197901138e+01
9.896607104733348592e+01
9.839145822639912353e+01
9.898971861458122135e+01
1.013074579603746201e+02
1.007986857159265384e+02
9.858957902076750202e+01
1.014634104942687145e+02
1.030902446615597938e+02
1.005710054831501168e+02
9.825953504447056730e+01
1.018937762793171942e+02
9.909086538643670394e+01
1.001787635402104968e+02
9.630482162516980793e+01
9.979396160532998294e+01
9.760497418557223170e+01
1.027178904964305843e+02
1.015088258608694929e+02
9.769512766750609956e+01
9.649469335341103715e+01
9.662467261167040533e+01
9.992020254417079173e+01
9.896704453009844826e+01
1.001542510375316368e+02
9.981334094903202470e+01
1.001424879566006041e+02
9.944454160670760245e+01
9.994578748073972463e+01
9.964428495611365122e+01
9.875695997350351263e+01
1.007195427595760719e+02
9.831072565489874648e+01
1.031458509058448954e+02
1.018297013788743612e+02
9.460182502982530650e+01
1.047913940947714480e+02
9.711769352641232445e+01
1.023981948554878301e+02
9.981308041852344104e+01
1.041209988107199109e+02
1.016026247765798587e+02
1.022981363647480180e+02
9.856050481712796341e+01
1.010945986119818230e+02
1.004828480385964298e+02
1.021117545656177867e+02
1.044422704826868227e+02
1.008361370778294059e+02
1.029307101351863167e+02
9.754215598018394928e+01
9.905250049341702834e+01
1.007124433665952807e+02
9.865048722596424113e+01
1.002341936254329795e+02
9.935562600247230591e+01
1.011863433173194551e+02
1.004933401045487926e+02
1.001629965428739553e+02
1.031668070234267134e+02
9.943162387439900840e+01
9.866572349385090490e+01
9.913680958820494027e+01
1.005494340911557458e+02
1.004072582148305202e+02
9.938188653484378676e+01
9.951859878447130825e+01
1.017444891633502237e+02
1.011703015210021590e+02
1.024899293528756061e+02
9.895639802009428365e+01
9.921508753673310821e+01
1.028473618325497938e+02
1.001691393347362009e+02
1.002339731328070371e+02
1.002445905092752412e+02
9.864672964602551986e+01
1.018308154619644057e+02
1.013157272083012117e+02
1.043946875413228099e+02
1.009996839783491396e+02
1.014228030098792885e+02
9.955298321079254720e+01
1.017204041414848064e+02
9.581516582336449517e+01
9.984092145251534589e+01
9.908595149475176811e+01
1.006696732311542064e+02
1.012030382258187586e+02
1.018135347461984850e+02
1.004558585529401000e+02
9.991670485875560814e+01
1.033682102049618550e+02
1.017219526406824315e+02
1.002978929474829783e+02
9.861201572535895821e+01
9.665863924017419606e+01
1.007776780484554990e+02
9.959801828246081357e+01
1.011359714259203741e+02
1.007102697184260336e+02
1.042125984353600217e+02
1.002055078950075995e+02
1.006674196882113819e+02
9.779205454406142906e+01
1.014722325174964936e+02
1.024708296679590234e+02
1.032468868600717116e+02
9.896057992964912842e+01
9.661488415945318309e+01
1.016449587126469822e+02
9.799675737997866065e+01
1.008895123172155053e+02
9.908883099919916049e+01
1.025127232259691255e+02
9.960315072130487124e+01
1.023520619411145987e+02
1.004167051825669006e+02
1.018075824919819610e+02
1.010689822509044262e+02
9.929552178304894028e+01
1.012999222019826959e+02
9.881663590669141684e+01
1.000157728432297546e+02
9.614412464176142237e+01
9.867256307222466205e+01
9.998543785223718317e+01
1.005996914080848512e+02
1.006848118191542198e+02
1.017961116876749657e+02
9.880959065163868615e+01
1.038021848111560530e+02
9.811635685306823973e+01
9.557724999862658422e+01
9.868501456901780955e+01
9.910975637867495891e+01
9.953246598105033627e+01
9.974073244041483122e+01
1.018539272339170481e+02
9.920215855960374540e+01
1.009501852323282520e+02
1.008987046011661164e+02
1.012708888904305127e+02
1.014232918879593797e+02
9.983710246018522128e+01
9.830300519461877684e+01
9.838990501847601422e+01
9.964227729202524131e+01
9.701118909818993075e+01
1.006176377644397917e+02
9.901885506875079557e+01
1.027114388537425498e+02
1.001647072853830167e+02
1.002174573868313701e+02
9.948517126274555267e+01
9.698427124561528956e+01
1.013837065689044721e+02
9.955343625513457084e+01
9.746395101059964361e+01
1.039073727764336326e+02
1.025747441349989941e+02
1.010018806546090531e+02
1.025024705152150233e+02
9.965918896768243940e+01
1.017584565868124145e+02
9.827502211716094394e+01
1.004972028268982314e+02
1.001930684230241582e+02
9.934855228051179665e+01
1.005558481148312211e+02
1.030277716859290962e+02
9.942288327098097511e+01
1.014407789985206989e+02
9.967086164208323851e+01
1.011493033395256873e+02
9.696195799855792075e+01
1.053580705500515364e+02
1.059094326702410029e+02
1.006657328177573021e+02
1.018967710825796615e+02
9.883533817377237085e+01
1.035769062025407834e+02
9.932984916722398339e+01
1.017249973646724328e+02
1.012192806416487088e+02
1.013518011445785589e+02
1.017509532808776811e+02
1.000833723624644733e+02
1.033587193410321561e+02
9.860913791811513818e+01
1.011314913180646329e+02
9.985397052047159150e+01
9.982618180806488795e+01
9.919927614272472738e+01
1.009455330747955628e+02
9.968221289211052749e+01
1.027882541209189071e+02
1.013835993850139516e+02
9.916215736154124727e+01
9.777740604257199664e+01
9.994919985724436629e+01
1.002783011304381944e+02
1.016483163109033114e+02
9.983228725581842866e+01
1.017640303478062549e+02
1.014657013158617929e+02
9.921441149631364453e+01
9.817338072452557185e+01
9.963242910493092097e+01
1.008286149811185908e+02
1.032747594592835156e+02
1.018143645098479197e+02
1.001995153375357432e+02
1.020602187153640159e+02
1.013941563003930781e+02
1.005049477243824469e+02
1.006437724315255196e+02
1.017447764353035637e+02
9.815364704382616878e+01
1.034000444211772702e+02
9.794902153731885619e+01
1.033084913946640455e+02
9.945607273872855103e+01
1.015358352383564977e+02
1.021643542883010980e+02
1.019240622856108018e+02
1.008920079940720029e+02
9.819597073741127247e+01
1.005135648255699010e+02
9.996506726893781547e+01
1.027339741795768191e+02
1.032443313998209788e+02
9.950919373574710391e+01
9.969027185968951699e+01
9.772864063089303954e+01
9.820060622499060798e+01
1.006648136834491254e+02
1.030361385708268784e+02
1.000098055461189404e+02
9.963558959598275067e+01
1.008265809194238614e+02
1.017006447572902630e+02
1.027338204559756321e+02
9.845161667803429850e+01
9.835030017423466120e+01
1.030069141258604333e+02
1.009305675434874559e+02
1.011277085917237457e+02
9.923210414854081307e+01
9.773087909740431201e+01
9.948374955129069974e+01
9.957560564584075280e+01
9.935158671490756888e+01
1.018208656209662593e+02
1.035639268664381092e+02
1.007289835833329050e+02
1.018056255045265743e+02
1.006225410858875478e+02
1.016988300026192036e+02
9.874174274484882119e+01
1.010227742549268015e+02
9.872623961731339648e+01
1.010520167738241213e+02
1.002029816890636909e+02
1.004993683625676226e+02
1.017894645995713887e+02
1.014854377578141396e+02
1.005137935744918707e+02
1.005351148518191593e+02
1.033013975041418036e+02
9.763436611198504522e+01
9.913217946888065057e+01
9.876550692818021560e+01
1.011751556200534736e+02
1.036567335889956922e+02
9.813723823096643173e+01
1.004625968893181067e+02
1.030181484652663215e+02
9.819921354322613638e+01
1.020037627349772862e+02
1.014106427299776527e+02
1.003988819097876615e+02
1.011088531903334626e+02
1.007533712523929381e+02
1.034616867715259332e+02
1.012620776995926093e+02
9.956150635493048640e+01
1.037698757466789345e+02
9.994098566701241282e+01
9.684142133052539236e+01
1.004828710866713948e+02
9.843941315395326797e+01
9.810378266585318840e+01
9.949184629763982457e+01
1.020408820925442654e+02
1.060063912569506641e+02
1.050229810608175711e+02
9.978928712565863179e+01
9.739623511631670283e+01
1.008855014873002460e+02
9.871993047916278385e+01
9.751551652699198769e+01
1.016510731212449770e+02
9.905821370269468673e+01
9.758989776498965796e+01
1.003610096694930292e+02
9.630726324953245410e+01
1.010760125435404575e+02
1.007467795878789616e+02
9.782765012596098586e+01
1.000066591054571177e+02
9.988192442273675908e+01
1.033883350640566192e+02
1.018713676320320758e+02
1.031940996752495607e+02
1.000561985237841043e+02
9.978231496705910786e+01
1.044270552211553138e+02
9.937153585618726481e+01
1.009971761288361165e+02
9.883567950169199889e+01
1.052806303834207142e+02
9.972345122956984653e+01
1.015947218429867291e+02
9.918497702718642017e+01
9.963834947132728814e+01
9.831930301238323011e+01
9.950430007786776798e+01
1.003928501885149416e+02
9.953914299006940780e+01
1.033353044215598260e+02
9.975776703917350119e+01
1.046099797733717480e+02
1.003817597450475319e+02
1.024203719878119045e+02
1.001502128331166261e+02
9.900147258433887032e+01
9.967713447478053013e+01
1.003157130353497877e+02
1.003976198438545282e+02
1.001826846288518738e+02
1.008676895284688158e+02
1.032212295836366138e+02
1.008142878706968162e+02
1.012848181240717338e+02
1.008447021946282121e+02
1.055711979665653075e+02
1.006989431824657544e+02
9.992092821600903108e+01
1.001299809494009025e+02
1.010386815801769842e+02
1.030792009645628156e+02
9.873461381592356645e+01
1.022017814805608680e+02
9.967973812997087180e+01
1.010611572336987791e+02
1.008278010160346128e+02
9.884498850761953292e+01
1.012517057660437985e+02
9.995944609426723559e+01
9.817139450975794546e+01
1.024740767563009456e+02
1.011697831411334931e+02
9.724785909951120288e+01
9.942464593516241678e+01
1.008073125762077780e+02
1.043610380791906636e+02
1.005447998864830055e+02
9.791404665306204436e+01
1.026105984340176747e+02
1.035522489844269813e+02
1.000319574893646006e+02
1.006414643739134505e+02
9.935400778891290940e+01
1.005181641974076996e+02
9.788231231943647970e+01
1.025782091386394654e+02
1.002899757834897656e+02
1.014905418073809358e+02
9.735347978123525081e+01
1.003626982820843097e+02
1.004754907329869269e+02
1.010821963884639700e+02
1.003894258802275345e+02
1.016839620802603150e+02
9.616829661246630678e+01
1.005695343566850255e+02
9.799395202767153989e+01
1.034912033566969569e+02
9.880241132037998852e+01
1.032588271394595978e+02
9.986073679425844318e+01
9.902298701186279573e+01
1.001078056889550965e+02
1.008053806133797821e+02
9.855737452574322788e+01
9.845700353174656527e+01
1.006581361283319467e+02
9.978647456771867041e+01
1.022345395785192324e+02
1.014248482119471788e+02
1.023086440087777902e+02
1.016376473722733209e+02
1.000016194777502818e+02
9.982839105000071811e+01
