1.197102780070320875e+02
1.205109389704391702e+02
1.202828263824522281e+02
1.186759235447788399e+02
1.197893416324335476e+02
1.197651474236940885e+02
1.216734729893615139e+02
1.198215402790218462e+02
1.206940743257317337e+02
1.193434369084393154e+02
1.230692270991393400e+02
1.198270062909813021e+02
1.212282696211678825e+02
1.202708087376832538e+02
1.198626120908857331e+02
1.218994753141167138e+02
1.217009632639274059e+02
1.212947406450572601e+02
1.214417839998880169e+02
1.208171399162850719e+02
1.202721188796699039e+02
1.208635305262980069e+02
1.227729768654454858e+02
1.226521600384457713e+02
1.204869969125605991e+02
1.197549218708071237e+02
1.200007216926997984e+02
1.195141074117454423e+02
1.207454746176036622e+02
1.216081601736701714e+02
1.223820179728908641e+02
1.213146202932519770e+02
1.227023610986986739e+02
1.190935561013961461e+02
1.209888411307922667e+02
1.208924421100651898e+02
1.234298845880825297e+02
1.175550192561839395e+02
1.204640905543655691e+02
1.205451282955962000e+02
1.207352318784367498e+02
1.190250723203014473e+02
1.192511577966905918e+02
1.183641318227490160e+02
1.206270792382017021e+02
1.197379055578116152e+02
1.225679915363404007e+02
1.207927025261938780e+02
1.206852676209336863e+02
1.187281030463663569e+02
1.196984459401599565e+02
1.206123186549729667e+02
1.219134200182290186e+02
1.209825614026203340e+02
1.214980648192186550e+02
1.211766548006871176e+02
1.201983070811375285e+02
1.215840979094956964e+02
1.209659979409792925e+02
1.227735756354422136e+02
1.188304456005978977e+02
1.191420396831336035e+02
1.209613111948873438e+02
1.194233308708328138e+02
1.209362347960846478e+02
1.192649479694352976e+02
1.199543439844388644e+02
1.193369454738207907e+02
1.196665984882401403e+02
1.205926019378565002e+02
1.206055588404991994e+02
1.218051253758308690e+02
1.196219218659409762e+02
1.211407090213995872e+02
1.214048613864285073e+02
1.192716335115550095e+02
1.220385255533376068e+02
1.210869447690695608e+02
1.194226386011646071e+02
1.210996242040389745e+02
1.203039826967788741e+02
1.193780439300822707e+02
1.221037596234065177e+02
1.210604703509463462e+02
1.192140064118997316e+02
1.192998191016635730e+02
1.187621037481206514e+02
1.207983681372308951e+02
1.182739623357159502e+02
1.207161387834781294e+02
1.204687069890820936e+02
1.224701520770929761e+02
1.209716614916945900e+02
1.190770654303069449e+02
1.214228772853479086e+02
1.196307059366457253e+02
1.235374128217981422e+02
1.168714631042908678e+02
1.207824315668087820e+02
1.201828025727892566e+02
1.220527218636454450e+02
1.180900405400192170e+02
1.204952882491724466e+02
1.214830673234979486e+02
1.204878677130504485e+02
1.213145558991673738e+02
1.211758622362510636e+02
1.199361260575011698e+02
1.196305959433647956e+02
1.204007877271682787e+02
1.208062967387931224e+02
1.190757895728857392e+02
1.211881777042662378e+02
1.194732655502435108e+02
1.223590900908376966e+02
1.224477178578323588e+02
1.182430928887238082e+02
1.208005493051217059e+02
1.217416591905884786e+02
1.206197065043427727e+02
1.213299723514964228e+02
1.208166663141893196e+02
1.199609509115681618e+02
1.225574891045619097e+02
1.205686352135032706e+02
1.199919851785999043e+02
1.211116148911685855e+02
1.201705923955176587e+02
1.190251021179866768e+02
1.189333936035870067e+02
1.216861310129898186e+02
1.196973039443087572e+02
1.219216181350167716e+02
1.210959576896825070e+02
1.199236794584005139e+02
1.188187064621371434e+02
1.216045334041931909e+02
1.211453076588381208e+02
1.229878015371100304e+02
1.220316327341734421e+02
1.206796725522880536e+02
1.204003807803677972e+02
1.209125514516634183e+02
1.197710159237294789e+02
1.210197932434841590e+02
1.206858054647359069e+02
1.203688023486052430e+02
1.218467072597641021e+02
1.191546642423621734e+02
1.188442759075601458e+02
1.205772235199698343e+02
1.223735071292525447e+02
1.209294491798895876e+02
1.203185973527863837e+02
1.215782521678066814e+02
1.214492719492565698e+02
1.181727093904364096e+02
1.234390434836042232e+02
1.194138899607303586e+02
1.193819973516770148e+02
1.202578589278428325e+02
1.210579282591325239e+02
1.216691361148099304e+02
1.204708192912642062e+02
1.204661895004865073e+02
1.211966253807599827e+02
1.191978004024589808e+02
1.213512517329982785e+02
1.209616028276189041e+02
1.200494337585918032e+02
1.234728254954537476e+02
1.202181730041785528e+02
1.204230937422992440e+02
1.206904696073187324e+02
1.205296821391220590e+02
1.192927123629814901e+02
1.223412545145533130e+02
1.192415646580042505e+02
1.227773540098933012e+02
1.185311801587413072e+02
1.199295632202306621e+02
1.212691725235767706e+02
1.218712538522900246e+02
1.212037159882239479e+02
1.220493138643685853e+02
1.194562745796862941e+02
1.211089689510918674e+02
1.193870069896882313e+02
1.198363449064018340e+02
1.209094183215898823e+02
1.206494715227517673e+02
1.199390300119761008e+02
1.225830293974406686e+02
1.196519828348647394e+02
1.196607024424658476e+02
1.189072921076087113e+02
1.225798060979164887e+02
1.194280965836238835e+02
1.228340712001038497e+02
1.209766427875207313e+02
1.212438693579706381e+02
1.218439451113633538e+02
1.175961947761232409e+02
1.199643476033254501e+02
1.221747791125731197e+02
1.196797654742757118e+02
1.213218257852164754e+02
1.201945778410979671e+02
1.220587123527431430e+02
1.197231495078238765e+02
1.213742851085539485e+02
1.222480847258869119e+02
1.207771027573587617e+02
1.208675740164640899e+02
1.202444738340813473e+02
1.196999249874151019e+02
1.215260839107486674e+02
1.201898765943439003e+02
1.204978229398429477e+02
1.225813339822021959e+02
1.194287847572706340e+02
1.200232553041417134e+02
1.195973677993988105e+02
1.189786542526112072e+02
1.202461390384553823e+02
1.193643690257825654e+02
1.220628720247290602e+02
1.219964459257251121e+02
1.187560791104717453e+02
1.200067023605521257e+02
1.202567699800649024e+02
1.198577203562371665e+02
1.209847478240452290e+02
1.220776857281684471e+02
1.223827912948900405e+02
1.206428565394125485e+02
1.210368715543491476e+02
1.217794304367813822e+02
1.214898265438745710e+02
1.204702949012918083e+02
1.206882934129944971e+02
1.202822374740807021e+02
1.211348625975144699e+02
1.188315507206640831e+02
1.201149382013446569e+02
1.210639623840570636e+02
1.210687018555919252e+02
1.208658915747001288e+02
1.220870340473666715e+02
1.200596446077114763e+02
1.233481091473075395e+02
1.228781104336857339e+02
1.200258212535827766e+02
1.195303487066891819e+02
1.217239827106391772e+02
1.197310500249580087e+02
1.202788331552633565e+02
1.189731103110443229e+02
1.222768510763212504e+02
1.218150092989378095e+02
1.194976441610717757e+02
1.227280254072107937e+02
1.201836938737769032e+02
1.184115196125326577e+02
1.216302223538645393e+02
1.190343364638873567e+02
1.244061786779059986e+02
1.204099616533762003e+02
1.176323606346827262e+02
1.187201308620910538e+02
1.211659704431262554e+02
1.196658417246684252e+02
1.177966291735362319e+02
1.207719096064502082e+02
1.187302006585824898e+02
1.211549488522649654e+02
1.217011931772660915e+02
1.205647835089539370e+02
1.202296636055426546e+02
1.224877428623186262e+02
1.209805245723936906e+02
1.231628617137899795e+02
1.208599658748046437e+02
1.204490693183181094e+02
1.226001364100577291e+02
1.209045250514747778e+02
1.205907036974666795e+02
1.217174861302335955e+02
1.196817210938071128e+02
1.200209291335655593e+02
1.211370442896125468e+02
1.212429505778263206e+02
1.196014580342157956e+02
1.213364949468991654e+02
1.213754085904314906e+02
1.217933689475912900e+02
1.217330690231721917e+02
1.192119044275942770e+02
1.204474419101181724e+02
1.204043540008577935e+02
1.221668166526311410e+02
1.228652590759191270e+02
1.210965714304102931e+02
1.198359923171665429e+02
1.206301569037709527e+02
1.208675732557627072e+02
1.218665530110728525e+02
1.199555709468873204e+02
1.198197317422287256e+02
1.194619943320779072e+02
1.210508994130625382e+02
1.212839206461333106e+02
1.222239618719055017e+02
1.208537505246542310e+02
1.199573400050779526e+02
1.212085588719411220e+02
1.200525807118324053e+02
1.208385130668754925e+02
1.197752443536911500e+02
1.184229743968503641e+02
1.193368518862540952e+02
1.215586392448466597e+02
1.194793885776181241e+02
1.214136307996347739e+02
1.194700114144867769e+02
1.188469042742334807e+02
1.212850182954011728e+02
1.215845069917025683e+02
1.206971747117936502e+02
1.187936938104663938e+02
1.190228288222633495e+02
1.201257087787398348e+02
1.212019678263456655e+02
1.206790249186347523e+02
1.198498592405150873e+02
1.203517505663135978e+02
1.208070399035366620e+02
1.202025391768535343e+02
1.200388470751618541e+02
1.200050569818150450e+02
1.215389529309763361e+02
1.194017653138167390e+02
1.200295031936016130e+02
1.199297476948934360e+02
1.192682227729292634e+02
1.213876581060270325e+02
1.194717311654482330e+02
1.202530891057572262e+02
1.213899061113516353e+02
1.190173743143767808e+02
1.211811792130340422e+02
1.197582414252316028e+02
1.209037728332723702e+02
1.206093182133510027e+02
1.209616971459396240e+02
1.211806573251162149e+02
1.208009831667001919e+02
1.202061600203027041e+02
1.234289435481749706e+02
1.214669391892673076e+02
1.210458782656199475e+02
1.201660261503317031e+02
1.208866166424365503e+02
1.233399051057205611e+02
1.192017938288106365e+02
1.222439785509161396e+02
1.203245924410494467e+02
1.203986960933525836e+02
1.209234099676909295e+02
1.204947330391786693e+02
1.215123845964799898e+02
1.229048905996442187e+02
1.217727369142443905e+02
1.213570455801812642e+02
1.217216758912952628e+02
1.193364029572022531e+02
1.194442377392728929e+02
1.212335891569993578e+02
1.191217184223113321e+02
1.193391375174634277e+02
1.201164367155876107e+02
1.195363556942352261e+02
1.211897229740118149e+02
1.182929717551860449e+02
1.208099364025178488e+02
1.187379324998828451e+02
1.185280283831231003e+02
1.183420871505104373e+02
1.197210096082098403e+02
1.212233408265668970e+02
1.179644737619647401e+02
1.204468257214677465e+02
1.230620123969236630e+02
1.218468100052523795e+02
1.177175986663187786e+02
1.201334515813176154e+02
1.202596293175231352e+02
1.184473286900693125e+02
1.191126308907782771e+02
1.195784893975603751e+02
1.212702234397811338e+02
1.205851676406826130e+02
1.194575426587241793e+02
1.216741615986187242e+02
1.237156986036649187e+02
1.213209482162907875e+02
1.206683547418343352e+02
1.205454451969891636e+02
1.211113269579505669e+02
1.207309793651012342e+02
1.186198698173916029e+02
1.193217480536689266e+02
1.189264356722016061e+02
1.201926712413454652e+02
1.230956800041835635e+02
1.206121276219659535e+02
1.214635665911656304e+02
1.212449101003393395e+02
1.214965404312153936e+02
1.207798046382275743e+02
1.196508317443935425e+02
1.199806594061223848e+02
1.205216213027343031e+02
1.186179830649039388e+02
1.185573679374888201e+02
1.202827415870136747e+02
1.198701629432161155e+02
1.203245272261185193e+02
1.186058283489345655e+02
1.210764370113981556e+02
1.179062240979673390e+02
1.202159841359533772e+02
1.211108602697304519e+02
1.191122414058187786e+02
1.205027345046390792e+02
1.197336844428304659e+02
1.201666658854430665e+02
1.190386771418872485e+02
1.194370883716151326e+02
1.209337335926749688e+02
1.193314978428835786e+02
1.191953552599069184e+02
1.208430876569304218e+02
1.217302219771706575e+02
1.201021413923790391e+02
1.214516811599291231e+02
1.216541148639429224e+02
1.202192103260254470e+02
1.205077744218624360e+02
1.186157481948769430e+02
1.202339347118430197e+02
1.237207135603199504e+02
1.182988944996912011e+02
1.198801778033238747e+02
1.224656163744670749e+02
1.215562995415046856e+02
1.229312310360067926e+02
1.178104918098494522e+02
1.204233020243215151e+02
1.204604238757355148e+02
1.197689002982076829e+02
1.212159582282561701e+02
1.209210637582649497e+02
1.198289171822578965e+02
1.179449850808426987e+02
1.214601512885480332e+02
1.185340271640582444e+02
1.200708594294283387e+02
1.203777813773178593e+02
1.219531273795653021e+02
1.200312646188525463e+02
1.199607608923447515e+02
1.214092671343247787e+02
1.204911613006444924e+02
1.196330247756385319e+02
1.185694672917885981e+02
1.213646975052151475e+02
1.195194689662475014e+02
1.195248064530938734e+02
1.212058217518141845e+02
1.208019481499774344e+02
1.195153822491939195e+02
1.203391552302471723e+02
1.191173221316358593e+02
1.195156385411955569e+02
1.180310223811566601e+02
1.200279021531398911e+02
1.189852885375853759e+02
1.201448319626268812e+02
1.201723215974107859e+02
1.203408778078056969e+02
1.189336610906540415e+02
1.202182050666077942e+02
1.207126642393759681e+02
1.188711112620371750e+02
1.196309943152417787e+02
1.208426997790057555e+02
1.220284843846814056e+02
1.188527065224148203e+02
1.188618117435680972e+02
1.196488001054866146e+02
1.219236956903728242e+02
1.187428079634729841e+02
1.193154779664837974e+02
1.200688895302867962e+02
1.202243142144350685e+02
1.201720470421573310e+02
1.220858687154302231e+02
1.217148570912437293e+02
1.215793827547024648e+02
1.216054857429141123e+02
1.223413408122719233e+02
1.226051304400496207e+02
1.206418034967391719e+02
1.204942424125144100e+02
1.202292079240919520e+02
1.201818516917615653e+02
1.219079138681893824e+02
1.199158355264482054e+02
1.186858619042164946e+02
1.184526728765635255e+02
1.189963076975649017e+02
1.195950257469372673e+02
1.192216324962538039e+02
1.220153272437360243e+02
1.220885836042818369e+02
1.207251237900802607e+02
1.200583880370419365e+02
1.209342269512637813e+02
1.206706078287331110e+02
1.196085312693834908e+02
1.194886582942610573e+02
1.198581896194127268e+02
1.183267238154585499e+02
1.197131086221091465e+02
1.232469236500995180e+02
1.195752610342722306e+02
1.197645788690023352e+02
1.196293783976840217e+02
1.191744837524223186e+02
1.198275631216717159e+02
1.212605420558883509e+02
1.190610733175718252e+02
1.215858673192636275e+02
1.196771184671882793e+02
1.209855816960849211e+02
1.198448645760475273e+02
1.214508323982772708e+02
1.200546965426594426e+02
1.194905059906846674e+02
1.196302189553680222e+02
1.201341239445665536e+02
1.188824302673169768e+02
1.201902640580671573e+02
1.203810616422802866e+02
1.195206239334558518e+02
1.197185909546245597e+02
1.207688748810752912e+02
1.220909827728652175e+02
1.215892443450252500e+02
1.223751482545244897e+02
1.194969289563290289e+02
1.202398666460803867e+02
1.200118755185603021e+02
1.212090932625058883e+02
1.215145966049678492e+02
1.190282716171545161e+02
1.214630790542725123e+02
1.203051065246694407e+02
1.197829721513130181e+02
1.197673857646126407e+02
1.183895838477875486e+02
1.207940345548570917e+02
1.203629426622354259e+02
1.205142415643600202e+02
1.195757327823149012e+02
1.216694934840362521e+02
1.206366867884765952e+02
1.190690922651125305e+02
1.200674676628731419e+02
1.205939234565677225e+02
1.220964921588363836e+02
1.195163362791251700e+02
1.196129862188061850e+02
1.212591083458987242e+02
1.204412087954848403e+02
1.212055751981173302e+02
1.206479682620183667e+02
1.211215640186703553e+02
1.217806183897624805e+02
1.209747479224166398e+02
1.210902244036763307e+02
1.205396951339505875e+02
1.185413787946143032e+02
1.203082588792367034e+02
1.203164595053985266e+02
1.186602780538449338e+02
1.209536678619277552e+02
1.169999654686868951e+02
1.195064332243303511e+02
1.198402701228815488e+02
1.214312959029369239e+02
1.201388637047755026e+02
1.213443008242483643e+02
1.203052052761801178e+02
1.222030039056256072e+02
1.222564146453741785e+02
1.192727880760677834e+02
1.189007941520063127e+02
1.204994327494263615e+02
1.220789291065295004e+02
1.216270622465036269e+02
1.211516170189631225e+02
1.196661333660540265e+02
1.213264984110129205e+02
1.210434804996103537e+02
1.194838507766584428e+02
1.223358996744802880e+02
1.202569394052253955e+02
1.212593211165905558e+02
1.216724243217098120e+02
1.197348419159271913e+02
1.209941384976638830e+02
1.210113569337104877e+02
1.210493650265831889e+02
1.185903280686622736e+02
1.199366266988286611e+02
1.211009738429509923e+02
1.213888989940978718e+02
1.193505530752273103e+02
1.200272011585579719e+02
1.207771368883246339e+02
1.199916501378786933e+02
1.203546985378672787e+02
1.198838061821674614e+02
1.196839763142564124e+02
1.212437518657898323e+02
1.206974223210817172e+02
1.189897187093235686e+02
1.209619872359820221e+02
1.207649956940928888e+02
1.197725370697181688e+02
1.193532269229101388e+02
1.199228147379361786e+02
1.198839478327949024e+02
1.185635166732159860e+02
1.224474105262350321e+02
1.219000308305984248e+02
1.200647960312710438e+02
1.195579695423196114e+02
1.216603737554520563e+02
1.180752701690352637e+02
1.204638086478755099e+02
1.204092460553122521e+02
1.222936084241778900e+02
1.215687023933055571e+02
1.206932528940555613e+02
1.186356743776107692e+02
1.208913203413908946e+02
1.190615865664539541e+02
1.205788112997803125e+02
1.188134712877729555e+02
1.207558477813323208e+02
1.212389488274396285e+02
1.209062727717788874e+02
1.214154312200451784e+02
1.196725668817029202e+02
1.193220103116096453e+02
1.208291579482183238e+02
1.202669098865797537e+02
1.206218429133017906e+02
1.212347812209899587e+02
1.201498839228596580e+02
1.208158866075493876e+02
1.206448285003485097e+02
1.234563134610046831e+02
1.221059592590998761e+02
1.207456794034396523e+02
1.223280199749339658e+02
1.196122171604190072e+02
1.199580314631020599e+02
1.205833859434653306e+02
1.201625642653218051e+02
1.199402502295196626e+02
1.201441039417106822e+02
1.203784013017847769e+02
1.202266271234173161e+02
1.206649524207346786e+02
1.223249639352767986e+02
1.219334890779201430e+02
1.199504444873529394e+02
1.215872763006151445e+02
1.209605944933753534e+02
1.197080828650097288e+02
1.220831361736497627e+02
1.202551650550724105e+02
1.201242609412504834e+02
1.218633452345917476e+02
1.216276550299514980e+02
1.229520398614014312e+02
1.193606580818129856e+02
1.215869562393714034e+02
1.218270679098403662e+02
1.214073631768593913e+02
1.206651600377410034e+02
1.217573388324278625e+02
1.191971469737910354e+02
1.202567418371119032e+02
1.207813024754050844e+02
1.206239603882088431e+02
1.201970988507094944e+02
1.199797989283190986e+02
1.189821592828701995e+02
1.215711651278108576e+02
1.217642597577629999e+02
1.221008511095705131e+02
1.215661478966791833e+02
1.209870327642520635e+02
1.218504361858280447e+02
1.206098753027620631e+02
1.203556149330690346e+02
1.210563945802837935e+02
1.212309296838356545e+02
1.228444836449797464e+02
1.205592636944437714e+02
1.206542186079673087e+02
1.203710825608105779e+02
1.194412441789094430e+02
1.205084400676105361e+02
1.205701266431492371e+02
1.210178370441821158e+02
1.216271783203480936e+02
1.217922595745525740e+02
1.196670860343688503e+02
1.206252664443655931e+02
1.209595403994143368e+02
1.196254927322391097e+02
1.205187424726093184e+02
1.217128958722672110e+02
1.196117132928639109e+02
1.205937457193146400e+02
1.226571714387723944e+02
1.225266360423704128e+02
1.221735696155958806e+02
1.211589566259961828e+02
1.205098297091183781e+02
1.194706854129279776e+02
1.214744658993929960e+02
1.217439001461314803e+02
1.208500097801441626e+02
1.196464215390774228e+02
1.187306049797492307e+02
1.191945272897191046e+02
1.198362369081469154e+02
1.202968168780512599e+02
1.192668031281105101e+02
1.204833709695069501e+02
1.196149300847207400e+02
1.202418976899106298e+02
1.206124430349022703e+02
1.202053008741737443e+02
1.204713126420390381e+02
1.218110905513937610e+02
1.202654932475523424e+02
1.198737975073146913e+02
1.188102457842968107e+02
1.220685231338571839e+02
1.207251564053937187e+02
1.177762978036046775e+02
1.205772628860131306e+02
1.228825626580490535e+02
1.206999518729434442e+02
1.195721908439229821e+02
1.183465156502952311e+02
1.200341623551049537e+02
1.195487541756562138e+02
1.205987739082814443e+02
1.222210670348792974e+02
1.205934724649428205e+02
1.209199335899180028e+02
1.212844606353351367e+02
1.210803583434063171e+02
1.196943799268063060e+02
1.221674719696345903e+02
1.214478456954644088e+02
1.220276602107826562e+02
1.226388721561679347e+02
1.205675733936495391e+02
1.214691730055075851e+02
1.190372759163851697e+02
1.199756395725737121e+02
1.203021738830884999e+02
1.207994463551852675e+02
1.206248210391327547e+02
1.208878671172226404e+02
1.197574791036707325e+02
1.198940283249619938e+02
1.190570938502383456e+02
1.219362425607874627e+02
1.210116427943943052e+02
1.203848799479300880e+02
1.214513366090814941e+02
1.198879931243911443e+02
1.230032380183122029e+02
1.206324374893805782e+02
1.196384684625409704e+02
1.212653035987468684e+02
1.177817163931322995e+02
1.203979895014180386e+02
1.207092410092853356e+02
1.219290505965193603e+02
1.211472816346719412e+02
1.214739861406295773e+02
1.210845258411613372e+02
1.200658463231067401e+02
1.224749933715708323e+02
1.187419258690595569e+02
1.195681316611768068e+02
1.187070222023210704e+02
1.182963747435612447e+02
1.206252338600235987e+02
1.191616181613553209e+02
1.219321654391021070e+02
1.187877613921256739e+02
1.227030976493798420e+02
1.221042176024942023e+02
1.202181161242914555e+02
1.188959422410703723e+02
1.199242151565242835e+02
1.205143848220238567e+02
1.197151959650464761e+02
1.186707800291678581e+02
1.195374204768206994e+02
1.204436366975444059e+02
1.231016876131868685e+02
1.207253134390325613e+02
1.215211055761253363e+02
1.199230435340475225e+02
1.199261377209729318e+02
1.204825167034053806e+02
1.217085053604201192e+02
1.215145739130637281e+02
1.191071770244154351e+02
1.196963719049554697e+02
1.210804385339424130e+02
1.200402394813970375e+02
1.219428635930054554e+02
1.207661137640975824e+02
1.186043099995934540e+02
1.203664984679629697e+02
1.205752800479507982e+02
1.179575026810952068e+02
1.216722705604956616e+02
1.215613906458426925e+02
1.218525330509440039e+02
1.199359793661707272e+02
1.185924850991294761e+02
1.187091620479935870e+02
1.206018340593256823e+02
1.207416223959407802e+02
1.229668240146903457e+02
1.194342834127985071e+02
1.202493624528245846e+02
1.208742176389322509e+02
1.190026025245296495e+02
1.196815536475449449e+02
1.188867965775591671e+02
1.193942655201737750e+02
1.193070340194332317e+02
1.192955902496493081e+02
1.193307924968949010e+02
1.222021154793434192e+02
1.214903949470580926e+02
1.219286912634487123e+02
1.205661411177308224e+02
1.207240795722499627e+02
1.208428321713486042e+02
1.208024898514686072e+02
1.233875654902565913e+02
1.210281167776895614e+02
1.214198303309746052e+02
1.203367437850029518e+02
1.207890332265036051e+02
1.234280561866115420e+02
1.181381746095499921e+02
1.212278600945677738e+02
1.214555452098454111e+02
1.220650063071442730e+02
1.205733227165637658e+02
1.195835030530493839e+02
1.197191174381411258e+02
1.198616752566466346e+02
1.192026987745641264e+02
1.221208548741938102e+02
1.204589591837217739e+02
1.214304973154278855e+02
1.209489768787468336e+02
1.217208451270562080e+02
1.219060820481959837e+02
1.205948311013478644e+02
1.204800081338275959e+02
1.205491374549867913e+02
1.206716280702397768e+02
1.217524090934959133e+02
1.215033580079778801e+02
1.195621482856437723e+02
1.188817764721163144e+02
1.205267396248573135e+02
1.208916593473673942e+02
1.238070561251443564e+02
1.204927483689128849e+02
1.212085734106467072e+02
1.225443813403686448e+02
1.192813459484694931e+02
1.183447548578657234e+02
1.214179973713008422e+02
1.213944039526409711e+02
1.197060682528265403e+02
1.194291016696443677e+02
1.193941815627628955e+02
1.188089983891126593e+02
1.203804975628761724e+02
1.204825085580901742e+02
1.205881683554140267e+02
1.204534103407290502e+02
1.214656311518222651e+02
1.205504943358094607e+02
1.218662229775970900e+02
1.203717393339608179e+02
1.209005219886191895e+02
1.189219281822338559e+02
1.206550727487393004e+02
1.189817256845214644e+02
1.209178103205054953e+02
1.208825808912979483e+02
1.207561547698115163e+02
1.180336637530435553e+02
1.192940229200659559e+02
1.216073309869088064e+02
1.213352782169398125e+02
1.202228201952564319e+02
1.188938361861016091e+02
1.201489531037698839e+02
1.211675602066657831e+02
1.187076763549211336e+02
1.207026379000089236e+02
1.194601549981926354e+02
1.214921209929819241e+02
1.210240364512574871e+02
1.215658210372416335e+02
1.189275258590281510e+02
1.194742073453723066e+02
1.190406603622840578e+02
1.203956559881821704e+02
1.193904867686158866e+02
1.205227932894515845e+02
1.212276446710384903e+02
1.183485864726027472e+02
1.183605008900115223e+02
1.203986862681469034e+02
1.215553002067794353e+02
1.200550623526533656e+02
1.215970816565186681e+02
1.191957943317708839e+02
1.220751441163824182e+02
1.204139458973595680e+02
1.206346504832821296e+02
1.201255316274301919e+02
1.211913274043685362e+02
1.216260061173706930e+02
1.180139266163330376e+02
1.223009836913615089e+02
1.204719095076415130e+02
1.239819349026751070e+02
1.233724069084677097e+02
1.183484902761070998e+02
1.204931023691665359e+02
1.216364176511921897e+02
1.202736915423346602e+02
1.207609285314387932e+02
1.222023393430357316e+02
1.221062999611372106e+02
1.193362643314534637e+02
1.188602282992365531e+02
1.199915054386472377e+02
1.186845488197124610e+02
1.196137889267669152e+02
1.191773654949055015e+02
1.199000536412095812e+02
1.208082056674194291e+02
1.210553045050697705e+02
1.197901044373569874e+02
1.221538407782379210e+02
1.208608456111628584e+02
1.200072646281427922e+02
1.208986060537175433e+02
1.207647935087341011e+02
1.196440729498412168e+02
1.208202940403305803e+02
1.218798866845657471e+02
