8.444226482709663628e+01
8.177822721363793335e+01
8.626849410958759279e+01
8.292405344740163287e+01
8.356272256367590501e+01
8.538582313229328236e+01
8.359038220374810635e+01
8.579999189638598978e+01
8.339219802218626398e+01
8.486977104305640296e+01
8.530840942543234462e+01
8.247650800327380693e+01
8.717952241687859782e+01
8.467329527491793328e+01
7.893795196561755745e+01
8.608088261112779094e+01
8.476858702068187768e+01
8.557900693986424301e+01
8.134107859141380459e+01
8.064888142499495416e+01
8.223547111672510823e+01
8.282847116669701393e+01
8.635424329269415011e+01
8.704731921587064392e+01
7.949239491445140970e+01
8.166769314517544842e+01
8.424594715239634013e+01
8.239286621517585729e+01
8.392517625083738153e+01
8.581922821318961780e+01
8.163881445100719247e+01
8.418792081736258126e+01
8.373415262762449629e+01
8.418522543237440914e+01
8.272382678130998102e+01
8.132472625870875049e+01
8.227774661048580640e+01
8.069905187926968892e+01
8.679541843032950510e+01
8.548939581293166157e+01
8.770014454321604092e+01
8.207197565684845131e+01
8.283463717970006712e+01
8.501341382795581580e+01
8.402497648123468821e+01
8.666718479424807242e+01
8.231489828139936549e+01
8.291239074629241657e+01
8.330163729706772813e+01
8.628925369309035887e+01
8.294600320990309683e+01
8.586893091036836267e+01
8.465204294089026860e+01
8.719836204364366949e+01
8.520816245034068004e+01
8.700212225813237410e+01
8.348074077506282720e+01
8.448945473609748547e+01
8.490427754796706949e+01
8.557982977722259932e+01
8.211764489062466055e+01
8.577237629571190780e+01
8.216910068983641224e+01
8.234048835890473583e+01
8.416074811810251788e+01
8.010480626949495786e+01
8.302350361669198264e+01
8.397984768786182030e+01
8.597173135469196836e+01
8.394610480971869038e+01
8.310004516019436949e+01
8.345562350040589195e+01
8.389349371890124019e+01
8.529512220532782862e+01
8.553407611730249016e+01
8.514447211179985686e+01
8.242587730503511523e+01
8.492060444105955241e+01
8.430504662948116845e+01
8.300211073832937814e+01
8.765438262958730320e+01
8.654726655246372502e+01
8.693797433412949260e+01
8.790623914580707776e+01
8.241350074583517937e+01
8.804392362688493279e+01
8.328555754762540175e+01
8.264754995246875069e+01
8.391682816826067892e+01
8.295228505785135553e+01
8.578323254007311505e+01
8.628336686522730758e+01
8.656470020166057111e+01
8.262270102334341004e+01
8.285923243232460322e+01
8.283073249928754933e+01
8.585072621991808717e+01
8.195060372034522800e+01
7.948242082730025970e+01
8.337613420409216758e+01
8.285708771208167889e+01
8.177400779371946271e+01
8.390935593275182214e+01
8.287186788709050234e+01
8.712686826317735722e+01
8.324540267795596549e+01
8.282863435864121016e+01
8.486100412917967617e+01
8.548060033333828756e+01
8.335587523110362440e+01
8.335614050710097445e+01
8.406413021755416537e+01
8.557978677409253976e+01
7.858730400252477466e+01
8.275076299641351341e+01
8.499902926157365357e+01
8.279543502806052402e+01
8.134431505933497419e+01
8.467096795572990686e+01
8.278597323575729661e+01
8.474386608869379245e+01
8.647417061775900038e+01
7.958130096803974141e+01
8.167011351143476361e+01
8.870216222956980801e+01
8.322844389371728369e+01
7.929067807352784314e+01
8.113060667328342390e+01
8.433288134346597076e+01
8.208518767998380383e+01
7.996525438810107289e+01
8.758087448804076303e+01
8.537376245942365927e+01
8.341234297808669851e+01
8.414309130146904181e+01
8.188925929249431590e+01
8.451389517724840061e+01
8.335806261458999700e+01
8.504152278733563719e+01
8.562427753746104031e+01
8.264763207643444787e+01
8.563560896070119099e+01
8.389683315561734389e+01
8.476246135668810666e+01
8.360234756148402369e+01
8.377960778569861588e+01
8.242038993131650670e+01
8.183127335990256768e+01
8.196825845453066961e+01
8.500942586749035002e+01
8.450530438359389507e+01
8.344839765333719583e+01
8.273231846279070112e+01
8.418392448730701005e+01
8.338693054588411258e+01
8.147692529530584693e+01
8.564305900425402740e+01
8.273020115815118913e+01
8.430902888474435031e+01
8.037685879378751963e+01
8.347468825266170711e+01
8.584162832069515048e+01
8.417246183880378396e+01
8.505190181829885887e+01
8.447246920656621683e+01
8.513605265291236890e+01
8.270329984668040879e+01
8.359281113769402793e+01
8.627774918757684475e+01
8.543873727881879176e+01
8.517949685544803629e+01
8.052636030207393958e+01
8.329000915565515584e+01
8.296655740817905667e+01
8.163730989971826091e+01
8.277378779956771382e+01
8.602868768900094665e+01
8.133186125595003091e+01
8.625494610694624953e+01
8.363172515461572232e+01
8.255288372345229675e+01
8.359246649512135718e+01
8.457123292593799135e+01
8.395576311626084021e+01
8.353414694142485075e+01
8.348533092746932027e+01
8.457574725552059647e+01
8.452426911808409216e+01
8.267098945302792856e+01
8.573019670612595178e+01
8.218076953802744811e+01
8.469286525506558405e+01
8.180733685768528574e+01
8.333406205664540778e+01
8.547024619434763792e+01
8.267489522053996609e+01
8.228201245186005508e+01
8.610168554464631541e+01
8.030109215587745553e+01
8.626783938445854005e+01
8.365863332644057948e+01
8.339586433641284202e+01
8.755168865188062455e+01
8.853918333259224482e+01
8.611400740526582354e+01
8.709186395200514141e+01
8.376368605435781944e+01
8.386762356140096131e+01
8.176210517606342876e+01
8.672985447313773477e+01
8.837162084379068006e+01
8.300321518664435416e+01
8.377695448718279181e+01
8.217546576895421140e+01
8.074282383475916447e+01
8.511352934462479425e+01
8.416423973511709278e+01
8.155859018070945865e+01
8.746136456449947616e+01
8.314822890720337512e+01
8.411790788992510670e+01
8.488623835601423195e+01
8.517565545087147427e+01
8.247401418353987879e+01
8.412907942401241712e+01
8.211018500317739210e+01
8.649944408473950830e+01
8.423500001726291941e+01
8.684147174004108649e+01
8.723317979151222801e+01
8.245369148682701166e+01
8.480106134619866509e+01
8.321681102171328348e+01
8.588534309912762410e+01
8.148016007296408247e+01
8.649385099220299367e+01
8.554603372358921831e+01
8.539151236365189845e+01
8.405336040908636619e+01
8.558455917206154595e+01
8.460338715079497263e+01
8.257014213081733089e+01
8.286440227858435037e+01
8.372423648775058780e+01
8.350024107271697460e+01
8.260462165128564038e+01
8.201892238248231592e+01
8.418414462223474004e+01
8.691030179468499739e+01
8.507455680181398350e+01
8.524834510446426350e+01
8.304869994261139254e+01
8.129643564007062650e+01
8.461260048301332404e+01
8.573601255188691539e+01
8.269789242131240314e+01
8.719625301069984857e+01
8.130206372508042989e+01
8.496476846061143817e+01
8.240431830913948374e+01
8.426542484570813940e+01
8.311753777768731766e+01
8.334434736285220424e+01
8.213722107112909043e+01
8.329643720405853458e+01
8.383384438942167094e+01
8.391249584015048413e+01
8.240773302644265641e+01
8.401152086606421676e+01
8.959854078311644798e+01
8.324132007761312479e+01
8.477176753696733158e+01
7.944368592078575375e+01
8.413392110363230358e+01
8.364909027240570083e+01
8.242095840230993531e+01
8.697696661283009689e+01
8.391406198763752400e+01
8.142186252559532988e+01
8.449979851622529736e+01
8.506592214311220346e+01
8.671756052822003369e+01
8.558362869025026498e+01
8.635710108399544538e+01
8.520618408676180877e+01
8.399727399663404981e+01
7.994425337061673531e+01
8.689232504246550093e+01
8.251338451400737029e+01
8.491623727793638921e+01
8.642910649756403529e+01
8.352954815067673167e+01
8.324849711188772972e+01
8.286945134570979121e+01
8.394732355598286233e+01
8.308076287654931491e+01
8.516808572141229661e+01
8.545313859588353012e+01
8.284651745250799593e+01
8.341733666886925391e+01
8.481178074658184585e+01
7.978504204254151944e+01
8.274616667326732511e+01
8.243400645050031983e+01
8.263395419231625283e+01
8.537294651765900255e+01
8.276660567618216646e+01
8.617625954742698013e+01
8.366086628549552984e+01
8.629077829081607831e+01
8.122528375511231502e+01
8.777455557652864115e+01
8.705880362675139850e+01
8.138940740973944798e+01
8.307909552400219866e+01
8.370457207985980119e+01
8.315661261646319247e+01
8.203948395621473821e+01
8.255278183789172886e+01
8.405915828391857758e+01
8.323329396203087072e+01
8.413336371175088857e+01
8.533380067804120017e+01
8.552731864211028778e+01
8.425234791534107615e+01
8.669637430505036946e+01
8.832152514213220229e+01
8.273229904028781334e+01
8.172114524977624228e+01
8.324201876041060189e+01
8.251177458128782405e+01
8.270441318947820264e+01
8.091802756179357914e+01
8.347007419995888711e+01
8.568914081022089135e+01
8.044295944531511111e+01
8.624462180992175320e+01
8.261948386872626315e+01
8.414127083994310397e+01
8.536702221743207986e+01
8.525067057770529289e+01
8.340141867369963791e+01
8.400099771808058335e+01
8.026170963141771608e+01
8.099837740139314235e+01
8.441088881793109522e+01
8.416358433593508437e+01
8.507412658861910870e+01
8.029367512481270808e+01
8.434835090402151536e+01
8.241771704646869523e+01
8.527363079362717713e+01
8.430647316914921419e+01
8.364055990254588835e+01
8.519385602046030215e+01
8.171157677644713146e+01
8.896493978977369466e+01
8.404022798769938163e+01
8.519408300194950812e+01
8.562657640514635204e+01
8.542762021699236641e+01
8.720997040858985372e+01
7.976753796064636504e+01
8.372094723640729796e+01
8.343977646934503412e+01
8.128145581499896366e+01
8.461370199247615176e+01
7.956492757313411346e+01
8.071504534196070324e+01
8.417214441618894227e+01
8.602574318993455904e+01
8.232649485570486547e+01
8.111660094156916045e+01
8.261909225793463918e+01
8.114758846373187851e+01
8.348555745900081604e+01
8.461425707940310303e+01
8.460682056374946569e+01
8.489467145994161967e+01
8.199221684302739277e+01
8.297688848325523736e+01
8.618433612740443550e+01
8.273884760969821173e+01
8.535905890990626688e+01
8.277289782189373568e+01
8.365007539064393427e+01
8.550146256232773112e+01
8.211559438934494892e+01
8.245153071468556050e+01
8.540414934439382932e+01
8.457712185647520187e+01
8.290548856237883513e+01
8.320970852581749000e+01
7.990593564479576116e+01
8.801595306082788284e+01
8.328264137097868058e+01
8.300403472658480553e+01
8.851639279992672016e+01
8.353076826401741073e+01
8.002239748705491706e+01
8.298682256586407391e+01
7.938534001081706037e+01
8.606594961078265271e+01
8.606083624562522516e+01
8.246128108176488070e+01
8.524687279155243402e+01
8.441939296288450123e+01
8.336076113916304564e+01
8.880919855830642007e+01
8.399773238961782340e+01
8.350993297677611338e+01
8.273389295031761037e+01
8.317916901656808193e+01
8.084211245160591375e+01
8.434882806425791557e+01
8.362502126079097309e+01
8.374918146748628089e+01
8.200109149746792525e+01
8.327678913941311123e+01
8.513215404777260176e+01
8.388363083101269524e+01
8.115936119033703733e+01
8.221488760571583043e+01
8.771066722722046904e+01
7.850784381766594322e+01
8.579573518762076390e+01
8.707084182661444061e+01
8.140988821657609265e+01
8.513150559938446804e+01
8.616139955579538423e+01
8.435033305997194475e+01
8.475392968190379861e+01
8.273143509473634083e+01
8.354836478913021836e+01
8.343402244709449178e+01
8.414401035953086705e+01
8.446101998039277703e+01
8.776970440881218849e+01
8.475560533460708257e+01
8.567216369345472060e+01
8.607082095343396588e+01
8.455380283997112656e+01
8.589278245499588138e+01
8.703229090804153145e+01
8.637363129663320649e+01
8.593789767729350615e+01
8.197367055054760954e+01
8.099116029238875569e+01
8.664420015992133983e+01
8.423292585922864362e+01
8.176211806764617052e+01
8.526948287728376386e+01
8.324638086512054258e+01
8.741238394332378903e+01
8.528815973106684112e+01
8.557626665724630755e+01
8.659261461662416082e+01
8.550630564173822279e+01
8.363714872461513039e+01
8.565493107569089659e+01
8.138712326699290145e+01
8.574824856884018232e+01
8.281018348971633714e+01
8.119931966848443494e+01
8.563354824652232367e+01
8.744781772931624175e+01
8.224101757604277907e+01
8.233524812080395350e+01
8.595060934880844172e+01
8.409084037203089679e+01
8.472768306171194297e+01
8.286398716398801412e+01
8.092416380092014094e+01
8.440200829047569187e+01
8.507989902349478939e+01
8.380333008446910981e+01
8.318063073877333125e+01
8.421088237747791538e+01
8.369159175385001959e+01
7.981533836946080385e+01
8.441288474901928396e+01
8.315561791442468120e+01
8.335469516917700616e+01
8.580923278562589473e+01
8.068809141039101007e+01
8.459417632007385635e+01
8.687520119003937680e+01
8.298451497858100367e+01
8.462365832481258110e+01
8.059429362120694407e+01
8.570842778594474964e+01
8.501163496941211406e+01
8.463063720752309393e+01
8.064304719730859006e+01
8.350185168200614783e+01
8.511180961576167192e+01
7.915499966355451988e+01
8.277695619606194555e+01
8.304876792400291663e+01
8.238858458416601138e+01
8.263019834118851747e+01
8.151801162129025613e+01
8.746267934322817439e+01
8.541911702244892979e+01
8.296741787284527447e+01
8.650656337027612608e+01
8.351590884098929735e+01
8.432211638287952837e+01
8.213346395128934319e+01
8.099698666462440144e+01
8.552548411308357856e+01
8.665205663221442478e+01
8.488274584969754244e+01
8.218689504198881934e+01
8.160956983647241714e+01
8.509911872680466161e+01
8.170637064217761747e+01
8.427722851514705837e+01
8.343896919054603245e+01
8.358525733662796142e+01
8.395421915367631982e+01
8.670012289256030158e+01
8.573266279919171495e+01
8.586566939881269889e+01
8.256940277095820591e+01
8.229299410988411978e+01
8.638431665665081027e+01
8.390543529086528451e+01
8.394493433589447307e+01
8.247707355158817677e+01
8.146301018430804675e+01
8.358117575140040856e+01
8.675098937469996940e+01
8.723836329823792823e+01
8.349678240416969288e+01
8.254463123536231706e+01
8.374482759903743556e+01
8.142366137239119439e+01
8.094085077271081730e+01
8.136720538163073968e+01
8.745120628440464827e+01
8.645987966289486337e+01
8.682278454625429731e+01
8.364926530162735219e+01
8.424905722956165732e+01
8.260029910178784007e+01
8.369436320092204085e+01
8.639403596849408018e+01
8.354465980198098407e+01
8.217691032825746333e+01
8.456239510429118411e+01
8.382233821157622344e+01
8.308490721157791370e+01
8.725424027035100494e+01
8.295747718118064995e+01
8.233957251615217388e+01
8.465580687662189519e+01
8.696986960971213421e+01
8.701436767706996989e+01
8.260960552217926534e+01
8.380498698708372274e+01
8.465930890023987843e+01
8.425915217161578141e+01
8.608677556003397058e+01
8.316903720937003186e+01
8.409131029995992890e+01
8.459814205937438203e+01
8.488469660474815726e+01
8.471694756433952023e+01
8.359713956001769475e+01
8.279420772655717542e+01
8.512344965976072331e+01
8.276862085252498957e+01
7.983401287897105192e+01
8.275061252268939427e+01
7.908644029914276530e+01
8.448156121282887909e+01
8.360514347565523963e+01
8.550044038737375729e+01
8.476875970469951938e+01
7.787225925389319059e+01
8.650533898624584594e+01
8.087646577617033472e+01
8.646020525312079030e+01
8.265833092344942656e+01
8.311606074566093127e+01
8.274544332457813312e+01
8.736728667771446055e+01
8.595666856688370672e+01
8.530193079272541468e+01
8.371350876728892842e+01
8.768602803217547148e+01
8.222403724290482785e+01
8.412201635321426352e+01
8.633780719289875094e+01
8.559047981433511154e+01
8.330803300391586674e+01
8.245984750945380881e+01
8.237308654907855043e+01
8.585476767728226832e+01
8.174226505317035674e+01
7.991877615382415456e+01
8.127776557167574367e+01
8.697540024718797724e+01
8.440619081334949669e+01
8.551537907438166997e+01
8.181763427108263897e+01
8.628221685778302685e+01
8.634419658430920208e+01
8.327171106182066751e+01
8.467620997805127558e+01
8.578341715041906923e+01
8.287931472547990097e+01
8.431080791747906744e+01
8.456583831290311082e+01
8.442098259092892931e+01
8.261396574890207489e+01
8.201439555118079738e+01
8.617211013168179079e+01
8.533197121646020378e+01
8.436227743971264204e+01
8.414289743588317094e+01
8.206767196283439603e+01
8.118083515559702334e+01
8.417288847020050468e+01
8.217354254223775456e+01
8.368297996927979909e+01
8.732867718046666994e+01
8.828004382133806871e+01
8.329681820585471996e+01
8.418647156846648727e+01
8.162180889216287483e+01
8.600632993270737359e+01
8.134882324428778588e+01
7.982438779498393444e+01
8.029169047524084135e+01
8.185524213100420354e+01
8.488888533782214552e+01
8.397601826525665558e+01
8.587303173590186134e+01
8.352307384092262055e+01
8.514374297736110009e+01
8.302582542511581210e+01
8.105109436449217242e+01
8.408713328640070017e+01
8.922069717222895235e+01
8.280762260115709239e+01
8.553918256752950811e+01
8.508511944665058024e+01
8.163062994241361991e+01
8.804140545855247524e+01
8.303196988572987891e+01
8.077829747446661202e+01
8.201236048792567601e+01
8.348509848519421439e+01
8.743560068825578924e+01
8.236594729400731296e+01
8.559198104490617709e+01
8.446618885829168732e+01
8.207249784619379795e+01
8.306935884186846408e+01
8.187651245909287923e+01
8.470879716312808227e+01
8.776364919216628380e+01
8.652741203466452191e+01
8.402638474366419530e+01
8.088351836836508824e+01
8.528367451498831997e+01
8.293805811427925789e+01
7.924300999561081937e+01
8.236881826577621268e+01
8.424330353695604856e+01
8.664775162280531617e+01
8.429547844072074270e+01
8.318117788635375121e+01
8.594696481384671927e+01
7.877065113448801981e+01
8.077835281536103196e+01
8.504832841392104115e+01
8.455849935208243551e+01
8.235140448727320006e+01
8.459785993579131969e+01
8.239816841943284942e+01
8.295188030760421327e+01
8.403520465565739528e+01
8.166369981272619327e+01
8.246577022096097664e+01
8.373285869434231188e+01
8.406454189286598933e+01
8.332255743622725674e+01
8.331040589825684606e+01
8.512586848681371521e+01
8.218346195266884990e+01
8.193132445104406258e+01
8.303859480344441124e+01
8.563631523420860958e+01
8.163540388581675700e+01
8.581513060268230220e+01
8.253339915873054622e+01
8.324690970374450671e+01
8.597928824715772578e+01
8.528131403568669100e+01
8.272872838139947760e+01
8.330563716797499296e+01
8.650005812225566615e+01
8.543305209083470686e+01
8.213599861355758947e+01
8.308242644136430499e+01
8.273847460973391321e+01
8.526057990358486904e+01
8.684315393792111593e+01
8.122298614911889558e+01
8.305793414655434503e+01
8.208264236433554117e+01
8.335468728728831422e+01
8.091006973070012975e+01
8.190803762613897732e+01
8.713212536447032619e+01
8.168521326125242865e+01
8.322768832765326863e+01
8.412001336937504448e+01
8.273864330385460164e+01
8.536990952647846598e+01
8.457227870638882905e+01
8.446320266150188161e+01
8.097924285064715377e+01
8.460771535839437263e+01
8.424106151689225896e+01
8.823277758570854701e+01
8.244859332819942210e+01
8.056331008190461773e+01
8.443683096381506914e+01
8.597143011588293859e+01
8.226592141726261787e+01
8.421005177700489241e+01
8.645098852423753044e+01
8.759832174955035100e+01
8.201796490141497031e+01
8.681340121013772659e+01
8.447688403972239257e+01
8.622314306561635533e+01
8.393080866163056442e+01
8.469129717178604722e+01
9.003965725546358101e+01
8.481548797973101728e+01
8.501454304145315177e+01
8.321974774436232281e+01
8.296540819502936870e+01
8.496979631860305915e+01
8.727182669040197993e+01
8.458168443023151895e+01
8.388487329527895042e+01
8.426997271527518762e+01
8.341031017650483648e+01
8.534442735429095706e+01
8.563058312539557448e+01
8.663111881532526581e+01
8.198249674080236105e+01
7.973004930299195792e+01
8.451532564121447422e+01
8.424203924229509255e+01
8.667330811363723342e+01
8.295161837273955996e+01
8.112908315378830082e+01
7.973887155402250926e+01
8.140014755762562970e+01
8.463221729985151853e+01
8.686050715528979538e+01
8.153344848453221516e+01
8.339348657388244135e+01
8.326421360730186905e+01
8.379742781478603320e+01
8.017015725524740333e+01
8.286568210536714219e+01
8.617902308567222747e+01
7.887027544367903431e+01
8.461296541118639425e+01
8.498978415858960034e+01
8.277787248769733708e+01
8.398821460096287694e+01
8.488522358847451699e+01
8.139540309510060467e+01
8.199976676506317119e+01
8.547633701250570937e+01
8.462943829905722737e+01
8.512879484939934116e+01
8.096770626718652863e+01
8.673565653127167252e+01
8.322748379013924591e+01
8.430241184913516861e+01
8.009408710168574430e+01
8.690410942289207696e+01
8.525108598627222989e+01
8.274723590465808343e+01
8.348165511604302935e+01
8.544211739381108828e+01
7.899580262028877087e+01
8.676598842468257544e+01
8.211872142285389486e+01
8.253659592674509327e+01
8.375775386314708726e+01
8.388868509930154005e+01
8.335584407063291223e+01
8.364349007929867241e+01
8.161863713057680059e+01
8.436714326273850872e+01
8.757208665978249940e+01
7.999590127745294410e+01
8.674604693769848041e+01
8.412920918748274346e+01
8.605802679933978538e+01
8.467729069162862743e+01
8.365721561355235281e+01
8.166334141387463319e+01
8.556189405544218118e+01
8.496950880410470575e+01
8.525412397557927591e+01
8.462582821695639268e+01
8.372432623280899122e+01
8.441233525547453098e+01
8.277880232266332428e+01
8.016241287267079940e+01
8.509098788438178929e+01
8.120357211808968145e+01
8.446974212066723453e+01
8.392618075660567456e+01
8.258420322789680768e+01
8.144772529155667939e+01
8.647191542261893460e+01
8.436378182418368965e+01
8.326382007950124375e+01
8.430211792663943982e+01
8.319890338345881275e+01
8.301498795765257910e+01
8.105540976380430607e+01
8.798889912780998657e+01
8.653645542182295003e+01
8.367343986629802544e+01
8.329765790826390059e+01
8.126587845296002399e+01
8.519770210952381717e+01
8.378989692112668308e+01
8.229450388805541650e+01
8.573746647591758574e+01
8.696382080860669817e+01
8.533170123127031559e+01
8.401412746808908594e+01
8.546729591503196843e+01
8.364274563419867548e+01
8.600678269313196722e+01
8.417672966216393604e+01
8.617372475107998753e+01
8.225390351703190106e+01
8.463393483404473727e+01
8.382899652257589196e+01
8.510888299323138995e+01
8.440528361746470409e+01
8.223256365668513013e+01
8.159235109310694156e+01
8.279016200045313667e+01
8.113847793979810774e+01
8.363199872509358102e+01
8.364078545272609233e+01
8.546470895908700527e+01
8.754544379058042125e+01
7.985143271527078923e+01
8.172226992726425010e+01
8.664738639777731066e+01
8.348570851143163907e+01
8.424250791140730144e+01
8.677331256885491939e+01
8.651413073703241707e+01
8.517073591845888814e+01
8.630684531348875055e+01
8.471577269871497151e+01
8.285254772305498250e+01
8.305555835127653097e+01
8.502766499686140378e+01
8.299764350233603238e+01
8.317808035610435979e+01
8.294486419802932176e+01
8.465183432358534787e+01
8.419204744362305348e+01
8.632190591662900658e+01
8.285008995773118556e+01
8.649860999843494369e+01
8.332968379628867694e+01
8.003501874398349969e+01
8.155852959741027064e+01
8.510175123428449240e+01
8.213727016146032156e+01
8.257780027366824527e+01
8.241174158013042472e+01
8.054616992859773461e+01
8.642135854954929641e+01
8.141804863478319021e+01
8.362157463246306577e+01
8.570772890718568249e+01
8.409772502679172135e+01
8.399221991843722890e+01
8.320143295145362572e+01
8.453208426153064181e+01
8.655103857425049796e+01
8.432632640048150563e+01
8.449332964008011970e+01
8.257949495984622956e+01
8.330072638021266584e+01
8.160622203005699760e+01
8.434165108214850193e+01
8.155480910945028938e+01
8.396598679556484512e+01
8.509078516620172650e+01
8.520809598675178620e+01
8.290638569372021038e+01
8.654783405554755404e+01
8.248229259690320703e+01
8.047966982318686746e+01
8.330019595588888137e+01
8.479988644463008995e+01
8.221780408842386123e+01
8.360698922085946094e+01
8.648474407959396615e+01
8.536772987795687584e+01
8.454591090652466789e+01
8.572027943654927640e+01
8.187141544333327658e+01
8.344469274753883781e+01
8.711155848160375115e+01
8.717180495787643224e+01
8.411161594867076019e+01
8.112439511937971304e+01
8.513053173381746319e+01
8.507571166829973208e+01
8.321087370632301372e+01
8.267529117828283347e+01
8.341259200811037999e+01
8.647273376181146887e+01
8.348151701490550636e+01
8.680572888098043904e+01
8.648034518247588665e+01
8.283512303809615673e+01
8.438001003753568341e+01
8.430381723168696340e+01
8.606266801368120412e+01
8.382072593680908312e+01
8.333434925118702097e+01
8.204549659447499721e+01
8.263420487891811206e+01
8.662236546733916498e+01
8.364680943715467265e+01
8.508149987375500700e+01
8.674538659173148858e+01
8.199224652437504801e+01
8.226270673998993743e+01
8.088043763555089072e+01
8.539725834509309266e+01
8.455925768690366340e+01
7.859342877961822182e+01
8.475927242974721310e+01
8.139828321503487985e+01
7.945481000869756372e+01
8.228094904289901024e+01
8.027436221331950605e+01
8.258728203184860206e+01
8.379352179939445477e+01
8.074933580696658453e+01
8.623482080607902844e+01
8.689782691423386041e+01
8.382750935215585741e+01
8.506786056800314100e+01
8.466572165231738722e+01
8.074923364546782523e+01
8.407348274934223298e+01
8.314031882958333597e+01
8.461627363689677850e+01
8.625670904285793483e+01
8.488787331724844876e+01
8.715534192617836595e+01
8.564291376633626385e+01
8.501943773319541720e+01
8.450195789917439981e+01
8.353528202525703250e+01
8.206116941922022079e+01
8.227165179928908856e+01
8.152868487444536072e+01
8.321092296951084677e+01
8.739232373737540627e+01
8.569955701672535042e+01
8.296235391814140314e+01
8.173913980663976986e+01
8.300751120225368140e+01
8.283712798961735757e+01
8.239349416815582572e+01
8.438346106904782573e+01
8.367166013574453132e+01
7.834755713132386745e+01
8.134885352206759990e+01
8.337557630469106584e+01
8.532724154625726953e+01
8.483021874200868240e+01
