1.172285954588529933e+02
1.158698568106349001e+02
1.167215439911739310e+02
1.175317072817758088e+02
1.172775448075087468e+02
1.177732648035425314e+02
1.188673664311737355e+02
1.183001159465203926e+02
1.153786702688210255e+02
1.182670773738381342e+02
1.176099921079367761e+02
1.161934377848014179e+02
1.169033574512472029e+02
1.170047663088402317e+02
1.184614462369492571e+02
1.186295339153454620e+02
1.198794159969062321e+02
1.162013577419061505e+02
1.173404772989863005e+02
1.162982248700193679e+02
1.155996574617084462e+02
1.171096324269901459e+02
1.163581953771719952e+02
1.194460323316056076e+02
1.172225001110253970e+02
1.176409980783660814e+02
1.180409459138758734e+02
1.181940500194134813e+02
1.158589525478983546e+02
1.187843785408004038e+02
1.170032985921345414e+02
1.171909179629249138e+02
1.168189797926765010e+02
1.152841703426504836e+02
1.191011741786963967e+02
1.145014171884853340e+02
1.164460507929370436e+02
1.179649898186005288e+02
1.165701714823463817e+02
1.167451172200786829e+02
1.188155390844430030e+02
1.159160234897105113e+02
1.178533258849174672e+02
1.170873860863630114e+02
1.165931564045620235e+02
1.171771994169870510e+02
1.164700741149926699e+02
1.174678029672325295e+02
1.182853888254746266e+02
1.149077918130921745e+02
1.169577466160910859e+02
1.160049480623222280e+02
1.184803250362821103e+02
1.155291960895253141e+02
1.171723849233085986e+02
1.180532584179240843e+02
1.171633644552343299e+02
1.163372644260457065e+02
1.201300906694046660e+02
1.185759774259307875e+02
1.188210251079067206e+02
1.178189269231768463e+02
1.163065105575622624e+02
1.179340454048458895e+02
1.202685084000800373e+02
1.158108486311566736e+02
1.189968424896035373e+02
1.175869656345751366e+02
1.190112847759132961e+02
1.167401932385227354e+02
1.179434357457181903e+02
1.150644022840590424e+02
1.152833116422125244e+02
1.175543228509326212e+02
1.159431781550230340e+02
1.150610859584029981e+02
1.178406838245043247e+02
1.159989627212651868e+02
1.171199293102893506e+02
1.168330169921247261e+02
1.153100549998257094e+02
1.152901683332414109e+02
1.147969148479941737e+02
1.158294597246600688e+02
1.169401670012537267e+02
1.166235841601492211e+02
1.159287068514521195e+02
1.155606339100502282e+02
1.177998085742077308e+02
1.158368485807236823e+02
1.165904499853881191e+02
1.158297071817549266e+02
1.160293244686301080e+02
1.189260979975735637e+02
1.159891518803950561e+02
1.187110341887277656e+02
1.132299756186637865e+02
1.163167290321359246e+02
1.161725254967043526e+02
1.165391237534378206e+02
1.161402927621242895e+02
1.188744487000502090e+02
1.176081555696528795e+02
1.177004940859239071e+02
1.163955368086037510e+02
1.191914328826995586e+02
1.155736354105451795e+02
1.138047825218980194e+02
1.171048335766146948e+02
1.165458435533388126e+02
1.164949733664608829e+02
1.164738174203058492e+02
1.158940748329368091e+02
1.186510641571292695e+02
1.172660030496850823e+02
1.186673633821758500e+02
1.197510973997503214e+02
1.136973492640516952e+02
1.166688894092422544e+02
1.163627346133313409e+02
1.183776200194238442e+02
1.180358274969071033e+02
1.176634230918283066e+02
1.169194490668721187e+02
1.152474806506723723e+02
1.157466209789672291e+02
1.163501020272404105e+02
1.174676594606396378e+02
1.162561514069190309e+02
1.190195158719582480e+02
1.196227895172453799e+02
1.201758052349928789e+02
1.161284225586469603e+02
1.171865447542931520e+02
1.153885373929525713e+02
1.182908316799884716e+02
1.164161947056316819e+02
1.152403712165747862e+02
1.164356522850844726e+02
1.157453001142631450e+02
1.183958787684017580e+02
1.176509204386466934e+02
1.167737842293929589e+02
1.176084495732130364e+02
1.167340901098621799e+02
1.162278364685437282e+02
1.180677001143333769e+02
1.161007745485371601e+02
1.180500492574547025e+02
1.176593123442945341e+02
1.190916595497864421e+02
1.164823093210945899e+02
1.147675484707504552e+02
1.176468018237067810e+02
1.181859524509045087e+02
1.186998282627273085e+02
1.172544771284036642e+02
1.164644087843232825e+02
1.184078622049680547e+02
1.166900771582638328e+02
1.190756428014767465e+02
1.177839602477716028e+02
1.157946313241769900e+02
1.201958048613752652e+02
1.165074946509313492e+02
1.161461209853678724e+02
1.166379775863675121e+02
1.156095182326890125e+02
1.184489208936047078e+02
1.179958239379462270e+02
1.169548681674454400e+02
1.162191837496623208e+02
1.166561516780833614e+02
1.176782938092926543e+02
1.173527793208145198e+02
1.166297507289567221e+02
1.176695347240030145e+02
1.172120683290715988e+02
1.175038559924835937e+02
1.171538049208903942e+02
1.170295552794045193e+02
1.183258846575598113e+02
1.141747221944867476e+02
1.166186032374494772e+02
1.190787316935121254e+02
1.157614145306282722e+02
1.186883174195618409e+02
1.185903629380038353e+02
1.178178574532650345e+02
1.170219927952394414e+02
1.143041523783708726e+02
1.166952643876197868e+02
1.190100222560198233e+02
1.165273706833624772e+02
1.161195374849158810e+02
1.176303014843457930e+02
1.175090359628741936e+02
1.163013487898990661e+02
1.155942434010965059e+02
1.172855268350105291e+02
1.171896133509756197e+02
1.184075580550417754e+02
1.176209759926666720e+02
1.153405296408818543e+02
1.165090637273885648e+02
1.178977333686693214e+02
1.160582923851138162e+02
1.165176297525181326e+02
1.171508758659602449e+02
1.164255815028650858e+02
1.174309953485216198e+02
1.168361358119835529e+02
1.162130134224692739e+02
1.170249392315668615e+02
1.156298022447433169e+02
1.172285974224750618e+02
1.167797651682534621e+02
1.171675439356784523e+02
1.155954497727691717e+02
1.159622590752428977e+02
1.150459876356248117e+02
1.184842113281210487e+02
1.203112499847946282e+02
1.181471244316927880e+02
1.168950277775731479e+02
1.141100047283946282e+02
1.185754271193447806e+02
1.179230359431191744e+02
1.158560524211129348e+02
1.192123887381653446e+02
1.187179760268346342e+02
1.164304152579976659e+02
1.167559658283653050e+02
1.179946299885463503e+02
1.190781898063077193e+02
1.165338519409474287e+02
1.179496135299358315e+02
1.162939622614118491e+02
1.167948224677984115e+02
1.171157593827514489e+02
1.181128798025084592e+02
1.167400530835933665e+02
1.164817619835787781e+02
1.164569725076687092e+02
1.181385282028793142e+02
1.165161561929478609e+02
1.151144390079087572e+02
1.179887828158340710e+02
1.158932933787333610e+02
1.158935780115032514e+02
1.157984849786350736e+02
1.176355943742484129e+02
1.155807946174393237e+02
1.186000916680378907e+02
1.177184599820647577e+02
1.171791504673789888e+02
1.156375174152774008e+02
1.162678606603582097e+02
1.176903353358336943e+02
1.177961085620005832e+02
1.156267432186878352e+02
1.178438437519718889e+02
1.165929009806124554e+02
1.167932481426138480e+02
1.197980966259013087e+02
1.163492905636902037e+02
1.164442772327256250e+02
1.164956875430320764e+02
1.166878146472131874e+02
1.179413435612891305e+02
1.187959766370950518e+02
1.167242665848888663e+02
1.165277936487875081e+02
1.127155547842166072e+02
1.162446163924734748e+02
1.193858858526159850e+02
1.158599184871319068e+02
1.186869406308039885e+02
1.177131648922183729e+02
1.164860460054399027e+02
1.167663151586206709e+02
1.157453571176368285e+02
1.174291526390005771e+02
1.180963585754620908e+02
1.138688692361864696e+02
1.160783741297142768e+02
1.175772411656573126e+02
1.159378780000451457e+02
1.155877619986502509e+02
1.184853579164009858e+02
1.196214109507129280e+02
1.145192028800387476e+02
1.178620861680696237e+02
1.166570972775690080e+02
1.135014990253957876e+02
1.161730063258438719e+02
1.171685759694207150e+02
1.187928638528466365e+02
1.159391791700390684e+02
1.181822131902137869e+02
1.175315069503402583e+02
1.156000443076454900e+02
1.178295072069196152e+02
1.150267144075315429e+02
1.150062428332783355e+02
1.153407792491298096e+02
1.170957052907320559e+02
1.162531911902321156e+02
1.157704543340265673e+02
1.151986871564829045e+02
1.183491618176653191e+02
1.154438153229935011e+02
1.145062632036387953e+02
1.184261527704892529e+02
1.168211115704274619e+02
1.166671586239169329e+02
1.177385047333544037e+02
1.179391081019610112e+02
1.194878489339848215e+02
1.168065359485630665e+02
1.178338769697936499e+02
1.169443462620821634e+02
1.192049568436448084e+02
1.183340982128093799e+02
1.178754105600724529e+02
1.164812524247919754e+02
1.202572566603891886e+02
1.180056094200991339e+02
1.188705214106787622e+02
1.183714627983466414e+02
1.159237546880375476e+02
1.174747973643907102e+02
1.175307688039104477e+02
1.184095521355816487e+02
1.156938792945338577e+02
1.182787181723172978e+02
1.173804350127372089e+02
1.152686884800964435e+02
1.155251518367655024e+02
1.171067859112249323e+02
1.165050133634085654e+02
1.160862727554086007e+02
1.178002735981006879e+02
1.162053669570334336e+02
1.184411681628080828e+02
1.162484582644988507e+02
1.143263298853853485e+02
1.174786074098905146e+02
1.160040362576055202e+02
1.176558518946016392e+02
1.165649022273733948e+02
1.149519654319681763e+02
1.164004407452053300e+02
1.175219726514014837e+02
1.171142473627558189e+02
1.177577110829044642e+02
1.175753154952622452e+02
1.141977380312044943e+02
1.164724539360586846e+02
1.175545139789254705e+02
1.163180091909990779e+02
1.166468762217259467e+02
1.164336782776974957e+02
1.167907213196298102e+02
1.160739852862468808e+02
1.173357993816846090e+02
1.155623048309614234e+02
1.171812384203021793e+02
1.156502353750728815e+02
1.144414367856064416e+02
1.160408378725973364e+02
1.179150882658648953e+02
1.156219793709602754e+02
1.168240857932824781e+02
1.201537490534834660e+02
1.171538687289568230e+02
1.190265542817911921e+02
1.168338125576844675e+02
1.170525772270442815e+02
1.162249820896700356e+02
1.180707587148668694e+02
1.159613540759137464e+02
1.163408573486077984e+02
1.177725335821758392e+02
1.205391633390925819e+02
1.157268122322475961e+02
1.172113474404125384e+02
1.170607787976155834e+02
1.167829435023245708e+02
1.155365915819764098e+02
1.167755466852716921e+02
1.184051889501471493e+02
1.165290391124388947e+02
1.161128440619094988e+02
1.159537951710103698e+02
1.203252751210287244e+02
1.164025201634361792e+02
1.187191255931370364e+02
1.169733859753114302e+02
1.198769745101675852e+02
1.163954453263869198e+02
1.176404590865563193e+02
1.171327516145179146e+02
1.168181389185618002e+02
1.165359875596600716e+02
1.167389604614033090e+02
1.164071754033259225e+02
1.173265893120289007e+02
1.178353932964400599e+02
1.158033886008909121e+02
1.155160963756684396e+02
1.151325007738336978e+02
1.177116940620193333e+02
1.171203986346521475e+02
1.167490836560931626e+02
1.149850631736736233e+02
1.159832242843012153e+02
1.170460799974259061e+02
1.179999839353751838e+02
1.172106679095012254e+02
1.167170779669841352e+02
1.184169813195534715e+02
1.175301657255088230e+02
1.162846433065023319e+02
1.204745527277231076e+02
1.167579428814724736e+02
1.172754133628634747e+02
1.170869500326484740e+02
1.164434915704809725e+02
1.158475492186786795e+02
1.163368176480731933e+02
1.160108802532422061e+02
1.190569088101036783e+02
1.164199988719665129e+02
1.195687086762125659e+02
1.173998451526908866e+02
1.149678422029679581e+02
1.156049530465181476e+02
1.197587037056231054e+02
1.190777405067121038e+02
1.166612688631605721e+02
1.184526823962101076e+02
1.162665471522880978e+02
1.167214790125551360e+02
1.181366309612524788e+02
1.174032179995046619e+02
1.162476553180973440e+02
1.196892126444301852e+02
1.174332928164002112e+02
1.170932637401166261e+02
1.180576369779952159e+02
1.150952760372389179e+02
1.180419876472526397e+02
1.174692922038535272e+02
1.165236251061462696e+02
1.162171912240823275e+02
1.164206704397002312e+02
1.186549048243991962e+02
1.170322112975243414e+02
1.179105172097092122e+02
1.178479248870446696e+02
1.167775867126980245e+02
1.176612976867284743e+02
1.189212880783194493e+02
1.173191909705298031e+02
1.173210991627625077e+02
1.166653770675114430e+02
1.208527631139345715e+02
1.152497637686573881e+02
1.218338602956149401e+02
1.180420934617260258e+02
1.191436790078999053e+02
1.198637997847481529e+02
1.188538195616895052e+02
1.173223961613888235e+02
1.190100955581910824e+02
1.159414288370767707e+02
1.190069135703830767e+02
1.183806086491565708e+02
1.156658939828091377e+02
1.162626202298909703e+02
1.180655943969160830e+02
1.152989620617667583e+02
1.177276695091792078e+02
1.159828632599993341e+02
1.195390992477966989e+02
1.164856678244098305e+02
1.178597454344328526e+02
1.173001898408574419e+02
1.158713267921467747e+02
1.161227838460467865e+02
1.163762140327664838e+02
1.156973817118791032e+02
1.170304568775187732e+02
1.176334097878748821e+02
1.199710414630534530e+02
1.167283108627601962e+02
1.170534843054834653e+02
1.142916187614464292e+02
1.175880092080542028e+02
1.162071719027345011e+02
1.169164033371995970e+02
1.170977650267446109e+02
1.185977677115329953e+02
1.170328539501903862e+02
1.169221566418702878e+02
1.167886423831999139e+02
1.166779764875406329e+02
1.166835777809974672e+02
1.158821940481789170e+02
1.185860580014764594e+02
1.179950339433391804e+02
1.158564292906961413e+02
1.189680131084926558e+02
1.146532577092447127e+02
1.152275877439107887e+02
1.162642166485485262e+02
1.182390607928245458e+02
1.158774453547903107e+02
1.162339771525946048e+02
1.156621593945250908e+02
1.162765550149797775e+02
1.193839996526728129e+02
1.146472063321171788e+02
1.171688636703665907e+02
1.192548559564325075e+02
1.190724987822927972e+02
1.180828576460370982e+02
1.169023779222188040e+02
1.158762678934246253e+02
1.177676495259776743e+02
1.181160603825276638e+02
1.191688704538813255e+02
1.193289370471755007e+02
1.146676808783205672e+02
1.163130566739148151e+02
1.181490060991584699e+02
1.168875103451997433e+02
1.157000627434595401e+02
1.172743212892251421e+02
1.192625508852696328e+02
1.172021043600135499e+02
1.175214568740774297e+02
1.173546357940539622e+02
1.166149581797591566e+02
1.173105932134720746e+02
1.175407331079523630e+02
1.169252622549340828e+02
1.166917248216015395e+02
1.169098521735941034e+02
1.166287279227061049e+02
1.162370021749504616e+02
1.196531200778165669e+02
1.174597982877709228e+02
1.160661118899638922e+02
1.166900352204663420e+02
1.182330187313902599e+02
1.171494049351705087e+02
1.156394961958249041e+02
1.157911465452035458e+02
1.179975275089123272e+02
1.160508553916902912e+02
1.187197434093573776e+02
1.144186922650937959e+02
1.191240701480886628e+02
1.143592819364382507e+02
1.179403689295825330e+02
1.150197861967332784e+02
1.163415749752441428e+02
1.151821985425977033e+02
1.169926763179854419e+02
1.164171169375086521e+02
1.181670370627870739e+02
1.176243779562679492e+02
1.167606313463355292e+02
1.171310063683798148e+02
1.174714554729352329e+02
1.168213187420157340e+02
1.150686688010369920e+02
1.170080865041867924e+02
1.180685526766679772e+02
1.165949366323828116e+02
1.162994271455919773e+02
1.179657165849576046e+02
1.178450341613415304e+02
1.154386213764444875e+02
1.153615386903866380e+02
1.178305839172220715e+02
1.199176461040547679e+02
1.144622071173423592e+02
1.171949710491302028e+02
1.200891675156417762e+02
1.168723293559788772e+02
1.169846631566997530e+02
1.158998163047357366e+02
1.159431435537477029e+02
1.179826711062219431e+02
1.155600379113185170e+02
1.171779773579070110e+02
1.189238396920125638e+02
1.159574136645448021e+02
1.167125392009215687e+02
1.145157102384975616e+02
1.159667140600648025e+02
1.168830794079228639e+02
1.183291186165136679e+02
1.188464343015725149e+02
1.164517917236810547e+02
1.186775714045795667e+02
1.191623886360097657e+02
1.177608124553967741e+02
1.177437928882777811e+02
1.180776773669603728e+02
1.167228644600602649e+02
1.160235564812072226e+02
1.168309527896718265e+02
1.176288865482531492e+02
1.163921840837248425e+02
1.155725782800438282e+02
1.170751970888544946e+02
1.152173659453059571e+02
1.182378997525668183e+02
1.145922500336349543e+02
1.174318887601572783e+02
1.193575554030976065e+02
1.164842635321785167e+02
1.189320729923404656e+02
1.171968171345150012e+02
1.194623987748978209e+02
1.184263846216635727e+02
1.186553281700809066e+02
1.156607281830307272e+02
1.189656829006891599e+02
1.178176054050234711e+02
1.183668266168949117e+02
1.157765259097762396e+02
1.162446485852664750e+02
1.150607283363672337e+02
1.156500996302552551e+02
1.164817483378114957e+02
1.157259025805079204e+02
1.174616673183235775e+02
1.170166375320161478e+02
1.169840630278249733e+02
1.156907745054922572e+02
1.180123221413510635e+02
1.163915305725919893e+02
1.193146381217815133e+02
1.174442370323306761e+02
1.192801141870802866e+02
1.145020884757140749e+02
1.172501362513738457e+02
1.161703633187352125e+02
1.156800233325868703e+02
1.172217182674307168e+02
1.167472685042973950e+02
1.172212869556632455e+02
1.163915842127167082e+02
1.193602901527352032e+02
1.163333278228192853e+02
1.167067654779461066e+02
1.142954353829416476e+02
1.172366958003673716e+02
1.177292184154412098e+02
1.144003615969279366e+02
1.156856657184087283e+02
1.188001077116329327e+02
1.189321314154210683e+02
1.159725852933836023e+02
1.155574598240099959e+02
1.151100401765212666e+02
1.152962372414873045e+02
1.165147926115312771e+02
1.175790197733057880e+02
1.168850720928405167e+02
1.150054169691207306e+02
1.185325143562680950e+02
1.156689315604892840e+02
1.146322305665078005e+02
1.179238139777229861e+02
1.162851675531473887e+02
1.203145280889687143e+02
1.167195201728851686e+02
1.171516914299324128e+02
1.166883999126711018e+02
1.161843502972497078e+02
1.176176019141662721e+02
1.160770751667683669e+02
1.193124062992541070e+02
1.176912362537232610e+02
1.176896097459036525e+02
1.154479151077470931e+02
1.172430664994775924e+02
1.165727439130036629e+02
1.165839284723379450e+02
1.163621006914352733e+02
1.186844251942490871e+02
1.185073558211948637e+02
1.156715727017702022e+02
1.188755257514034724e+02
1.175173084775356074e+02
1.192516343272374115e+02
1.169925660049341616e+02
1.176236527620059462e+02
1.152973606713342321e+02
1.171015564384595535e+02
1.176212068659297785e+02
1.157374802613734204e+02
1.170454558199222674e+02
1.189746873518262475e+02
1.198873093606429450e+02
1.162653400233575098e+02
1.165124342363132683e+02
1.167476344383788245e+02
1.178213926822582067e+02
1.167760018174764980e+02
1.157560830370962321e+02
1.150235626304269942e+02
1.167685978455687490e+02
1.167011988286460848e+02
1.159343091652872317e+02
1.186347102673697833e+02
1.183799629848069372e+02
1.167455831459231064e+02
1.152456038801498011e+02
1.193743751416258192e+02
1.162918683163404268e+02
1.165090908533483827e+02
1.197920568822140837e+02
1.166877416602215050e+02
1.162101299129054013e+02
1.163315727592639206e+02
1.164815817104610431e+02
1.170479996286806994e+02
1.179954776247736703e+02
1.160549370147513315e+02
1.163792407534494657e+02
1.179911961028082175e+02
1.172734521359584221e+02
1.179106621179609249e+02
1.171838981082629090e+02
1.176329094607162347e+02
1.188044241894839814e+02
1.174674575352227635e+02
1.194894272779936699e+02
1.168860457454408532e+02
1.192953363043465060e+02
1.165504203529359728e+02
1.181667176535733290e+02
1.141863214353195559e+02
1.161847112937424384e+02
1.157414555040423210e+02
1.181732383412846303e+02
1.159262927452561058e+02
1.175912316892648590e+02
1.189240691712753062e+02
1.173092101722444340e+02
1.179235156839695691e+02
1.199263832197446646e+02
1.163921946916101007e+02
1.164966469772721354e+02
1.157989512008969086e+02
1.182417708935351044e+02
1.159112628890682544e+02
1.151482826554526042e+02
1.175957264663945949e+02
1.170382279867672395e+02
1.161479298674357494e+02
1.177562100473248563e+02
1.162753004413742985e+02
1.150162766029490058e+02
1.168705664086816824e+02
1.193450242024160275e+02
1.162353212906310915e+02
1.173719620991270176e+02
1.178579699949298316e+02
1.187745835663163945e+02
1.181527317954653284e+02
1.180508860156923987e+02
1.158080865328943361e+02
1.161436113452094219e+02
1.153947926928958907e+02
1.166320227921118260e+02
1.171566573825482891e+02
1.177402051324750119e+02
1.162879389113911230e+02
1.183212300580736098e+02
1.164173817699343232e+02
1.150468369384648781e+02
1.158504764878569375e+02
1.178833710004400217e+02
1.173105371646997526e+02
1.185982016383639461e+02
1.169513465443052667e+02
1.150009016614976503e+02
1.170445838985509113e+02
1.178701002727214728e+02
1.173539839550025334e+02
1.172282779424968311e+02
1.149584252828206701e+02
1.175570282373953432e+02
1.175229621129075923e+02
1.190534844341288192e+02
1.143890760948745253e+02
1.168246616264500233e+02
1.201962073326702836e+02
1.177084572422654816e+02
1.175850136629234299e+02
1.189264934732712078e+02
1.181836200910293542e+02
1.184853046892672950e+02
1.168556131289061426e+02
1.166207229277970328e+02
1.180308767902737372e+02
1.185220150866456805e+02
1.201305477573744014e+02
1.171661120988744784e+02
1.176324921676342115e+02
1.204636200041007896e+02
1.160759502736321167e+02
1.160064225477244548e+02
1.160427015577924408e+02
1.163057913872516025e+02
1.172596508072158201e+02
1.193403551843422008e+02
1.168463650006433880e+02
1.189655690156869525e+02
1.146321385888397799e+02
1.201408962499376401e+02
1.171609405457583222e+02
1.157464339405863001e+02
1.152960622236668939e+02
1.186213673634035501e+02
1.182521683583975403e+02
1.173169889322412871e+02
1.166820097356015822e+02
1.177080355044636519e+02
1.166933294538143286e+02
1.174103953532599576e+02
1.163996385605731660e+02
1.156954780051412115e+02
1.182593065267826233e+02
1.163677896421369837e+02
1.182846315548250828e+02
1.183809220502713657e+02
1.152418013252026014e+02
1.161834878457094646e+02
1.167920949929225145e+02
1.160248972562724248e+02
1.169497987811165842e+02
1.188251664581656115e+02
1.195192871015644727e+02
1.180014844892166082e+02
1.159130496000415462e+02
1.159119068421235710e+02
1.185579958140717736e+02
1.164943743758995396e+02
1.187174761676361641e+02
1.178949953033529994e+02
1.163072111831511961e+02
1.180520983701699009e+02
1.189271987537120623e+02
1.176830613671578476e+02
1.166386385585613255e+02
1.161786969339485154e+02
1.182449560623345803e+02
1.177725292936904253e+02
1.191681971158167954e+02
1.182481036392293703e+02
1.155276905272305044e+02
1.170635021146322714e+02
1.165827683434252009e+02
1.153752854409719220e+02
1.165443262227484240e+02
1.170766965769425525e+02
1.168649670859530403e+02
1.164426365379351438e+02
1.182429876882640087e+02
1.177091340698560202e+02
1.176362701611859620e+02
1.169621425140841495e+02
1.168983951231418814e+02
1.164066813798146143e+02
1.154134988959174422e+02
1.181790740550104033e+02
1.169700351518471280e+02
1.181065168396993244e+02
1.142811360160735319e+02
1.168924881539739715e+02
1.174474097858290804e+02
1.159544734553249157e+02
1.171245651752026617e+02
1.168331673717849384e+02
1.162602018596711133e+02
1.167674530735687313e+02
1.162324626659644906e+02
1.168891392814553996e+02
1.173453383979308171e+02
1.153697808654870869e+02
1.190847927224419607e+02
1.161562605678199276e+02
1.172156426912991094e+02
1.167971560910003461e+02
1.174887874827666678e+02
1.168349115274180150e+02
1.174308361386877664e+02
1.187283178223079574e+02
1.186355819041086193e+02
1.183127901654426495e+02
1.178773870273157343e+02
1.195299517428532710e+02
1.176244136589097167e+02
1.171233890546387784e+02
1.169891543523561666e+02
1.162461602219565293e+02
1.167008735655112588e+02
1.181500026372567476e+02
1.152403244100692348e+02
1.161660670601240497e+02
1.172884024889883534e+02
1.191082798673036223e+02
1.167838045917153806e+02
1.181566329622269933e+02
1.181749030214136127e+02
1.166893877486270696e+02
1.168278840273193850e+02
1.173431449322121551e+02
1.157380888790408875e+02
1.176074094030504256e+02
1.187702475147277426e+02
1.176297006732278874e+02
1.169584368557238889e+02
1.180518230637379702e+02
1.158183700066651483e+02
1.160726330992394679e+02
1.162430514323077375e+02
1.184366144681690400e+02
1.189157329094445288e+02
1.186347521173251778e+02
1.162146050416774159e+02
1.157574735015675600e+02
1.148913959923236945e+02
1.160680196315335309e+02
1.178614438928646706e+02
1.180923315406177920e+02
1.180008704869724454e+02
1.165246640543242336e+02
1.145018493769902932e+02
1.170142006084708157e+02
1.162522097127217222e+02
1.182422940826813118e+02
1.196522658943389530e+02
1.174191431804078860e+02
1.180819786324641001e+02
1.160636191877786558e+02
1.159531032525232206e+02
1.172294466253566867e+02
1.185198466103969253e+02
1.159574336015157883e+02
1.154739765393888575e+02
1.156213773345414779e+02
1.143055995202767576e+02
1.179188318176515793e+02
1.185183723527547670e+02
1.157945973253139869e+02
1.186388979497641429e+02
1.184538158948505497e+02
1.167725997075102669e+02
1.164835104105144978e+02
1.185064508545110726e+02
1.142034856164273862e+02
1.167471255755049242e+02
1.173829279487302699e+02
1.173545932453324383e+02
1.147874499051380468e+02
1.189676837254187518e+02
1.182378301386276149e+02
1.178037160785256390e+02
1.174861719651492251e+02
1.193024040771776981e+02
1.149892932793958522e+02
1.166962364278482198e+02
1.149009571654739545e+02
1.179014859038644545e+02
1.168751389016740632e+02
1.190516065320558710e+02
1.197380205536167068e+02
1.149875168212164311e+02
1.178343006006438145e+02
1.181712737221431979e+02
1.171516482223515538e+02
1.168647606377453343e+02
1.169735702573266565e+02
1.163609028313149452e+02
1.167208848846818654e+02
1.183721188013353895e+02
1.147682213719248523e+02
1.165431236911014281e+02
1.180332069358579474e+02
1.158850449824013822e+02
