8.322317825983132877e+01
8.343986228212096989e+01
8.348521837098620324e+01
8.331851715855317764e+01
8.344555541378906582e+01
8.338168337462498414e+01
8.331503833483324684e+01
8.333972933218339563e+01
8.343445029409305391e+01
8.350354273834595631e+01
8.333600712222779805e+01
8.333029900813981783e+01
8.321304618701186939e+01
8.341336261490009463e+01
8.331699412497741264e+01
8.347975675445985644e+01
8.330715347830694384e+01
8.344513315438676671e+01
8.316620841832403244e+01
8.348895131362917255e+01
8.340152317441017260e+01
8.356096019582271595e+01
8.332160127836795027e+01
8.336206507892373452e+01
8.350979555872935123e+01
8.346073658995516098e+01
8.350976157462244487e+01
8.360447273568877335e+01
8.330376733741400130e+01
8.377340716879703564e+01
8.327628776094935859e+01
8.338648009557260821e+01
8.341041083301152526e+01
8.349985676963756021e+01
8.353788996035393666e+01
8.345775962174631957e+01
8.354329852233719578e+01
8.332521342275245502e+01
8.362526685794880166e+01
8.318898142629043946e+01
8.320985659654357391e+01
8.336721387058530297e+01
8.326370369046091469e+01
8.355733457990292834e+01
8.355737354423854413e+01
8.342271546727734233e+01
8.341291111489135801e+01
8.354733834543986859e+01
8.337358090594206317e+01
8.351157684004198245e+01
8.352053175075448621e+01
8.351843804758259182e+01
8.330805665751263689e+01
8.318500490276638004e+01
8.328248460404287812e+01
8.357129084818696185e+01
8.349335110760983980e+01
8.349156947370454418e+01
8.332335318218153475e+01
8.352625078770695666e+01
8.339803881782368933e+01
8.329894128674249032e+01
8.346292280411843478e+01
8.385738451896342838e+01
8.353206350523842616e+01
8.356285603449093458e+01
8.346127009482010806e+01
8.335217674471599025e+01
8.352337406169351652e+01
8.342106026608857405e+01
8.352719700147122239e+01
8.327981682423488508e+01
8.332978119581555632e+01
8.359309428531680908e+01
8.335385786033640443e+01
8.331808501797215172e+01
8.323657979976998433e+01
8.354156396896618730e+01
8.339884009982641544e+01
8.347895521882993819e+01
8.359432452297359362e+01
8.338443520410548615e+01
8.335379432159811586e+01
8.351665066536483550e+01
8.324169416357280227e+01
8.352356803091147697e+01
8.351501058652679887e+01
8.349655849398243390e+01
8.324706573148097277e+01
8.353081699184394893e+01
8.341013926492735209e+01
8.347032375255621162e+01
8.347162777081616980e+01
8.317594533319550010e+01
8.338305829788754409e+01
8.372015082701014421e+01
8.324991854020626647e+01
8.320135012483237347e+01
8.363195071484220477e+01
8.333924019133129946e+01
8.332696804373553334e+01
8.342644717067224747e+01
8.369813965863997396e+01
8.345120093931758731e+01
8.322962530613988008e+01
8.342792587905573498e+01
8.329657715223385139e+01
8.319177635581597485e+01
8.353031276095063618e+01
8.339673266583938016e+01
8.327973083995138381e+01
8.345267752766679337e+01
8.353778903725049076e+01
8.327270850490941712e+01
8.319301586915157998e+01
8.357790254715270351e+01
8.359385471319367866e+01
8.331769998784004372e+01
8.318408718625168774e+01
8.340543695189752782e+01
8.345177481962950594e+01
8.343434986832620837e+01
8.342795766807549285e+01
8.343211252298084446e+01
8.327402815577697481e+01
8.346498478251773179e+01
8.339924463086313722e+01
8.326561376648551516e+01
8.331394754863860896e+01
8.333495120695435787e+01
8.358500939958757670e+01
8.339476912309730494e+01
8.354771262279150790e+01
8.328651692173097842e+01
8.343359533623093682e+01
8.351657612519699114e+01
8.317641008926440804e+01
8.336805414268150116e+01
8.343923542067473420e+01
8.354338223697874355e+01
8.343781978426197554e+01
8.343233677495190648e+01
8.339952985267329666e+01
8.346034214675343321e+01
8.328742498473896205e+01
8.331658815705472421e+01
8.354078633822709321e+01
8.329602979152795683e+01
8.362809465654757446e+01
8.352818399140603844e+01
8.361566537409908051e+01
8.353847666202106836e+01
8.354278593546462162e+01
8.353098439039179368e+01
8.332442553520232309e+01
8.338270161005588932e+01
8.327012410042182466e+01
8.350618715469681774e+01
8.332295644245742494e+01
8.348181074771996180e+01
8.346314153926404344e+01
8.334820277148871526e+01
8.348060299775457338e+01
8.348504571366288474e+01
8.335973416805356351e+01
8.327604437468023946e+01
8.357578326078339614e+01
8.352421619756849225e+01
8.364515514470670610e+01
8.352578399236112716e+01
8.327281802900768071e+01
8.349940450721940977e+01
8.341303634442799364e+01
8.336365362303966720e+01
8.352450534793280212e+01
8.327654501054074387e+01
8.368414983851856448e+01
8.349455318179536789e+01
8.324816718492496648e+01
8.345379851325820653e+01
8.338932992275599076e+01
8.328554802627461129e+01
8.331721398430101999e+01
8.331003779075655302e+01
8.313853393274045800e+01
8.328573651117552856e+01
8.366835770362702362e+01
8.346417532763874192e+01
8.349742070646212255e+01
8.350849922114119295e+01
8.361593407328102501e+01
8.339949921314963888e+01
8.354014333193957498e+01
8.332669105092477935e+01
8.318578171625216555e+01
8.342620127540862995e+01
8.351704434240335218e+01
8.346125696268188676e+01
8.289609976848356609e+01
8.339303776103341193e+01
8.336892611418153365e+01
8.343468285166648002e+01
8.353432723256568693e+01
8.340446112728245964e+01
8.345774229516747766e+01
8.341684936044305232e+01
8.340634421816881172e+01
8.326868922479634705e+01
8.329795052155513702e+01
8.357549089214786875e+01
8.343934654539921780e+01
8.348582167354950911e+01
8.335400349510190665e+01
8.333549937922443007e+01
8.346206717905846517e+01
8.354568135302581311e+01
8.326711240234055822e+01
8.354997205071919097e+01
8.353392275956589685e+01
8.344993348455361115e+01
8.340407988326694522e+01
8.350357173214342765e+01
8.350651103963586763e+01
8.351314374008323682e+01
8.356915474307766090e+01
8.341396838335431596e+01
8.334297365125149781e+01
8.350948048247055056e+01
8.353847121909626594e+01
8.331956307529569017e+01
8.346876583517625647e+01
8.337808227408824280e+01
8.338726029403834161e+01
8.359640540541474252e+01
8.362441161249518018e+01
8.347701644149222489e+01
8.347555817408394319e+01
8.335493384117853566e+01
8.344492571243500834e+01
8.358414684952118989e+01
8.341118513466422257e+01
8.331267164026361627e+01
8.338795187478243065e+01
8.345138450346701120e+01
8.351206501559197193e+01
8.338325985240918214e+01
8.316174159846897851e+01
8.324019808404392506e+01
8.334160120429322660e+01
8.343114633400293201e+01
8.364571160190200771e+01
8.322863552103672191e+01
8.330773951591122284e+01
8.344122056099392637e+01
8.360762290664372642e+01
8.369771978981681571e+01
8.336916493491351332e+01
8.347126733528901354e+01
8.333290345737505334e+01
8.348631035467474248e+01
8.347439123345084511e+01
8.333529276597258217e+01
8.327047691101277849e+01
8.327614900430261002e+01
8.343303169596848079e+01
8.342433240069152589e+01
8.350522750913160053e+01
8.366371206442862274e+01
8.323806763493487892e+01
8.317796936811555497e+01
8.341896766442587818e+01
8.343265412368006650e+01
8.331941618401542371e+01
8.340107660545082524e+01
8.324641288269613426e+01
8.338414676991165209e+01
8.352154748136601370e+01
8.351705170157411828e+01
8.327520170337594152e+01
8.354568912186061880e+01
8.331061515694386799e+01
8.343801421180745592e+01
8.344190276099205050e+01
8.368324213530780753e+01
8.354514538732931328e+01
8.337398962626328114e+01
8.336065139315083172e+01
8.347286145910634048e+01
8.318623902043638907e+01
8.345055145473610025e+01
8.347508002614638656e+01
8.324777796133584218e+01
8.349320682843521979e+01
8.340131802681351303e+01
8.342605791225157930e+01
8.341554742321385163e+01
8.347100152035457654e+01
8.329351684790769639e+01
8.346401906534836712e+01
8.352928563857334154e+01
8.335911075867514342e+01
8.347085296669891363e+01
8.363464162515097655e+01
8.327148852540101132e+01
8.348139015622288639e+01
8.328581988882963572e+01
8.340069492226378145e+01
8.350324068659546128e+01
8.348595224956456207e+01
8.341997640638857092e+01
8.349173282816033748e+01
8.339242360929688402e+01
8.334159649391700952e+01
8.351438837741092414e+01
8.337673720323091686e+01
8.342668704857027251e+01
8.334085053748108862e+01
8.351761150563994818e+01
8.336096528963133778e+01
8.332479962738361223e+01
8.354924996893018374e+01
8.353768806299686389e+01
8.337604536320129966e+01
8.347086639542526143e+01
8.350843647285581994e+01
8.348799128181889273e+01
8.336806895856844335e+01
8.345733922980460306e+01
8.349336894058497194e+01
8.331386806139281020e+01
8.355861076142409161e+01
8.334898009994864765e+01
8.356794945666128172e+01
8.370227055198705557e+01
8.332167915979181316e+01
8.313481249320183508e+01
8.338831347145723782e+01
8.341802948863447398e+01
8.338628670117060437e+01
8.339340808962177221e+01
8.336946563367314411e+01
8.337276434561204042e+01
8.349750509636713502e+01
8.363326469282158371e+01
8.327665979294756937e+01
8.353405033755355191e+01
8.342128488187290714e+01
8.353284350706124428e+01
8.350409558178358793e+01
8.346803221451709476e+01
8.347714904233940558e+01
8.341650627997253764e+01
8.337874942739102835e+01
8.355951918943267742e+01
8.365934466493767729e+01
8.331153016751386531e+01
8.333801432711213408e+01
8.332238526531536138e+01
8.324946850185681058e+01
8.326745022787322625e+01
8.364273574802447797e+01
8.331760671762584991e+01
8.340136628611448089e+01
8.359745355592603744e+01
8.337173840402827807e+01
8.347985482345575292e+01
8.368999228742418950e+01
8.343873465175470017e+01
8.347309620167081334e+01
8.346534861669501026e+01
8.338299494858969751e+01
8.358499530421238433e+01
8.348248882368459078e+01
8.363994802478728730e+01
8.345018199405447490e+01
8.326516833184410871e+01
8.367791787606334708e+01
8.336755163980974714e+01
8.328771591721994128e+01
8.338745968343640413e+01
8.338844708943946671e+01
8.332198331675738245e+01
8.324528392097282392e+01
8.316454047130523008e+01
8.343462454526317629e+01
8.337210193208882458e+01
8.327954692226127520e+01
8.342024870648552337e+01
8.359315862770030492e+01
8.333067824261685530e+01
8.353956761851051738e+01
8.357845199863436392e+01
8.324396035178213538e+01
8.340805503795900222e+01
8.346237500140473742e+01
8.325676394349819986e+01
8.337916049373573912e+01
8.340984497623094285e+01
8.334380386319698175e+01
8.351523833810603037e+01
8.341842179441746907e+01
8.353949194513835153e+01
8.356322091731577473e+01
8.335819014478630606e+01
8.343312106599107381e+01
8.349915856280291848e+01
8.360810789173589797e+01
8.332937716188641275e+01
8.336992691424188706e+01
8.366162389965124646e+01
8.337967788817337578e+01
8.340478161064814344e+01
8.352902105557072332e+01
8.335182198980314183e+01
8.328597904718616007e+01
8.343960044340082050e+01
8.345097186553590518e+01
8.340913667758165673e+01
8.339689831908849271e+01
8.345978230771719097e+01
8.346675609867818935e+01
8.341430936891040915e+01
8.321835171896024974e+01
8.337982936648623422e+01
8.342560069845505666e+01
8.332561955881895699e+01
8.332408747078704891e+01
8.351373935030109408e+01
8.347707227634712979e+01
8.342632141530295087e+01
8.333746215820809766e+01
8.343014365973243684e+01
8.341969147796034179e+01
8.328031314125649942e+01
8.336382715336300464e+01
8.338054695986478748e+01
8.337686765565207736e+01
8.340849122261147386e+01
8.342520974843534987e+01
8.331524369823860354e+01
8.319889687792023381e+01
8.332671768055462280e+01
8.326392306135213062e+01
8.331267582297242313e+01
8.327798245544038025e+01
8.331401663353945253e+01
8.345639887737007712e+01
8.351263030392105691e+01
8.340845233723754859e+01
8.345828674141306180e+01
8.343837794366676519e+01
8.340702413459543152e+01
8.336632106117296814e+01
8.351105391936012268e+01
8.343092736486441652e+01
8.341413980472442802e+01
8.353407763415367526e+01
8.344936204745528130e+01
8.342735111386308233e+01
8.342398588684447702e+01
8.348459516270571612e+01
8.356536020439344270e+01
8.354789340053315527e+01
8.329983623806926119e+01
8.347861307352782489e+01
8.336243591866478653e+01
8.338269813236320260e+01
8.329019317484272733e+01
8.340977145500870904e+01
8.339422619461043951e+01
8.341963572140375049e+01
8.336291597180122892e+01
8.325757458998948835e+01
8.355272820991964977e+01
8.368775339602370877e+01
8.348307672334762231e+01
8.337101840901340211e+01
8.353677888932337225e+01
8.353464327832398340e+01
8.329271843848104595e+01
8.336115218214320066e+01
8.338320127259231640e+01
8.337203797371678604e+01
8.354578844175806296e+01
8.360057584156811572e+01
8.337818473119817497e+01
8.344505574558723993e+01
8.335519048072175963e+01
8.356808103049829128e+01
8.326157187924940217e+01
8.350226610873393440e+01
8.343687365908533593e+01
8.309974501217577370e+01
8.326847415097255123e+01
8.331432121509936906e+01
8.339333047898276163e+01
8.334740425424453747e+01
8.333789776015285611e+01
8.351570907643885278e+01
8.354293011939338953e+01
8.352534671484325202e+01
8.356317891394469655e+01
8.364280632283096395e+01
8.343808012470604751e+01
8.358369933678463326e+01
8.325959233388226721e+01
8.355832561823635274e+01
8.352220144758516085e+01
8.366044960591122504e+01
8.340601867555349713e+01
8.334697393723013192e+01
8.375221023922352970e+01
8.334947589311957472e+01
8.310941983636396913e+01
8.342656623119717096e+01
8.335417276146135634e+01
8.342517899596992947e+01
8.334939619386416609e+01
8.358548206709072304e+01
8.339956298216618791e+01
8.347355281800943771e+01
8.349773233985638399e+01
8.339057691930231897e+01
8.351469398530959154e+01
8.331159924306101061e+01
8.353594560710997996e+01
8.365719957889005798e+01
8.361991375202879340e+01
8.336945043848530190e+01
8.353996142577824457e+01
8.350255452489312802e+01
8.353736002593888088e+01
8.344416652176690263e+01
8.332916122796592617e+01
8.333349602283539070e+01
8.353672930691388387e+01
8.318631193228054599e+01
8.339965121706806883e+01
8.344276986686766406e+01
8.358777975235524593e+01
8.346339876074205222e+01
8.343221282824444529e+01
8.345265828604662772e+01
8.356967925879762049e+01
8.341248313785324342e+01
8.316022294397353676e+01
8.337046873861469010e+01
8.351507784927818534e+01
8.326424994968083126e+01
8.310997873194531849e+01
8.350161448306516832e+01
8.338625160368066247e+01
8.328658630110926708e+01
8.334869747232744430e+01
8.332691642447922220e+01
8.317500364067016960e+01
8.325580561707613469e+01
8.351737575118950474e+01
8.336602099170121960e+01
8.337074454119533584e+01
8.345533521107159913e+01
8.343421556124634719e+01
8.338574712467982408e+01
8.341254276268499268e+01
8.342327155954134810e+01
8.341710161055451067e+01
8.340915160235162773e+01
8.325108465683348413e+01
8.326831235298601541e+01
8.343081300429162184e+01
8.328358455475334665e+01
8.340666173926003069e+01
8.337871115992950877e+01
8.325823946476866411e+01
8.333544758003206709e+01
8.341867262271098582e+01
8.350211196116089241e+01
8.352983760357392384e+01
8.321031744240525541e+01
8.362419479823779511e+01
8.334262217842986331e+01
8.337699741956765820e+01
8.350681759510287350e+01
8.333902510627754623e+01
8.341429612959819906e+01
8.339499519952853746e+01
8.337910518363513290e+01
8.340847812361216995e+01
8.338567093490178195e+01
8.333152948692739415e+01
8.320615980838047676e+01
8.325857840372691498e+01
8.337649654175828573e+01
8.346326318126800459e+01
8.333411494790708218e+01
8.328536947952359526e+01
8.340017111141099804e+01
8.325043401517557129e+01
8.352572399911332468e+01
8.321397122899583110e+01
8.348785029331986607e+01
8.341117405546731334e+01
8.298852741284882484e+01
8.324835756345707694e+01
8.324775360557651993e+01
8.356546387993130054e+01
8.355262247713821466e+01
8.356452097935394363e+01
8.329610892490309482e+01
8.332839128970242371e+01
8.343898674247971314e+01
8.350742848180790645e+01
8.356530409614643418e+01
8.348294983833528704e+01
8.344460419594223310e+01
8.334009763159045292e+01
8.331139124145634867e+01
8.354476901267450728e+01
8.329367537582825776e+01
8.331912100942854238e+01
8.345668670274309875e+01
8.319707180089430665e+01
8.355331500541122125e+01
8.320716892600682968e+01
8.338614389570638252e+01
8.363926889368680406e+01
8.370437512357376875e+01
8.338959169121477544e+01
8.339131249608601593e+01
8.336248939375379052e+01
8.341272874410232419e+01
8.343504665062633308e+01
8.339480834442322532e+01
8.354547061926605522e+01
8.356185447614726058e+01
8.332424459297959629e+01
8.323329300032206390e+01
8.326243626122688113e+01
8.346533886141087066e+01
8.345560146635583010e+01
8.351920173753848076e+01
8.344407349472477620e+01
8.338609387628893899e+01
8.346253610896501129e+01
8.347401140034443756e+01
8.331096382824466673e+01
8.350923020026601762e+01
8.341830309065113624e+01
8.346944840707277535e+01
8.358304912277183973e+01
8.321947128501223290e+01
8.304169411553395719e+01
8.332319326481288613e+01
8.327404489878564675e+01
8.354999404661667484e+01
8.345510152915215940e+01
8.341731505544719028e+01
8.353741699575662949e+01
8.347509813152962010e+01
8.333366872387072988e+01
8.351820746757601910e+01
8.333523979935257842e+01
8.344295788904302924e+01
8.336927585751713821e+01
8.346088477209588063e+01
8.324658349583363304e+01
8.328915806512588915e+01
8.354570983305859500e+01
8.355706871129333990e+01
8.347190523307749288e+01
8.343616082364785314e+01
8.346872227475788009e+01
8.335348338959175862e+01
8.336443915010637795e+01
8.337798348935595527e+01
8.338810385073519171e+01
8.338813497137381603e+01
8.349747242566809291e+01
8.347042555795593444e+01
8.349240856437396019e+01
8.335499279213664181e+01
8.339671832859896483e+01
8.340706648809727142e+01
8.334216107957897179e+01
8.328688810178284996e+01
8.344712748485986253e+01
8.348202419416624309e+01
8.344292344596732391e+01
8.341763906761795511e+01
8.327903840334475660e+01
8.348826741831813081e+01
8.328650040518125763e+01
8.350615829214864050e+01
8.322349695863893260e+01
8.337477232259166726e+01
8.350001065123946375e+01
8.327893167421861165e+01
8.336691317897545161e+01
8.353707970303084096e+01
8.334690297570273287e+01
8.318160585185358968e+01
8.343375614045240241e+01
8.334813287060227083e+01
8.360772631310281611e+01
8.358545282572883650e+01
8.341151399294493274e+01
8.339803204324766739e+01
8.347798376086880978e+01
8.334990131710632966e+01
8.334543176832426070e+01
8.353560580931925017e+01
8.354591437531657050e+01
8.353198631790532147e+01
8.335041160120424308e+01
8.356814430679571615e+01
8.352008740397130282e+01
8.343192847133276757e+01
8.327304361474624272e+01
8.334712449998855277e+01
8.351840693304069418e+01
8.343774002111177879e+01
8.335100068116770444e+01
8.326050102586400214e+01
8.356992308141290948e+01
8.367032486837410943e+01
8.357034154542753868e+01
8.325213922430444313e+01
8.335759282953755189e+01
8.328194555538149757e+01
8.331788061071830498e+01
8.331676495372204272e+01
8.343335636957540657e+01
8.323097496262913353e+01
8.350000326646626547e+01
8.325855920802094090e+01
8.314622483077368997e+01
8.340894355371545998e+01
8.350102988435970985e+01
8.345484424943144575e+01
8.325056360537467981e+01
8.354268801280707635e+01
8.358191691716862692e+01
8.347396955540556007e+01
8.348145022217643429e+01
8.358571833213952118e+01
8.352567420305906865e+01
8.340353526598850920e+01
8.370017920332229266e+01
8.359653637019253836e+01
8.358456556514541091e+01
8.341510814898104798e+01
8.338277866518602366e+01
8.338854325944613777e+01
8.336578280477526448e+01
8.341381044469902406e+01
8.355021025681142532e+01
8.331675044390001972e+01
8.313399663161952446e+01
8.328759032352685665e+01
8.354639719695040867e+01
8.340948642022362947e+01
8.324829028095963679e+01
8.331832694880273493e+01
8.350641608357896928e+01
8.338217066135497646e+01
8.340038171192726679e+01
8.346969016185961721e+01
8.329530655725913846e+01
8.336317562148160221e+01
8.346135084637086266e+01
8.359800162397007739e+01
8.343314584886319096e+01
8.331784956758683336e+01
8.332998085169602120e+01
8.345381119794727454e+01
8.329028787616994123e+01
8.318007911759585227e+01
8.333361729818568620e+01
8.339802712311880839e+01
8.349183186291429593e+01
8.325119756001105031e+01
8.344406990937609692e+01
8.322215610916187245e+01
8.337506172710773455e+01
8.345936913944491664e+01
8.343006895419065927e+01
8.356003425507944371e+01
8.332899996531638465e+01
8.335302899739363625e+01
8.336222291437623255e+01
8.362153801234256889e+01
8.337579049919908414e+01
8.355590527654020150e+01
8.356165766289164765e+01
8.306896333919792141e+01
8.330100444677609062e+01
8.348336424538027245e+01
8.339370701142246389e+01
8.324287993456846380e+01
8.338466848698277545e+01
8.355413193464342214e+01
8.353509411291125275e+01
8.348537323890377593e+01
8.331480141167448039e+01
8.335503881084281375e+01
8.332050703556167548e+01
8.357455754004574544e+01
8.355139334002228679e+01
8.338479291314304476e+01
8.333471953013153666e+01
8.336693448740146550e+01
8.352039685384517043e+01
8.329824710086774076e+01
8.318439872792343692e+01
8.338822870675215881e+01
8.352633350770996401e+01
8.350836685659781722e+01
8.334636171225253065e+01
8.357176132507157718e+01
8.367949658640236521e+01
8.331977167198589029e+01
8.338104631739756201e+01
8.338698275067211796e+01
8.324314656907384347e+01
8.349717780885390539e+01
8.359729277791177537e+01
8.341229832217224782e+01
8.332913282160831159e+01
8.361462621363332914e+01
8.337218714964055266e+01
8.346215241532622997e+01
8.346804902850543328e+01
8.349514491300007535e+01
8.333369370839508861e+01
8.351870500856027490e+01
8.336523841982568683e+01
8.338642267525317209e+01
8.349505507191071274e+01
8.366365910313844267e+01
8.342063748621022512e+01
8.346280406834172538e+01
8.326671398456173279e+01
8.351334590355773457e+01
8.311692427386917359e+01
8.357956976489549561e+01
8.356373691366385970e+01
8.349575694182436791e+01
8.349977246821708832e+01
8.348007150326868953e+01
8.350463068151073287e+01
8.336545329857771947e+01
8.350427443309003195e+01
8.356366937869439937e+01
8.337160540445894696e+01
8.349068626402609539e+01
8.362721478346807658e+01
8.343707700455006204e+01
8.360597744301364287e+01
8.337397973832641185e+01
8.332709818194875595e+01
8.336964236875276413e+01
8.344545476403207829e+01
8.338214673208123884e+01
8.323518547645127796e+01
8.356050340317855785e+01
8.335925980361456311e+01
8.346099435689349377e+01
8.346690794350558917e+01
8.345581367755988822e+01
8.342898009546992455e+01
8.322258236994456126e+01
8.342102139113391956e+01
8.341536211944811896e+01
8.334701933459668055e+01
8.329309700317786280e+01
8.328312049971627573e+01
8.339195649201924709e+01
8.345191640675393785e+01
8.366169973986728792e+01
8.330241067671165922e+01
8.354641200383115063e+01
8.349135801870066587e+01
8.328457616008127218e+01
8.334069428188162476e+01
8.324362373178885832e+01
8.342704045908759269e+01
8.336960180671286480e+01
8.330908377526331776e+01
8.331312100024825895e+01
8.351976268416952109e+01
8.356824628190130966e+01
8.347988208112690245e+01
8.338506464606777513e+01
8.352667746475786714e+01
8.335468091887595676e+01
8.348978679430859984e+01
8.360509545378455698e+01
8.352350911293063973e+01
8.338452240949348493e+01
8.342637675126304941e+01
8.356988437300095995e+01
8.337779664691939274e+01
8.338601028535393311e+01
8.351895856670211060e+01
8.329772357656395343e+01
8.341729305700391706e+01
8.328807514789782829e+01
8.351562601181713319e+01
8.345291942120279316e+01
8.352737415180688174e+01
8.331540650734500275e+01
8.338059551803796410e+01
8.320499610005828117e+01
8.341769118556368312e+01
8.329305181609184672e+01
8.321146662030712093e+01
8.337255520155946442e+01
8.332415197715427269e+01
8.339627231377835415e+01
8.330657031323106310e+01
8.344758691541584028e+01
8.349585213226237101e+01
8.338782228554916287e+01
8.351108454259961889e+01
8.334335197166389264e+01
8.344254138145824129e+01
8.348908135407499742e+01
8.336488109518136014e+01
8.341865593234528831e+01
8.352316053840412735e+01
8.336259590554016086e+01
8.341543865444756989e+01
8.328774788502893500e+01
8.348620396385335596e+01
8.342607941586803122e+01
8.345119188321183401e+01
8.335110230984959401e+01
8.350300974718405200e+01
8.350138941394594383e+01
8.331443238069374502e+01
8.330384281164535309e+01
8.348391008973196392e+01
8.353593602921972661e+01
8.353247784936334597e+01
8.318408385093204060e+01
8.358525492637973286e+01
8.332341446520516115e+01
8.326959381802912219e+01
8.339591582389422797e+01
8.349037092320652675e+01
8.343770327537831122e+01
8.340060550024587371e+01
8.315280741078349536e+01
8.345928750475840729e+01
8.341973078877487069e+01
8.342160261530982268e+01
8.324453202333982915e+01
8.339908665137872390e+01
8.357745253502280036e+01
8.337696310602235883e+01
8.336487697645678452e+01
8.331413938650563011e+01
8.340805979536349923e+01
8.330009919597549128e+01
8.329228165119157268e+01
8.342388870333866180e+01
8.320332317005036771e+01
8.337719312465121391e+01
8.355991973294521813e+01
8.340167273229278067e+01
8.355276758527548964e+01
8.362876061443377296e+01
8.343649754867661272e+01
8.357557194238586362e+01
8.343828441779749028e+01
8.355081718947950264e+01
8.315932856134213580e+01
8.333262931257040407e+01
8.338733104428511922e+01
8.335989251812874556e+01
8.344579520662964001e+01
8.354668619866490076e+01
8.320228034094523650e+01
8.332122204683751931e+01
8.338894468412451033e+01
8.311798475253283414e+01
8.326429007919138314e+01
8.342283721157025411e+01
8.319794278830872258e+01
8.341757034167143559e+01
8.346600249013971506e+01
8.346077990867365770e+01
8.332461933131418164e+01
8.353438518974409988e+01
8.340866150417726033e+01
8.355195422427163976e+01
8.352155448846609431e+01
8.359465736302233552e+01
8.336778453438941483e+01
8.336892819539039579e+01
