6.934214227051030832e+01
6.785490733749965386e+01
7.120494347511883859e+01
7.296222965501013391e+01
6.664530004585783729e+01
6.953162142492898568e+01
6.692415032046788781e+01
6.901795603083704123e+01
6.802412735521038201e+01
6.859867912749444940e+01
7.053284861014731177e+01
6.770202868759928094e+01
6.697038023706076615e+01
6.866193172876272399e+01
7.019439993880982342e+01
6.586128535056279532e+01
7.208535339561119315e+01
7.075819608206778355e+01
6.740199739741201768e+01
6.831318870799840681e+01
7.075357343039587477e+01
6.848445743863860002e+01
6.745471551135483423e+01
7.086835738535521045e+01
7.520134317840771132e+01
7.374544122403733581e+01
6.875289787378139295e+01
6.975464067982149174e+01
7.196641618668772367e+01
6.884793601685572639e+01
6.744429851188566261e+01
6.829078893199088895e+01
7.171227734739449033e+01
6.972417794924224665e+01
6.664895343644350589e+01
6.601867591602119489e+01
7.269853913366787879e+01
6.808676013136806660e+01
6.975733344690537763e+01
6.946758145888134095e+01
6.806917424463598820e+01
6.932941499460171997e+01
7.398645750605641069e+01
6.972736928301362980e+01
7.001252613732019370e+01
6.904921971326932351e+01
6.586049006398567940e+01
6.914721395367256207e+01
6.667370284880229292e+01
6.870252659821430541e+01
6.441269740191319215e+01
6.663976885136773376e+01
7.132484479251183984e+01
7.082025424254707957e+01
7.347866882465730498e+01
6.936655161882534060e+01
6.771164323795400719e+01
6.956727228505866378e+01
6.990401971669200520e+01
6.679073653264289590e+01
7.111065450804876775e+01
6.912529774624040613e+01
6.955543917062583148e+01
6.605117731435905171e+01
6.891264581811051926e+01
7.421547061145403745e+01
6.822892836509234371e+01
7.236409793348909147e+01
6.725202103994737968e+01
6.938971131588044727e+01
7.250240831531587560e+01
7.027632443609533652e+01
7.132172843547886032e+01
6.890565791851877009e+01
6.878481221371600896e+01
7.086406131139712272e+01
7.163895531217916357e+01
6.923771118394056145e+01
6.719897770409299653e+01
6.849524016213742073e+01
6.735026944413391448e+01
6.956287546814878908e+01
6.657258606854145455e+01
6.570512485063920849e+01
7.311917648584295648e+01
6.382966974987034803e+01
6.970437418399311014e+01
7.059343804166020675e+01
6.582025206492502889e+01
7.054142623522899669e+01
6.692560506733819636e+01
7.417018574077840753e+01
7.061948466212487574e+01
6.357999339778687897e+01
6.767485239009823772e+01
6.846767547183367242e+01
7.111569780822476616e+01
7.195828323271209115e+01
7.139710949274349616e+01
6.803501796670551016e+01
6.869233653756236890e+01
6.899940862920695395e+01
7.365935597285701419e+01
6.921194795023471613e+01
6.713617003673681438e+01
6.729975940362966469e+01
6.540973356988001797e+01
7.003591800976991522e+01
6.566829852232119435e+01
7.186144470484930480e+01
6.624503326443242202e+01
6.967642315537852937e+01
7.090044006537975463e+01
7.025039078914042534e+01
6.805836308202074747e+01
6.786710750979419515e+01
6.983381952143265892e+01
6.754613330826423123e+01
7.032114695105168778e+01
6.492941618455499508e+01
6.893761133973303856e+01
6.922018957495446045e+01
7.042483814859555480e+01
6.985579495139396045e+01
7.072112468037599342e+01
6.826366213816437778e+01
7.053265237679092081e+01
6.870089581757211761e+01
6.485237428134823290e+01
6.810536459431916967e+01
7.148424004743495175e+01
6.706693100018861742e+01
7.179318338423074408e+01
6.602764545926110884e+01
6.990665408107844314e+01
6.954124271807124558e+01
7.066480391520576632e+01
6.802922222441735300e+01
7.088439119635788188e+01
6.902632024052073234e+01
6.925524099449123128e+01
6.918753810188206899e+01
6.535568474435835640e+01
6.833349367776720840e+01
6.619891944895481117e+01
6.875967657623759521e+01
6.962628560032322866e+01
6.982451165422413908e+01
6.975310259745869246e+01
7.059826231648030159e+01
6.533962542957621622e+01
7.093310063145872846e+01
6.826390638027970681e+01
7.192387610297664935e+01
6.745009106831871293e+01
6.997685179723029592e+01
7.096443715398348218e+01
7.153882145160886807e+01
6.984877689582523885e+01
7.067181052798399321e+01
7.315285818201969903e+01
6.798418583904980039e+01
7.106499283962203606e+01
6.877593410576714916e+01
7.069357398896633526e+01
7.101828819864940101e+01
6.541848541014618945e+01
6.947975151771338176e+01
7.095124021836373629e+01
7.120510891823622046e+01
6.882095036561510426e+01
6.988123662515603485e+01
7.057133364464056058e+01
6.988162711430578611e+01
6.634278659182915305e+01
6.823959657267992895e+01
6.900815626890413057e+01
7.068497360536647989e+01
7.051535163165817721e+01
6.705426466463248403e+01
7.101688338231106457e+01
6.919614264133255688e+01
6.946140045324168000e+01
7.088189305414664432e+01
7.051359686942362259e+01
6.985734060605845741e+01
6.993932497759804789e+01
7.241913352730630038e+01
6.585889324909121001e+01
6.920735967058085691e+01
6.666300945273083300e+01
7.043782445066004527e+01
7.078504990850304068e+01
6.871461445951339897e+01
6.265716690491721863e+01
6.932920073751550660e+01
6.950700181414738665e+01
6.850986376857004245e+01
7.385880771077547990e+01
7.122505854259507885e+01
7.149165606582424459e+01
6.772017000146388455e+01
6.862613890789171478e+01
6.924807910833277447e+01
7.107852951002104192e+01
7.019762973742331269e+01
7.099214156708426060e+01
6.699363121848449509e+01
7.140899432213466014e+01
6.811994641112463000e+01
6.987002439366723650e+01
6.853989186198661798e+01
7.006811922090498967e+01
6.848165396744562372e+01
6.838690259669078841e+01
6.628971888405702373e+01
7.133258552926041318e+01
7.103779609995088151e+01
6.962679380984369004e+01
7.282680318184034718e+01
6.913796360786604112e+01
7.251553367741284717e+01
7.049526418347349477e+01
6.808229654915281515e+01
6.643998096769557549e+01
7.032240900334844014e+01
6.902617594938404011e+01
6.874243057109225674e+01
6.856317700000143134e+01
6.941803193601697330e+01
6.604011164363735986e+01
6.930003129256571981e+01
6.669693532702744676e+01
7.014383888411563817e+01
7.225100354484449383e+01
6.828986669335850479e+01
6.759663590823423363e+01
6.600391089696893232e+01
6.784944593416990699e+01
6.621100342010829820e+01
7.049350514238855681e+01
6.992437037372164355e+01
7.467604746209281075e+01
7.005890707466856782e+01
7.078573685261517312e+01
6.965309213154336021e+01
7.044486058118405936e+01
6.797781422219046021e+01
7.189607150074563435e+01
7.299109886999724495e+01
6.972573365441280657e+01
7.174100079912568617e+01
6.649523830469429697e+01
6.924044590060472615e+01
6.799741010151697651e+01
7.144815518880076866e+01
7.375046732671117411e+01
6.811704840142668615e+01
6.707788624050891713e+01
7.188925184802704393e+01
6.869349339764772822e+01
6.624137600124703340e+01
6.933675478002784587e+01
6.701083495959038316e+01
6.642487684792641289e+01
7.154213173773736401e+01
7.156210247943018032e+01
6.792037369441108297e+01
6.657900453298633181e+01
7.158916496741322533e+01
6.856174097933265443e+01
6.904477943131148265e+01
6.581925535948900574e+01
6.991309606807675436e+01
7.103371181675596802e+01
7.459114872031761934e+01
6.908027974201358745e+01
6.806859318470543485e+01
6.610293518543677749e+01
7.133489718215187736e+01
7.035996588711202548e+01
6.835152738795686389e+01
6.767784830084512748e+01
6.700380284072925008e+01
6.788327443707466102e+01
7.318893307900697209e+01
6.855992247915381199e+01
7.142903820541292248e+01
6.845784958829992206e+01
7.397646661367346610e+01
6.663190991728117751e+01
6.768735591823370612e+01
6.879911182775124701e+01
6.670410662161864934e+01
6.829900549211666316e+01
6.911214433742321717e+01
7.074067085809339517e+01
6.837552374548668865e+01
6.769845574242580710e+01
7.080914603491285675e+01
7.080850070598920354e+01
7.302600584031439723e+01
6.805208199549123549e+01
6.939926663030745146e+01
6.929879301019687432e+01
7.352518824602006475e+01
6.673109649126516274e+01
6.745721165904778616e+01
7.161709511047924082e+01
7.146504090536460296e+01
6.609713638881444808e+01
6.730104317338782494e+01
6.691467863469920019e+01
6.879543742117887462e+01
7.214160782551219597e+01
7.201731511389198204e+01
7.005133535493673946e+01
6.855429866296152852e+01
6.840778191873202729e+01
7.040797465582249970e+01
7.037809881895383057e+01
7.198474723719463952e+01
7.263976634560320633e+01
6.894096331933349120e+01
6.921458796014873371e+01
7.035197338191760252e+01
7.049432420543163857e+01
6.662310835874944814e+01
6.828084800081630590e+01
6.735777838221669356e+01
7.190977264852939754e+01
6.895862395310267345e+01
7.091228521295596465e+01
6.831214649009721995e+01
6.840573085412518139e+01
6.873341893402361791e+01
6.789279181471134450e+01
6.777698581199948080e+01
6.908189129247799087e+01
6.642606783278139915e+01
6.649678827735463926e+01
7.319329209712059026e+01
6.921427852204409703e+01
6.929723896056621868e+01
7.512156976350260607e+01
6.743354673659978005e+01
7.144448885762847112e+01
6.896185072263479299e+01
6.857800072377509082e+01
6.977341472939791345e+01
6.913041488592941164e+01
7.087103227859944354e+01
6.494143884561565017e+01
6.696962181312845530e+01
6.857030341188249167e+01
7.217034995322971724e+01
6.559586433297967289e+01
7.187411155813586561e+01
6.752689933162889702e+01
6.771476269083241561e+01
6.890351959675926707e+01
6.898948717872937664e+01
6.911058077102607911e+01
7.086982171866361568e+01
6.720250934861567771e+01
7.056368331111090697e+01
7.130190503897746623e+01
7.316862869158147475e+01
7.101994329291542840e+01
6.778808775320084123e+01
6.608779978184861648e+01
6.873716955187435929e+01
6.869246719177188254e+01
6.295161182273820799e+01
7.002351471820855977e+01
6.825630353087503011e+01
7.044506677289710694e+01
6.725782308501035800e+01
7.100127942498083655e+01
7.378819938111629995e+01
6.867906160659131842e+01
6.618754421515087927e+01
6.781995760587381028e+01
6.917848873825849410e+01
7.095424518528899682e+01
6.789471443624650249e+01
6.899865441121556842e+01
6.670979920562382404e+01
6.814723765109594922e+01
6.507527085209206064e+01
6.683307361503945287e+01
6.517105909572057953e+01
7.096935608589929245e+01
6.779370897088122661e+01
6.947342892394676994e+01
6.745710766389980506e+01
7.128871159149856851e+01
6.897401986668774043e+01
6.974347822684229925e+01
6.818351628606808390e+01
6.920060881686356424e+01
7.205264529282013086e+01
6.944787310253454393e+01
6.825633991076340124e+01
6.945081214419542448e+01
6.851813673884949196e+01
6.837732527219441181e+01
6.954611025780496902e+01
6.723503876842150362e+01
7.410044758376879770e+01
7.029027926248244285e+01
7.031385437268642136e+01
7.152377564066803473e+01
6.833352751207770837e+01
6.970254352151162891e+01
6.751179190222380555e+01
6.726587222786196207e+01
7.167003635333539080e+01
6.822272240819458489e+01
6.650846175716306163e+01
6.805218701499364897e+01
6.989338045454880444e+01
7.190262256927923090e+01
6.751228170532077399e+01
6.962802374323339905e+01
7.124279526963432829e+01
7.113168192365530729e+01
6.983477196628426498e+01
6.962942379417887651e+01
6.608797126760357799e+01
6.827437425543556060e+01
6.545758233608421506e+01
6.850656181196424654e+01
6.597792203640986486e+01
7.016573665060650455e+01
6.992544733266481671e+01
6.667434677219658568e+01
7.001966579616461672e+01
6.941086508911978115e+01
6.707874667857326756e+01
6.978511584954102887e+01
7.184482568493055510e+01
6.989240342429263819e+01
6.852854275783863613e+01
6.839845319447790928e+01
6.910660351949266555e+01
6.877225225480606241e+01
6.848592044409298296e+01
6.880617333494316767e+01
6.839207672087370327e+01
6.868517889854555847e+01
7.041410439582068648e+01
6.710365487088914449e+01
6.779372345252691900e+01
6.655466453725452425e+01
6.534156703032090263e+01
6.737247230909773066e+01
7.043331240810728389e+01
6.941422696604936959e+01
6.807498893475060697e+01
6.769096729829576020e+01
6.670303748739829075e+01
6.770401987663377952e+01
6.931355040301637871e+01
7.137017250367954091e+01
7.174508395854988407e+01
7.360258584774064161e+01
6.832042049898416280e+01
6.745285452068003451e+01
7.003804180775611599e+01
7.130489052108411840e+01
7.003321143738301657e+01
6.877234798061505217e+01
6.978969333892443672e+01
6.426399426788385938e+01
7.143971117369807189e+01
6.767733980886775669e+01
6.971026538357685354e+01
6.811145147481728657e+01
6.891225293013799558e+01
7.112325134307533858e+01
6.550280525361975492e+01
6.835252049099871385e+01
6.958046217760727359e+01
6.578950132575208443e+01
6.999177921677947722e+01
6.996639151203882534e+01
6.437047258991977117e+01
6.893042389541388104e+01
7.021452079830629600e+01
6.668811159788904774e+01
6.817906262375043980e+01
6.742667039904029025e+01
6.960307817908133643e+01
6.712933917446477494e+01
7.038718395354354129e+01
6.733698915819581998e+01
6.846512109553378878e+01
6.960186364362536438e+01
6.882766505695234116e+01
6.572726122116587533e+01
7.081620486774141909e+01
7.234117847071965457e+01
6.862858250263749937e+01
6.674392395795614163e+01
6.806661057981855834e+01
6.677061617040313024e+01
6.912412155520449630e+01
7.066632012200655311e+01
6.930018039419434217e+01
6.838946018657057380e+01
6.880017873967551623e+01
7.187655637456617796e+01
7.108077824633649300e+01
7.315709430513085465e+01
6.964849926494269994e+01
7.181004577463090754e+01
6.954567236132923824e+01
6.953629668752049042e+01
6.684467752124044182e+01
6.972470083089582715e+01
6.914035732623501929e+01
7.148894111951651098e+01
6.785533580196040759e+01
7.018952696403238178e+01
7.080043332093451625e+01
7.127922670407950534e+01
7.023018442551996543e+01
6.832055755807571984e+01
6.938822712964018535e+01
6.765774766893584058e+01
7.126124675018181165e+01
6.923614858367110969e+01
7.206792211040759355e+01
7.130799847730119723e+01
7.296638856053415623e+01
6.927909630029640198e+01
6.750770375724060557e+01
6.670665262528605410e+01
7.377839200798041475e+01
7.114041044102903300e+01
6.985838817606172313e+01
7.106825356057109389e+01
6.715231189374068776e+01
6.828023963093555437e+01
7.335834432359702362e+01
6.837967134255774226e+01
6.786186540915775822e+01
6.935818489656300301e+01
6.704648639550244127e+01
6.557324732687099811e+01
6.925111476674962319e+01
6.807813051504575697e+01
6.669845567141922515e+01
6.589534534072816996e+01
7.225183047037756978e+01
7.101022750244035819e+01
6.917041105997523687e+01
6.732244565151054871e+01
6.578347276466732296e+01
7.453829425046065182e+01
7.072993614578646770e+01
6.658617032878962050e+01
6.888902101969379999e+01
6.934086257033159484e+01
7.127773157453093233e+01
7.023230612472812595e+01
7.078346872252738819e+01
7.143858066654519234e+01
6.762100396823296933e+01
6.901928111014606770e+01
6.983429302944999506e+01
7.132200137075133739e+01
6.781652353914408593e+01
7.197113952803405823e+01
6.803094398150594202e+01
6.808296453315804797e+01
7.025350510898336154e+01
6.891867739248780822e+01
6.860635006164559968e+01
6.898132027123267562e+01
7.142973209788829081e+01
6.791006527204329757e+01
6.661104284328563097e+01
7.173454387235847207e+01
7.049223363561338829e+01
6.690143912765975642e+01
7.072400740289997145e+01
6.651787807725575874e+01
6.869158032474578590e+01
7.265585237126082063e+01
7.141130835481962436e+01
7.097950456464394620e+01
7.209762241663661086e+01
7.243116131472311281e+01
6.763750088552774287e+01
7.165956146441226338e+01
6.836744617183299511e+01
6.683144548397395113e+01
6.847204023331967448e+01
7.256211213096850088e+01
6.992637294937895831e+01
6.716208968020835357e+01
6.618222642551295110e+01
6.958215592287258744e+01
6.572699084615105392e+01
7.393671682210683116e+01
6.874815290305849658e+01
6.817820891430929464e+01
6.729579009046608462e+01
6.955900315800170119e+01
6.870649006719912677e+01
6.935797304422564480e+01
6.901711341689492940e+01
6.604709443952987158e+01
6.463329598233137574e+01
7.004243294301106459e+01
6.739896186978268133e+01
7.108455710974995156e+01
6.579759138664259410e+01
6.773409012681571539e+01
6.839776976449257972e+01
6.968025659816808570e+01
7.015500492836324042e+01
7.130066011547127403e+01
6.693703300817415425e+01
6.896982235577391407e+01
6.793848759343519816e+01
7.179401499800644615e+01
6.922506005543444019e+01
6.925627865563046726e+01
7.030775171716931027e+01
6.886579559393891259e+01
7.424214931193600364e+01
7.294340035967445601e+01
6.727354468071939664e+01
6.825519632541598014e+01
6.786478003355072985e+01
6.864475623671135907e+01
6.600963188418317884e+01
6.982592928234764429e+01
7.004083087774124294e+01
7.239904531658717701e+01
6.965050085728765339e+01
7.017000844999465414e+01
6.914223229603084064e+01
6.767539581598106224e+01
6.490040490389621652e+01
7.194568174472749433e+01
6.898810497671955488e+01
6.904575119460200483e+01
7.126176259147334235e+01
6.704638176199864574e+01
7.491792785325904447e+01
7.154173399677812029e+01
6.995021226087602884e+01
6.976491783433449712e+01
6.886272248162940457e+01
7.082303963289422200e+01
7.170549261303621336e+01
7.077971712757511114e+01
6.853259847036954966e+01
7.326674236403275131e+01
6.885463807637067646e+01
7.369498258192794538e+01
6.976706483084686283e+01
7.425204856321479951e+01
6.966690364132718116e+01
6.810802882361173261e+01
6.893287992483473658e+01
6.988512709994085981e+01
6.794592016687651892e+01
7.103939072918615238e+01
7.150850781004126588e+01
6.774576239948088130e+01
7.102619611008914546e+01
6.871052901263333013e+01
6.887711854031789471e+01
6.861790034902462310e+01
6.842640360108390496e+01
7.245991293707491820e+01
7.014809350816625511e+01
7.023582705061271270e+01
7.360845364994219153e+01
6.624547809464938553e+01
6.954606701587351836e+01
6.748612741705900930e+01
6.703805861561724555e+01
6.786608082549312826e+01
6.794494518306164821e+01
7.390134627487624641e+01
6.854090882538893936e+01
7.055967983318214465e+01
7.097258589118554539e+01
6.877331518780187025e+01
6.810160982178692279e+01
7.004022901330759510e+01
7.115181775919907636e+01
6.740516450480905064e+01
7.292053434987589355e+01
6.548700329147618504e+01
7.219363130452622102e+01
7.206886391085625121e+01
6.856491757515028951e+01
6.899123861374670241e+01
6.820039975816870026e+01
6.970031271005611018e+01
6.828478241046924779e+01
6.691180011649950643e+01
7.090286895612706530e+01
6.876881124755657027e+01
6.867800549759118667e+01
6.938081836710644268e+01
6.892127678141240210e+01
6.542071018600876187e+01
7.117009870172113040e+01
7.096635544715385890e+01
7.026350676882483981e+01
6.955081770812859077e+01
6.890785085534211873e+01
6.777744797002802102e+01
6.727292184967916455e+01
6.790533349569217592e+01
6.948870300003656553e+01
7.375407039894056993e+01
7.261513457320005216e+01
6.977627108541608436e+01
7.208395766292970563e+01
7.075571380125396104e+01
6.856912632174997668e+01
7.008556150011175134e+01
6.857607811526349906e+01
6.851749590152748226e+01
6.941397846029548191e+01
7.050258377573975110e+01
6.647088270190555193e+01
6.834116640134610066e+01
6.865547988405705837e+01
7.005582102729275107e+01
7.056446792913537536e+01
7.187914492433850455e+01
6.672401571669908549e+01
7.201569411066063253e+01
6.943196482080361420e+01
7.246647866800302040e+01
7.347285209018367880e+01
6.815365024250360193e+01
6.722774253227331087e+01
6.805582562004735792e+01
7.215930738479131890e+01
7.178533786745535394e+01
7.215467150865805479e+01
6.536223372533132192e+01
6.461728612422598417e+01
6.929571585797033606e+01
6.798652688126863097e+01
7.015013576742265400e+01
6.606883317391273636e+01
6.730960535628619823e+01
7.076976053003835432e+01
6.840079847162716931e+01
6.977439774309812037e+01
7.235443695932292485e+01
6.796776586995935077e+01
6.858406468539165246e+01
6.992185528553234519e+01
6.662577999762099523e+01
6.953846330004236620e+01
6.784987403026451602e+01
6.599073050339076474e+01
7.042172507630058931e+01
7.363506015283421391e+01
7.218882518524267766e+01
7.030868526014873510e+01
7.246727087914493382e+01
7.238627330483923572e+01
6.651285566452818898e+01
6.812107330118112714e+01
6.721783191018354842e+01
7.303556636329324192e+01
6.802768743959053666e+01
6.653231877896956803e+01
7.158413423591979097e+01
7.260599852763103002e+01
6.987595722022530254e+01
6.775333365762146798e+01
6.569577241939794021e+01
6.782900756022111466e+01
7.021003165807083235e+01
6.903584971101739143e+01
6.834112723291811164e+01
7.128163428047973582e+01
6.874562461944067593e+01
7.027760287275131645e+01
7.142504412201286357e+01
6.570484772896753611e+01
6.771567194659748168e+01
6.754792485558058956e+01
7.048983663757368845e+01
6.975843257684488208e+01
7.015828652507060781e+01
6.851116848255738034e+01
6.895061413461020550e+01
7.184926435031054837e+01
7.086064148276811636e+01
6.582456775598157606e+01
6.746899223930466860e+01
6.940292773653531810e+01
6.907752216027644465e+01
7.066530183690952072e+01
6.660094820436623309e+01
7.156615740143604398e+01
7.048139111984399108e+01
6.865786005709830420e+01
6.988415562073673470e+01
6.379491408931074403e+01
7.152243657916042707e+01
6.816047509272665650e+01
7.104485870535444292e+01
6.781204180161114436e+01
6.842117706793324317e+01
7.208953177763326892e+01
6.634272591513672523e+01
7.153644019445751212e+01
7.212301159540621143e+01
6.866580725456577738e+01
6.788468481369304186e+01
7.063488594988368163e+01
6.887709963149789871e+01
7.063067139347711532e+01
7.097934776329742590e+01
6.989457522064149941e+01
6.968250769880158657e+01
7.044885089275013001e+01
7.412528939072100798e+01
7.063292151392626295e+01
6.689362344843311803e+01
6.892940325349248099e+01
6.735672911591336742e+01
7.101362758109321760e+01
6.404986244042544286e+01
6.982491782758371812e+01
7.114701440743004923e+01
6.780382372176633510e+01
6.803220090087954475e+01
7.278096132852792266e+01
7.137933224869306059e+01
6.788079365326743186e+01
7.132902102285332546e+01
6.820414830966878128e+01
6.707764166717117860e+01
6.957402976825875385e+01
7.095662545767537210e+01
6.776866093114344380e+01
6.896352558596156257e+01
6.970172571336792089e+01
7.150215481925405925e+01
6.981882158624219414e+01
7.349327644827030781e+01
7.398210327018306032e+01
6.748532735541543559e+01
7.210613964693881428e+01
7.116282804915763904e+01
7.058421487022133078e+01
7.082621692078673448e+01
7.020397899318733437e+01
6.875479267742744582e+01
7.114538125767394661e+01
6.904299077815292662e+01
7.100349132999429003e+01
6.975557016574228442e+01
7.029113616389494723e+01
6.826082577789718187e+01
7.022511175338819100e+01
7.295942454537880906e+01
7.056808890870615869e+01
6.987117808953503584e+01
6.798786826892738588e+01
7.044930145260492793e+01
7.063439097506027053e+01
6.596093995563737167e+01
6.919702769205419202e+01
7.189923700173297050e+01
6.761429616439478707e+01
7.034659435750255341e+01
7.378717925868356531e+01
6.888286932872857449e+01
6.914073155240470214e+01
6.902690958034683888e+01
7.151096966440901781e+01
6.957511719810865713e+01
6.990986111607236353e+01
6.741091875289860980e+01
6.878132248542475224e+01
6.666831307572562082e+01
7.045424020413419441e+01
7.213331073861353104e+01
6.718739824051274923e+01
6.788148646186063218e+01
6.904929967255048950e+01
6.966954586333031330e+01
7.206296755391900888e+01
6.954346038607350522e+01
6.870271580677079726e+01
6.848932805426791504e+01
6.864636880420322029e+01
7.217789163252928120e+01
7.092318091120966983e+01
7.132803951265573517e+01
6.880353626311374171e+01
6.646085880767758169e+01
6.926627652947526315e+01
6.651749927632538117e+01
6.850284436969242563e+01
6.743079139760885710e+01
6.934393039091756350e+01
6.708577869366520474e+01
6.907837517760331991e+01
6.680024428429632621e+01
7.270770911007781478e+01
6.940879245631185768e+01
6.967843313160439322e+01
6.947211149618169657e+01
7.226622900955027262e+01
7.347992229778746776e+01
7.030223697683082662e+01
7.019414097502063044e+01
6.820123683852958152e+01
6.696729920608304099e+01
7.297444523325192733e+01
7.070364727782684611e+01
7.035310901888520618e+01
6.773161360860562752e+01
6.784750494051175451e+01
6.915468784130231938e+01
7.241124293580656968e+01
6.825239660602574077e+01
7.298144880097494536e+01
6.896491365300222753e+01
7.126992093954292784e+01
7.154426017974550689e+01
7.030592142363302344e+01
6.580690178855840600e+01
6.872889706764547668e+01
6.933020774940098363e+01
6.801418439133702520e+01
6.854151092763694919e+01
6.696493934788072977e+01
6.712205309781056428e+01
7.000975777193430361e+01
6.983943456260604421e+01
7.095599859434445023e+01
7.077868769648677016e+01
7.269943532771173977e+01
7.082739244154203107e+01
7.207550317849187138e+01
6.817776140525138828e+01
7.034263652781704934e+01
7.293579395550118250e+01
6.675648587656240807e+01
7.139090506929207436e+01
6.986141644626106029e+01
6.679815429372595759e+01
6.819709180809049087e+01
6.983051977843062730e+01
7.419814722480396085e+01
7.339272676420198138e+01
6.865396678687780252e+01
7.079034884529275473e+01
6.863000459260135244e+01
6.946830196578288508e+01
6.824010943237391302e+01
7.017709003524296918e+01
6.987309468651788791e+01
6.947006921537587232e+01
6.774731442653292390e+01
7.137873323948774384e+01
6.821441555020636827e+01
6.958384596283701740e+01
6.943939138622383211e+01
7.101069790492124412e+01
7.183198459396849955e+01
6.944690700721270105e+01
7.308872499997012540e+01
6.714926781497852915e+01
6.786902700032520386e+01
6.817985209109697564e+01
6.858154627921972235e+01
6.959711763144514407e+01
7.029215209936739939e+01
6.762268118856290755e+01
6.638886470909069715e+01
6.777666198931443375e+01
6.782900633033426629e+01
6.655474670282106331e+01
6.658629901127616790e+01
6.847258848425569511e+01
6.620733444986269944e+01
6.802993460120227098e+01
7.119843030129891304e+01
