7.277412108727469331e+01
7.365270173901581074e+01
7.539338404183179421e+01
7.224555897275790528e+01
7.118447955270848126e+01
7.280122398911321113e+01
7.007790950605233604e+01
7.132535309693564329e+01
6.928839806188750572e+01
7.360297635958788476e+01
7.200176835142268317e+01
6.983503774367581229e+01
7.110601751186521824e+01
7.457826500343301745e+01
6.911462078075336990e+01
7.112813505325429730e+01
7.508426528020774526e+01
7.282107259651955644e+01
6.885473660810876595e+01
6.862827883324104050e+01
7.229422467697216348e+01
6.927619485762485851e+01
7.160779850276989578e+01
7.272278564207684326e+01
7.236271008933694304e+01
7.012082617975899268e+01
7.529819137153477016e+01
7.346476973371915165e+01
7.242492305875568093e+01
7.345969233214513849e+01
7.065231427935779607e+01
7.198653576854040637e+01
7.165722112198977811e+01
7.269902422265504072e+01
7.090736142481357263e+01
7.006406570995746108e+01
7.413937486276525135e+01
7.310829642931444994e+01
7.359615873455257429e+01
7.156762198894745097e+01
7.549284587635752075e+01
6.877324857043304007e+01
7.224042608940953869e+01
6.846350204218020963e+01
7.414057313863985144e+01
7.343791104798648917e+01
7.189999099244822389e+01
7.269638842017016600e+01
6.945043118112263869e+01
7.061302764381233033e+01
7.175826960713385461e+01
7.335566965779649706e+01
7.126391506273917287e+01
7.104837628222504975e+01
7.044771707791132087e+01
7.191474105718363319e+01
7.436207128268407018e+01
7.316201684578017250e+01
7.191588638052093074e+01
7.135360611221393867e+01
7.643927591860045823e+01
7.329294922976171733e+01
7.379697619561672184e+01
7.485678998234850212e+01
7.197334959463283610e+01
7.231903352373480232e+01
7.141910574259829048e+01
7.056437491368095039e+01
7.202677956779260171e+01
7.281276194139981328e+01
7.178976751621218000e+01
7.493945031202817120e+01
7.287013273710081762e+01
7.149709198255686715e+01
7.266292698090995827e+01
7.223163177776189059e+01
7.206897624579400485e+01
7.453734777430020131e+01
7.151885154983223458e+01
7.267801246029482343e+01
7.262355270773103655e+01
7.361771907257327996e+01
7.173328389298997365e+01
7.116172884236705443e+01
7.122355329059692508e+01
7.023000912259674067e+01
7.354807670291175725e+01
7.037611010990646321e+01
7.313883339960646879e+01
6.905857287212062090e+01
7.081770936978274733e+01
7.258632380415065199e+01
6.967716247089974502e+01
7.250141946498148116e+01
7.045590708367566890e+01
7.390569869776945211e+01
7.255876023688466603e+01
7.251917888508791066e+01
7.560864813785333638e+01
7.256934500842119462e+01
7.236134039417044050e+01
7.275689521606922483e+01
7.256759513800112416e+01
7.071190257803148427e+01
7.402660718661013561e+01
7.313168995452107879e+01
6.895680303213526940e+01
6.678996510483938209e+01
7.080662683133418511e+01
7.125297250561716567e+01
6.999906137559766250e+01
6.947638043031601285e+01
7.077168760775384726e+01
7.443196315415596587e+01
7.233489892243686370e+01
7.250177343254429729e+01
7.263046532577969572e+01
7.102174762287637577e+01
7.325020113078474537e+01
7.577863978383930998e+01
7.336422979490444618e+01
7.520935386150156887e+01
7.425820829196268846e+01
7.073878320685246024e+01
6.982750251640587180e+01
7.249558196812462540e+01
7.381361396917306195e+01
7.491069996569422074e+01
7.491148482299598754e+01
7.429479122984068340e+01
6.852319150297074657e+01
7.023179342298864469e+01
7.135947105278675906e+01
7.208931827263906200e+01
7.226840218831355855e+01
7.041005441316796976e+01
7.285838499168372095e+01
7.156299244612112886e+01
7.238562133410759714e+01
7.380676104551248784e+01
7.193661964488133265e+01
7.152250275730195028e+01
7.426623230960623800e+01
7.418474267888882423e+01
7.135848751620977737e+01
7.079943642614847477e+01
7.274399371013637960e+01
7.328267884719237202e+01
7.118848147909970692e+01
7.288086888096746918e+01
7.281695332063577553e+01
7.056094905014332141e+01
7.126659922196037655e+01
6.902489286956627268e+01
7.333899860302175000e+01
7.132818631942740240e+01
6.859948080189984410e+01
7.346090098354598297e+01
7.367004090260748228e+01
7.211464245517558425e+01
7.017297577304606193e+01
7.150996348049220330e+01
7.305290640051018158e+01
7.320735383028875276e+01
7.355700110169478023e+01
7.210563834861449095e+01
6.783533910490839958e+01
7.115525964744719545e+01
6.962793221067582294e+01
7.606577790112380910e+01
7.153170813874493206e+01
7.079139519246696466e+01
7.330801997041669438e+01
7.130076389608284160e+01
7.161039682257083427e+01
7.157619422910856599e+01
7.315073148037342321e+01
7.040320435777634600e+01
7.054286806387244724e+01
7.389615386147767140e+01
7.057627400330585488e+01
7.202361964479364076e+01
6.946955654675390690e+01
6.973314457469999184e+01
7.656679320419770818e+01
7.533928950529563906e+01
6.980743982452388252e+01
7.608349216201170861e+01
6.987174847844292458e+01
7.166504836551405333e+01
7.014540538868777730e+01
6.902850334014577527e+01
7.266094675153027538e+01
6.896587194320306935e+01
7.474196034565363789e+01
7.061684628538060338e+01
7.573911819613761054e+01
7.088231116021782441e+01
7.449465413979787343e+01
7.111395972248631381e+01
6.932712032241181532e+01
6.995718999034518504e+01
7.193545509153717887e+01
7.078876749010686353e+01
7.295312263119328122e+01
7.173532361564895155e+01
7.007861890708194608e+01
7.042034953520273177e+01
7.067687389146493615e+01
7.390273238000236233e+01
7.348677643044523222e+01
6.978593176049818680e+01
7.165285367007065531e+01
7.429914937497322569e+01
6.937888513189423634e+01
7.248389823105182472e+01
6.835178462221743700e+01
7.299204477459339557e+01
7.378413680848549916e+01
7.335263775015576471e+01
7.155654797449427917e+01
7.404121344364733659e+01
7.493695993479771289e+01
7.386568160632336344e+01
7.165292555839113220e+01
6.837714144926351878e+01
7.340153847076197735e+01
7.259667456208511283e+01
7.360630099509188540e+01
7.233256242757617827e+01
6.846729804246909623e+01
7.392917465405790267e+01
7.044670799319862908e+01
7.042951996443530049e+01
7.205776844788739766e+01
7.518325368400925868e+01
7.485420416509712993e+01
7.195383944180362334e+01
7.086887693851629422e+01
7.137011467182539093e+01
6.948583640298491559e+01
7.004611675240009561e+01
7.179899983356133930e+01
7.521759045108626651e+01
7.369305155840770283e+01
7.185312513438698545e+01
7.026987456050456160e+01
7.153598613579937648e+01
7.427769336166061009e+01
7.099919096970792509e+01
7.148657401811719581e+01
7.472820150489893365e+01
7.051715928660003385e+01
7.267284046230523131e+01
7.210977750338054193e+01
7.104808201200944495e+01
7.248745374484671800e+01
7.149653385641904890e+01
6.703177501765212298e+01
7.314264921256297214e+01
7.083542573402348808e+01
7.026692959934891292e+01
6.865006325370107731e+01
7.090831982510889020e+01
6.892021808250088100e+01
7.130778858587291325e+01
7.223803755289563355e+01
7.371338142562899520e+01
6.792461422199524179e+01
6.826622452894883963e+01
6.775238724917120692e+01
7.006893254801016724e+01
7.175452500222738195e+01
6.986294934492094910e+01
7.356214290314925108e+01
7.043987821911672143e+01
7.352309442621488245e+01
6.993303206606123013e+01
7.141722499118635881e+01
7.442866115233618984e+01
7.151005960122647309e+01
6.956466398914859894e+01
7.426612961975894223e+01
7.332399676386981469e+01
7.168740567985273060e+01
7.190710591762487525e+01
6.813079234026513120e+01
6.884376881749768984e+01
7.222788783387601086e+01
7.051453342328341023e+01
7.245383374519661857e+01
6.818080358222250936e+01
7.462893335771893533e+01
7.330129071170188126e+01
7.214358425952319465e+01
7.064909032315736681e+01
7.348088438074145756e+01
6.989684436512342813e+01
7.170021845625926460e+01
7.075788061123944317e+01
7.285404075907815979e+01
6.995637773782004842e+01
6.956600614835076613e+01
7.180122816442937506e+01
7.124169689763881763e+01
7.354244027848470466e+01
7.123157320813480453e+01
7.223050998379333976e+01
7.225901758441257527e+01
7.108748090580991175e+01
7.213344139895089313e+01
7.513060730149035749e+01
7.337659542642052202e+01
7.191305758486565480e+01
7.440759727338314633e+01
6.916913125803708340e+01
6.941152633400545824e+01
7.576154216990757106e+01
7.002604850900515032e+01
7.126180254566475014e+01
7.216179917163155721e+01
7.096333932179881288e+01
7.181651281940712295e+01
7.217215536213021210e+01
7.168252040577520745e+01
7.023449916630639223e+01
6.849786281081127015e+01
7.347454972785524774e+01
7.411634384878027504e+01
6.944280655253123768e+01
7.291217794945022490e+01
7.326437539390811082e+01
7.338291873527410303e+01
7.109972368199528603e+01
7.454921763906344268e+01
6.761433117581084673e+01
7.288379476057150441e+01
7.198442538227749310e+01
7.107233905187524670e+01
7.621084271956213740e+01
7.274274759140601532e+01
7.133323952040743166e+01
7.166480963392561421e+01
6.914323567212521482e+01
7.448315755456039255e+01
6.906294728065445554e+01
7.628696392606904908e+01
7.103657518578216923e+01
7.035263947986159394e+01
7.452286527368731583e+01
7.078997799844435690e+01
7.257760072169375576e+01
7.487219379052629620e+01
6.941956264689476086e+01
7.260589239910993342e+01
7.409740003252237273e+01
7.143615192546313608e+01
6.903294487853204942e+01
7.260499973917036698e+01
7.240275947499837628e+01
7.113269391443061807e+01
7.036387144657302883e+01
7.268909150005396214e+01
7.319109595442111527e+01
7.320173709859760436e+01
6.849002902811265869e+01
6.902615472806286334e+01
7.021241615023288318e+01
7.161965035988920647e+01
7.070925453649194026e+01
7.284489938961304745e+01
7.341183570904122746e+01
7.435699750438114108e+01
7.306601583966343583e+01
7.454791054699975916e+01
7.056853865710530727e+01
7.461311800972056574e+01
7.193156650936916208e+01
7.326070552522182311e+01
7.440015625353241546e+01
7.065787910366522340e+01
7.120787782344554273e+01
7.224930725396713171e+01
6.701636680180067174e+01
6.940992172987662912e+01
7.162491935823115341e+01
6.713664999933662614e+01
7.268744202609282468e+01
7.129813903021559440e+01
7.159209615476397914e+01
7.115694385973172587e+01
7.003929413231789169e+01
7.469836905759440526e+01
7.147635951290058642e+01
7.470098669898541743e+01
7.477748303780069250e+01
7.197128001528190566e+01
6.987827612205748551e+01
7.590322369576124117e+01
7.404078522500536508e+01
7.028427641655791547e+01
6.969098980607014937e+01
6.965200482572822693e+01
6.994037959739591770e+01
7.594500278463566190e+01
7.054097094863504935e+01
6.975681823990527164e+01
7.373257247238926482e+01
7.336054569432843664e+01
7.131328226251488900e+01
7.096154995558728729e+01
7.087573885638440174e+01
6.967295055469074327e+01
7.007096320378416010e+01
6.970510098646535369e+01
7.078250151598889772e+01
7.322327951973974791e+01
7.330394643101369923e+01
7.335251406300425003e+01
7.295007964733534322e+01
6.899798288568241844e+01
6.811761943649494810e+01
7.000388833894454876e+01
7.274782374180298916e+01
7.362835297131424284e+01
7.191644739867079750e+01
6.935066083873536513e+01
7.247576778432113542e+01
7.295332041490129882e+01
7.262369662711454055e+01
6.857544798421172061e+01
7.249617568874747064e+01
7.054429325436332476e+01
7.001649357860016210e+01
7.114724752602631952e+01
7.019620235464283553e+01
7.250871466176575098e+01
7.416588943607965234e+01
7.240856238301628878e+01
7.386531330180162058e+01
7.129039612873619092e+01
7.020826851579381866e+01
7.338179807005235489e+01
7.302746065979449952e+01
7.317393315731835912e+01
6.967666473192056742e+01
7.443496614080721940e+01
7.062272042268477890e+01
7.411420428472396793e+01
7.410727201474300330e+01
7.458537453627123170e+01
6.814278816133831640e+01
7.335770842164478722e+01
7.220795374208664441e+01
7.438358492528350041e+01
7.520253088067872227e+01
7.603491091622139209e+01
6.940502234061554532e+01
7.176186023955777671e+01
7.049441375247037911e+01
7.210173096704197349e+01
7.111457051385993111e+01
7.237790857070777406e+01
7.137313381289287406e+01
7.374507904377536249e+01
7.170622715318179985e+01
7.094034028559362071e+01
7.295628416599296884e+01
7.450233437576700624e+01
7.049167516490510366e+01
7.104895710343558335e+01
7.267975747825130384e+01
7.093311984177891816e+01
6.867769770188523637e+01
7.695076918751557571e+01
7.500626611416672063e+01
7.090045333896453883e+01
6.947180053342475503e+01
6.931540219421310667e+01
7.047491833295596564e+01
7.186141175753384402e+01
7.364463962569804778e+01
7.145112284315861473e+01
7.235079025420129994e+01
7.273761634216292293e+01
7.248223918890361972e+01
7.081813327750406017e+01
7.408982514563994926e+01
7.687478622402072403e+01
7.394862454831523735e+01
7.140196204478338871e+01
7.180663571663407652e+01
7.377142908456991677e+01
7.362300405911625489e+01
6.691673714341601453e+01
7.416531227578187213e+01
7.318368010539714419e+01
7.465198267044107183e+01
7.013113463407886172e+01
7.156621014244251455e+01
7.122426012685109242e+01
7.311068995354958133e+01
7.463133416382041219e+01
7.126284585033727126e+01
7.435535959693140740e+01
7.352147188000351719e+01
7.267446803479359119e+01
7.275713460789799569e+01
7.061057471693204945e+01
7.297729910265258013e+01
7.401718260438923380e+01
7.056562553941758154e+01
7.329465041320113983e+01
7.325084250093141236e+01
7.216036233386871857e+01
7.162493637312526573e+01
7.293851394728807236e+01
6.899635271556130078e+01
7.151083206749615329e+01
7.140368880556273723e+01
7.326360513713484579e+01
7.234834676577560231e+01
7.043452688912684323e+01
7.166769155073642139e+01
7.181614225869179791e+01
7.440074689280575626e+01
6.916222936659985976e+01
7.388655459569592665e+01
7.321495006109589099e+01
7.233280806700814480e+01
7.183849609770699374e+01
7.366939531450536549e+01
7.032393668012392141e+01
7.348433160189028968e+01
7.023707329375044139e+01
7.296220100511958151e+01
7.292558569644513966e+01
7.261302529351924306e+01
6.973579380773230696e+01
7.166530790461347067e+01
7.130752994680945278e+01
7.039502535801092620e+01
7.235782813044660600e+01
6.890986646024236961e+01
6.685913747251466077e+01
6.714773766527608245e+01
7.368011872499081960e+01
7.385188391387323747e+01
7.232046885104719536e+01
7.487056150153701140e+01
6.930308939946807811e+01
7.129686257371673719e+01
7.510887164170810593e+01
6.882411233917218851e+01
7.134782699726261512e+01
7.011641528098974163e+01
7.410510021451018758e+01
7.272798780004565344e+01
7.261278777117117045e+01
7.377599865799132317e+01
7.095517957699109957e+01
7.394314999761427032e+01
7.413886213793739444e+01
7.384154461013868342e+01
6.882087854738433919e+01
6.991467233300511452e+01
7.119439410694616299e+01
7.128070089778584872e+01
7.256059802544980641e+01
7.252086464328763782e+01
6.982151738480062875e+01
7.228446059329236562e+01
7.495479181996765305e+01
7.169663063421197080e+01
7.361302351813822042e+01
7.355579646023191742e+01
7.024411104635900926e+01
7.166854368461731895e+01
7.246088072188234719e+01
6.980905744972120885e+01
7.070126595212406073e+01
7.272081606754034055e+01
6.937647129037844707e+01
6.923621510700498050e+01
7.475335295899145649e+01
7.211398623946926989e+01
7.253829762469347031e+01
7.160145016741022062e+01
7.221845990225054379e+01
7.466939638394319445e+01
7.179830998013709120e+01
7.340495458853301614e+01
7.637991119774957838e+01
7.327430457604657477e+01
7.292756908571008978e+01
7.168143399773600777e+01
7.451545199161151345e+01
6.882889137665479495e+01
7.421457289811414171e+01
6.962496573776897435e+01
7.151993114303878940e+01
7.477561191488790371e+01
7.317655787830665304e+01
7.060440489036116674e+01
7.555861959941071859e+01
7.031299927996036558e+01
7.293843524663472522e+01
7.396978754678958978e+01
7.126434223826807113e+01
7.019805336723300115e+01
7.265270314585893630e+01
6.987480494434156242e+01
7.065749905705111189e+01
7.159126088794531029e+01
7.040697935762823079e+01
7.051188820621311493e+01
7.076620986285145420e+01
6.847698116076566066e+01
7.138036233496735861e+01
7.053662100566413073e+01
7.247687295400703533e+01
7.729433397885370027e+01
7.185532370058392360e+01
7.227819477750306021e+01
7.242354109025878017e+01
7.258984614909262234e+01
7.315442989497215365e+01
7.212472054169813873e+01
7.103235828762487358e+01
7.096569866866119014e+01
7.103732978374544871e+01
6.969292963149318609e+01
7.312116298424743377e+01
7.199340546037376498e+01
7.007384027900560852e+01
7.200832321158763705e+01
6.980625036287212026e+01
6.936007704351948178e+01
7.195169083090719653e+01
6.987565636028266169e+01
7.107150786047236579e+01
7.308574188708469421e+01
7.307735497296576455e+01
7.062954432424838558e+01
7.191250691913931803e+01
7.400245478583241265e+01
7.222795202732640973e+01
7.151861731814454970e+01
7.148163325520268074e+01
7.158103322696055670e+01
7.130690627753781996e+01
7.385307032645521019e+01
7.053561823969982925e+01
7.188728208443798451e+01
7.217946103586149320e+01
7.410492935472937859e+01
7.254017639508498405e+01
7.234280574144258935e+01
7.072474250902092763e+01
7.050724137646503209e+01
7.116899300657397021e+01
7.243267891185834628e+01
7.022374997329389146e+01
7.392171350007401998e+01
7.273756010469695354e+01
7.126452973427250015e+01
7.473869714534561126e+01
7.287787815470241526e+01
7.083250862828072059e+01
7.214934587315610770e+01
7.130745341193950537e+01
7.110391191553723900e+01
7.482791448784119837e+01
7.254888592206818032e+01
7.224324475309465754e+01
7.063644059426476929e+01
7.176040943052596788e+01
7.237795001044185028e+01
7.080590694661204054e+01
7.542049337938118470e+01
7.185182105061923608e+01
7.057516013959036627e+01
7.390532967055723645e+01
7.186574020086729320e+01
7.283768722349167035e+01
7.070293632583910437e+01
6.902899248120070297e+01
7.189260566195387980e+01
7.203619815655596881e+01
7.162878041883486446e+01
7.013649196763570615e+01
7.322541528421933776e+01
6.979044589410028721e+01
7.030913212053761185e+01
6.929955748020188366e+01
7.047542087060993765e+01
7.243114519153647279e+01
7.369665307705109569e+01
7.229871031824997374e+01
7.160466668820460256e+01
6.828415523908515183e+01
7.460885025640656920e+01
6.934901438120289185e+01
7.004878448798601198e+01
7.317868667068185573e+01
6.873799035548466918e+01
7.262678254012108425e+01
6.867367220417719409e+01
7.489580367366816915e+01
7.076750248215144268e+01
7.083196159031871275e+01
7.067309122446717140e+01
7.128955375202104960e+01
7.179466199829961681e+01
6.722334936261728444e+01
6.936228655437061263e+01
7.318758778422363775e+01
7.169878183984150155e+01
7.331032159656103886e+01
7.425191095718642487e+01
7.092844163611077590e+01
7.099711875503470537e+01
7.520892150747012295e+01
7.239862526795629094e+01
7.201241900104393778e+01
7.046190315530407133e+01
6.982051665725667533e+01
6.793684982213477497e+01
7.208021737105727311e+01
7.052500531709594611e+01
7.284566679544491308e+01
7.471868220765793467e+01
7.128478793075461795e+01
7.036987947348278283e+01
6.993931520194426810e+01
7.398116599122211312e+01
7.495920949553725166e+01
7.414092266477612725e+01
7.391345467712848460e+01
7.150139609743234814e+01
7.154377866867487512e+01
7.008005160872681927e+01
7.319432420844366050e+01
7.238133711103843382e+01
7.210725601829763320e+01
7.503695107651013529e+01
7.449877113898550363e+01
7.198667835765841971e+01
7.320850317930671736e+01
7.373997605599461735e+01
7.157140741086404034e+01
7.221976024415735651e+01
7.143626932599904933e+01
7.196741541169515699e+01
7.591676342113980525e+01
7.307445128220888364e+01
7.172897983261736954e+01
7.241954848522007637e+01
7.234865098564199570e+01
6.909082707715535321e+01
7.152828611369324108e+01
7.052024205480712737e+01
6.838406946159553002e+01
7.200979034229416698e+01
7.066038428388119996e+01
6.743554258151631586e+01
6.776263702300080638e+01
7.169605202516252973e+01
7.115116172814374806e+01
7.002502514184439519e+01
6.791148087522788046e+01
7.217395102958806774e+01
7.157923332907944314e+01
7.356457830112510976e+01
7.107755989266829033e+01
7.097936395371547746e+01
7.530011827001864333e+01
6.990775761419249079e+01
7.196103610466548162e+01
7.517552456501152847e+01
7.174363468797653809e+01
7.377820549271505968e+01
7.384293983955770102e+01
6.848045685603484856e+01
7.346037726593110051e+01
6.953049187640270645e+01
7.267425539513052968e+01
7.232991444098863099e+01
6.611514885713445722e+01
7.587808044052205503e+01
7.203833268323710115e+01
7.261577085424575273e+01
7.039958584747886050e+01
7.208586968544705087e+01
7.012115205642881222e+01
7.264835051131352373e+01
7.234926027840845109e+01
6.954610103869232773e+01
7.520222729995414568e+01
7.199939057442921353e+01
7.163245421854023220e+01
7.269616269371579165e+01
7.018295250138068297e+01
7.093472119653384311e+01
7.541612823433099777e+01
7.101802993087679283e+01
7.365104956141905745e+01
7.001029920887249602e+01
7.150456378950471503e+01
7.401164603623364258e+01
6.941272480552558477e+01
7.396569392095756257e+01
6.972519651865594881e+01
7.047988758132370890e+01
7.441407896133308952e+01
6.965544259781073322e+01
7.524317844582448345e+01
7.364803818425895088e+01
7.147718176985812022e+01
7.063919029806291405e+01
7.476996589620289058e+01
6.950205337517762416e+01
7.206906345205243269e+01
7.548714639318629338e+01
6.944574932619154595e+01
7.176109467742422510e+01
7.495285465375079070e+01
7.051216686738958117e+01
7.313896516449119645e+01
7.365238424740971368e+01
7.183414888680823651e+01
7.253187461435848604e+01
7.217997935336723003e+01
7.028568827027309851e+01
7.054091744412482967e+01
7.084002437374387284e+01
7.086774665601791412e+01
7.259006975042839827e+01
7.326808191317196872e+01
7.275795572345293749e+01
7.254248149014227920e+01
7.211951531121407299e+01
7.481265092163212671e+01
7.208709663092668052e+01
6.800510897881473227e+01
6.933538454106729887e+01
6.674196000283461672e+01
7.327306476950641922e+01
7.190475826323367414e+01
7.256710544899364379e+01
6.961885677949092610e+01
7.232802568769855611e+01
6.946415313231152311e+01
6.853847387007478176e+01
7.346806292773250391e+01
6.894181232012633131e+01
7.163608345154837309e+01
6.847116901481706464e+01
7.260242555581307045e+01
7.093336247177840903e+01
7.391947346461475377e+01
7.151662192791593498e+01
7.045614970615447703e+01
7.012031858269322981e+01
7.135624168496228492e+01
7.479552011886036667e+01
7.373978698689815303e+01
7.209984632655120151e+01
7.181373603149963003e+01
7.279484030391678573e+01
7.579811214592153590e+01
7.635977865646243856e+01
6.830078001374604924e+01
7.248409207343716787e+01
7.275805930223000928e+01
6.983830159280307726e+01
6.968050935969094439e+01
7.103620148200795370e+01
6.983314057085748061e+01
6.849223576743631270e+01
7.545672110018352896e+01
7.331805866917868286e+01
7.241848778392672159e+01
7.180857534233359729e+01
7.143466744646509881e+01
7.165666100574169661e+01
7.246540264293120970e+01
7.247324059792376261e+01
7.270429984665436507e+01
7.186540822561124742e+01
7.105389793410985533e+01
7.273053477215961493e+01
7.162850030285044056e+01
7.208721829323128816e+01
7.166686816819451167e+01
7.300199021701293134e+01
7.221105898895805808e+01
7.122612537797898824e+01
7.372122038091167440e+01
7.347830267553960937e+01
7.410543080501868474e+01
7.412743085716832070e+01
7.261892901105113651e+01
7.042038449110093268e+01
6.994310123558366854e+01
7.272493020566491850e+01
7.305528743352833487e+01
7.232867764899293661e+01
7.214082382894653733e+01
6.990661612386330148e+01
6.928699532228682756e+01
7.045358883627753244e+01
7.261995910728244041e+01
7.016332925560385547e+01
6.922532979317560375e+01
7.286839647426967304e+01
7.373463250909195210e+01
7.091491175424326343e+01
7.348285442667608436e+01
7.255449285553083882e+01
7.284954105485573450e+01
7.057088581658719306e+01
7.249912461907103989e+01
6.979678569463027316e+01
6.997665984925626503e+01
7.289812535949390337e+01
7.541256577191789745e+01
7.141626608973422208e+01
6.837586710489637198e+01
7.288863338382037682e+01
6.944770049939479861e+01
7.272789856723923663e+01
7.155606973638872148e+01
7.129366074524443775e+01
6.780205073810220995e+01
7.173463938528287542e+01
7.176906242860458462e+01
7.246280947583430532e+01
7.380070092964010087e+01
7.394262696362579845e+01
7.084911819366396912e+01
7.100013595181296466e+01
6.936104380262453617e+01
7.171666340971252396e+01
7.164005216307340618e+01
7.158702179228183127e+01
7.410034448275482077e+01
7.138503280251362071e+01
7.274056515386703836e+01
7.304147270369421108e+01
7.517071501375922082e+01
7.318116949653391146e+01
7.361306856835406620e+01
7.193441625790397609e+01
7.188199578525427569e+01
6.876433058551214117e+01
7.012297894426201594e+01
7.065285501173561045e+01
7.308024427312550131e+01
7.363399801368034048e+01
7.628717131193681666e+01
7.363038149459994486e+01
7.307867402308333737e+01
7.545697711218025461e+01
7.147689313369617992e+01
7.111708876445818817e+01
6.934317948069993065e+01
6.785786039718462348e+01
7.317047659735551690e+01
6.836085388603139279e+01
7.341758100659096442e+01
7.256997546908215213e+01
7.108063986114972010e+01
6.982742391998721132e+01
6.741359582204663070e+01
7.081083192624727474e+01
7.344569616383788002e+01
7.462206820836337329e+01
7.241952630997323581e+01
7.252379197279041989e+01
7.296060493319031082e+01
7.008256787741021299e+01
7.005544493970687370e+01
7.174241577871697473e+01
7.023070622587961509e+01
7.064654398099769139e+01
7.378362515080746675e+01
6.947772238363870656e+01
7.182598884860040300e+01
7.183744427016293344e+01
7.428303625545241573e+01
6.953526681663733200e+01
6.706782141182014811e+01
6.961313679559761169e+01
6.880893264163837841e+01
7.315239357383953234e+01
6.990881899606583261e+01
7.140836220717623917e+01
7.006621004760438609e+01
6.902969559205848782e+01
