1.374888744067514779e+02
1.374264762464399894e+02
1.377454751285373789e+02
1.375970655375152774e+02
1.375625530949340032e+02
1.374457632852170548e+02
1.375081235718442372e+02
1.376936241387798532e+02
1.379365082977956547e+02
1.378394063495838395e+02
1.373413422594588837e+02
1.378287968123578935e+02
1.374503664471384070e+02
1.376735309571694472e+02
1.379735020718775331e+02
1.380087045985214047e+02
1.377751491490948297e+02
1.376726595948037186e+02
1.376093995156280130e+02
1.377442687728790531e+02
1.374840628230772666e+02
1.377760439221164006e+02
1.377677804802537196e+02
1.374660916020988566e+02
1.377470215985422328e+02
1.377617921096708642e+02
1.377382806355632852e+02
1.377536684748820619e+02
1.380812810259589867e+02
1.374570552018286378e+02
1.376245018942730098e+02
1.378958151598718587e+02
1.376644412024926396e+02
1.375700936133709149e+02
1.374109950603696291e+02
1.374686363925830790e+02
1.373833146334829678e+02
1.375994243642774677e+02
1.378314127799132791e+02
1.375810545935991343e+02
1.377616329751227511e+02
1.373618981077933938e+02
1.376267414167521395e+02
1.379677950239656923e+02
1.378557970148133052e+02
1.375468465861829372e+02
1.376821058952135672e+02
1.377571820618007621e+02
1.374343480421873096e+02
1.378398251955888441e+02
1.376192507544541286e+02
1.377843326091092138e+02
1.374247712084600721e+02
1.378723179107866201e+02
1.377492196640692157e+02
1.375595054743887715e+02
1.376619633183677820e+02
1.375071381943466804e+02
1.375185017059329198e+02
1.375063080268917304e+02
1.377331293054207890e+02
1.378463497854638433e+02
1.376088573515106646e+02
1.374343776604955849e+02
1.375938787513854038e+02
1.376551470640781361e+02
1.374667173060414314e+02
1.375929825378718476e+02
1.373912999234252936e+02
1.377180164739618533e+02
1.377866113421465002e+02
1.375689696956174828e+02
1.374714764537164626e+02
1.376196313939892661e+02
1.378813337130193304e+02
1.377972065299234430e+02
1.378217717121327723e+02
1.376481064373668914e+02
1.375150649616690259e+02
1.377767575962435274e+02
1.377020036079413785e+02
1.377822714510224671e+02
1.376181562363819637e+02
1.376978373477492141e+02
1.375857518174181280e+02
1.378420259121672871e+02
1.375928935182469104e+02
1.373522410443604542e+02
1.377900815327533337e+02
1.376132712977380095e+02
1.373308759554142284e+02
1.376778765358378962e+02
1.374124103766153837e+02
1.378586972115727747e+02
1.377528482689834277e+02
1.376521040391287443e+02
1.378598092059730504e+02
1.374647275020906250e+02
1.376580781754838938e+02
1.375710669127896892e+02
1.375485854349370811e+02
1.374522469075175479e+02
1.378830661226988639e+02
1.376731418899291839e+02
1.375503837973195402e+02
1.374550675299303464e+02
1.375303809589706816e+02
1.379658651797057303e+02
1.377654215546409375e+02
1.374928033877066866e+02
1.374724947991003319e+02
1.373390642570628017e+02
1.375436737513091714e+02
1.372571086144179731e+02
1.377050411786449615e+02
1.380789770833631565e+02
1.378974690756173516e+02
1.377944588949535500e+02
1.374140778457207546e+02
1.375992127036307124e+02
1.376463166831610465e+02
1.374948737895520878e+02
1.377693601301188266e+02
1.375796527259174979e+02
1.374475414101220281e+02
1.377696801654620344e+02
1.379721805620818884e+02
1.378655113603379618e+02
1.376720672049246161e+02
1.377117700844156900e+02
1.378500089325801525e+02
1.376240816430835707e+02
1.374876943228568109e+02
1.376257909217013378e+02
1.375266325441297681e+02
1.376346801542391631e+02
1.375473570947175403e+02
1.376582479083374153e+02
1.376494099553683554e+02
1.378418997697524446e+02
1.376034651496334789e+02
1.378139796642591079e+02
1.372614680894592993e+02
1.379076668860506061e+02
1.377571289672410728e+02
1.374251134626162809e+02
1.376382822928131304e+02
1.375267577960911467e+02
1.376878269817107423e+02
1.378745078399285546e+02
1.375297572260812728e+02
1.375088150765036232e+02
1.377300428474659100e+02
1.376640574386057665e+02
1.378740491581530421e+02
1.377046799588178203e+02
1.378736123971432619e+02
1.377682751085849020e+02
1.377735411824326377e+02
1.374247759236041873e+02
1.374191290803206869e+02
1.375048107916979347e+02
1.375006350761792362e+02
1.377934810421303382e+02
1.374152271262302065e+02
1.378605442869737487e+02
1.376069202436519276e+02
1.377930405130460088e+02
1.378250778109017745e+02
1.378006157495135540e+02
1.375197156723914702e+02
1.376830818341248914e+02
1.376583624858243695e+02
1.375606450206618092e+02
1.374893002983368149e+02
1.373526539078540907e+02
1.375168672816583353e+02
1.376460593126963943e+02
1.374361715361660572e+02
1.375590624806038420e+02
1.377307865234074598e+02
1.375417955867963258e+02
1.375961274486294315e+02
1.377872215521900614e+02
1.373832555718732351e+02
1.376309323508399132e+02
1.377573643333566622e+02
1.375973749288767749e+02
1.375931233459411658e+02
1.374181906954536316e+02
1.377305642951870652e+02
1.374340650903392600e+02
1.375341268130203218e+02
1.376618499860912550e+02
1.374552513860740817e+02
1.374287881368856006e+02
1.377529634432677597e+02
1.378084895792854638e+02
1.374419219465717958e+02
1.374088802246326111e+02
1.375236858636977786e+02
1.376185849039610218e+02
1.376912149574845046e+02
1.377360810183950264e+02
1.375418249369484727e+02
1.378758018590101244e+02
1.380276254087949326e+02
1.373998363208908984e+02
1.373370995690914640e+02
1.379578697539318455e+02
1.379252393572507174e+02
1.376320976624523666e+02
1.379930741567972063e+02
1.376835797801332433e+02
1.374669677716688057e+02
1.378051490209247731e+02
1.376049804086795234e+02
1.374113775826736230e+02
1.375560688761099755e+02
1.377078302699605388e+02
1.379037357570296933e+02
1.376875067419655352e+02
1.380616465596546618e+02
1.376295728597223160e+02
1.373705815692369185e+02
1.378006327255789074e+02
1.376557125540477671e+02
1.373954820524670879e+02
1.376888451813732956e+02
1.376501184661312323e+02
1.377683442898805026e+02
1.378991622138161688e+02
1.374878473880999366e+02
1.376499013685458124e+02
1.374252065621684551e+02
1.374924254748482610e+02
1.377322721267519512e+02
1.374515358997627175e+02
1.372652772680211797e+02
1.379001085480946074e+02
1.376810101617654141e+02
1.378221565571087410e+02
1.376876436908749213e+02
1.377605285647958056e+02
1.375043959104602038e+02
1.377733996949531274e+02
1.376537251856169917e+02
1.377086079102927556e+02
1.373689782492164966e+02
1.376943456285844150e+02
1.376372754065533570e+02
1.374909891716152401e+02
1.376548866331212935e+02
1.377985126742413797e+02
1.376127311660818293e+02
1.375320395362811610e+02
1.374684400317854056e+02
1.378676448721380154e+02
1.375328687270991850e+02
1.376463166557825275e+02
1.375174237484166611e+02
1.379057146361511172e+02
1.376676046177619241e+02
1.379611086021860160e+02
1.376536430380243416e+02
1.376907183828730865e+02
1.374786795425761454e+02
1.372831418041322422e+02
1.373178686807051747e+02
1.379539598530721776e+02
1.378109910179975088e+02
1.374764145972171150e+02
1.378735173300504186e+02
1.375195810661541600e+02
1.375696746491359193e+02
1.374668271447749817e+02
1.375520471652497747e+02
1.375477363284342687e+02
1.374683375568584154e+02
1.378453815305019816e+02
1.376360241149501746e+02
1.378566894359948094e+02
1.376170996866933365e+02
1.377615608491526302e+02
1.378152843489609438e+02
1.374998296472907953e+02
1.373598382576437871e+02
1.375240056928346917e+02
1.377421122419728192e+02
1.377036607164232578e+02
1.376475861457277858e+02
1.375712804233869520e+02
1.376129354959172701e+02
1.374512004109582790e+02
1.373123555190669265e+02
1.378067061445538855e+02
1.376322495585016839e+02
1.377917008338324649e+02
1.379473412855154777e+02
1.375289344761733332e+02
1.375270474193773680e+02
1.377305210817123111e+02
1.374297843471551630e+02
1.378978672190210091e+02
1.375525962292557267e+02
1.374782755989001259e+02
1.376244534170072313e+02
1.376272432961687571e+02
1.375148970100996166e+02
1.378911920928534300e+02
1.375736632491401679e+02
1.377763863916303535e+02
1.377969067638088916e+02
1.375867019457691072e+02
1.373219666138158175e+02
1.375172740006976255e+02
1.375890970654200487e+02
1.377098436268434227e+02
1.374926160667106103e+02
1.375326749359377914e+02
1.376327605022378862e+02
1.375993498943669522e+02
1.375970177155472527e+02
1.377208995566319061e+02
1.374713871601629478e+02
1.377957851562558460e+02
1.375990162872984399e+02
1.376649005780997186e+02
1.375342697820397007e+02
1.375875436610346298e+02
1.375893769010089045e+02
1.376429113887553797e+02
1.377890674867588530e+02
1.374191156602460637e+02
1.378467143835653985e+02
1.375970263005146421e+02
1.376751721062548484e+02
1.375878447139473622e+02
1.377249606723692352e+02
1.373584291426090829e+02
1.377204972236738172e+02
1.374588986971594409e+02
1.374396901901051535e+02
1.374869049245668577e+02
1.376014259415992456e+02
1.374702383938383718e+02
1.377672882136932913e+02
1.379350577701959537e+02
1.371551845100621279e+02
1.376261946144768160e+02
1.377423333187012986e+02
1.377310279547573089e+02
1.376057219191678200e+02
1.378109219389532711e+02
1.377041732739555471e+02
1.376619775732501125e+02
1.375769730931405377e+02
1.376913081469488134e+02
1.377056741970074540e+02
1.377554486544621000e+02
1.377203153869631933e+02
1.377719869262744226e+02
1.377477753300242682e+02
1.379324078503560145e+02
1.373662096774292536e+02
1.377342681055227445e+02
1.374682076451045418e+02
1.377429677630616141e+02
1.377452443857334572e+02
1.377205096155615252e+02
1.373212120897001682e+02
1.374266321948422558e+02
1.374816975969787336e+02
1.375238391521935171e+02
1.374298965570288544e+02
1.377325219344311620e+02
1.376197026845409823e+02
1.376601404253623286e+02
1.374504227757918216e+02
1.373675179155147532e+02
1.375401430088060977e+02
1.375239299174829455e+02
1.377385453535694921e+02
1.377801144853135895e+02
1.378110149685648196e+02
1.375761267417681495e+02
1.376967690585276500e+02
1.377741769789766408e+02
1.377649331749225610e+02
1.369869685537001942e+02
1.379500434904280439e+02
1.379776856717487021e+02
1.378237650990607506e+02
1.376689142916324897e+02
1.377621461325335588e+02
1.378219530359421299e+02
1.376155492152155091e+02
1.376685850107451756e+02
1.375220340058683348e+02
1.378432785183609610e+02
1.379640115033788845e+02
1.376565774450726849e+02
1.380710276851228855e+02
1.374437687374072539e+02
1.379084557802351867e+02
1.376266335744967080e+02
1.375628801398091241e+02
1.374918640456469632e+02
1.375957952594894778e+02
1.378725657426360556e+02
1.378448231847124532e+02
1.378470345671692030e+02
1.376716395748193804e+02
1.374807885962621583e+02
1.373255676308995703e+02
1.376054398996626276e+02
1.377165466242259697e+02
1.373105352008840896e+02
1.379660954586463504e+02
1.377667494851343122e+02
1.375179324946588224e+02
1.375554238279224535e+02
1.376155653165904198e+02
1.373970280153577335e+02
1.377442595510025001e+02
1.378247238604929237e+02
1.373683806337724320e+02
1.375479033796788997e+02
1.375357400286449092e+02
1.379044069172455522e+02
1.375906618792951690e+02
1.375902365466418473e+02
1.376111762920321553e+02
1.375585525074219504e+02
1.374954341037915810e+02
1.376331505993669850e+02
1.377576674746691765e+02
1.376936745754318849e+02
1.377976272323304840e+02
1.377236170542107345e+02
1.374150465864128989e+02
1.376045098710294496e+02
1.379423530052622766e+02
1.374967005876520147e+02
1.376220527959334277e+02
1.374575874783515701e+02
1.375841721402948110e+02
1.377378540830735005e+02
1.377800244514892256e+02
1.378219866619771494e+02
1.374748171981739517e+02
1.376243425893096344e+02
1.378710928023752160e+02
1.379505576084623613e+02
1.376459941933362359e+02
1.374230572159142980e+02
1.376528478017700365e+02
1.373601795346212384e+02
1.375774292324816486e+02
1.376285407921936041e+02
1.377307150192722816e+02
1.378256346195884703e+02
1.376738922786323087e+02
1.380708930730099269e+02
1.376219839617810123e+02
1.379248613165192126e+02
1.375797466096268238e+02
1.374960149866766415e+02
1.377437894156521452e+02
1.376068172167111072e+02
1.373151347934408761e+02
1.375937180446053958e+02
1.378122903926480092e+02
1.374248455032681875e+02
1.377820736942693145e+02
1.377634665342472431e+02
1.377972945971253580e+02
1.379022501887274075e+02
1.375573896430970819e+02
1.378364339264612397e+02
1.374708519689542641e+02
1.375801468028797956e+02
1.375370068038099589e+02
1.374571892474827735e+02
1.376206598100941960e+02
1.376151884968430750e+02
1.376914090205963248e+02
1.373688412172918731e+02
1.378268226000845971e+02
1.377280308303283505e+02
1.376135298751837865e+02
1.376494120124554001e+02
1.376842985691338015e+02
1.378139368576810000e+02
1.377775877893919017e+02
1.371725975124623176e+02
1.375855500289683846e+02
1.378170859318199177e+02
1.379181369499857510e+02
1.376955912280767791e+02
1.374158066217718499e+02
1.374388802616267071e+02
1.376776388105544697e+02
1.375783949937123793e+02
1.376131814222853507e+02
1.375487920542256290e+02
1.376671124422948935e+02
1.375488256509644316e+02
1.376223502683469917e+02
1.374772855894088650e+02
1.375163636089374108e+02
1.380090034720807068e+02
1.374241049416018825e+02
1.377739093384725209e+02
1.375949168539790719e+02
1.376304293490672706e+02
1.378740693955560062e+02
1.378289904931087904e+02
1.374442294845013066e+02
1.375713586392817547e+02
1.376740259421953567e+02
1.375446749989855846e+02
1.374848729828109413e+02
1.373139129142013530e+02
1.379391024552597855e+02
1.378292646995094515e+02
1.378829044563119623e+02
1.377248874615858938e+02
1.375675802631826059e+02
1.377189563818699014e+02
1.375384126381653402e+02
1.378401782778173867e+02
1.375737122314128840e+02
1.374904361081914885e+02
1.375392977473847225e+02
1.373874475734203031e+02
1.374746410726576187e+02
1.377869796876144051e+02
1.374977350231226012e+02
1.373871275220361099e+02
1.377234117525711667e+02
1.376746137816933242e+02
1.376589092209085834e+02
1.375279075742624570e+02
1.376904724943843519e+02
1.374472637009828873e+02
1.376124802983009943e+02
1.375880217979459132e+02
1.374829435775714614e+02
1.377650825230741702e+02
1.375535534178162038e+02
1.376872285917345380e+02
1.379010426423834303e+02
1.376001623586831215e+02
1.377689769486015052e+02
1.376271685430619414e+02
1.375123469928411453e+02
1.376935222226150870e+02
1.373868875864831125e+02
1.376558202266412536e+02
1.375991882936569937e+02
1.376256054357168637e+02
1.376821854595351624e+02
1.376228816335213310e+02
1.378430079959755403e+02
1.378372389142002703e+02
1.377240611591867321e+02
1.375575557641982414e+02
1.375406138571680401e+02
1.378752119515934282e+02
1.374100963115230059e+02
1.376462945297589329e+02
1.376740280419822113e+02
1.378827763570201910e+02
1.377599267703115515e+02
1.376868480534697028e+02
1.375531078941996270e+02
1.374906874175668747e+02
1.380006984180736254e+02
1.372450715915922501e+02
1.379328530734715628e+02
1.378606539866720482e+02
1.374873856370232943e+02
1.376131071253890070e+02
1.376973226967394908e+02
1.376420731127920760e+02
1.375105294146263191e+02
1.374350090912197970e+02
1.376630286665524068e+02
1.379075660220390205e+02
1.374744481481500884e+02
1.377825946364095557e+02
1.378010546492375283e+02
1.380413503655515228e+02
1.374369869660184236e+02
1.376011988839972275e+02
1.375299094784644183e+02
1.377958108688663401e+02
1.375007717195686325e+02
1.375893151423791778e+02
1.377573156250101363e+02
1.375399169894021441e+02
1.376371822298438872e+02
1.377649374971728378e+02
1.375956920458419859e+02
1.379830039389762248e+02
1.374768260789626311e+02
1.378723173423214803e+02
1.377115247036891219e+02
1.376748980704570613e+02
1.377070514604708364e+02
1.379465401755597895e+02
1.377030741977706896e+02
1.377183185186329695e+02
1.373871316381511747e+02
1.379164467080604766e+02
1.375113979594251532e+02
1.377758694445210494e+02
1.376978625807468575e+02
1.373675273909978500e+02
1.375464993305164114e+02
1.375484135599935200e+02
1.379685057425142816e+02
1.375749914008378312e+02
1.380159678941740253e+02
1.376059409538221985e+02
1.374145999800446418e+02
1.379431239615594791e+02
1.375755905672936308e+02
1.374666288494092896e+02
1.377032473596241005e+02
1.376520344823570952e+02
1.377072601706563262e+02
1.378589064879670048e+02
1.376633164831393970e+02
1.377376935066419321e+02
1.376579133323337203e+02
1.377458357341510862e+02
1.372126013809680103e+02
1.377517176860490054e+02
1.376289051010181765e+02
1.378374203056347369e+02
1.377430455012973596e+02
1.375651502725240221e+02
1.377334592845326995e+02
1.375117031908725380e+02
1.375399693307942357e+02
1.374740864333515731e+02
1.375232283238590867e+02
1.372007803672939019e+02
1.376113218366630235e+02
1.378036634102585083e+02
1.376434144871181502e+02
1.374718534675449462e+02
1.374989691749167093e+02
1.374239411404412863e+02
1.377725278561814548e+02
1.378449451206438710e+02
1.372383134185403435e+02
1.376023001573188083e+02
1.374130987673032394e+02
1.378809018490809137e+02
1.376250394909702663e+02
1.377402650492969940e+02
1.375980389050924089e+02
1.377929833610414505e+02
1.374295814277439263e+02
1.374866619022885743e+02
1.376015241768001260e+02
1.377155504239247250e+02
1.376673941936456345e+02
1.378432697911130731e+02
1.377118698594322268e+02
1.376487487671341512e+02
1.376242881468625399e+02
1.375553640633599173e+02
1.375291041625631578e+02
1.375698659176545959e+02
1.375314565412847116e+02
1.379204241793179904e+02
1.375166529140363707e+02
1.375004511334375650e+02
1.373503183235880840e+02
1.373541847532195561e+02
1.374828419725223227e+02
1.376356727343753619e+02
1.375735897904723402e+02
1.378144226823408758e+02
1.376913194745678197e+02
1.374160503005829526e+02
1.376651351372766783e+02
1.374680967500177076e+02
1.376358401666353757e+02
1.375326174850879113e+02
1.378934582556155135e+02
1.377531365773812695e+02
1.377146375882208815e+02
1.377808621476262374e+02
1.374284002760521162e+02
1.378072453029384690e+02
1.378537326778472050e+02
1.372512667432222315e+02
1.375136055659119165e+02
1.374758801906189092e+02
1.374213214952970645e+02
1.375119745546620322e+02
1.373463937964024240e+02
1.378835710057741721e+02
1.376150660925762850e+02
1.378874179039271155e+02
1.376875772668360582e+02
1.374349567030335493e+02
1.376758526168438550e+02
1.372596144179742339e+02
1.373352365971476559e+02
1.377980035130727003e+02
1.375695440400333212e+02
1.375079727931289710e+02
1.371615761120491754e+02
1.377241328323451341e+02
1.377607568896492864e+02
1.378629764387429475e+02
1.378478222851032911e+02
1.374183949792614214e+02
1.376627678738036309e+02
1.375200877284079866e+02
1.374690227171421668e+02
1.378263519742016570e+02
1.380540207828042583e+02
1.376118149424561352e+02
1.376782257456754053e+02
1.373576734703641762e+02
1.376811650064852017e+02
1.374833876279153912e+02
1.380056386031815521e+02
1.373508463076788360e+02
1.380905813259513195e+02
1.374299845586565993e+02
1.374074544972427248e+02
1.374631913249265835e+02
1.376991347406904254e+02
1.375183513243676146e+02
1.373831652266461276e+02
1.373962396476898959e+02
1.376578664373080017e+02
1.374170353016879460e+02
1.378012837235801840e+02
1.375281552232058857e+02
1.379068760716117765e+02
1.374343366226498233e+02
1.375505303007664963e+02
1.376905278929850169e+02
1.373738750950448662e+02
1.376645083262315552e+02
1.373250945671732097e+02
1.377127975461650067e+02
1.374176462635295195e+02
1.378873584539580577e+02
1.376281850881867967e+02
1.374759702124661089e+02
1.376245294984814507e+02
1.376060267022286325e+02
1.378054522522344030e+02
1.374582614990837612e+02
1.378536109280548487e+02
1.376138926433548590e+02
1.379314165634508242e+02
1.379733649357961269e+02
1.375729923411809352e+02
1.374824325050321647e+02
1.376146979503979253e+02
1.376509070977560043e+02
1.377352386873130570e+02
1.377403689225249366e+02
1.376737599275602975e+02
1.375602855526325357e+02
1.377594573282171666e+02
1.378005762802997083e+02
1.376933777886120822e+02
1.374712490604447339e+02
1.377619111965791774e+02
1.377262304087806513e+02
1.378132070707861772e+02
1.375963484932625818e+02
1.378408904387046903e+02
1.376751050175226680e+02
1.379185201129719189e+02
1.378604866504410609e+02
1.373671378847151630e+02
1.374668531269040841e+02
1.375822121362186010e+02
1.375077226529811014e+02
1.376904412748325512e+02
1.375540742448281719e+02
1.376468170056100462e+02
1.377805383641579908e+02
1.373563670171827198e+02
1.380273424951218715e+02
1.378776296778979429e+02
1.378064412330743096e+02
1.376703083552166902e+02
1.377747438740401549e+02
1.375116479115657455e+02
1.376016961419537665e+02
1.375872902622827212e+02
1.377622641158491206e+02
1.375145203340870239e+02
1.375151825603548730e+02
1.376517047639814564e+02
1.377747688866389240e+02
1.374334426432544092e+02
1.376745612817545918e+02
1.374861149098609019e+02
1.378550580218515336e+02
1.371831163715345951e+02
1.377984629784756407e+02
1.381192432532528471e+02
1.377023901023471808e+02
1.376900799882178035e+02
1.376330896389836482e+02
1.375328990239364089e+02
1.376951264257995717e+02
1.376247547513390828e+02
1.377641394739912357e+02
1.378280640760624749e+02
1.377291905900248707e+02
1.374141289889828954e+02
1.378930110866212715e+02
1.378234770567067073e+02
1.375969733199297593e+02
1.373544347532451297e+02
1.376017949776137641e+02
1.374752645595257547e+02
1.376819231919318156e+02
1.378834069646770217e+02
1.378518568071426103e+02
1.375494980768435767e+02
1.377693722782321686e+02
1.374824836372752088e+02
1.379707520857668328e+02
1.375249762180894777e+02
1.375345364920854081e+02
1.375603178877548487e+02
1.377987512923251927e+02
1.373235958571921458e+02
1.375765752696426887e+02
1.373840256976625085e+02
1.375483480519953332e+02
1.375541593488882768e+02
1.377121741872722964e+02
1.377340332214055536e+02
1.375703190602340271e+02
1.376633111378501724e+02
1.377230075343708791e+02
1.376576034141673119e+02
1.376822463845718119e+02
1.377924185538784911e+02
1.374972774878738448e+02
1.377405967846018484e+02
1.379150484475146072e+02
1.376310778730018001e+02
1.375816081605145769e+02
1.378152994304958554e+02
1.376653240139427510e+02
1.375065717686707103e+02
1.377317840158159754e+02
1.373833957998114386e+02
1.374686191647315638e+02
1.373560698322950202e+02
1.376437561570718344e+02
1.375244957254228950e+02
1.376916582266837281e+02
1.377355072599264076e+02
1.376553926362837501e+02
1.376641396820663203e+02
1.380611715283484955e+02
1.375743611056639395e+02
1.378331110420749042e+02
1.375737159185044618e+02
1.377432763855289295e+02
1.377723382784897694e+02
1.375824111175236339e+02
1.377439263753335865e+02
1.376489026273216041e+02
1.377173053865456609e+02
1.377797735270380315e+02
1.376332834918637786e+02
1.376208836612267135e+02
1.376692922768479264e+02
1.374427638536429299e+02
1.373509131213999694e+02
1.377311507437286480e+02
1.376004036371971608e+02
1.372941130602726503e+02
1.376094583098261239e+02
1.373359527207374526e+02
1.375425274802157674e+02
1.374999099980061601e+02
1.376205259326281691e+02
1.375549973238049404e+02
1.377340119495455610e+02
1.378890960658673919e+02
1.374939685448812838e+02
1.377987718556972538e+02
1.374928549831213047e+02
1.375613690892421914e+02
1.377506668878180278e+02
1.374778189828107884e+02
1.374445530398648714e+02
1.375053840341789453e+02
1.375751975067389878e+02
1.378066670699757310e+02
1.374423266920152287e+02
1.375813747955769486e+02
1.379948157834272138e+02
1.378447374863119990e+02
1.375941499900819736e+02
1.377925342307705705e+02
1.374689017903242529e+02
1.376946607182933064e+02
1.377301563067761663e+02
1.376217332707041408e+02
1.373324607511091529e+02
1.373336580708964902e+02
1.373980141325467059e+02
1.376834602747188683e+02
1.375480293380733485e+02
1.373258982587847186e+02
1.373504167752641933e+02
1.376536147161235704e+02
1.375488785903051223e+02
1.377130475004358914e+02
1.377606290531227842e+02
1.379071449775633766e+02
1.378742976393405399e+02
1.375118087558919910e+02
1.379065662647327883e+02
1.377477199708626756e+02
1.377235416789075089e+02
1.377547816604794946e+02
1.375944512414713472e+02
1.378085474118254581e+02
1.376783571005598219e+02
1.375661384046063915e+02
1.375836599130533386e+02
1.376986215988755760e+02
1.376591913741453084e+02
1.376969256409498144e+02
1.375704552974164301e+02
1.375620245225754275e+02
1.376926590650854791e+02
1.376754179307350796e+02
1.375193718365018469e+02
1.373114007989257175e+02
1.376493053946362863e+02
1.375498449587236394e+02
1.375137302961574903e+02
1.375785073832271621e+02
1.375400541915716417e+02
1.379082487132735650e+02
1.375541592623461327e+02
1.378217411960353616e+02
1.375425446007197934e+02
1.377412868273679862e+02
1.376225312766302693e+02
1.379874604863614422e+02
1.374816248062388695e+02
1.375439301339780513e+02
1.372156710151838581e+02
1.375695898717176533e+02
1.374842210185361751e+02
1.376506964708931946e+02
1.376060382341454726e+02
1.376416266064302363e+02
1.374171649652053304e+02
1.373355584480145524e+02
1.375138256720955781e+02
1.374894188801266637e+02
1.377668756414682036e+02
1.375527224411006273e+02
1.375912714429275638e+02
1.376489783230932176e+02
1.379934856523528595e+02
1.377175462514306616e+02
1.375859224933314238e+02
1.374687912523772582e+02
1.374331843956383068e+02
1.375305948211145335e+02
1.375587909362660071e+02
1.379222619663522380e+02
1.377092889107441920e+02
1.378184175358161383e+02
1.379443456220163569e+02
1.378376272788208894e+02
1.378212363705895598e+02
1.380774459351123369e+02
1.376518750884271469e+02
1.378166971612818088e+02
1.374987242892335644e+02
1.374852426595398072e+02
