1.331476160503909796e+02
1.376560141168676807e+02
1.337781634555742301e+02
1.337972970119909064e+02
1.344672281898935182e+02
1.340758607590885276e+02
1.338309549026841125e+02
1.342651834388269378e+02
1.344950608622589243e+02
1.313967766763634017e+02
1.332566311793195553e+02
1.345372352170277566e+02
1.366010344167146968e+02
1.333928493747480388e+02
1.342061191480781304e+02
1.340475297512564055e+02
1.320355259768932399e+02
1.366609344971321036e+02
1.318558298624601832e+02
1.319825317872060850e+02
1.323634406146478000e+02
1.317741276632337417e+02
1.344760300593179636e+02
1.365403326572572951e+02
1.335344018236083912e+02
1.316535443001421868e+02
1.294886451357202759e+02
1.373795609745948241e+02
1.358676189622945003e+02
1.361723640575098102e+02
1.332245030764402429e+02
1.355456677875358196e+02
1.385627410294974311e+02
1.398204381665902645e+02
1.370767846141570203e+02
1.357961074857448693e+02
1.359368873048713908e+02
1.319621399767152354e+02
1.314722933091432253e+02
1.323182165213837322e+02
1.352810290969555354e+02
1.279812134578047136e+02
1.335083161685942628e+02
1.348398497337917661e+02
1.348240827024091857e+02
1.329275389405047463e+02
1.366795990360025144e+02
1.333749849696286844e+02
1.338682588624734819e+02
1.322960435563531973e+02
1.313826694646268720e+02
1.345188658371551185e+02
1.362966948454501050e+02
1.358368825165768499e+02
1.335137840726377476e+02
1.344771018360791857e+02
1.321023693826334409e+02
1.315947107126304161e+02
1.339900146905431200e+02
1.349389792834407729e+02
1.313943603757025187e+02
1.322038490152003760e+02
1.367625277086895323e+02
1.300525951450005948e+02
1.320024353806806801e+02
1.292680226253237095e+02
1.350513893861274255e+02
1.337652563606518754e+02
1.358163522883066889e+02
1.360860536402298919e+02
1.348271717100702176e+02
1.320611361536592199e+02
1.347622255531324242e+02
1.335299931471996899e+02
1.325088759877919813e+02
1.308953681653561603e+02
1.291806206025678705e+02
1.351358520164203014e+02
1.352768734421175907e+02
1.364205877956576956e+02
1.337210510092815525e+02
1.355762329888874547e+02
1.319021009775663913e+02
1.367604184454370966e+02
1.377335003562709801e+02
1.371851672906390149e+02
1.353410543763516216e+02
1.343430495372886071e+02
1.352454303020683994e+02
1.352362642676754945e+02
1.359052257758064002e+02
1.345305367232681135e+02
1.358487550723745301e+02
1.315410555255560894e+02
1.377519887281154070e+02
1.352617579162366042e+02
1.365007325197376247e+02
1.295600168689859970e+02
1.360523097065543823e+02
1.355036641889182647e+02
1.373409397781053656e+02
1.373415891516581837e+02
1.398281734898353932e+02
1.341196670013308392e+02
1.350950744934053773e+02
1.345917211458963152e+02
1.361980102408071502e+02
1.362907435746332112e+02
1.351218062771761481e+02
1.339195036870910656e+02
1.368167129618263402e+02
1.304588490481145584e+02
1.331853295257167815e+02
1.332835739243123783e+02
1.342666346084678537e+02
1.318717792085967915e+02
1.341099597438140165e+02
1.354354923985544303e+02
1.346430370705066650e+02
1.347409499743980064e+02
1.317209902005668880e+02
1.337183271003671621e+02
1.336993935140895360e+02
1.366283648668811850e+02
1.389159788708109033e+02
1.341097473897591215e+02
1.319825643780107498e+02
1.318709731422787286e+02
1.325175752368546682e+02
1.327252963104429853e+02
1.339944444558082637e+02
1.363032744767962754e+02
1.343136061976836118e+02
1.345394720086797520e+02
1.311030019683020100e+02
1.318505754376392645e+02
1.360238154179891978e+02
1.352074517381821863e+02
1.345391335004211726e+02
1.371241617807608577e+02
1.350757446404118411e+02
1.311481397519867471e+02
1.356461415869162010e+02
1.313038624976313997e+02
1.328994928867304566e+02
1.336933189925409238e+02
1.292982390725347841e+02
1.362625772575781582e+02
1.356079326755849195e+02
1.341252763850797862e+02
1.356678312781251066e+02
1.308640145691198313e+02
1.349660789363442746e+02
1.344976009077821573e+02
1.339204350350335631e+02
1.347537907622129580e+02
1.323364320432071963e+02
1.357958794730274121e+02
1.340889812730030144e+02
1.355718389565586790e+02
1.317943564883447323e+02
1.342521259752832634e+02
1.366423111669860475e+02
1.342388616429151966e+02
1.338230579565570508e+02
1.291111666090530434e+02
1.336419328837067155e+02
1.379671119208091454e+02
1.343427690999695869e+02
1.324940737443212129e+02
1.334849279406342930e+02
1.338790129381489180e+02
1.379366100974395124e+02
1.335084512384246977e+02
1.340419492286422951e+02
1.345739806245647685e+02
1.344551231757526750e+02
1.338187221058185514e+02
1.358288040407285564e+02
1.336259873210568117e+02
1.331423735240419148e+02
1.352590047848126460e+02
1.369713076740144118e+02
1.362390190708862008e+02
1.353219416592528717e+02
1.309016918836505567e+02
1.375530216202238307e+02
1.343358678420714512e+02
1.345452653119313879e+02
1.304489515474100756e+02
1.386649443166509172e+02
1.334584309120276657e+02
1.358928670830456156e+02
1.358152392193421747e+02
1.357995306853358386e+02
1.350838630103629612e+02
1.337076711095434405e+02
1.341823001885810811e+02
1.301430100687226172e+02
1.347713961682555919e+02
1.311490263753654801e+02
1.328346607172888696e+02
1.352584847426468002e+02
1.356695560636072173e+02
1.362436257044455203e+02
1.362970101892796322e+02
1.377222629205264468e+02
1.349959032087488424e+02
1.325615730419113731e+02
1.349952246483647116e+02
1.343025162035590370e+02
1.328948372433560223e+02
1.316809846135464852e+02
1.389574000502525450e+02
1.322759974872992359e+02
1.370791664655878321e+02
1.359064886573115700e+02
1.334111847823655239e+02
1.347958805368247397e+02
1.322635980043974087e+02
1.324349410611881979e+02
1.350077256836760569e+02
1.330701621401447881e+02
1.338561366313969643e+02
1.358582240415057072e+02
1.315494627284121805e+02
1.355710585339024874e+02
1.355112898534483463e+02
1.352223564964730542e+02
1.377661361827240682e+02
1.342257679205103784e+02
1.384279159665884436e+02
1.353587664988969550e+02
1.338377163855846561e+02
1.337834735721815775e+02
1.322863897071977135e+02
1.367875601611448815e+02
1.368228695472985237e+02
1.322411384311124323e+02
1.342241330472614038e+02
1.341463059528963129e+02
1.316494678389400974e+02
1.310371626333443942e+02
1.327952538117682479e+02
1.308575675563298830e+02
1.311907096020288463e+02
1.374466111857265673e+02
1.381255381783643372e+02
1.321882675249440524e+02
1.358476189433610557e+02
1.302247468985275134e+02
1.355571122996387317e+02
1.327105009265558806e+02
1.350328805302305284e+02
1.340330344427793818e+02
1.348156436146747410e+02
1.353944379742498256e+02
1.346977767031476390e+02
1.332323103606996426e+02
1.359909512298578420e+02
1.321772986270688079e+02
1.350567173689562424e+02
1.296798092830600524e+02
1.319932225701996060e+02
1.322118765877098383e+02
1.348359761563154677e+02
1.306169557021445655e+02
1.335889603334586866e+02
1.350171211937880003e+02
1.334955949171646523e+02
1.329048052652275942e+02
1.362698838552279312e+02
1.311135093993155465e+02
1.337367242521877415e+02
1.359099980942271202e+02
1.319716782064888037e+02
1.303172231214425665e+02
1.339695409847749090e+02
1.324585331571314555e+02
1.348622887634838605e+02
1.360706513970733056e+02
1.329779360633923488e+02
1.326498495967091458e+02
1.308660716161566029e+02
1.355290764419839888e+02
1.379889061584538581e+02
1.350189201926883982e+02
1.355319665861622696e+02
1.331912581564210996e+02
1.366563229778031712e+02
1.333954744733111113e+02
1.326486665400088327e+02
1.282103639657875078e+02
1.338025952371376377e+02
1.333577910053556650e+02
1.313799593319498058e+02
1.303822204402513592e+02
1.364725975347292319e+02
1.330688532556512769e+02
1.327456080384052370e+02
1.362687590052331927e+02
1.358424071732856362e+02
1.317641463308554250e+02
1.341148798689761463e+02
1.338216051061187102e+02
1.382935259709339846e+02
1.328330639962323119e+02
1.332621214937302625e+02
1.357579100948443624e+02
1.328996017066237982e+02
1.366664090736825301e+02
1.319830561396944972e+02
1.333378116162934077e+02
1.335499941518244498e+02
1.337783444474454200e+02
1.368237206302951847e+02
1.338098816994815934e+02
1.299793332859282202e+02
1.326644574517525257e+02
1.307185484982666139e+02
1.387568960724949250e+02
1.356192760545349927e+02
1.346267582072604512e+02
1.354825227415695963e+02
1.341731298952501277e+02
1.350712798109066455e+02
1.334148587008735092e+02
1.345540346230396551e+02
1.329150291445100152e+02
1.343156243418571876e+02
1.363035805920100074e+02
1.346273790370824486e+02
1.358184405135723978e+02
1.307392240738308828e+02
1.307225005286873909e+02
1.383995191536412790e+02
1.293409580626461661e+02
1.348083942515824560e+02
1.357026919101609508e+02
1.382785968492178199e+02
1.345405020493908239e+02
1.323128494648929063e+02
1.341540101765063184e+02
1.338193345926243865e+02
1.314088079872817048e+02
1.334651608544889712e+02
1.308541549237587276e+02
1.305167841053932420e+02
1.366080903846670935e+02
1.347266049793628611e+02
1.344012978059128045e+02
1.322240579033123709e+02
1.339137173109531318e+02
1.370145167010907699e+02
1.361052131371294251e+02
1.361396867758492704e+02
1.346712879967014089e+02
1.312337239095073755e+02
1.339148172891914044e+02
1.341226856824966944e+02
1.322187772497740070e+02
1.299232590072075766e+02
1.337741406931828294e+02
1.323643071972925895e+02
1.337892365489895212e+02
1.363414868451922075e+02
1.340163776975570045e+02
1.327516321142514073e+02
1.348112695437988009e+02
1.351217118259636436e+02
1.353673339951824914e+02
1.345313176371288932e+02
1.345049916723845911e+02
1.337497438566940104e+02
1.344449074824775892e+02
1.383936312164414630e+02
1.371258353032604873e+02
1.342651026468114992e+02
1.305125334442186329e+02
1.339658189939146666e+02
1.372726268701789252e+02
1.363397722685825784e+02
1.313042897389696293e+02
1.329551140181565927e+02
1.380419415612696241e+02
1.363841801792036392e+02
1.340835574403570263e+02
1.370904672608627379e+02
1.335833539890623740e+02
1.373844749097922602e+02
1.300251694238360756e+02
1.338820240740490988e+02
1.354315105918939253e+02
1.330823326540817106e+02
1.319883847127644287e+02
1.353063180696942709e+02
1.367682434857987346e+02
1.403072621153464183e+02
1.356356115112623399e+02
1.370206031836944192e+02
1.339366164914583521e+02
1.357518652500662597e+02
1.376351991484779944e+02
1.359228201593612937e+02
1.305210021347317024e+02
1.373758163437106816e+02
1.365136844345715019e+02
1.332349193527707030e+02
1.334969990269702294e+02
1.328069701053780420e+02
1.332864671616818839e+02
1.335721057367323112e+02
1.333041512460242473e+02
1.342415516073012043e+02
1.321639401042407371e+02
1.302200202678311314e+02
1.345990837890814475e+02
1.331892005495742808e+02
1.367986621355515808e+02
1.329229310994051332e+02
1.357074839126391339e+02
1.358158552848753970e+02
1.343490001710899833e+02
1.334103982878391434e+02
1.354483384538546602e+02
1.347052149553644540e+02
1.351589778935282595e+02
1.354299978677878755e+02
1.375217564827163415e+02
1.336611322531436770e+02
1.363497677516323847e+02
1.354863117479805510e+02
1.389222239722413690e+02
1.330765157130730358e+02
1.357989012449889970e+02
1.332985480975435451e+02
1.331309218612447296e+02
1.348066761323367757e+02
1.342443039531895579e+02
1.338103534557916419e+02
1.345967936016942303e+02
1.343617782189488707e+02
1.334576769129083686e+02
1.326886968076576352e+02
1.339370839367369399e+02
1.344938019200940573e+02
1.335644970489412344e+02
1.336536762327057204e+02
1.330841945450687263e+02
1.359501246284448825e+02
1.335761092398188623e+02
1.338639381624311966e+02
1.302156590464523163e+02
1.368061881235176145e+02
1.326334171833064204e+02
1.356406144491625412e+02
1.337134028878389529e+02
1.313066249688255311e+02
1.309541167536019941e+02
1.395873258061872946e+02
1.321379131156253663e+02
1.380735368426722118e+02
1.343701481350119593e+02
1.358680821938045824e+02
1.375656608011702815e+02
1.351001413202162951e+02
1.331532069929354520e+02
1.319662919686453506e+02
1.319256726404541951e+02
1.345202009356555095e+02
1.347494794602830552e+02
1.325248464994602102e+02
1.330463361886091036e+02
1.350216200052740021e+02
1.350690925448770656e+02
1.296924368641133185e+02
1.346490163625961145e+02
1.311210902267479241e+02
1.337784583362156354e+02
1.332275380415754569e+02
1.324592636771970717e+02
1.349462990163502525e+02
1.326569721760692175e+02
1.337023091110312976e+02
1.398996242785043194e+02
1.348247935642411051e+02
1.361983361691013670e+02
1.347854635332498674e+02
1.351584675492964038e+02
1.385385001259370767e+02
1.330977092413872924e+02
1.344357529776712568e+02
1.341741110667823307e+02
1.327623439894661033e+02
1.327144139243379755e+02
1.372306064101078960e+02
1.343170545568828516e+02
1.340440441934486273e+02
1.361718321465390602e+02
1.355957570554336371e+02
1.303507489937612718e+02
1.323612835429258041e+02
1.345739818196479121e+02
1.342173898394614753e+02
1.366621851724250121e+02
1.349252632450327667e+02
1.354634492787570252e+02
1.366850241175708334e+02
1.348684326808964329e+02
1.360568179011480652e+02
1.363345804091449907e+02
1.324394837469459958e+02
1.313394697064129275e+02
1.332871066439456342e+02
1.367976086832770477e+02
1.333891725046614738e+02
1.349392886662511160e+02
1.303823927892803454e+02
1.339848668692425235e+02
1.328819660815354951e+02
1.360042414221015292e+02
1.368173957740668243e+02
1.342804288749343300e+02
1.320050466257934829e+02
1.356104259025957788e+02
1.311940393558595872e+02
1.334997446707408528e+02
1.317549819046810740e+02
1.339102300150259452e+02
1.372445758592668312e+02
1.366450957453868114e+02
1.313238056659042741e+02
1.350032165180392099e+02
1.332794780724088355e+02
1.352516142770070360e+02
1.344732108365040233e+02
1.341765043776773609e+02
1.321998374256545503e+02
1.341883741237081153e+02
1.335951855570007183e+02
1.347901819454695271e+02
1.355101307327111329e+02
1.347072340887914947e+02
1.349737503663513394e+02
1.322370712517138998e+02
1.365134329273521701e+02
1.334258792428611002e+02
1.342071969923132713e+02
1.342929786028616093e+02
1.331131450242369851e+02
1.341828806928621987e+02
1.351152122594888851e+02
1.321601906655324115e+02
1.333122087392929984e+02
1.343670923972429705e+02
1.336484780206735081e+02
1.347444113278026521e+02
1.358345963026704908e+02
1.353396388297986448e+02
1.368413038091088083e+02
1.329718297553405364e+02
1.374216386586025465e+02
1.342706880913905252e+02
1.324619216105915314e+02
1.351763269881425629e+02
1.347234672788797241e+02
1.319357467815521261e+02
1.397265441320226387e+02
1.330008861796540600e+02
1.343579581150835338e+02
1.352755021704930130e+02
1.342716382421455137e+02
1.336451564402292433e+02
1.354325790350915213e+02
1.313388867186855862e+02
1.334396371291038292e+02
1.386297879953250742e+02
1.358125222579249396e+02
1.356478468735500655e+02
1.362964579024701663e+02
1.349780208242918604e+02
1.389354327726044573e+02
1.376277714770189391e+02
1.358650741129717971e+02
1.299913893165494869e+02
1.340777073284133678e+02
1.319567663465578846e+02
1.340997689564812276e+02
1.339833826250575726e+02
1.299093896383712661e+02
1.310292463401650025e+02
1.337309789093675079e+02
1.388462988178138460e+02
1.367474036187001332e+02
1.341565829039961386e+02
1.352161680717295269e+02
1.348074170243416461e+02
1.363231387464663840e+02
1.352884633577060356e+02
1.376065871526312492e+02
1.317470551958130329e+02
1.313665966370867011e+02
1.318320123143423643e+02
1.346744003214996894e+02
1.360704666568043706e+02
1.344201985105374604e+02
1.332885939243529947e+02
1.298112592195522268e+02
1.333285401116264666e+02
1.338783388705562345e+02
1.351366110323648115e+02
1.322266098250712503e+02
1.350179380388730124e+02
1.367904228802698867e+02
1.351948007795610067e+02
1.319452163064701722e+02
1.332149949529249682e+02
1.321801983772169820e+02
1.364168460445103790e+02
1.297245486706869428e+02
1.355812030293950556e+02
1.336520727780892628e+02
1.314602419706289425e+02
1.311499708335047387e+02
1.330263787658745400e+02
1.354506465027756974e+02
1.341162734191621553e+02
1.325918873178226249e+02
1.380362486688565298e+02
1.330164887312402868e+02
1.340911591262894831e+02
1.358714731287303437e+02
1.341201723951260192e+02
1.351186415899016140e+02
1.337504801300656538e+02
1.341062665944012338e+02
1.372952005136566527e+02
1.354252618081837625e+02
1.338598751933537017e+02
1.351300860467372047e+02
1.374483661326873687e+02
1.305048465050982429e+02
1.324345589008690069e+02
1.343293370993414158e+02
1.361210239451186794e+02
1.355017346361287593e+02
1.375156782221700666e+02
1.304377703390714203e+02
1.355227212659535780e+02
1.336003763858205673e+02
1.331011721506633592e+02
1.346023539150513102e+02
1.358407138628198823e+02
1.359377648051983556e+02
1.319018452546831952e+02
1.362052231944385028e+02
1.349806857496885470e+02
1.343773745572519545e+02
1.372363325094149502e+02
1.317545629000567260e+02
1.321671440124760863e+02
1.352241163729060816e+02
1.357775913518936193e+02
1.335066330472959919e+02
1.331906375553649013e+02
1.358978329395083335e+02
1.331385759300018776e+02
1.328772711477235191e+02
1.361744476659404484e+02
1.373295009964095073e+02
1.345797295495820549e+02
1.367378963839027222e+02
1.357106813620652304e+02
1.322362158605903346e+02
1.395737282530242283e+02
1.358260496552910865e+02
1.339117584641067822e+02
1.366514541933321993e+02
1.330141188454868200e+02
1.331433452902445822e+02
1.340536299445008410e+02
1.336317044157205203e+02
1.387146055279595487e+02
1.342187735782139839e+02
1.369267978886886397e+02
1.339447484357539224e+02
1.322454922787510441e+02
1.356229379867707223e+02
1.332263483017972874e+02
1.363234543036850255e+02
1.324267316232283065e+02
1.344620925170844430e+02
1.361017881578057995e+02
1.353950687110687454e+02
1.344164386744060096e+02
1.385472101626485539e+02
1.337475314942039688e+02
1.352994550187549123e+02
1.337889515099807909e+02
1.340711657233023004e+02
1.305964037389402961e+02
1.352213714329631955e+02
1.310371864315787604e+02
1.335955701332790113e+02
1.322667249132086624e+02
1.324338535956664487e+02
1.319091432360783926e+02
1.366738714490061000e+02
1.339365792607225387e+02
1.379754080846358022e+02
1.354662731113388645e+02
1.344691396081924495e+02
1.382778871026448257e+02
1.356366105098607306e+02
1.362812093416405048e+02
1.335446523263449592e+02
1.343802343108064008e+02
1.326272292471475396e+02
1.310948099806791447e+02
1.361516775737706553e+02
1.334166475003555661e+02
1.341570642403386273e+02
1.339186678450325303e+02
1.374277733497396525e+02
1.345786902296340202e+02
1.346857999251329261e+02
1.298677457362373104e+02
1.343591588967281609e+02
1.347513170459499463e+02
1.347711312703747240e+02
1.337147264632381223e+02
1.316793879440924115e+02
1.332360686071818066e+02
1.327340079397796444e+02
1.357257407461349601e+02
1.342468824300261190e+02
1.326136407809465538e+02
1.339453538075071606e+02
1.329102888457251197e+02
1.379619111772551605e+02
1.365509660783931736e+02
1.374759744225619897e+02
1.328480448084695809e+02
1.339328358722319479e+02
1.400718248541633955e+02
1.357319178289797605e+02
1.363358562561068084e+02
1.326890895209460837e+02
1.353537243596502719e+02
1.355195640882851364e+02
1.357776988183867104e+02
1.349290927849445723e+02
1.325500208572412930e+02
1.336974305371284402e+02
1.303159706503433597e+02
1.376540506886936726e+02
1.334709717548147125e+02
1.343256699329828052e+02
1.352981460297071123e+02
1.337073939950169006e+02
1.359164626304419130e+02
1.365268235618231074e+02
1.345916263965538917e+02
1.303717603949722559e+02
1.318438753912444383e+02
1.318209752010477303e+02
1.367485797593665779e+02
1.362932890912588277e+02
1.339568516559733382e+02
1.325306863161547994e+02
1.332943066368409006e+02
1.328872760733575547e+02
1.285004600326550417e+02
1.339243752248499675e+02
1.368323988619727061e+02
1.370247000422362476e+02
1.286445489794726882e+02
1.318953750526764850e+02
1.356904692142100259e+02
1.318705829996536352e+02
1.387338984489254585e+02
1.352687801016843991e+02
1.340685200903777456e+02
1.348181997652948212e+02
1.357783854824172352e+02
1.336038922203739503e+02
1.372216615054038868e+02
1.375663075624305520e+02
1.341017521821127332e+02
1.341311693488514720e+02
1.325460232552865136e+02
1.350090401502838233e+02
1.359178612069326562e+02
1.342406119044651689e+02
1.337867960609150657e+02
1.364846775127078899e+02
1.320841747300714815e+02
1.362823006586918098e+02
1.302815574521594044e+02
1.319990846686843327e+02
1.324772265027977483e+02
1.367737656348636506e+02
1.352602955222228616e+02
1.328071881741626044e+02
1.350354802355626020e+02
1.358696434443355088e+02
1.324222982461805884e+02
1.331215742205517358e+02
1.339500851131894592e+02
1.377540317784668673e+02
1.368184890347903888e+02
1.343781146063750498e+02
1.360604377943971599e+02
1.344755007496547705e+02
1.331477482715106362e+02
1.343928962060139440e+02
1.335461854935008148e+02
1.362215775597328218e+02
1.354910849581837340e+02
1.337892200382159444e+02
1.313871073664371352e+02
1.317185725261810774e+02
1.361482604485912304e+02
1.337943247830612847e+02
1.324952900214222211e+02
1.351154865075840803e+02
1.335142545272770462e+02
1.376812039161455914e+02
1.363231411666294832e+02
1.347431832856582616e+02
1.370183886158176279e+02
1.330018463774399891e+02
1.295551809856603143e+02
1.379578331620066365e+02
1.356979724465578840e+02
1.339701875801313804e+02
1.350168981979876435e+02
1.367831892466656711e+02
1.362309973773438969e+02
1.333359143916564449e+02
1.351436293206164976e+02
1.337992019866742908e+02
1.360985955642109388e+02
1.330122196261697241e+02
1.323591556222706060e+02
1.357459678857101721e+02
1.331653594012882991e+02
1.332776281865405963e+02
1.359589269462488232e+02
1.343827754301443917e+02
1.361010690113269561e+02
1.365379239938444869e+02
1.335427079791927838e+02
1.317242775967618513e+02
1.353829305037914708e+02
1.356297385279724210e+02
1.331038038100247434e+02
1.346083299202415446e+02
1.329433782755600646e+02
1.339341813563754329e+02
1.351165654768594493e+02
1.314963437855361974e+02
1.328296254755485393e+02
1.328711843509566677e+02
1.329490247862443368e+02
1.352969697313131689e+02
1.335697998391340491e+02
1.296539717142876498e+02
1.299261788977111109e+02
1.334971351739941383e+02
1.357698578721801255e+02
1.354732509543301262e+02
1.340465163514506344e+02
1.359321095716130969e+02
1.352774025775904079e+02
1.340315776797069702e+02
1.323782153916879452e+02
1.339532428671836044e+02
1.331036158274364709e+02
1.368887820959925818e+02
1.323035207323218856e+02
1.316139132351190142e+02
1.330870719777587965e+02
1.310646393439623409e+02
1.324458554397694172e+02
1.336451134229851050e+02
1.332243849609771473e+02
1.317763022151692383e+02
1.355590184908231492e+02
1.335606771966099018e+02
1.351373462343866834e+02
1.331035178821984459e+02
1.336737738638128405e+02
1.339890297588468968e+02
1.352932242770617677e+02
1.316503497967590590e+02
1.314908701436404215e+02
1.375740118666886076e+02
1.341074442583888811e+02
1.355268863747604939e+02
1.336719107408009393e+02
1.337122903502328484e+02
1.301508176410742976e+02
1.329766952420181099e+02
1.330114639624312076e+02
1.338991241317201855e+02
1.333547394450705212e+02
1.305928105423447221e+02
1.331671389975315947e+02
1.323512980241190746e+02
1.386606982211477543e+02
1.349068354977613637e+02
1.301059182248609716e+02
1.343270531755188699e+02
1.311393743719332292e+02
1.371029464161005365e+02
1.337629052328122441e+02
1.366123069622430251e+02
1.360291373861452087e+02
1.320537598751808446e+02
1.306046836276247518e+02
1.317849336233376789e+02
1.351919814004859859e+02
1.352665791329310991e+02
1.372629966682305849e+02
1.332054966708668076e+02
1.309799299328286963e+02
1.318336198257535443e+02
1.323906284299574168e+02
1.359187847593163667e+02
1.340267371672755132e+02
1.317798872234150735e+02
1.326583240994334005e+02
1.336423950210229350e+02
1.340528698547158513e+02
1.354285231136541086e+02
1.344106771023378144e+02
1.373017940410593667e+02
1.335037656029010122e+02
1.295035900385334173e+02
1.314762339367907771e+02
1.368385119192981563e+02
1.314517295862440562e+02
1.320874813630468907e+02
1.380279466755012550e+02
1.308036176183132397e+02
1.343977900972646182e+02
1.342085724577492272e+02
1.340459190068773694e+02
1.316652676031260398e+02
1.303586808100388339e+02
1.332507744181529006e+02
1.342404261672342329e+02
1.306910180964514439e+02
1.322070344889623641e+02
1.365748951227475061e+02
1.325476190826248910e+02
1.330660408238449861e+02
1.343683510117286062e+02
1.336797955479408131e+02
1.331016525553584700e+02
1.390572439907501803e+02
1.355209513137448027e+02
1.343071895868288266e+02
1.368351353332722056e+02
1.384834306737479324e+02
1.321057813789965962e+02
1.360331162794813338e+02
1.353477096325986224e+02
1.336576240254781283e+02
1.362766667594615910e+02
1.371515305932416027e+02
1.339227936465474613e+02
1.345891439386454351e+02
1.340491471335476206e+02
1.334461751805994254e+02
1.341743386584847144e+02
1.319581964331199515e+02
1.335274434781501611e+02
1.339302771366601519e+02
1.306981633306728554e+02
1.374223244337880487e+02
1.353937624458479547e+02
1.346546910605929099e+02
1.354624734027761122e+02
1.353517247306741069e+02
1.352835344067480037e+02
1.375046279889026550e+02
1.342776082487899032e+02
1.355732719420801686e+02
1.344404739920738621e+02
1.331579400159077124e+02
1.301842548314920407e+02
1.331599577076990499e+02
1.340677877660015724e+02
1.322888427285235480e+02
1.340180153804142549e+02
1.383588932571461783e+02
1.325399045708714993e+02
1.348784690361084415e+02
