2.280256831070103374e+02
2.306977328479781590e+02
2.264552155589626636e+02
2.264185823007884437e+02
2.261733579963442935e+02
2.262156618321215262e+02
2.319857335075128617e+02
2.267949664864213446e+02
2.274936992238757512e+02
2.270754502348094377e+02
2.311439444376427730e+02
2.258743173391659127e+02
2.297578310907548769e+02
2.271586382134440498e+02
2.266336455061675679e+02
2.268726968402559123e+02
2.276732322466141909e+02
2.273683550821461665e+02
2.300457821124682027e+02
2.284644952229265584e+02
2.282597603845340757e+02
2.284618989869781842e+02
2.267430950671657399e+02
2.261818797155011680e+02
2.267551990846386616e+02
2.244264325551444301e+02
2.261133735754003453e+02
2.275766480455255305e+02
2.284474599163031030e+02
2.284433223682598282e+02
2.251228074208070211e+02
2.252928331992535789e+02
2.274743348665648170e+02
2.241139340353151113e+02
2.270790604904966585e+02
2.259847428256775572e+02
2.270283546146738445e+02
2.254069894875928242e+02
2.231891540985191398e+02
2.239654042326763488e+02
2.295921920391978404e+02
2.270096524870496637e+02
2.255447908591337978e+02
2.245990901684603500e+02
2.289384233793283272e+02
2.283429811147398425e+02
2.282278215747553531e+02
2.292327018333746196e+02
2.291965206315136356e+02
2.263624696169467541e+02
2.262732464796739862e+02
2.248209254677108220e+02
2.264416661957961026e+02
2.264553322890961624e+02
2.278813688082700821e+02
2.285418173735761798e+02
2.279954461749723293e+02
2.247956556662433627e+02
2.257268949650127468e+02
2.248624341212610602e+02
2.217617335608497626e+02
2.256839470505604481e+02
2.258508592338986602e+02
2.255969060289905883e+02
2.266967952827637021e+02
2.260857570552871607e+02
2.279435950491514120e+02
2.294004958152641791e+02
2.313476440157513139e+02
2.246956798804843061e+02
2.262117094982142760e+02
2.309889817524901616e+02
2.284216363110004693e+02
2.278395567992082817e+02
2.252975754210404773e+02
2.289678833913698952e+02
2.281579817087515778e+02
2.340177729480504922e+02
2.284291489605604966e+02
2.250947495977062545e+02
2.272095944907384819e+02
2.264939822278787744e+02
2.298890343366703348e+02
2.297070350963419401e+02
2.274640169391165898e+02
2.256841161218752347e+02
2.266514762197004131e+02
2.285276962696047747e+02
2.267951138595027203e+02
2.288644284654368448e+02
2.293354724987933650e+02
2.316269276078550661e+02
2.284005137737039490e+02
2.233765154912479716e+02
2.261493688914891607e+02
2.221494946817042546e+02
2.273568826553751023e+02
2.243829521586525857e+02
2.272617233182137113e+02
2.309374638775724122e+02
2.249163175058847912e+02
2.257326422470609941e+02
2.289090766519511249e+02
2.278532550999371153e+02
2.307330599180525610e+02
2.277255164689444484e+02
2.261948546349554476e+02
2.265643854516243039e+02
2.258955421888992419e+02
2.297029487013512608e+02
2.274320988757168891e+02
2.314522134893126406e+02
2.246359213816970737e+02
2.244676830580996807e+02
2.287732104426386002e+02
2.210455185056738117e+02
2.249452410689653732e+02
2.267341186174702443e+02
2.283064620139106182e+02
2.241928588229017691e+02
2.294261376398445123e+02
2.273542983627592093e+02
2.247986626522931886e+02
2.260422418399886055e+02
2.286295027234876329e+02
2.289773774238328485e+02
2.306401274795868517e+02
2.241666500718813495e+02
2.257893848291694496e+02
2.256604752075524516e+02
2.268765346499995417e+02
2.273966822365007374e+02
2.244829332121057064e+02
2.275733325080088889e+02
2.272789905900065150e+02
2.215960886830731056e+02
2.262935336111395372e+02
2.275059219962887198e+02
2.259188980249088843e+02
2.294394509694305668e+02
2.270803010991900521e+02
2.255208351396555315e+02
2.289173539714066976e+02
2.276831444252018741e+02
2.224054095210175603e+02
2.294750926645579625e+02
2.228259225977005258e+02
2.270489292269571422e+02
2.270823869432930451e+02
2.265929218911556973e+02
2.272340122793172270e+02
2.251700002679322665e+02
2.275731563775019310e+02
2.266868337056107805e+02
2.262277013479013306e+02
2.304483776062765230e+02
2.286902207675712759e+02
2.288290992783263675e+02
2.242475755853776036e+02
2.299839174416397043e+02
2.237035333850674306e+02
2.270255306724056652e+02
2.244904117949646718e+02
2.254597213252840220e+02
2.253329097823243217e+02
2.267283987432181789e+02
2.269799235521491312e+02
2.235633503034218847e+02
2.316291918758867041e+02
2.281015431101296258e+02
2.300680009351837612e+02
2.282863636697319123e+02
2.276547585118282200e+02
2.290738376816488824e+02
2.276165637004476423e+02
2.269846977579624934e+02
2.257429617902963344e+02
2.266209923088715072e+02
2.250869301095631272e+02
2.259376250636725842e+02
2.257148228716304175e+02
2.286952610343431047e+02
2.309347000029106027e+02
2.287218747408537922e+02
2.296288324721548975e+02
2.267606009931844255e+02
2.238817819436622187e+02
2.270073692716061657e+02
2.283269084803097826e+02
2.288262246545830862e+02
2.266683634378206307e+02
2.269942440695558901e+02
2.244679739287778375e+02
2.273023812694665367e+02
2.247461401592472896e+02
2.279017730224204001e+02
2.276701441632305318e+02
2.250597619219255989e+02
2.264416576863144428e+02
2.248927396680639390e+02
2.265674045630937883e+02
2.325640311266529352e+02
2.261911454485232582e+02
2.249660234618867491e+02
2.277556097644663851e+02
2.283460043305339582e+02
2.279945385531632951e+02
2.303009348627933832e+02
2.249959122381056602e+02
2.251804557771619670e+02
2.255475375887171765e+02
2.313991866711935472e+02
2.244203161766600658e+02
2.284418180593319789e+02
2.260307447686183195e+02
2.280484827256132405e+02
2.270446859085973017e+02
2.326796503410838284e+02
2.231424744503258637e+02
2.249251029232369774e+02
2.293121011460058867e+02
2.221877990441541328e+02
2.267651640058037117e+02
2.290313754901677328e+02
2.292258146765917104e+02
2.272445382326140475e+02
2.293178518179550167e+02
2.290464131509782248e+02
2.260438830950285762e+02
2.268364613060022634e+02
2.290058097612298980e+02
2.236885983233682111e+02
2.254408762310109751e+02
2.285601024791286306e+02
2.251996732557908558e+02
2.289564851601781186e+02
2.272362771688558496e+02
2.261979699929879928e+02
2.274300189040474436e+02
2.275777770721443289e+02
2.272990026830445629e+02
2.259678159364105738e+02
2.266724396355665760e+02
2.271571326236899040e+02
2.265537489971814864e+02
2.264426504611573137e+02
2.238739078422314890e+02
2.276819301735897341e+02
2.291223409278254621e+02
2.257119934315160208e+02
2.258888578120692898e+02
2.253509169237593994e+02
2.248954222743648472e+02
2.285870686821801883e+02
2.289166135255267989e+02
2.260402869533155581e+02
2.243269381660041120e+02
2.265448072198715579e+02
2.286597637844663495e+02
2.257687996644022519e+02
2.257518816428571711e+02
2.316305132055112210e+02
2.281480860606755812e+02
2.265359300630404675e+02
2.277365057582818224e+02
2.274811384652560946e+02
2.250363179943290106e+02
2.267231714666129108e+02
2.273367862469752652e+02
2.246775580051977386e+02
2.291383093384580434e+02
2.256721130121457008e+02
2.195327019224657477e+02
2.282641954550274761e+02
2.254298217388536898e+02
2.261999275292491518e+02
2.283293748246636881e+02
2.229696329079054351e+02
2.231014973046366094e+02
2.286884428770620730e+02
2.248414230396247433e+02
2.287820436694714488e+02
2.312920255209522225e+02
2.268706658301886989e+02
2.284576151340210686e+02
2.267976887316098953e+02
2.213878320961100030e+02
2.296926571416365164e+02
2.277237854863625159e+02
2.282163760516088473e+02
2.237934408060266094e+02
2.232455041766208410e+02
2.305077901466329706e+02
2.239766064588760628e+02
2.251396456019885477e+02
2.272187886997801058e+02
2.244211439096575020e+02
2.272138230426193672e+02
2.248175537743176164e+02
2.247934916633043656e+02
2.278690403930996240e+02
2.275126263993096529e+02
2.302669641847311368e+02
2.284658286043538169e+02
2.248097434464698381e+02
2.250731145174872552e+02
2.278241636859240202e+02
2.260086241492947181e+02
2.255328318492227027e+02
2.244918025804466026e+02
2.261036649122714266e+02
2.292722346567471732e+02
2.287000850369471152e+02
2.273208370999591352e+02
2.297994699845849595e+02
2.275631530305096533e+02
2.294983740984904443e+02
2.300216408678510049e+02
2.225220895121250066e+02
2.275936432798887097e+02
2.281991514599919526e+02
2.245168932811914431e+02
2.324106523968139015e+02
2.279707024159775415e+02
2.287396524321859488e+02
2.267674467576263169e+02
2.269176031492442576e+02
2.274835867305129398e+02
2.250575214478513146e+02
2.292365143977025923e+02
2.249260837866437157e+02
2.251426485177917698e+02
2.279718806212847824e+02
2.290561643589492462e+02
2.307700099710109498e+02
2.269933267062087907e+02
2.261023443847392684e+02
2.281043269556750488e+02
2.265981474539292435e+02
2.256198702767748614e+02
2.293206758597480928e+02
2.268952160822103394e+02
2.291903084037054441e+02
2.233192391259079557e+02
2.222663262752507194e+02
2.272112129106093619e+02
2.288795377557952122e+02
2.235921436306675503e+02
2.281199746316210621e+02
2.288047848916432372e+02
2.270084599167051920e+02
2.277850156480135126e+02
2.279862463304775702e+02
2.278244108195310389e+02
2.253356535000297072e+02
2.293233477582139983e+02
2.274333535432120357e+02
2.260502439635510825e+02
2.291579426372560704e+02
2.227422252530226388e+02
2.273677642020372502e+02
2.285660421990643556e+02
2.289428119111657338e+02
2.272596073983806377e+02
2.273601883112935127e+02
2.278870111018783291e+02
2.284782145056294098e+02
2.309271069870135875e+02
2.258817160489094249e+02
2.234894860633822304e+02
2.271268425464520249e+02
2.256365377122620544e+02
2.233016912014044522e+02
2.258475750446766597e+02
2.275464958336947063e+02
2.256526495320916013e+02
2.288683108308250098e+02
2.264238503421623250e+02
2.251826762818919576e+02
2.265898364446357505e+02
2.243826554399887243e+02
2.276222634659760047e+02
2.319765605904237304e+02
2.251612504318926824e+02
2.286985182129932639e+02
2.298506874617722247e+02
2.238094470183207250e+02
2.277982844783297764e+02
2.296020641971460066e+02
2.238287421348863973e+02
2.261579234180399851e+02
2.266933288804113715e+02
2.236818862685105671e+02
2.262069630382677019e+02
2.272818269530626196e+02
2.261810497223093535e+02
2.314567304874283025e+02
2.266494758005165977e+02
2.236169641198639226e+02
2.257537038584655420e+02
2.275117112462397984e+02
2.241159285150905305e+02
2.276347205080913341e+02
2.253956926346666023e+02
2.281049017708182021e+02
2.266391262394758712e+02
2.226827045702174814e+02
2.233654370550256090e+02
2.282837343187452745e+02
2.228866850777174591e+02
2.268846264682389062e+02
2.286943326311078977e+02
2.312902419878424780e+02
2.293426046686954010e+02
2.259960680899296506e+02
2.273405022843397205e+02
2.259608619503532054e+02
2.266368234546734186e+02
2.275563663858769132e+02
2.254049681363529771e+02
2.290966794623923306e+02
2.299416771342670813e+02
2.245050360851224980e+02
2.265254452348135317e+02
2.298470674640089726e+02
2.244168393489925108e+02
2.255928513716984583e+02
2.297023713163634966e+02
2.256309146687586917e+02
2.282049307558243356e+02
2.292799643971139290e+02
2.264810912759054986e+02
2.241011991107940275e+02
2.271293660472281886e+02
2.277493038401696310e+02
2.301901685284512951e+02
2.271368305610443485e+02
2.329061994600386640e+02
2.248936366805794194e+02
2.269140805119285176e+02
2.258127104664575882e+02
2.319068183491130526e+02
2.273745396340907519e+02
2.285714209918685071e+02
2.243847760608504132e+02
2.232694817603681372e+02
2.280689021290648384e+02
2.307193240541570844e+02
2.247268740915892238e+02
2.258923671307610732e+02
2.265525306965460004e+02
2.267718238739387857e+02
2.264334815078666736e+02
2.249974664086030600e+02
2.276267634844433019e+02
2.244215652655088888e+02
2.256396562400921084e+02
2.288229065275167500e+02
2.262796737395439379e+02
2.301005239308309172e+02
2.269365478859628809e+02
2.280460703437553320e+02
2.331530742952418791e+02
2.248159516076320301e+02
2.260108362674905891e+02
2.273042393645845038e+02
2.286556720512727452e+02
2.290868390330287525e+02
2.243580039674552893e+02
2.299237945721802419e+02
2.275116297340612732e+02
2.322459145244889669e+02
2.285451189080895915e+02
2.307737164340580307e+02
2.289968502746566799e+02
2.289816008442046780e+02
2.277523420476844933e+02
2.237517077302483415e+02
2.295077426327335672e+02
2.294562681461016211e+02
2.289657127443419142e+02
2.239021971935237900e+02
2.284980094417915097e+02
2.275434011452135508e+02
2.283573007379895898e+02
2.275270652880914213e+02
2.289730479757654393e+02
2.275388196827936724e+02
2.270971329996407917e+02
2.294212844503929887e+02
2.252564376252606735e+02
2.279243287392503134e+02
2.261709400431351469e+02
2.288160122036480288e+02
2.299073162830747208e+02
2.264729837281959988e+02
2.275045870729610158e+02
2.296102732829811544e+02
2.272737467551950488e+02
2.260583037754506108e+02
2.250659521685795141e+02
2.293324118373713816e+02
2.292655298950103884e+02
2.265475441031904325e+02
2.283173184968466956e+02
2.284728392140232245e+02
2.276489982708891091e+02
2.308639217947451243e+02
2.261467047268484407e+02
2.256724925879584873e+02
2.290541632793925828e+02
2.288524013738852148e+02
2.225101002285081506e+02
2.333633009810758097e+02
2.304544456617886681e+02
2.290369163600838647e+02
2.284687652562965923e+02
2.252043627136996520e+02
2.268710868306128248e+02
2.276206648606951433e+02
2.284102800165912015e+02
2.282022638239146488e+02
2.240179074056821662e+02
2.285792151981609663e+02
2.257505311252189415e+02
2.267196610488064721e+02
2.275800181488589544e+02
2.242917420986911736e+02
2.290922461909082699e+02
2.246296192327521339e+02
2.308991016604314837e+02
2.259674194224508597e+02
2.246357845502509463e+02
2.269328001414179425e+02
2.288907116717740564e+02
2.258657678911211235e+02
2.272695541876845482e+02
2.288173149324807696e+02
2.252470631531711831e+02
2.270473314771503226e+02
2.249202652140253633e+02
2.261776250551851888e+02
2.299126757214002623e+02
2.246022923334359973e+02
2.250218246620357263e+02
2.259564414326110580e+02
2.230572239700780699e+02
2.229564990252898440e+02
2.258245663259519915e+02
2.274263717436538457e+02
2.251343544819870601e+02
2.278443544744552298e+02
2.318025478504512762e+02
2.278921584026699918e+02
2.252060967465343424e+02
2.270701376928564343e+02
2.217503483597055549e+02
2.225229392246025100e+02
2.285982842180391970e+02
2.267961744697623487e+02
2.252063701651178746e+02
2.263657861420563790e+02
2.261028437526359482e+02
2.235886697116190760e+02
2.243513798615524593e+02
2.295795684689193763e+02
2.239312142797792546e+02
2.255177056722774012e+02
2.256982737335745526e+02
2.241982572374343192e+02
2.313934116551533862e+02
2.246596117799816454e+02
2.278063812799698269e+02
2.300144027753999580e+02
2.271004435782209327e+02
2.286853058138683537e+02
2.268505223823406993e+02
2.219660992226554583e+02
2.282334143709938701e+02
2.267709044274215557e+02
2.277990812534994802e+02
2.248888849534061762e+02
2.284298469319512606e+02
2.238330525320271533e+02
2.273894492451315159e+02
2.249521115678248862e+02
2.238449699565139781e+02
2.271876870681456921e+02
2.262028148246911599e+02
2.300227070519780739e+02
2.245380083320766857e+02
2.243485135292905852e+02
2.275478652976660783e+02
2.312415651006778035e+02
2.242999007624989645e+02
2.238410338858588489e+02
2.290028820608008573e+02
2.249404340905360300e+02
2.267698434473934981e+02
2.310875584019306359e+02
2.269550179488354331e+02
2.289387518536215396e+02
2.252464421961981031e+02
2.270093978143860625e+02
2.248284737307512557e+02
2.283029185739834475e+02
2.219219958178382512e+02
2.287337008009671422e+02
2.265260597710863522e+02
2.274864378836211358e+02
2.281380045694818364e+02
2.264162999466543909e+02
2.273441665354201859e+02
2.260755212035376758e+02
2.295609551602603347e+02
2.276197218221345793e+02
2.269800149080538461e+02
2.258335085900833974e+02
2.303798029744099836e+02
2.269938740005580371e+02
2.266682080863746762e+02
2.250063134877014477e+02
2.237368093520018704e+02
2.246548278811627881e+02
2.266800234564627488e+02
2.229289117685390522e+02
2.280266546373071321e+02
2.278829633945216528e+02
2.258732509107701105e+02
2.261873012257333642e+02
2.237313683887402078e+02
2.286691907730653099e+02
2.280625536955634516e+02
2.288308981316437780e+02
2.290376095729840813e+02
2.227877872848883101e+02
2.288599018151138864e+02
2.281938957348013162e+02
2.287759943730260375e+02
2.275440464300768042e+02
2.281470692671719291e+02
2.272927402366468073e+02
2.251453875274236225e+02
2.260978971389199046e+02
2.285171610771876942e+02
2.274876031749986396e+02
2.275270969798451119e+02
2.270003689760616794e+02
2.277599673100154121e+02
2.288918110102947026e+02
2.273294435214412772e+02
2.270725445056071692e+02
2.250974049241585533e+02
2.246231115120545212e+02
2.275925178772467348e+02
2.275679157375949728e+02
2.261906161672103508e+02
2.251123839958682993e+02
2.281091705838832127e+02
2.285502310443358738e+02
2.278918092928817600e+02
2.290061393929661904e+02
2.273942360536501894e+02
2.249891654576932183e+02
2.259189719958605167e+02
2.235304304121985126e+02
2.288816356968008279e+02
2.296031611154430436e+02
2.252850046822620129e+02
2.263047067451195460e+02
2.270925914428717647e+02
2.273020896972279559e+02
2.279625446819280796e+02
2.301281812783765588e+02
2.266647910872873979e+02
2.277439698995688389e+02
2.296438421701088259e+02
2.278808649958444619e+02
2.284548700067634854e+02
2.270891959883026630e+02
2.248976720264020628e+02
2.278271643974061647e+02
2.283152889794828582e+02
2.252166470958255218e+02
2.230578934607375174e+02
2.298297045894555879e+02
2.258064878669453890e+02
2.273654220008502875e+02
2.264620605398276609e+02
2.229664010494120419e+02
2.273348743420804681e+02
2.261445992194477412e+02
2.280694949700452412e+02
2.287920287721564421e+02
2.259391147717304591e+02
2.261919868013618498e+02
2.273060801160794142e+02
2.266637046642006510e+02
2.287761009993388654e+02
2.270055966949775836e+02
2.266613518423174014e+02
2.252464058637122548e+02
2.269537687609361001e+02
2.236285640539108215e+02
2.297536102661296695e+02
2.266777499739668542e+02
2.281647378451161785e+02
2.283456103205585350e+02
2.279585334004098058e+02
2.304807247322172259e+02
2.284400408673728862e+02
2.237251371268932303e+02
2.287270847551786517e+02
2.291802488706871372e+02
2.222468717439336103e+02
2.285161264756624178e+02
2.280661644143246178e+02
2.238610752198273133e+02
2.277258760164074261e+02
2.258483456707924404e+02
2.286847415566193433e+02
2.303249976378774022e+02
2.256642166603514568e+02
2.296592395371823443e+02
2.263063660864198710e+02
2.301142178922116273e+02
2.251062492060430316e+02
2.267354986790352314e+02
2.263759013348521876e+02
2.284040878652777167e+02
2.280249700460898623e+02
2.231119104833012159e+02
2.296766225821598653e+02
2.279272882330929804e+02
2.275712567552547512e+02
2.261304988018053166e+02
2.271166886789148975e+02
2.298202306021499055e+02
2.284443242373501732e+02
2.257167664488624723e+02
2.250849478886016470e+02
2.242198152586614981e+02
2.250875474532607825e+02
2.249482339263184087e+02
2.266281290427332067e+02
2.291846632188224646e+02
2.243614974393699697e+02
2.260038668292135071e+02
2.280622444637393187e+02
2.244708771544305250e+02
2.303617481311570714e+02
2.267310713441200107e+02
2.272623090812844282e+02
2.241410977254187742e+02
2.260502334388945087e+02
2.260140978890034091e+02
2.269325971774015329e+02
2.271702675215116187e+02
2.267601985068311308e+02
2.269336709740640572e+02
2.241747935647598808e+02
2.257494484803629291e+02
2.278960668596313610e+02
2.267166280383631261e+02
2.270609959789693733e+02
2.273939949363081610e+02
2.308376575213158617e+02
2.286516757903815744e+02
2.274170431905900500e+02
2.267372721987435398e+02
2.258712074253645881e+02
2.278983983235080473e+02
2.304223816579445270e+02
2.241778365852384240e+02
2.286189001732910810e+02
2.297137375502511247e+02
2.306613460860975806e+02
2.256673657544510547e+02
2.258864383784296308e+02
2.277599222118804789e+02
2.244300881665902523e+02
2.271676406131840338e+02
2.260923250862252303e+02
2.296535468842693888e+02
2.282706580634704778e+02
2.269860789715334874e+02
2.294647511889693590e+02
2.258127188327399892e+02
2.270000154036179083e+02
2.280469369337028525e+02
2.258421755167828167e+02
2.273773893247252431e+02
2.286511145513858025e+02
2.284301678446268511e+02
2.283137933544432201e+02
2.268021166034055227e+02
2.216192639850289083e+02
2.270818797276718897e+02
2.277790451418931639e+02
2.286460335071816985e+02
2.266830372087622152e+02
2.271270666297461958e+02
2.299369741062292292e+02
2.288722479856257621e+02
2.293380711634040949e+02
2.270314294363510044e+02
2.290972262644484658e+02
2.304915447273415623e+02
2.270098110624035144e+02
2.253861983002719001e+02
2.265451249409008483e+02
2.298616859480014512e+02
2.279025270531098784e+02
2.298350407788878158e+02
2.303879925433734570e+02
2.267954425300121102e+02
2.289446237152066601e+02
2.275340389466633724e+02
2.277314229500953218e+02
2.321985873022048281e+02
2.273753650055274989e+02
2.261848681739847109e+02
2.257711978879203514e+02
2.293995628119201626e+02
2.264266185474280633e+02
2.290700106451672866e+02
2.275041576930344149e+02
2.300611506432728675e+02
2.294345735734285654e+02
2.294377428261403509e+02
2.304945337289261147e+02
2.216402572296613585e+02
2.257790580914648046e+02
2.264928770891261252e+02
2.305615484334662426e+02
2.270706642007830283e+02
2.277803221557377356e+02
2.261402665583837575e+02
2.277425958886433648e+02
2.249218771032223003e+02
2.252512773438370175e+02
2.322101468628365240e+02
2.311907943344968714e+02
2.302983613791038522e+02
2.282269556557706096e+02
2.274326649464621255e+02
2.257356058821158342e+02
2.260310629379844443e+02
2.299529059194609317e+02
2.295614948312270371e+02
2.254117711530116992e+02
2.282831581592371037e+02
2.290041107879933406e+02
2.237261295200677012e+02
2.293599392011742282e+02
2.292210109991747515e+02
2.310526321059223847e+02
2.253035598439606133e+02
2.331215906724524700e+02
2.297249688170244610e+02
2.295625325013058387e+02
2.281148985301870482e+02
2.265038927517121579e+02
2.309843781952780546e+02
2.239081840200501006e+02
2.298602436344478690e+02
2.254408451244776188e+02
2.268911060454908011e+02
2.229462126960602291e+02
2.274400801662935692e+02
2.249911388519072943e+02
2.291194101936167726e+02
2.280252866237336207e+02
2.263541763579569306e+02
2.275667121727813083e+02
2.252897439055803943e+02
2.244175933318572618e+02
2.287831860551815737e+02
2.261806840102975968e+02
2.255927740986700769e+02
2.277373613590683874e+02
2.288178460709034709e+02
2.298320019058915022e+02
2.319345717150251858e+02
2.253843191412893532e+02
2.250197223117231147e+02
2.247948487419974413e+02
2.258101083690611119e+02
2.266890487616351777e+02
2.277428070090757615e+02
2.291200596384551602e+02
2.245418530216015824e+02
2.255790240375355893e+02
2.272984573984594761e+02
2.291158512511633489e+02
2.296389010722514001e+02
2.258754863338635914e+02
2.321895757337451585e+02
2.266376195786082235e+02
2.300420955594699990e+02
2.277907084135112541e+02
2.294927400049971595e+02
2.275465681510672766e+02
2.274897035060444921e+02
2.274844804977104218e+02
2.280988439819271889e+02
2.286938342666018968e+02
2.292657595619280926e+02
2.274468346560727525e+02
2.274449030820507289e+02
2.263006726529335708e+02
2.290771387082987758e+02
2.279077117178906349e+02
2.304206876682007419e+02
2.289852378081809832e+02
2.270626676964882336e+02
2.254585407055060386e+02
2.286972369665125200e+02
2.264415759690443508e+02
2.293940395646801562e+02
2.281693621578393731e+02
2.292816860663191108e+02
2.245800224504607172e+02
2.249383048799866742e+02
2.251949541547960791e+02
2.262599995454334305e+02
2.239284419337989789e+02
2.252830210461328306e+02
2.304419854392175750e+02
2.261780064553705358e+02
2.256406532946617745e+02
2.307898560642398138e+02
2.277283102841205391e+02
2.262081498032512457e+02
2.261721924389032381e+02
2.286139534924415955e+02
2.287909531212616514e+02
2.282784516749676698e+02
2.291516222412756747e+02
2.302677653791110401e+02
2.252993249059647951e+02
2.259725697793566610e+02
2.254358914570503885e+02
2.252507931725567119e+02
2.281594682282045881e+02
2.275554759443279522e+02
2.300036593382488377e+02
2.264747440598818002e+02
2.290928943132919642e+02
2.276082560478870107e+02
2.271570440269073003e+02
2.308607570678422292e+02
2.290920035962912209e+02
2.256529962231116997e+02
2.274482437507681141e+02
2.286219917550359639e+02
2.275043871766419556e+02
2.236237778457910395e+02
2.283423149234541256e+02
2.266024220687110642e+02
2.262106099214103665e+02
2.275458558254837840e+02
2.272746896415252138e+02
2.266307629060138424e+02
2.249303701672797615e+02
2.267935350735120608e+02
2.337777623169292553e+02
2.253260324235239125e+02
2.294727501000644168e+02
2.261117485156849511e+02
2.281940803576380006e+02
2.302868320210186823e+02
2.238823766972392662e+02
2.308773312592833804e+02
2.281465906353485593e+02
2.271752877586848740e+02
2.286458174400016219e+02
2.277912484044952350e+02
2.263729514838294392e+02
2.250996282106800095e+02
2.282266392747638122e+02
2.283152051305026191e+02
2.283873102026444997e+02
2.248543245813133069e+02
2.286458361459427806e+02
2.246603109589228211e+02
2.309631605670717249e+02
2.250915241132544509e+02
2.281192274849408079e+02
2.337087791831189634e+02
2.265140689705320369e+02
2.229890627722424767e+02
2.280497058034092106e+02
2.286267473911898662e+02
2.265246136725106965e+02
2.285025389123590003e+02
2.234235348309998699e+02
2.268727700230373330e+02
2.284519075544507700e+02
2.268898665927667935e+02
