9.691345218777587434e+01
9.753824376186281597e+01
9.416061904388458004e+01
9.726482708995489190e+01
9.361935365248709218e+01
9.655628634894399909e+01
9.453213071568845294e+01
9.980453413047773381e+01
9.462224094138214525e+01
9.457675544181265082e+01
9.728009020863456158e+01
9.831693809007154528e+01
9.612998161739258762e+01
9.767976652890725120e+01
9.791055431162435241e+01
9.694138808189175904e+01
9.718790267905642111e+01
9.837829162052250354e+01
9.733225251761886909e+01
9.642223562548042537e+01
9.569541536353460742e+01
9.701525569586191011e+01
9.734807219831991176e+01
9.244934700584528287e+01
9.497984253202670857e+01
9.728331575058295755e+01
9.811947344627540701e+01
9.704116002703121069e+01
9.452646862556723306e+01
9.534871386154264883e+01
9.297105493057991055e+01
9.331057954129042287e+01
9.721251725579648451e+01
9.664212585604522587e+01
9.860632187763941658e+01
9.545610259625610183e+01
9.827979555914944854e+01
9.418886094177634050e+01
9.873946546957408543e+01
9.309982585016749113e+01
9.460090515687856794e+01
9.755828374750524290e+01
9.577776099099800433e+01
9.454282190830399202e+01
9.524413575467261239e+01
9.193060782370122297e+01
9.793676906363457135e+01
1.023062063556961334e+02
9.016952998828540444e+01
9.633954564717991786e+01
9.831887530732640812e+01
9.773144289202777202e+01
9.085790557597950112e+01
9.731155065759266165e+01
9.643253434438325655e+01
9.411130925619744403e+01
9.214209489041681422e+01
9.320247747866817178e+01
9.437269772431581316e+01
9.447841136125535400e+01
9.561529025379127233e+01
9.683779511235144355e+01
9.648444155027343072e+01
9.689561271343701776e+01
9.142647213207830248e+01
9.755759340278612513e+01
9.887892179663273851e+01
9.659271013825551222e+01
9.656164047559377650e+01
9.445427381359776575e+01
1.000729300774444397e+02
9.235095172389186757e+01
9.904570814389542477e+01
9.395356524962569722e+01
9.540086542868779418e+01
9.521007210802839893e+01
9.592985198447372852e+01
9.805708770832644916e+01
9.711739319759566058e+01
9.590014869603677994e+01
9.922110595903758679e+01
9.780709740303593946e+01
9.543633002072157012e+01
9.693955492780150962e+01
9.862685268187962606e+01
9.637381051097285933e+01
1.009930708159307073e+02
9.530927764338404984e+01
9.785758927809268926e+01
9.793352574063167992e+01
9.559793211184978645e+01
9.818152255968455222e+01
9.531869763164667120e+01
9.517163326279842295e+01
9.799355419785470644e+01
9.334574396024449072e+01
9.578221535174226631e+01
9.662580570686706949e+01
9.764391967545202533e+01
9.473268110336314862e+01
9.526646502217477064e+01
9.158908664812500433e+01
9.293979117640895993e+01
9.394325506581043328e+01
1.009574471569033847e+02
9.541947152273792199e+01
9.417647527639813632e+01
9.521926400924569123e+01
9.852024696730896380e+01
9.416429973689386657e+01
9.198336475279377566e+01
9.552249849652034186e+01
9.183510221549778407e+01
9.704005406299906156e+01
9.233437263572388076e+01
9.403841726471156903e+01
9.665029638125278666e+01
9.672187759917133576e+01
9.492305007822798757e+01
9.542825245806650969e+01
9.609679566640241433e+01
9.477761239165272400e+01
9.433271311893568623e+01
9.803930279827147842e+01
1.013651020177745039e+02
9.551357189220998123e+01
9.509759857832278840e+01
9.110338094875400827e+01
9.505392636174268262e+01
9.406263992385888173e+01
9.595615524517552331e+01
9.830660788898237001e+01
9.473092329547155543e+01
9.438164167865993193e+01
9.317754308368731131e+01
9.693789572537872345e+01
9.908168140211279251e+01
9.425051527903274007e+01
9.508613282559237234e+01
9.851130652895662365e+01
9.403295977868951638e+01
9.857727165401080072e+01
9.612640488120477755e+01
9.554196398459501438e+01
9.486177185129669454e+01
9.570941747876666739e+01
1.020462985559519069e+02
9.614118378756954542e+01
9.524576971845159790e+01
8.919720864198714594e+01
1.010955322500188061e+02
9.725349391055408432e+01
9.511885519433219827e+01
9.640410086556015301e+01
1.000379080146053923e+02
9.776799057286075367e+01
9.750358696351680976e+01
9.506087812054310859e+01
9.639626008555022452e+01
9.400852879114646043e+01
9.947605891167192738e+01
9.760290208803354517e+01
9.881511701102134282e+01
9.414428535712850987e+01
9.713630964890349162e+01
9.841919776067928183e+01
9.521772297013578168e+01
9.644514363007539259e+01
9.517973313775968336e+01
9.987523432864263384e+01
9.305119815090002078e+01
9.492329867815332989e+01
9.636871924998753514e+01
9.617476114600187032e+01
9.519216204865408315e+01
9.694387573424323534e+01
9.367060779548405947e+01
9.745722353133483296e+01
9.676127665184505133e+01
9.676083000455879812e+01
9.651725605746885606e+01
9.772348054976785647e+01
9.782184258853996539e+01
9.454946332422717603e+01
9.261180156689734133e+01
9.921678430918548486e+01
9.899300216760350679e+01
9.413296128885903613e+01
9.745595511877971262e+01
9.442374542029182294e+01
9.632770324593312239e+01
9.557617644466326112e+01
9.031697025754445463e+01
9.698836830413273447e+01
9.627086144423472547e+01
9.690221186019337551e+01
9.736302449001640014e+01
9.860531816787607795e+01
9.170372639561101380e+01
9.645710864570203569e+01
9.265463147696583235e+01
9.464602294680784667e+01
9.812155986204201952e+01
9.392766965393498424e+01
9.787738743311309975e+01
9.627718533300475201e+01
9.117187747802141473e+01
9.897675550583346649e+01
9.286951933263270575e+01
9.654309988575658963e+01
9.745539213394907563e+01
9.610391328870632321e+01
9.625441971625512849e+01
9.304433833221229122e+01
9.253215901109936681e+01
9.941368392371191476e+01
9.526634541060573724e+01
9.386414520873886147e+01
9.523815182484807451e+01
9.647270187324721746e+01
9.874751165141105957e+01
9.482752509207769265e+01
9.572073668486427778e+01
9.912682230733010158e+01
9.677312527749856486e+01
9.229734193665952091e+01
9.380096171821965356e+01
9.855725540647127048e+01
9.462014678139115631e+01
9.495989855924328538e+01
9.913117026018801425e+01
9.701499781510730713e+01
9.175098966542337564e+01
9.202641844739103760e+01
9.657600957856048751e+01
9.682994622109377758e+01
9.674754787657973054e+01
9.797606457400489433e+01
9.476641462507913616e+01
9.055036195181300229e+01
1.004072593067875090e+02
9.895010479791085345e+01
9.359986936623748477e+01
9.756372934100554062e+01
1.000319798437401460e+02
9.785724984394832404e+01
9.376943139228968960e+01
9.960922549743985144e+01
9.671846708384907743e+01
9.610691777805872960e+01
9.203032713642343765e+01
9.088705703484097853e+01
9.559151078404090640e+01
9.805503503630733064e+01
9.598150924255372729e+01
9.325710886983470971e+01
9.027185224952096121e+01
9.758722035062089617e+01
9.415122206559829010e+01
9.686592509078491275e+01
9.433785797463967526e+01
9.570744574494230505e+01
9.572184288262673135e+01
1.010774402591292898e+02
9.433661028661276760e+01
9.785386705524459217e+01
1.025489482325777573e+02
9.286433456535763753e+01
9.548893109908070187e+01
9.194057254771117016e+01
9.729457986902406219e+01
9.457699346551105180e+01
9.468646240005733716e+01
9.492374252343925889e+01
9.847173985008254249e+01
1.005491343445414572e+02
9.550261703470650332e+01
9.868220483357816875e+01
9.597101725629126179e+01
9.775479596133067162e+01
8.871969913774827887e+01
8.974700767850750083e+01
9.462678101488995708e+01
9.716150387732085392e+01
9.413200394310283059e+01
9.637506673557008696e+01
9.671774412087526684e+01
9.400087826489252052e+01
9.523143561169806048e+01
9.621517996921501492e+01
9.943787339071184306e+01
9.639980519027383821e+01
9.411295292945749225e+01
9.794845238734424697e+01
9.659888422994852419e+01
9.772723497512453150e+01
9.735829292670337054e+01
9.677568458110562233e+01
1.011544585102374327e+02
9.586878444863745585e+01
9.614445505619330845e+01
9.495921621596491491e+01
9.799463338732644502e+01
9.254993516612790927e+01
9.641867720204764680e+01
9.809459241312947597e+01
9.569269979078011090e+01
9.721709465964414676e+01
9.672674609484772645e+01
9.293086418958502293e+01
9.989975334346821967e+01
9.352273503029140045e+01
9.557053348958542927e+01
9.553120223072632200e+01
9.722189576847948445e+01
9.687807305149729586e+01
9.846821877182502192e+01
9.848832066425340770e+01
1.045206096253503603e+02
9.945472426306459113e+01
9.715009379009038071e+01
9.492691268578757047e+01
9.500969493823467360e+01
9.731964425993004397e+01
9.561068353683637611e+01
9.411320367059110481e+01
9.732701241078052590e+01
9.542500932633465993e+01
9.617417687698814177e+01
9.539086356325508120e+01
9.798778888863992620e+01
9.696405274211167580e+01
9.383220713998861129e+01
9.681076364917805677e+01
9.781842951595041313e+01
9.218512348620714647e+01
1.000531055545617960e+02
9.579672031540270893e+01
9.868994818161888816e+01
9.509581346866103502e+01
9.729498868518005850e+01
9.808257033342023590e+01
9.405953191912064426e+01
9.433793266486607365e+01
9.854255652934341470e+01
9.686056326145751427e+01
9.132267263108008137e+01
9.576178411264581314e+01
1.023870675079567008e+02
9.663587793929950465e+01
9.768392105339724196e+01
9.588728493873746572e+01
9.532723740318780870e+01
9.422026314214272702e+01
9.763397891205745793e+01
9.199453160384288708e+01
9.927244130451688875e+01
9.657385120273642087e+01
9.343287501723831667e+01
9.159500525699937157e+01
9.458191454965714229e+01
9.646112317801755864e+01
9.196376580795605093e+01
9.573712305147462587e+01
9.720486518679176413e+01
9.297296915020126562e+01
9.766755227251718452e+01
9.291444769535374348e+01
9.202956661757255574e+01
9.441373237581797184e+01
9.717125777100763173e+01
1.004541607860587220e+02
1.019623156181342267e+02
1.005878925392525645e+02
9.694033800768363562e+01
9.865683509553902297e+01
9.748169546100733385e+01
9.772716674458999364e+01
9.630043344875238631e+01
9.972797953597053322e+01
9.715290406007561330e+01
9.444822137337719425e+01
9.103863085571798308e+01
9.435918074105597952e+01
9.367956940785825282e+01
9.374196425882161066e+01
9.310999264595669445e+01
9.776542837314551093e+01
9.611779229826251481e+01
9.451644673428511112e+01
9.847632400156369670e+01
9.549818155022089172e+01
9.738487292246333027e+01
9.873023393703360284e+01
9.383408086221395195e+01
9.630861581383481962e+01
9.971935807499772864e+01
9.847459598260569180e+01
9.556441180320969409e+01
9.689047868044551137e+01
9.608496224215988946e+01
9.722195111477907403e+01
9.658242755501116505e+01
9.455420665832920690e+01
9.568725007020469775e+01
9.456857151808017647e+01
9.374495850540969855e+01
9.760346752262346115e+01
9.390746396333571511e+01
9.218872733152615240e+01
9.500573735323257551e+01
9.615070609116450839e+01
9.501624272017515693e+01
9.252424385099200776e+01
9.397797458742147114e+01
9.975236988759601786e+01
9.027185410423957990e+01
9.410814666428233011e+01
9.360590729265256016e+01
9.594610817026899952e+01
9.392842769103955902e+01
9.534562967093738450e+01
9.358254010842740911e+01
9.633246897108216444e+01
9.735191999953302400e+01
9.243181089163842046e+01
9.433446734653284693e+01
9.605547938896383187e+01
9.811377585515798216e+01
1.015813174001903150e+02
9.265058356635191217e+01
9.299655364399889379e+01
9.835315739170323468e+01
9.498116747032077001e+01
9.482903830046087990e+01
9.275524440967571138e+01
9.524640917321262634e+01
1.000333725726755745e+02
9.237530074184692808e+01
9.184066890076978495e+01
9.366516773650623406e+01
9.843421453798191578e+01
9.878907352479028248e+01
9.646064865982920367e+01
9.901519074261580045e+01
9.444910637271398457e+01
1.008046714528445165e+02
9.611517202586509256e+01
9.860223212864707421e+01
9.694828309639811437e+01
9.234407560768774204e+01
9.763375337249958363e+01
9.343390624499643593e+01
1.016892554851348649e+02
9.352693335935666141e+01
9.608355484664308221e+01
9.666838419828255269e+01
9.878360886853590728e+01
9.484635802805738081e+01
9.685035019121079358e+01
9.331230154290670953e+01
9.524006722622037557e+01
9.476045901908901214e+01
9.264111951091473429e+01
9.720975231572190012e+01
9.824612517177091320e+01
9.487674982836200854e+01
9.708974888448996410e+01
9.681848595605357843e+01
9.819252624024505849e+01
9.552406464676207065e+01
1.008419276277104188e+02
9.419072390326576283e+01
9.713862450890826494e+01
9.883262803976997191e+01
9.481055581055336745e+01
9.743875086036806010e+01
9.182521863100987503e+01
9.592557898320443144e+01
9.505614416602810479e+01
9.796839489889494246e+01
1.004871106238342833e+02
9.746128772964547693e+01
9.737484582783108067e+01
9.296415731642144920e+01
9.261862035699788009e+01
9.655166206227428916e+01
9.727726816090788020e+01
9.535704506121311397e+01
9.757279906673977621e+01
9.844703291879602602e+01
9.561771978130472860e+01
9.446550225237261600e+01
9.932561810671563762e+01
9.637250986742220960e+01
9.228524985317871199e+01
9.306547648294964858e+01
9.525380828817426959e+01
9.711364119936543204e+01
9.375312978595569291e+01
9.120842682341802288e+01
9.820619877778992191e+01
9.728399781538230684e+01
9.616492693591457908e+01
9.540805067143526230e+01
9.870908765815993036e+01
9.325312369042106297e+01
9.744463014940157564e+01
9.933613086868916753e+01
9.738571798259454226e+01
9.932497808079659762e+01
9.506388774419363585e+01
9.364032299112315627e+01
9.677447915065077666e+01
9.393694692784220024e+01
9.830127076211321935e+01
1.016606880197565772e+02
9.494119485006824277e+01
9.625562612028956266e+01
9.603815081470966675e+01
9.874037645561973875e+01
9.418034122570786337e+01
9.557101906497126720e+01
9.438371579115715804e+01
9.652840331136647478e+01
9.828037320994495474e+01
9.501128476840216308e+01
9.499425090588250953e+01
9.747070025610695154e+01
9.399096160751270190e+01
9.777806638218029889e+01
9.545429970151683108e+01
9.850061506582235893e+01
9.264432782522565901e+01
9.593145657499157153e+01
1.005318500547518141e+02
9.854935906651370203e+01
9.704024522541418207e+01
9.358493606897185657e+01
9.718012269583213936e+01
9.463229199245544976e+01
9.799635271053136876e+01
1.012071714102631432e+02
9.714024752196122847e+01
9.570583737040361427e+01
9.848024265543736533e+01
9.686818211053902417e+01
9.544512901086963552e+01
9.491138045698927783e+01
9.706536074799217317e+01
9.545803528829281959e+01
9.335680525306381128e+01
1.006968540731482733e+02
9.228425628064070452e+01
9.982333743050732267e+01
9.371434588587842995e+01
9.293882782262745934e+01
9.766545774938481372e+01
9.255131125553204186e+01
9.397733393042702232e+01
9.932501370459782208e+01
9.476958398920841375e+01
1.015793720586594162e+02
9.592589662484839153e+01
9.418587722077522528e+01
9.722472871428962549e+01
9.785688716816305543e+01
9.107703532534300450e+01
9.649863257253932147e+01
9.308860026730229720e+01
9.831806659839870122e+01
9.988133930213486167e+01
9.352182366585537920e+01
9.691164036227908696e+01
9.927991475533330856e+01
9.576828107898290909e+01
9.421258463699551555e+01
1.007263047674763641e+02
9.382079758869488728e+01
9.717168921945540205e+01
9.831459166426544982e+01
9.534368212501236428e+01
9.571933666290236431e+01
9.709679120072034664e+01
9.899767553744983672e+01
9.418394427399671542e+01
1.007691101252219710e+02
9.391264866767136255e+01
9.766903212217121677e+01
9.976953677445719393e+01
1.006388552144906186e+02
9.090487027665059827e+01
9.586943691440761484e+01
9.540197028280044833e+01
9.608899053990239736e+01
9.294326265712547297e+01
9.548368135789942812e+01
9.441067820086900042e+01
9.473569810963144278e+01
9.610978048902045145e+01
9.717872585806530594e+01
9.725027594412316034e+01
9.859841359299896624e+01
9.859753058579886442e+01
9.688554075946038324e+01
9.246691323162094989e+01
9.857774618008690481e+01
8.922577165583508929e+01
9.422870755700249390e+01
9.913685694271055127e+01
9.819390921148387008e+01
9.306167272415193281e+01
9.621284707215103538e+01
9.711466641136577493e+01
9.534412916632571466e+01
9.852948026402224002e+01
9.304634121996676299e+01
9.500983011769591258e+01
9.489395738557102788e+01
9.744996885942951792e+01
9.815471449889449218e+01
9.707979151370251714e+01
9.808944568431533639e+01
9.393822103624964370e+01
1.022327075002803980e+02
9.627991739617395694e+01
9.516029134044798354e+01
9.560448200847265809e+01
1.015875389263503052e+02
9.893585769473314429e+01
9.929203783809833794e+01
9.351446090306970405e+01
9.933873472118158077e+01
9.591589658291448472e+01
9.466716927578761442e+01
9.517108516013813357e+01
9.951974646119241186e+01
9.959092694650766475e+01
9.164523806468879741e+01
9.454295081926872513e+01
9.399460280646148647e+01
9.721913388690218483e+01
9.532079527289864984e+01
9.652076662212144242e+01
9.619792587167843578e+01
8.961509975216343094e+01
9.450393949072682176e+01
9.979468813444580633e+01
9.730642249425515899e+01
9.417152735005932129e+01
9.737058419037312262e+01
9.841537710424626084e+01
9.803771324770360707e+01
9.424443125584076597e+01
9.541901510889159965e+01
9.521563110250158957e+01
9.965523174858140010e+01
9.806574714959297978e+01
9.582735263661423630e+01
9.164321099845145113e+01
9.727544911129143657e+01
9.404739493749585222e+01
9.700378989406371488e+01
9.270192781744501076e+01
9.623824129699444541e+01
9.811889854745311368e+01
9.644978494387390811e+01
9.485265398304196083e+01
9.511074797706005768e+01
9.584614176320152978e+01
9.476659724814865626e+01
9.863831031141647543e+01
9.391041308205235794e+01
1.001289599976123554e+02
1.017138980870281699e+02
9.666116731169188370e+01
9.920416836856546183e+01
9.450782599806309747e+01
9.678319573891836569e+01
9.213892623219938116e+01
9.782397478520390166e+01
9.811811638269092839e+01
9.139438904205211145e+01
9.817602905781367895e+01
9.515857307462231063e+01
9.534800499053734768e+01
9.876681031951834200e+01
9.549598694338401117e+01
9.570246669064195544e+01
9.690419025325405755e+01
9.685594934957387636e+01
9.468952575912719283e+01
9.533115679917840168e+01
9.084134788453953036e+01
9.479410169143002918e+01
9.605286964408401218e+01
9.671769843611356521e+01
9.762494644674805500e+01
9.321348184223155897e+01
9.136302720800344446e+01
9.431555747811881929e+01
9.281434691850130037e+01
9.544686477868745555e+01
9.435423317739785887e+01
9.477386770568503493e+01
9.729567279024787751e+01
9.872591896824356184e+01
1.002871548927440415e+02
9.731223477733448135e+01
9.597203481604546482e+01
9.687296027751696670e+01
9.410874191252159449e+01
9.370125910697387894e+01
9.688765561737336895e+01
9.588911009281272868e+01
9.807598471396147488e+01
9.844860132446623879e+01
1.003629432149930096e+02
9.400970200383551401e+01
9.487524882007188864e+01
9.216540206013016245e+01
9.647979605280680460e+01
9.268825700290466330e+01
9.811783575470163044e+01
9.177887546157906229e+01
9.111408813037330390e+01
9.522342859737689480e+01
9.607752372010422448e+01
9.794759403378451168e+01
9.501345464658128037e+01
9.789116523219037447e+01
9.378480296691296303e+01
9.528043432864284057e+01
9.459811376744643496e+01
9.490526842065025903e+01
8.952001057404301321e+01
9.463101744292876560e+01
9.406872366097097427e+01
9.839636687404649251e+01
9.628014278251657743e+01
9.250890905909602679e+01
8.906295384691284767e+01
9.993118300783449115e+01
9.379994082431885261e+01
9.565224779167837710e+01
9.607608744960380420e+01
9.470054809339110591e+01
9.548166461185419962e+01
9.399644002712292945e+01
9.300816217156972243e+01
9.977792034873044713e+01
9.521564115406253848e+01
9.033038717338230583e+01
9.501474239930068677e+01
9.495283530162140551e+01
1.012572962293046146e+02
9.841688199904815804e+01
9.705225351533165679e+01
9.955811043910730973e+01
1.011536942862432795e+02
9.561531220844064194e+01
1.001871504932599777e+02
9.702229588675790239e+01
9.766643144210689798e+01
9.679250133957971514e+01
9.354618975829316696e+01
9.651139802524839695e+01
9.516818222240523539e+01
9.385031040515576706e+01
9.632783535957678112e+01
9.477141025459077639e+01
9.789889415205138334e+01
9.865063471903916081e+01
9.799295019451196254e+01
9.632737713109429478e+01
9.481077136142785378e+01
9.053614511019131328e+01
9.516171247843537628e+01
9.931638748729270105e+01
1.010516841128943071e+02
9.423768910183264325e+01
9.650175450030646118e+01
9.850233502645619410e+01
1.026341041296465733e+02
9.751440859734182709e+01
9.786041906464262752e+01
9.582959023934927245e+01
1.024403537844969634e+02
9.061138946104000524e+01
9.499932397037751741e+01
9.224672016098622862e+01
9.625993554694956345e+01
9.638803352353966147e+01
9.308542186304671873e+01
9.782288484166429043e+01
9.777744468397237654e+01
9.581853527044044938e+01
9.702048475168943753e+01
9.696835096202815407e+01
1.006003440704078855e+02
9.497339533368466391e+01
9.786631494935437559e+01
9.945527088518120706e+01
8.852730157966848878e+01
9.585360496215722037e+01
9.759064695772518405e+01
9.729219553372111307e+01
9.605621520806560909e+01
9.444691359554526855e+01
9.644632713135662527e+01
9.629149160634700877e+01
9.648824187829788457e+01
9.494177782059223603e+01
9.698857254408677875e+01
9.784157415825913517e+01
9.914077068452887431e+01
9.580782086465222847e+01
9.652792655537373889e+01
9.821666328895638287e+01
9.132170673437234143e+01
9.624910038546295254e+01
1.007193976562375326e+02
9.312897248957500551e+01
9.646290080147832668e+01
9.803860553194691363e+01
9.531367470426793886e+01
9.718317689650125146e+01
9.599152153074194871e+01
9.324700367895290753e+01
9.739013285935034503e+01
9.734450008155367584e+01
9.552375056838579326e+01
9.620744408542304882e+01
9.479558257527455112e+01
9.989464822906930408e+01
9.850066750044470609e+01
9.443100576999115958e+01
9.769634154969585893e+01
9.414560129556792845e+01
9.523995195315137607e+01
9.910924385044610574e+01
9.486834973033957397e+01
9.632349395764035194e+01
9.758454016299170064e+01
9.622768500766797217e+01
9.629242247266657273e+01
9.505023973749078436e+01
9.452432898027980457e+01
1.011979442759485863e+02
9.475711153365026007e+01
9.674852965688927497e+01
9.832802262059840359e+01
9.456653516564523443e+01
9.867587661094201223e+01
9.417485193662304255e+01
1.008933248120441135e+02
9.847004386607552817e+01
9.706973079629494805e+01
9.421764502493242333e+01
9.528951064593199760e+01
9.905279594743932137e+01
9.882318191476491620e+01
9.568834586006485665e+01
9.485436901422660583e+01
9.684688063992852847e+01
9.930944968658826610e+01
9.460810891324665306e+01
9.392022291826874891e+01
9.398816100235968918e+01
9.342942093851289087e+01
9.096850852121468733e+01
9.966899198416192007e+01
9.295042673593191296e+01
9.456036464592273205e+01
9.590652203085859639e+01
9.967596362920104980e+01
9.669558601934726028e+01
9.887566185509201944e+01
9.664939212387787393e+01
9.614505137060736217e+01
9.629090244119397823e+01
9.411601048128383695e+01
9.559546496339602584e+01
1.004919198554564872e+02
9.772723630716019727e+01
9.572412719924825808e+01
9.415517985895110087e+01
9.479259345614242704e+01
9.509123122949455365e+01
9.554083998815656287e+01
9.823334090102760285e+01
9.361369550099409764e+01
9.572683665991645796e+01
9.913969551150526627e+01
9.900627227517340145e+01
9.663989069859022152e+01
9.092097352284842771e+01
9.445555325036866634e+01
1.001226691487969731e+02
9.524165244900521543e+01
9.619033925674354180e+01
9.561205714266003497e+01
9.772486181637552249e+01
9.373152535691225751e+01
9.870876328874685157e+01
9.701691667850784029e+01
9.790323579439679236e+01
9.949428772881708483e+01
9.436910360134669418e+01
9.322713676347775902e+01
9.561378229937842832e+01
9.868150945972061550e+01
9.563947955437534176e+01
9.594660042297181235e+01
9.074565523903049780e+01
9.770453081643982784e+01
9.596500917067335479e+01
9.914055934316702690e+01
1.008237599781027143e+02
9.297633180410447551e+01
9.651083378000254243e+01
9.306731778416707357e+01
9.730391162732834687e+01
9.597554935584862790e+01
9.770765373662197817e+01
9.841814279668940912e+01
9.964114105050285275e+01
9.853984462397647803e+01
9.441869338342085882e+01
9.414546256834202609e+01
9.803789643885200178e+01
9.894223807093196399e+01
9.636313369294700237e+01
9.780490710616477656e+01
9.646347014764079120e+01
9.657032908238733171e+01
9.213120941287398580e+01
1.003260675337507450e+02
9.531607717971763805e+01
9.112842093051307302e+01
9.681208008010457888e+01
9.102432483665648988e+01
9.318867947797414786e+01
9.702395030538927756e+01
9.658373124103360396e+01
9.631536634179657597e+01
9.678355784870325351e+01
9.251515096348087752e+01
9.641912126738617417e+01
9.822987079696893886e+01
9.397748901912159170e+01
9.472370582092335667e+01
9.936025075210790192e+01
9.702808235118097002e+01
9.571672438929218174e+01
9.510128816059473422e+01
9.822120910082837497e+01
1.001353305844835688e+02
9.367464399167745626e+01
9.847593806665437910e+01
9.821714188153414682e+01
9.772668463056169230e+01
9.443849735603347995e+01
9.364720343758159515e+01
9.881686757490678019e+01
9.682721649708081202e+01
9.367188689962607384e+01
9.582063118049963180e+01
9.778174941958761224e+01
9.359487639158216155e+01
9.661550706221261464e+01
9.398300885362790780e+01
9.483204634727186999e+01
9.129727354085873969e+01
9.526220914114702509e+01
1.020004370783309326e+02
9.434183687092293269e+01
9.604220683279775983e+01
9.612225643939112274e+01
9.724158497736937079e+01
9.870105689754005596e+01
9.528882996441447517e+01
9.435745911003706965e+01
9.502967511926694044e+01
9.463490663685576010e+01
9.930168278277818672e+01
9.741868686900541263e+01
9.042398011486018561e+01
9.926787042934199690e+01
9.097794680318374105e+01
9.547959399122498780e+01
9.699084204587462921e+01
9.851433330516883302e+01
9.297600453148831434e+01
9.106491027478116962e+01
9.441486213326545851e+01
9.408783909983836224e+01
9.226573839170497138e+01
9.369405926670754070e+01
9.321662683771167224e+01
