1.322145089048425746e+02
1.326230424485770527e+02
1.352306409717834299e+02
1.362561083248471050e+02
1.304394550884499324e+02
1.376563692631804656e+02
1.276464463779219329e+02
1.306201856121735432e+02
1.314934026735353712e+02
1.278879746072494470e+02
1.311906033149298594e+02
1.354937680207931976e+02
1.309782137482337703e+02
1.284093504712810159e+02
1.325662553312899377e+02
1.289391399425975919e+02
1.337188302553878145e+02
1.293077384591632324e+02
1.240511433304099995e+02
1.352701104161168359e+02
1.382540888667382148e+02
1.374511592365515469e+02
1.315183950415796801e+02
1.366880833819329553e+02
1.291250684838815630e+02
1.325673902648124169e+02
1.338134910042671208e+02
1.289100513129729109e+02
1.365040515934762766e+02
1.303569420532266747e+02
1.329190664462482516e+02
1.338886506925956041e+02
1.339535468126807132e+02
1.286545967915765800e+02
1.292648661999294575e+02
1.372446649777817242e+02
1.431356271543513969e+02
1.325495040597274965e+02
1.267557232044201641e+02
1.278208230819402189e+02
1.272652330654176751e+02
1.299412685036911910e+02
1.312148333046054631e+02
1.274761730979219863e+02
1.363409807812304280e+02
1.369188822252743023e+02
1.364076185898420590e+02
1.358173629141365666e+02
1.266530137301276824e+02
1.357210261558468858e+02
1.304286047156437007e+02
1.313116921309796510e+02
1.306098768934029408e+02
1.373341326718836228e+02
1.307700549745709964e+02
1.307993020637800043e+02
1.400755740879345694e+02
1.295084255424118282e+02
1.298940260298353166e+02
1.310007660605019169e+02
1.317435465325672794e+02
1.333742265640026403e+02
1.264127942666282252e+02
1.339132339756347676e+02
1.269332510386330028e+02
1.351025668827383299e+02
1.290147889236654066e+02
1.400450232246505209e+02
1.333822707913319050e+02
1.346397457728294853e+02
1.418882307731475123e+02
1.359557812686273053e+02
1.291042489935101401e+02
1.294375996893150216e+02
1.349255664463371431e+02
1.357416805835458717e+02
1.327619356104844144e+02
1.294634754974198074e+02
1.334093752716601955e+02
1.359063766249167600e+02
1.346185517111601939e+02
1.339921159101607770e+02
1.322472671763341339e+02
1.279407958824290574e+02
1.396156866120824134e+02
1.319016014443536449e+02
1.335134536413750652e+02
1.331645363374885278e+02
1.244804940128920663e+02
1.334932695214120599e+02
1.362896106898204778e+02
1.335523042173742283e+02
1.360959722564545018e+02
1.389064509522094681e+02
1.305233538147592185e+02
1.308062582754155585e+02
1.294737376528533446e+02
1.284562834531014062e+02
1.347534400332259565e+02
1.331193571577524608e+02
1.330655274555586232e+02
1.365719841687821940e+02
1.234909512734695340e+02
1.296262958474399056e+02
1.348206265129978760e+02
1.357830040985984681e+02
1.370369754975016292e+02
1.303196458949777821e+02
1.333458493836272112e+02
1.286685721744315174e+02
1.363227955172112615e+02
1.363726802231608701e+02
1.386269866699030615e+02
1.300982087003445713e+02
1.374361094673071477e+02
1.376769496112620459e+02
1.409625623144279416e+02
1.347505075466400228e+02
1.336574969594675224e+02
1.374134035248283396e+02
1.300498644948485776e+02
1.371325216117408559e+02
1.261606615305765473e+02
1.303904935388831632e+02
1.382198976178893872e+02
1.320349465455147993e+02
1.309866988981638940e+02
1.350771993498769916e+02
1.260676623984367097e+02
1.335688104596027017e+02
1.373227125480323707e+02
1.327043064394620444e+02
1.337855486509378693e+02
1.275918057315453780e+02
1.371921733663884595e+02
1.339078212701305688e+02
1.334576285221792489e+02
1.361267707335217949e+02
1.379730734877251166e+02
1.285006678871198744e+02
1.296039243231721798e+02
1.347477660508585871e+02
1.304705658390759027e+02
1.317899647646398194e+02
1.425709846985151614e+02
1.362694286266115853e+02
1.362455416741816521e+02
1.387657013953153182e+02
1.381846498633103977e+02
1.300512858052188676e+02
1.358879832047790330e+02
1.365812141707143894e+02
1.268079259535392112e+02
1.370369044177400895e+02
1.360492683994828838e+02
1.345764852773781968e+02
1.291951986876554201e+02
1.301258181366532938e+02
1.385441459264961850e+02
1.316542661811270705e+02
1.268646806892515855e+02
1.371737723692089617e+02
1.292649223353175785e+02
1.264573341800448674e+02
1.342830210865145375e+02
1.325312783166631618e+02
1.314024284115110390e+02
1.322891946576188502e+02
1.263561641536663700e+02
1.314044497750907396e+02
1.351931115487229533e+02
1.287895457371978125e+02
1.317092608897772834e+02
1.240496493338359727e+02
1.380958959810012630e+02
1.365823512353138085e+02
1.318205626331117060e+02
1.356021531365590818e+02
1.410163391078224038e+02
1.296846268543737040e+02
1.327305504131256555e+02
1.317578907400722699e+02
1.342166750236326891e+02
1.284505827905912270e+02
1.339406765332679754e+02
1.329615664620486086e+02
1.312816254544169396e+02
1.296195547628242650e+02
1.326518177327626518e+02
1.339888233506686959e+02
1.335033732659753127e+02
1.248214654317646080e+02
1.349908891243140658e+02
1.291024526163848236e+02
1.302539805977445440e+02
1.306282038489653985e+02
1.365647618743500686e+02
1.365939573460225915e+02
1.322407438029476623e+02
1.303284579048304010e+02
1.250464416615241277e+02
1.332688118019412968e+02
1.306707121035659043e+02
1.280824449360448796e+02
1.313924672483314282e+02
1.326986836765280771e+02
1.389872254093332344e+02
1.377822690364764924e+02
1.324180666432203282e+02
1.277711284433625849e+02
1.261412606266532777e+02
1.332337515337376885e+02
1.335321232080015079e+02
1.326667397231662733e+02
1.357001745499295851e+02
1.293254324743809036e+02
1.372845157926753359e+02
1.284245290166289806e+02
1.303786846166899522e+02
1.354676794417120220e+02
1.334919711284878758e+02
1.380404059017248812e+02
1.323669836574026135e+02
1.323977010893637782e+02
1.314486464961438514e+02
1.371243922809190110e+02
1.318464880703309063e+02
1.300701390717075014e+02
1.324044731415979470e+02
1.286841118647515430e+02
1.382928896067176652e+02
1.365000519245972441e+02
1.359416184875518638e+02
1.324237320175815569e+02
1.325372791374562951e+02
1.302846999983708827e+02
1.345041169055470789e+02
1.313281353689467039e+02
1.272664189979523144e+02
1.365520423744548566e+02
1.339651982837780224e+02
1.297147910827621331e+02
1.304345098739111108e+02
1.289173500519049753e+02
1.341391448691053085e+02
1.265645087779651305e+02
1.354785091742296004e+02
1.299032552322817082e+02
1.344173853930305427e+02
1.349848795743144194e+02
1.315870260506206080e+02
1.309050227079444255e+02
1.358433038331782257e+02
1.292537622376555930e+02
1.343128702719081957e+02
1.348790368960725630e+02
1.316262682374458564e+02
1.322852286340718990e+02
1.363459835424564517e+02
1.323086691498093330e+02
1.376041855665826574e+02
1.270053481598237397e+02
1.368900662056074680e+02
1.342807859771747871e+02
1.317449672161698686e+02
1.349228273530878255e+02
1.307350216518458126e+02
1.300387515937968033e+02
1.378148846732813695e+02
1.224712091511415224e+02
1.269512152100405586e+02
1.305524278794844975e+02
1.349399540948419371e+02
1.253100572919932176e+02
1.292696003412462176e+02
1.309675225442350097e+02
1.356932297882563603e+02
1.313801547696512841e+02
1.295978260889065439e+02
1.365169638615889767e+02
1.345823174052985109e+02
1.298417140394384717e+02
1.314335859014376240e+02
1.311851564862172097e+02
1.370034696701189603e+02
1.332107149400497690e+02
1.324632970581811264e+02
1.282071169635117371e+02
1.316928354932796310e+02
1.383115783394882499e+02
1.304381297144501559e+02
1.333467166047136629e+02
1.306439474078679552e+02
1.320737305161464690e+02
1.368908318226270637e+02
1.299218224734224805e+02
1.321231723558138924e+02
1.331405964767769206e+02
1.414057464827535568e+02
1.396068532626519243e+02
1.352770765136722844e+02
1.365513633992894711e+02
1.328407272817889293e+02
1.382207848341857073e+02
1.290023429945065061e+02
1.298967205458635021e+02
1.334214210837616861e+02
1.353859824370535989e+02
1.344082509212286993e+02
1.303316020355694036e+02
1.353653953654266502e+02
1.388741285223264867e+02
1.250361742634881921e+02
1.295101768002755875e+02
1.315994943276162132e+02
1.317513564427027859e+02
1.322853520745845515e+02
1.279903180129431348e+02
1.263682126888467820e+02
1.344001767119838746e+02
1.324786898261540102e+02
1.305340893031305143e+02
1.323286267123198456e+02
1.369853536681301023e+02
1.306930981705537818e+02
1.352759287117307281e+02
1.336900989754277589e+02
1.311924979636525279e+02
1.337335331951560136e+02
1.302803391686462362e+02
1.295069298635279722e+02
1.352781413251624940e+02
1.287447371359001522e+02
1.383524701222843589e+02
1.326851056868798651e+02
1.340725921573562403e+02
1.282159467075322823e+02
1.349496653961875552e+02
1.335843565049287349e+02
1.283872809622837110e+02
1.252705526360012271e+02
1.299514245096267189e+02
1.316770726866461132e+02
1.355489274870795384e+02
1.266304927399175853e+02
1.313404550084177629e+02
1.321793421212892952e+02
1.291394577321831321e+02
1.361838021755876582e+02
1.393017853672974979e+02
1.320770419283679189e+02
1.329290944126080376e+02
1.373468352332494931e+02
1.311378608558029271e+02
1.263582025680929064e+02
1.300519256369996697e+02
1.299478692749672177e+02
1.286451840411859280e+02
1.306995229888624124e+02
1.363885445455631782e+02
1.306768777593151469e+02
1.320598473817894103e+02
1.363973180951353470e+02
1.327474399762202495e+02
1.244261265343360208e+02
1.292368997780161806e+02
1.338364905281662516e+02
1.322706655580520589e+02
1.315103046686829202e+02
1.315286903409468948e+02
1.346314140462478406e+02
1.326331488250076518e+02
1.319648575160644270e+02
1.337017021746723913e+02
1.358086559446344666e+02
1.279162971388967520e+02
1.372766075834857986e+02
1.335079311959384256e+02
1.288736475817595704e+02
1.332878790705699714e+02
1.318865979294741635e+02
1.258804871640369214e+02
1.360053228546291848e+02
1.308605052670409066e+02
1.320262842662524463e+02
1.319748717517969965e+02
1.384266007103383629e+02
1.325990517946559635e+02
1.271535284985172893e+02
1.340816827656543069e+02
1.322335227817715122e+02
1.339355379902161758e+02
1.385269589115904978e+02
1.334784606665141098e+02
1.340682977571495655e+02
1.328643803632934919e+02
1.299371244469620592e+02
1.301849560534547834e+02
1.350706377759439079e+02
1.342119384794551706e+02
1.356003487573169082e+02
1.333755714007114648e+02
1.313241649209296042e+02
1.321529283412625944e+02
1.337969032824802582e+02
1.373225943332055010e+02
1.323075399852151861e+02
1.302419858325574467e+02
1.287757151858844793e+02
1.350256591824589236e+02
1.411403457118929623e+02
1.381417197552567302e+02
1.310270129246786439e+02
1.352464519021652620e+02
1.360892539781899302e+02
1.352293740177750010e+02
1.317532346940175216e+02
1.327302714503428831e+02
1.332451010273925363e+02
1.322644003071066550e+02
1.328854098798504140e+02
1.322622209958906581e+02
1.298264488390652787e+02
1.317485107733769780e+02
1.394088156956371165e+02
1.295995811110710179e+02
1.282685299104355749e+02
1.332350507021519093e+02
1.274031794026406601e+02
1.235958309928905265e+02
1.350882954024848743e+02
1.354879114295851537e+02
1.294843204398556225e+02
1.329310529798879372e+02
1.307461728130946312e+02
1.365636218887893278e+02
1.396500394502686504e+02
1.399868459620668091e+02
1.321728533830751076e+02
1.295153037750538374e+02
1.306511210798594789e+02
1.341734296439770731e+02
1.365716015703815458e+02
1.327813508443932449e+02
1.335461731574226576e+02
1.305486055310648510e+02
1.357543430797090878e+02
1.335962207578630512e+02
1.335541127284695051e+02
1.329034288386159517e+02
1.297436491706047264e+02
1.378305328763576085e+02
1.315379925443986622e+02
1.318353541999275080e+02
1.325964892476133343e+02
1.366123254692392663e+02
1.403739242200338424e+02
1.327297395137256615e+02
1.364209979088688272e+02
1.291232477935205623e+02
1.298568118690289452e+02
1.366151670623841596e+02
1.343256572560637778e+02
1.301496029836335140e+02
1.256015817142369286e+02
1.303143248697387264e+02
1.358249595115078989e+02
1.295341409945096700e+02
1.353388407601179892e+02
1.321768632199752460e+02
1.370591019992667441e+02
1.328733760415993856e+02
1.322775157362625293e+02
1.331874961028604787e+02
1.322936165873054790e+02
1.358583940870977074e+02
1.329678012359528338e+02
1.385228365336495813e+02
1.367728688689043395e+02
1.292626572874393105e+02
1.320083154177200981e+02
1.343589195912205412e+02
1.310033689225964224e+02
1.299737820643486828e+02
1.326546963169398055e+02
1.401132705788469366e+02
1.369905996410551552e+02
1.322409073395700432e+02
1.347947960294869461e+02
1.393782891198118818e+02
1.322571180237769113e+02
1.322316382697860604e+02
1.348320877189067915e+02
1.343626300508362021e+02
1.346587373291261542e+02
1.327744961248475875e+02
1.306925768158285734e+02
1.282739449315157572e+02
1.294262074958944595e+02
1.304984559865056895e+02
1.322259545192009966e+02
1.313672419487240006e+02
1.312375862395014110e+02
1.341152980954437339e+02
1.335555931724065033e+02
1.353478663542170466e+02
1.287848376851782177e+02
1.270948407592017730e+02
1.293525034665694875e+02
1.320490477830927603e+02
1.293040200549822885e+02
1.322482212760390610e+02
1.346254032560323424e+02
1.362710633844646679e+02
1.335255748347050258e+02
1.345117491966657894e+02
1.270943369899977426e+02
1.320753325800803566e+02
1.294014222157672123e+02
1.305276232003712380e+02
1.322813724461652782e+02
1.296494416793706534e+02
1.301512614769233664e+02
1.388154411622228679e+02
1.303318226425250259e+02
1.350954990837190905e+02
1.317364002359745143e+02
1.340940420028184121e+02
1.305560458813084210e+02
1.309533419923158419e+02
1.392526514750039439e+02
1.354365435961579465e+02
1.364193388320455256e+02
1.330726945260670959e+02
1.398769708627341970e+02
1.297121502180315815e+02
1.355161600929278052e+02
1.382177076359512569e+02
1.363377246719401228e+02
1.325584726266519624e+02
1.393718111196883740e+02
1.342109013711938417e+02
1.308183050746768288e+02
1.251933877282054937e+02
1.332720624677314163e+02
1.339085196017273631e+02
1.305484671355076216e+02
1.329597784238422946e+02
1.315671244676539970e+02
1.375047305563409452e+02
1.301425712341514043e+02
1.338618806051152035e+02
1.310846378357210256e+02
1.262329836071603211e+02
1.295355641179469899e+02
1.312300292444258218e+02
1.282613507252171985e+02
1.351465521883203564e+02
1.321797212439283555e+02
1.331724424885134397e+02
1.276496406040802611e+02
1.308506420375523476e+02
1.240836271157218391e+02
1.303481344305110099e+02
1.250967968428419823e+02
1.312346060546608726e+02
1.242025616264732548e+02
1.284030333653432194e+02
1.303358202379224906e+02
1.313557887862398559e+02
1.353152101781652448e+02
1.332877079606994073e+02
1.229193647563254927e+02
1.284592871205342135e+02
1.321172082061726201e+02
1.346849691400200015e+02
1.340480082295730142e+02
1.295642135374920656e+02
1.330761725459333320e+02
1.300730648579601336e+02
1.315588813680649594e+02
1.322612764868783017e+02
1.301576202766429446e+02
1.289052186998452498e+02
1.357407826901879560e+02
1.325756007146109710e+02
1.343568952017258766e+02
1.369340675431785144e+02
1.273930557499560194e+02
1.349414238932159549e+02
1.339990223623974828e+02
1.301434910576556945e+02
1.322879820719067538e+02
1.385808605231992772e+02
1.222903178489450084e+02
1.313185029873855285e+02
1.377759896951347685e+02
1.339421966100648262e+02
1.384115706639523182e+02
1.352701157094099074e+02
1.277839642967898612e+02
1.307568045649105386e+02
1.321888470673259235e+02
1.368212029659668758e+02
1.269459984983515426e+02
1.322201466577284634e+02
1.367352945921701917e+02
1.311937722402146846e+02
1.392700441373214346e+02
1.296842625120272601e+02
1.299773421270304254e+02
1.405476268152962689e+02
1.219879654571998628e+02
1.266196478677635042e+02
1.373129131105182807e+02
1.301036775565162316e+02
1.297152880427600792e+02
1.338602770258054022e+02
1.315475233039766181e+02
1.313493163808618078e+02
1.304604941140714232e+02
1.261842979773508375e+02
1.321597221585089414e+02
1.356114522731828913e+02
1.270331024468602266e+02
1.332662270015407842e+02
1.276290177110480641e+02
1.340092801206616855e+02
1.350751082606817590e+02
1.331842325173573158e+02
1.358757686428794784e+02
1.316735645113968189e+02
1.292286168743933672e+02
1.303165101741583101e+02
1.306264874181242419e+02
1.311675912186349819e+02
1.331679255897300038e+02
1.367862806011872863e+02
1.353837660936322322e+02
1.329292554681461809e+02
1.347484960784516375e+02
1.343843528331087498e+02
1.257649807784897718e+02
1.325670586096244961e+02
1.336568174551522077e+02
1.379925601787205949e+02
1.378148097695083152e+02
1.353066102799911050e+02
1.335947487056568832e+02
1.349947925417351655e+02
1.358146098634907162e+02
1.271236486250736704e+02
1.343582128459522664e+02
1.348706292804509701e+02
1.315901475259902895e+02
1.372429924011855462e+02
1.357339810330825856e+02
1.356563665269894159e+02
1.308104114309603005e+02
1.333107949494419984e+02
1.285575804947741858e+02
1.372942925887517447e+02
1.361330373556568532e+02
1.380543483098823287e+02
1.311214164963099051e+02
1.330109756441431728e+02
1.321260341697997660e+02
1.345768696035277685e+02
1.347368803073614743e+02
1.388214804589599396e+02
1.258147065038255050e+02
1.316746483619203900e+02
1.337770568412425689e+02
1.392132120871115148e+02
1.346630575389233968e+02
1.337115176177847786e+02
1.357998345394264277e+02
1.333301133464583188e+02
1.305362031761402761e+02
1.302324840091109763e+02
1.341401242471671367e+02
1.315798990641338548e+02
1.365326139272395665e+02
1.346417259506856396e+02
1.314154963402635303e+02
1.328529762805619612e+02
1.268749059765190879e+02
1.335881929902159868e+02
1.366159520192769605e+02
1.359790731681455895e+02
1.314600586163689400e+02
1.326948259953275624e+02
1.308037296032621555e+02
1.351433311707831990e+02
1.371469080064562434e+02
1.293014608494706010e+02
1.347300763886982509e+02
1.367848516048917986e+02
1.331115260140659871e+02
1.341061046440413236e+02
1.326543728353180711e+02
1.384693915484524780e+02
1.282263860579390382e+02
1.287433142939899540e+02
1.360035171850176994e+02
1.356921382006457009e+02
1.373670305976003760e+02
1.310267437520461158e+02
1.305488514424779112e+02
1.295652918264323432e+02
1.278061958498278443e+02
1.316536731686570647e+02
1.244352154345974384e+02
1.392881163976773564e+02
1.384409538063879950e+02
1.293189520838040494e+02
1.354449734111598787e+02
1.315573296117974564e+02
1.363322029983858386e+02
1.289445100645504283e+02
1.375667459054278083e+02
1.320227807354145568e+02
1.369832344786360352e+02
1.278618561831935665e+02
1.273290056809610320e+02
1.307612798212988707e+02
1.360009514630816341e+02
1.364750016599961100e+02
1.348224132367274422e+02
1.307761378367539464e+02
1.275483083557665651e+02
1.335060918315169260e+02
1.372739014235943387e+02
1.317811698537755944e+02
1.373705660552611221e+02
1.283414693731505167e+02
1.329856885053480084e+02
1.279900761206792481e+02
1.310787382351105066e+02
1.336306644388994016e+02
1.338960277653371520e+02
1.326647216728084402e+02
1.270798596844991550e+02
1.297203821563159636e+02
1.294817588566989741e+02
1.335281347213618517e+02
1.283513426704443248e+02
1.323703558074086288e+02
1.326155427385897383e+02
1.335650530944938623e+02
1.320893324373028008e+02
1.368187776718577595e+02
1.302212564414220992e+02
1.346239825609862919e+02
1.340507239615192248e+02
1.322285316948628235e+02
1.253200300167782899e+02
1.357741036940187769e+02
1.267653622410494592e+02
1.334725047786788537e+02
1.323210984217038231e+02
1.320620010708043424e+02
1.335383830588768035e+02
1.367319274803371627e+02
1.386190013630505007e+02
1.328279511257362628e+02
1.321768590910378407e+02
1.320130665710915707e+02
1.357187952024628999e+02
1.354841143774264367e+02
1.308379262617814618e+02
1.337748949385212427e+02
1.316081552382618725e+02
1.348850728414742548e+02
1.304675825101685120e+02
1.318232511973323255e+02
1.333364164511179126e+02
1.327572944217556596e+02
1.364278113766865204e+02
1.354348036595833094e+02
1.337933468006669102e+02
1.321103758204367580e+02
1.313250913835183553e+02
1.343002613824884577e+02
1.318601798894195269e+02
1.271405489816927314e+02
1.302647952589670126e+02
1.307864353178843260e+02
1.333660166548901884e+02
1.389922046299462579e+02
1.364977502827050273e+02
1.276696118171594634e+02
1.257029737117723727e+02
1.374499817661127565e+02
1.308465114320781879e+02
1.293639776590895565e+02
1.347011998869879790e+02
1.319689128389887003e+02
1.328224047657584208e+02
1.339075123007136483e+02
1.380425211488752097e+02
1.299814791581084421e+02
1.301324194821977756e+02
1.240401312444407864e+02
1.290661198888008983e+02
1.322962920208476589e+02
1.285762963062551307e+02
1.305094726510670284e+02
1.285320883849285281e+02
1.369694972567177729e+02
1.269441601950146321e+02
1.367285597245511894e+02
1.298471046255621673e+02
1.315801168329743120e+02
1.326584478977055710e+02
1.304233596207212429e+02
1.266018681965796020e+02
1.307022459244456911e+02
1.349702316199101801e+02
1.355019455296854574e+02
1.334079431944801399e+02
1.306421172614294335e+02
1.275059987394551086e+02
1.336122296865497106e+02
1.329703930129592493e+02
1.326376932477981541e+02
1.245573832164978114e+02
1.363401615668601607e+02
1.304429872044886451e+02
1.414273134326976447e+02
1.383856291092638457e+02
1.315324200453884771e+02
1.324949437772895067e+02
1.362553251738102631e+02
1.328340126511218102e+02
1.306880323308845675e+02
1.312908276396455847e+02
1.383475104522458707e+02
1.288688008433235836e+02
1.342528952592569738e+02
1.322152251757752026e+02
1.303240124607076496e+02
1.273365758350823853e+02
1.340906942346803135e+02
1.331199743708527876e+02
1.356426110775880716e+02
1.323883512113056042e+02
1.356445893396343081e+02
1.276154173952602804e+02
1.265407897376991855e+02
1.343334668524938422e+02
1.325002161277384403e+02
1.263449321018024989e+02
1.340967021739289748e+02
1.361654345092271114e+02
1.303051919919072645e+02
1.334199400129853927e+02
1.366565670356443718e+02
1.270362026571866068e+02
1.373053547530037974e+02
1.302417984709123289e+02
1.363024081183381497e+02
1.333163020242321863e+02
1.285888094388574530e+02
1.324447623017382227e+02
1.307020945204147893e+02
1.303846319109410672e+02
1.327933537257087835e+02
1.298877646305393796e+02
1.315372078204185868e+02
1.314794960190947677e+02
1.342620970689733326e+02
1.325434646452495713e+02
1.346501427525772954e+02
1.338487153626608119e+02
1.333332338629053595e+02
1.286123492158758381e+02
1.346479755162719414e+02
1.414603145558546657e+02
1.316332119852930589e+02
1.337975134545190201e+02
1.269579107698007903e+02
1.270714834886460380e+02
1.300866996101905215e+02
1.287506912815129283e+02
1.354150294439641868e+02
1.300564951938919478e+02
1.307924653371402428e+02
1.351807118791171547e+02
1.272419202236434757e+02
1.373872714242184543e+02
1.304108755219668012e+02
1.342511465251949403e+02
1.328700025443227446e+02
1.404525508589125025e+02
1.276698870418790079e+02
1.313590205735651182e+02
1.359733837707800319e+02
1.369126034246139341e+02
1.287397342896924499e+02
1.310196503012515450e+02
1.245836338513772432e+02
1.345469567563729925e+02
1.392013120102548100e+02
1.299698994467830175e+02
1.304769188981446462e+02
1.348995204901582383e+02
1.321504896914588016e+02
1.303824715830225784e+02
1.305902438510690047e+02
1.266173111631185435e+02
1.291849931057817571e+02
1.270061203393962899e+02
1.368982374293948396e+02
1.261838045444994094e+02
1.294993470673022955e+02
1.280810159700108386e+02
1.291209958920822771e+02
1.343622012607273746e+02
1.314263331712344609e+02
1.366095532765745872e+02
1.332281683354453321e+02
1.279092582219307843e+02
1.293708652081716650e+02
1.242582888519541200e+02
1.277462306092426019e+02
1.315464980922451161e+02
1.292924783577057610e+02
1.331253066239541454e+02
1.354576032637728531e+02
1.270222520232192238e+02
1.317824606196836044e+02
1.366042537190939470e+02
1.367067076643781434e+02
1.357982720640120249e+02
1.351917895847790021e+02
1.340725769564200220e+02
1.345590203424675622e+02
1.316085503284467109e+02
1.267410715877442158e+02
1.291348849633687621e+02
1.360363289747183444e+02
1.352780876124679423e+02
1.294874762425360473e+02
1.302702676917818678e+02
1.368576249722269154e+02
1.461904315806098396e+02
1.306724313182881758e+02
1.345396088618453518e+02
1.351281310545596455e+02
1.304951860263252286e+02
1.335074833216542345e+02
1.331849326102606028e+02
1.245085167407795410e+02
1.275543206580737063e+02
1.313244642857578697e+02
1.359967123494083125e+02
1.306525384437591413e+02
1.358835188700954006e+02
1.327416890966689493e+02
1.312113071599512466e+02
1.327895499944018809e+02
1.328382820412114427e+02
1.390140687457823105e+02
1.302440507676443247e+02
1.258725987973907507e+02
1.361966047098425179e+02
1.362543937696627268e+02
1.326268205105124594e+02
1.326804309101011938e+02
1.314405384272875210e+02
1.356800386816711068e+02
1.331901114004818680e+02
1.225791282759602723e+02
1.342557742811700905e+02
1.341617830384408023e+02
1.269030672539081905e+02
1.343511915170164741e+02
1.265704572539089128e+02
1.382808310024467460e+02
1.350311628900450671e+02
1.313670298319887593e+02
1.296381230412579555e+02
1.301647678047047236e+02
1.260014727289347007e+02
1.291491110292190001e+02
1.370094352230264292e+02
1.316889285668243588e+02
1.296259215802505480e+02
1.215823777811669117e+02
1.303307447482223154e+02
1.346218168699798525e+02
1.334482632981429333e+02
1.301802006903284621e+02
1.259282898160790580e+02
1.295111668417694943e+02
1.335167489062220909e+02
1.377499271149350477e+02
1.316045525077811078e+02
1.304535436324451041e+02
