8.016638208167135815e+01
7.831082320986836010e+01
7.788361853915358779e+01
7.876036938575821011e+01
7.998431552371478404e+01
8.056030552092551034e+01
8.020022724387536073e+01
7.933571171383800902e+01
7.739093119355496242e+01
7.986613134283595627e+01
8.129997307644975990e+01
8.248364664374865640e+01
8.046297023591213815e+01
8.055896273472066582e+01
8.210336317546445173e+01
8.103577725310857716e+01
8.059147307598477994e+01
8.109381758467274892e+01
8.126246386979707381e+01
8.014832297345081713e+01
8.160054855382630024e+01
8.158567563267050105e+01
7.679676789810839921e+01
8.030421728054933794e+01
7.787945820095468719e+01
8.185700706569622298e+01
8.178196691028252019e+01
8.016509048014678740e+01
7.914344453516628164e+01
7.931739148673271700e+01
7.561255175029388909e+01
8.001300429042892404e+01
8.005957480194344100e+01
7.786667025545123977e+01
7.744861258548095861e+01
8.083919727078688311e+01
8.270710106640591164e+01
7.952090264344124648e+01
7.726600514679034859e+01
7.784327894183047647e+01
8.164304989659883915e+01
8.193743470361934556e+01
7.829644652602317478e+01
8.073378786209401881e+01
7.672518732399466046e+01
8.242410904377472036e+01
7.940587382429950480e+01
8.239427960968886566e+01
7.893055748084206868e+01
7.549764676327764334e+01
7.901864787298927695e+01
7.757153254950881660e+01
8.130339983273329096e+01
8.037180665624102005e+01
7.988682131628992522e+01
7.501638789156280041e+01
7.722029361824191085e+01
7.759800702576559672e+01
7.859986025630742290e+01
7.899335347496158022e+01
8.002399112776512879e+01
8.105225170813579894e+01
7.824988711310874123e+01
7.877069662965799068e+01
8.080969749188965068e+01
7.538474200548898807e+01
7.939121806139344528e+01
8.082880370862497443e+01
7.671048870815434384e+01
7.939660882419188681e+01
7.774006019391060818e+01
8.237400751108864938e+01
8.124062253838005176e+01
8.173666301902458997e+01
7.917422932785338219e+01
7.897987196972528068e+01
7.389865235575499014e+01
7.840084770324058638e+01
8.510403859311630015e+01
8.008241837847693034e+01
7.894904479669934005e+01
8.052691951302377049e+01
7.663332583788213981e+01
7.830226060379465025e+01
7.814958560316669889e+01
7.682396463501197559e+01
7.583918439099515751e+01
8.098989903368416776e+01
8.129379344750510938e+01
7.522880975352053667e+01
7.778853898218197571e+01
7.807951201176804545e+01
7.925780032978502732e+01
7.915138020805905228e+01
7.653773665380165880e+01
7.986253720996415950e+01
7.762912452030330712e+01
8.012884537984645306e+01
8.292550063689022011e+01
7.962281096815942760e+01
7.696420601724892663e+01
8.010555885540982501e+01
7.969147043821656951e+01
7.798829777605216407e+01
8.020976678099523838e+01
7.924189567527277234e+01
7.586166101932785466e+01
7.946633243926592627e+01
8.070033188251761658e+01
7.802150342968322150e+01
7.879056154853418548e+01
7.947537174047113240e+01
7.858639922641506814e+01
7.860965445009478003e+01
7.759230630200461576e+01
7.896482742626568552e+01
7.734900314768901808e+01
8.149702727056066465e+01
8.180048264197326091e+01
7.843375196888565881e+01
7.753355759374041156e+01
7.955390745550857901e+01
7.645507439438743802e+01
7.920924355341556122e+01
8.098039601442768287e+01
7.940584434234598632e+01
7.697677876894620397e+01
7.796946343700962245e+01
7.611744286652424307e+01
8.016652756059173157e+01
7.632081675306652357e+01
8.092910049973959019e+01
8.232444770604081441e+01
8.035866056172557137e+01
7.894486381046768031e+01
7.986264313811653892e+01
7.983389797066854499e+01
7.832427159832325003e+01
7.848639752165365735e+01
8.231457212956401293e+01
7.930611962060852704e+01
7.834866452808562087e+01
7.749624340729046423e+01
7.775507848502645913e+01
7.869574080662954429e+01
7.663640758603570191e+01
7.925948346926946897e+01
8.226704904427923282e+01
7.899120029784093333e+01
7.909816947115103858e+01
7.868915076671270015e+01
7.720816477206693662e+01
7.923900637820810289e+01
8.163369739978743667e+01
8.143918414040066978e+01
7.925345547868887763e+01
7.910460775727894145e+01
7.868655000514917219e+01
8.287443632104974256e+01
7.950093507548479010e+01
7.872295522308183990e+01
7.553353485433369485e+01
7.737579919604424106e+01
7.924843498847526746e+01
8.210945725170961396e+01
7.841070816865119752e+01
8.158521688146373663e+01
7.945322161161560359e+01
8.158186873872432443e+01
7.923419829300874540e+01
7.879070958492792442e+01
8.113904588053425471e+01
7.637219749382202849e+01
7.733173930820304065e+01
8.131074126202129548e+01
8.212401541196051369e+01
7.827177297183827420e+01
7.599178482671970869e+01
7.961275031294832161e+01
8.192538957715511572e+01
7.951979941893499415e+01
7.762204209682055023e+01
7.989963433860873465e+01
7.900040013938888706e+01
8.188146738761999188e+01
8.086074739050329185e+01
7.880934712095174177e+01
7.741188881778026598e+01
8.178358114566901804e+01
7.871146842568518309e+01
8.026347371363280558e+01
7.855122338335860377e+01
7.843975165534656924e+01
8.154120343436584051e+01
7.812059334386597698e+01
7.972323706495375006e+01
7.904769899717898340e+01
7.938347821651835545e+01
7.882211289267979737e+01
7.593941756270085364e+01
7.672022947753210076e+01
7.898572886504993562e+01
8.222562962004336384e+01
7.847169016701361954e+01
8.064425041722847709e+01
8.458156954292491037e+01
7.988966165763817173e+01
7.837424971033506438e+01
7.964651404035137716e+01
7.896209110947381760e+01
8.043244072862120220e+01
7.904150420231789553e+01
7.801144171396498450e+01
8.133443012056551424e+01
7.961317856878571320e+01
8.158647128354367339e+01
8.212358938573743217e+01
7.958855198591471947e+01
8.253207978187069216e+01
7.689293120405247350e+01
7.899216158422584044e+01
7.847899951174150601e+01
7.922975489883256728e+01
8.119282771327496562e+01
8.281845853529999602e+01
7.837017096096960245e+01
7.827473966421692353e+01
8.228419889144871036e+01
8.079844855953794536e+01
7.998706515150946927e+01
7.867234528144769001e+01
8.343824421212001141e+01
7.838065267453386298e+01
8.032555005938861825e+01
7.698603108745452062e+01
8.090090958942423072e+01
8.014094023500588548e+01
8.049068918977835096e+01
8.382838271357613280e+01
7.633502617386164957e+01
8.068418254507285781e+01
8.094442625179593165e+01
8.145991550164239925e+01
7.948542693678807325e+01
7.943387384087816372e+01
7.910174059471303565e+01
8.030862929086649160e+01
8.297518764120189871e+01
8.128841508501282931e+01
7.746589640364166485e+01
8.051407578231543027e+01
7.739073105744020609e+01
8.054044208779814085e+01
7.965167289440758225e+01
8.218739679808457765e+01
8.286821030300188795e+01
7.807882878526213233e+01
7.847819432436477882e+01
8.117806407700886950e+01
7.364783336248386547e+01
8.155420059633496521e+01
8.019687113988632632e+01
7.807486895420274209e+01
8.087679515495069893e+01
8.087394529630869044e+01
8.118050629283047215e+01
7.816011106056552649e+01
8.015209340376654268e+01
8.106564516367159001e+01
7.865871199351533960e+01
7.822655836206655522e+01
7.885006133276658602e+01
8.076951427127934835e+01
8.072615662762810018e+01
7.756494897620576978e+01
8.067764599927777169e+01
7.933344451944812192e+01
7.743972394343738586e+01
8.012477392361110162e+01
8.062260654113153180e+01
7.829185225514413560e+01
8.015384702525011562e+01
8.025809125236632724e+01
7.937864074695362149e+01
7.803440263538155364e+01
8.026343652234949388e+01
8.001375975779819782e+01
7.931014440262566723e+01
7.696965400322551432e+01
8.041887922552851364e+01
7.661021011830128202e+01
8.137141886786065470e+01
8.036100994974474077e+01
7.724845240269051772e+01
7.604197141887556199e+01
8.083950847425172981e+01
8.049349743505280230e+01
8.355523354793103863e+01
7.929492591669881563e+01
8.495711886618560982e+01
7.811117295982738540e+01
7.740124748945125077e+01
7.896024392232449429e+01
8.264006541831366803e+01
8.148578763967864802e+01
8.299406879439307261e+01
8.043338179511817998e+01
7.955046510043221986e+01
7.969410975357028804e+01
8.035362318328222386e+01
8.011775045844981946e+01
7.744236711839451459e+01
7.515955635436097282e+01
7.910808930987762722e+01
7.988720675345423672e+01
7.407620846248576640e+01
7.877499413862804545e+01
7.751096634994824797e+01
7.867130948660405920e+01
8.044125927168110479e+01
7.832083571351110152e+01
8.131670086768541239e+01
8.192431362928884653e+01
7.777790234168050176e+01
8.058885561423106481e+01
7.805562704997160495e+01
7.665209004011033755e+01
7.676516210101488014e+01
7.951059572311200441e+01
7.972227009169544942e+01
7.706224743111202713e+01
7.883330050413893275e+01
8.116853872961246452e+01
7.534882377431397060e+01
7.876759936930653794e+01
7.998344157517466613e+01
7.668898924085898727e+01
7.886520935108325148e+01
7.774180334070199194e+01
7.691399654955573340e+01
7.713145908064244338e+01
7.959399183431287383e+01
7.892645757653916405e+01
7.638578719174300602e+01
7.928191877903914531e+01
8.101579360577341049e+01
7.716743297333633222e+01
8.026661178628523885e+01
7.858044739123963041e+01
8.167459013540454293e+01
8.096246711738194790e+01
7.816990394204883330e+01
7.918611817223998628e+01
7.950802371501367816e+01
7.953985524376928140e+01
7.766592530376226478e+01
8.008274484292628870e+01
7.987387832983444014e+01
8.176003908803792797e+01
8.094297600070582632e+01
8.067585399243908739e+01
7.821533276918077604e+01
7.845254559883851186e+01
7.612354081345661427e+01
8.255418529652453685e+01
7.670533980650995431e+01
8.077995281026818475e+01
7.981368815700923847e+01
7.792933075706019963e+01
7.854902012764269159e+01
8.011324728067097567e+01
7.860256791114437647e+01
8.044853680547460328e+01
8.198287336779152668e+01
7.821393160592307936e+01
8.076847856458564934e+01
7.958972896083879789e+01
7.981002191401816503e+01
7.893478018780832883e+01
8.063485802890640741e+01
7.845842305078122081e+01
7.646644981012117626e+01
7.759507658031427013e+01
7.841504047579672942e+01
7.986531248007662498e+01
7.903104000515818939e+01
7.839346918645100004e+01
7.952535669986906441e+01
7.825784618645793955e+01
8.002259728676571626e+01
7.792892235079206387e+01
8.168704404477108483e+01
7.666556277243947193e+01
8.046600638999333910e+01
7.884259720389273696e+01
7.969815120608143388e+01
7.973664704204388443e+01
8.233743039171818623e+01
8.163714765329746115e+01
8.175821066416717997e+01
8.171043451637579835e+01
7.935575434033529518e+01
8.097582305590375995e+01
8.182798853745811130e+01
7.896200039635235157e+01
8.169580524302270419e+01
7.920524406820338470e+01
7.734886022705876485e+01
7.958337233571275249e+01
7.881486386442493597e+01
7.988568623700578542e+01
8.041118349328262127e+01
8.060472825342802139e+01
7.741212999566353403e+01
8.116458173732421244e+01
8.011205661607773720e+01
8.100814902955671926e+01
7.998266556968212626e+01
8.052093145054311663e+01
7.711136169470395885e+01
7.855339905414945179e+01
8.034428416961361563e+01
8.157959174282788695e+01
8.077331328542385336e+01
7.950591024725342493e+01
7.879664992046076577e+01
7.522828024977401640e+01
7.652666783396432493e+01
7.657156572175956910e+01
7.774454327873395698e+01
7.928189808937968053e+01
8.266472941295913301e+01
7.705026574807111217e+01
7.977618738461387693e+01
8.170741373124988627e+01
7.824827777114329308e+01
8.353399264392081136e+01
8.034651180164752304e+01
7.454446679663317354e+01
7.955790890852858865e+01
8.014472880205526906e+01
7.847875273984691091e+01
7.981824184899753050e+01
7.976510366885194969e+01
8.075637327923173814e+01
8.063566458786115732e+01
7.896692235469961929e+01
7.654821824864740165e+01
7.655136778339586101e+01
7.660760474704929379e+01
7.977463204259598228e+01
7.831393335262718836e+01
8.488446508576433303e+01
8.387471834103604351e+01
8.049790408517336004e+01
8.101869476515771851e+01
7.760231472323543755e+01
7.802882848302616026e+01
8.138642085861030750e+01
8.061818907936761036e+01
7.705566525635916264e+01
8.178704023643226151e+01
8.031017053457330235e+01
8.212086014229379316e+01
7.711824856446635579e+01
7.939297973389993501e+01
7.946953334411361425e+01
7.995646830506504443e+01
8.044218063160049326e+01
7.901774634284075205e+01
8.110441251878087598e+01
7.965396464622443773e+01
7.609220634984856702e+01
8.199364211595084839e+01
8.024844625141844290e+01
7.845999277312513698e+01
8.034860067585789523e+01
7.966581333549395083e+01
8.128017134443712166e+01
7.981903949851063373e+01
7.918509066460295287e+01
7.921136397948377805e+01
7.788955645866731459e+01
8.216252707241389430e+01
7.773135356378256233e+01
7.919407560109605981e+01
8.271424822100226493e+01
8.171029277336992891e+01
8.147686845194158423e+01
7.819567060122490432e+01
8.016604363603015315e+01
8.020792270126918311e+01
7.870611634667017142e+01
7.606214670207013739e+01
7.633604976032846423e+01
8.082942433036312480e+01
8.125704507487017736e+01
7.939795912707752734e+01
7.989825585647243145e+01
8.385613262409108870e+01
7.616366388908664931e+01
7.853102310441941825e+01
7.983065663651581190e+01
7.657285919713584121e+01
8.011433275416050037e+01
8.154204558272704162e+01
7.959716320892184171e+01
8.056726857764233785e+01
7.895765698697685764e+01
7.898110732958620872e+01
7.889486171051456154e+01
7.630578909474114369e+01
7.980209181005969299e+01
8.026391984939802171e+01
7.705554145073735128e+01
8.082559832564660951e+01
7.820013994581718464e+01
8.178767948028644241e+01
8.185835641833915588e+01
7.895519675505460100e+01
8.057342043822308142e+01
7.803071622904379012e+01
7.691659004832355606e+01
8.178207975663903539e+01
7.856556975725690961e+01
8.118936444665273200e+01
8.417674049835099481e+01
8.109874419912868859e+01
7.805111755113074423e+01
7.937161957534917178e+01
7.747404563594101035e+01
7.615016827395271548e+01
8.100011626795283348e+01
8.063425386001055983e+01
8.093491386984291580e+01
7.946808555144801289e+01
7.966451064140838412e+01
7.755242366908876761e+01
7.843827575642721683e+01
7.904074253071176770e+01
8.057605734864731062e+01
8.112882188563764885e+01
7.540029120116383865e+01
7.825240895483419479e+01
8.120588854043640481e+01
7.816304131170821279e+01
8.106383452791340005e+01
7.947298571849539428e+01
7.909854472686170368e+01
8.006453279587562122e+01
7.600221761247109953e+01
8.163581466055123315e+01
7.732263249761820134e+01
7.781826098579188056e+01
7.820078752159538737e+01
8.362648998403575717e+01
8.217362594887940475e+01
7.745821657271820015e+01
7.738183769498705544e+01
7.840722129672435869e+01
8.398290610714492743e+01
8.153130506328133720e+01
7.646604622180433353e+01
8.133569054516406993e+01
7.813696475342430858e+01
8.023559602091539489e+01
8.022034075903802375e+01
7.373597484285077996e+01
7.853287733624890166e+01
7.984703936993491880e+01
7.879309189462931329e+01
8.063734692148867111e+01
8.009994171643144512e+01
8.025177724845006821e+01
7.744182687232371620e+01
8.278746244345890659e+01
7.787588034057040431e+01
7.888654639659046097e+01
7.625946541621632946e+01
7.698662897722729781e+01
7.644652931459756928e+01
7.666665489153115232e+01
7.669939138569799297e+01
7.990369022385837638e+01
7.907911070853008084e+01
8.533275063166402674e+01
7.764431037632182608e+01
7.761387392167675614e+01
7.457254152173470629e+01
7.792675900398488409e+01
7.907592155830469949e+01
7.998979514835778559e+01
8.017237953534797157e+01
8.036791485750023867e+01
8.128182163261467963e+01
8.370129275929716073e+01
7.609051323123969723e+01
8.261471318627249616e+01
7.784871981957071796e+01
8.029009084817903386e+01
8.290090563321224693e+01
7.905098834965569665e+01
8.107952285483207788e+01
7.542767242339832023e+01
7.730615935207022460e+01
7.915217416541491957e+01
8.355699128493057515e+01
7.786988447456913320e+01
8.235964823548260938e+01
7.865943014743710648e+01
8.053767857149225051e+01
7.727832057996691617e+01
7.868933781590898491e+01
7.661099382448310280e+01
8.104514124855565171e+01
8.156702924070286542e+01
8.427629794993232792e+01
7.859009885316577027e+01
7.922744387878782391e+01
7.985636874602603541e+01
7.815313745092713305e+01
7.836267825507863449e+01
8.162253236749353391e+01
7.641751908225663215e+01
7.793139762035778517e+01
8.040081931258288250e+01
8.023337436140148782e+01
7.800495780087710784e+01
7.989370694542255080e+01
8.443948967333994915e+01
7.728556198570129254e+01
8.254420954049444958e+01
7.919890919475754743e+01
8.021803576730877694e+01
8.392976655468793012e+01
8.036508556035347794e+01
8.372787637892994894e+01
8.056272950942076250e+01
7.759797023991433207e+01
8.022749588819809219e+01
8.132391542701869014e+01
7.600109798189320998e+01
7.963639379685886865e+01
8.031930335618798722e+01
7.818253887592676676e+01
7.823253576018355204e+01
7.819268299529754529e+01
7.992621376495870322e+01
7.746180875497981333e+01
8.114648599614567104e+01
8.118945476122775062e+01
8.151948018930137607e+01
7.765350580926170210e+01
7.650827520387228731e+01
8.177725789316581029e+01
7.979938080402061473e+01
7.687785868362840347e+01
7.945592657786936286e+01
7.912751613661785655e+01
8.126873604147716890e+01
7.557253893656823607e+01
8.120085417876813949e+01
7.861319842203498354e+01
7.801979650117766596e+01
8.100722929103748982e+01
7.490643266770591424e+01
7.958420581440566366e+01
7.961728650945201480e+01
7.903853900166056690e+01
7.976077074764819486e+01
7.604855794521589019e+01
7.717810837962579740e+01
8.001166079712386647e+01
8.088517361373106951e+01
7.761665005155461472e+01
8.133344701501005147e+01
7.606554229229844566e+01
8.374226228804484151e+01
7.415726748411759672e+01
8.114283486811262947e+01
8.131700361497237850e+01
7.924530695339379349e+01
7.751529128667930024e+01
7.886071264976698103e+01
7.820261893040679979e+01
8.323065487361169801e+01
7.898024908263086274e+01
7.861120830050489872e+01
8.317663735329152530e+01
7.868972407838663230e+01
8.229947355060240000e+01
8.120230855821861837e+01
8.054327016391493999e+01
8.220781547116250465e+01
8.091596651998104051e+01
8.206456686107345888e+01
7.631207874868402996e+01
7.712677705605919698e+01
7.995407999439619573e+01
7.614340292288505907e+01
7.830174430774731320e+01
7.760374747311793442e+01
8.319818932015377300e+01
8.178330575077745834e+01
8.359068284470478716e+01
8.041044614444192007e+01
8.206438634710958979e+01
8.161174417159067218e+01
7.962869139588006817e+01
8.012590828400684018e+01
7.936806702150875026e+01
7.961515223819580456e+01
7.957972478865153221e+01
7.935127932210139079e+01
7.817475989925854662e+01
8.107968352372395771e+01
8.053980474634205677e+01
7.818974458437439523e+01
7.838101657417095680e+01
8.049015766926741833e+01
7.970495423893800080e+01
7.890343848999310694e+01
8.135458901431206868e+01
7.488516658526917524e+01
7.890651674125822979e+01
7.922299584370352932e+01
7.911881258738131351e+01
8.289519245534603442e+01
7.655163026027736350e+01
8.043348731951545005e+01
7.977256028140206467e+01
7.911225872354894761e+01
8.135669808302414197e+01
7.908143556454805889e+01
7.771217005944058087e+01
7.951530491652610522e+01
7.965404686848533800e+01
8.302820216511268825e+01
7.985462818218644543e+01
8.279892458409906908e+01
7.988637060906886234e+01
8.008718398959787521e+01
8.107245880135131699e+01
7.588932147282767460e+01
8.011453581921510647e+01
7.979000209516320297e+01
7.854471031725043417e+01
7.720410475087081181e+01
7.604702274863787181e+01
8.047398190625479231e+01
8.272507498822695027e+01
7.997065858784479531e+01
7.993921146286024282e+01
8.141482604598508033e+01
7.903121974314980491e+01
8.007511816083095368e+01
8.118307965274006222e+01
7.738914934691172220e+01
7.693134082910594884e+01
7.814569984469592612e+01
7.828226232844680510e+01
7.985559659930544285e+01
7.903651090314831151e+01
8.236106636250632107e+01
8.214806187741591259e+01
8.148843880686654018e+01
7.967089110947789266e+01
7.444153829563174440e+01
7.797992514404261044e+01
7.897173002342404402e+01
7.673505154537946282e+01
7.576305864839557103e+01
7.647269434258221565e+01
8.395239948462248947e+01
7.752954311059514225e+01
8.409956437927161232e+01
7.706218909119161253e+01
8.192237858556599406e+01
7.982845018261643588e+01
7.847953010513550964e+01
7.810283838077789653e+01
7.993062783846978903e+01
8.033064423960453837e+01
7.704034781763806450e+01
7.514614424652928903e+01
7.766946577955901887e+01
7.879710454294642830e+01
7.930938816012948678e+01
7.811273394846331541e+01
8.001276554124265772e+01
7.807630932528047651e+01
7.959657774721799228e+01
8.040541765349256309e+01
7.783987155701510119e+01
8.002516344313843888e+01
7.836787201091230770e+01
8.090058903457065753e+01
7.637238739463749937e+01
7.852247165303043630e+01
7.833194326402268359e+01
7.906019825703793913e+01
8.009555302892866280e+01
7.945072866054852057e+01
8.493837658271877444e+01
7.977386891422463577e+01
8.054617096386063224e+01
7.624848618024994096e+01
7.859052287985338126e+01
7.967930682497654971e+01
8.031457763272574368e+01
7.601011459362040057e+01
8.229959262251935570e+01
7.799215411678173382e+01
7.978963055139440996e+01
7.524596882756671334e+01
7.822537795233550639e+01
7.770922363991000736e+01
8.202041709895594579e+01
7.731694171591597353e+01
7.780404910451328249e+01
7.902317874154830690e+01
8.068291287066976736e+01
8.157823994783460364e+01
7.835444657073115593e+01
7.803137632678273405e+01
8.122957492942134650e+01
7.776998545063007384e+01
7.966946685102219305e+01
7.917660747364540441e+01
7.811445170765239254e+01
7.839737288051915698e+01
8.152748528717012277e+01
8.157164991194302672e+01
8.054844590170196739e+01
8.155759930063635466e+01
7.740200766354718098e+01
7.946752164190523615e+01
7.945593246366307483e+01
7.557212711842410613e+01
7.772723849419908504e+01
8.010994675450317004e+01
8.175427001498724167e+01
7.766469822634186926e+01
7.895613904573193054e+01
7.947211668776253646e+01
7.758528750219628023e+01
8.153278102063951849e+01
7.855295116058371718e+01
8.045435286085704263e+01
7.833350728637877580e+01
7.583907259077135166e+01
7.769086962392385942e+01
7.966556951637501527e+01
7.860738677168254185e+01
7.904160300092115676e+01
8.280862244078866752e+01
7.894077004058850378e+01
7.952205007708515438e+01
7.898894690600222646e+01
7.975610053007368094e+01
7.855135306978522181e+01
7.994837197819498442e+01
7.853183171459235723e+01
7.929208224659544157e+01
7.784047239803113882e+01
8.075811565905478062e+01
7.899574845888925267e+01
7.865908566115838596e+01
7.762570026726756112e+01
7.851831506638141889e+01
8.258022423813625323e+01
7.693541642071959075e+01
7.804804985064187406e+01
8.156886350920206041e+01
7.664884264676668124e+01
8.321839287597099144e+01
7.949985662362868766e+01
7.714267929144473612e+01
7.904490218287804737e+01
7.867362680682752796e+01
7.993860313972349729e+01
7.821412963876528579e+01
7.951101588817890331e+01
8.277140089040635473e+01
8.060182205966803792e+01
8.111669011353161807e+01
8.311758410085704440e+01
8.100853011370925572e+01
7.813302636084964092e+01
7.667593867156507770e+01
7.802900410890261185e+01
8.173297606380772606e+01
7.733821383071651212e+01
8.082203578383098375e+01
7.991015765237739288e+01
8.175727753258318842e+01
7.894816773440959423e+01
8.270810257562764889e+01
8.053366057277128220e+01
7.987321894880129491e+01
8.088124072252311691e+01
8.038501708713870642e+01
7.884182360624930652e+01
7.974620271459976095e+01
8.045204838662205304e+01
8.092297292587268487e+01
8.111691479583072351e+01
7.820642165231107867e+01
8.086902340213120510e+01
7.721060239393183622e+01
7.876626461118453904e+01
8.059148672714668749e+01
7.973720100789687137e+01
8.076244364885718596e+01
7.819469715240968810e+01
8.007182299410023063e+01
8.154872391711573698e+01
8.118185964218434947e+01
7.925953773927534485e+01
7.701695100399172134e+01
8.163794104804836138e+01
8.224683428198727597e+01
8.302516177444580592e+01
8.001917282533533182e+01
7.667779365275019643e+01
8.141922960291171307e+01
7.889488757347525905e+01
7.978979585817050690e+01
8.076257189182159379e+01
7.890413524096526032e+01
8.069303298160230042e+01
7.886395761000501636e+01
8.246770963724102899e+01
8.000270343719431310e+01
7.893246087475502293e+01
7.914034431279728210e+01
8.381825929918645102e+01
7.810711476114531138e+01
7.977920552226548523e+01
7.987733387329505774e+01
8.032113555543772065e+01
8.118405203919481039e+01
7.890767880238418286e+01
7.876694705317477485e+01
8.012484326862254136e+01
7.936531068068030947e+01
7.838932377438980836e+01
7.813612985377157827e+01
7.798213930589173515e+01
7.950923266997364180e+01
7.989574588357366736e+01
7.910359217267989607e+01
7.409624192697482670e+01
8.187763324079323013e+01
8.012873608266788494e+01
8.068957631574846801e+01
8.108492978401001494e+01
7.548138490049608151e+01
8.203088326364581917e+01
8.173858999121677016e+01
7.622742089862052239e+01
8.135543555772471791e+01
7.920443438534455538e+01
7.899191249083494881e+01
7.963962082796837194e+01
7.742695606248376805e+01
8.170765339354056778e+01
8.293285907977161742e+01
7.972979106717613718e+01
7.937938855341106148e+01
8.055958346023854233e+01
7.858818715664079946e+01
7.941962075658402398e+01
7.724360550359261879e+01
8.113460757022400571e+01
8.113357099392057137e+01
7.818267611647993931e+01
8.164231725491782754e+01
7.973197826987312453e+01
7.977356785568362341e+01
7.856597081888094181e+01
8.077515447203867893e+01
7.702767636489456038e+01
8.112419421276037212e+01
7.807071141539562120e+01
7.967794343353266129e+01
7.786349762641981442e+01
7.920500843224927223e+01
7.584006962909921867e+01
7.916616929327132368e+01
8.236406264263486321e+01
8.168489526960443925e+01
8.166768610542089846e+01
8.331290406033437534e+01
7.687131140957757225e+01
8.215939033010170078e+01
8.113364311116566796e+01
7.857766465566520253e+01
7.713726821246113730e+01
7.874468822574705484e+01
