1.253336364884100647e+02
1.253336364884100647e+02
1.253336364884100078e+02
1.253336364884102068e+02
1.253336364884100504e+02
1.253336364884099794e+02
1.253336364884100789e+02
1.253336364884099083e+02
1.253336364884100647e+02
1.253336364884099510e+02
1.253336364884100362e+02
1.253336364884100220e+02
1.253336364884099368e+02
1.253336364884099936e+02
1.253336364884100647e+02
1.253336364884098799e+02
1.253336364884100362e+02
1.253336364884101073e+02
1.253336364884099510e+02
1.253336364884099510e+02
1.253336364884099936e+02
1.253336364884098515e+02
1.253336364884099652e+02
1.253336364884100504e+02
1.253336364884100931e+02
1.253336364884099368e+02
1.253336364884099936e+02
1.253336364884100504e+02
1.253336364884099794e+02
1.253336364884100504e+02
1.253336364884099936e+02
1.253336364884098089e+02
1.253336364884100789e+02
1.253336364884101073e+02
1.253336364884100078e+02
1.253336364884099510e+02
1.253336364884099510e+02
1.253336364884101641e+02
1.253336364884101215e+02
1.253336364884098657e+02
1.253336364884100789e+02
1.253336364884100220e+02
1.253336364884099652e+02
1.253336364884100220e+02
1.253336364884099936e+02
1.253336364884099936e+02
1.253336364884100931e+02
1.253336364884101073e+02
1.253336364884099083e+02
1.253336364884100078e+02
1.253336364884099794e+02
1.253336364884101215e+02
1.253336364884099652e+02
1.253336364884100078e+02
1.253336364884100931e+02
1.253336364884099225e+02
1.253336364884097804e+02
1.253336364884100078e+02
1.253336364884100362e+02
1.253336364884100362e+02
1.253336364884098941e+02
1.253336364884099794e+02
1.253336364884100220e+02
1.253336364884098515e+02
1.253336364884099794e+02
1.253336364884099510e+02
1.253336364884099652e+02
1.253336364884100078e+02
1.253336364884099936e+02
1.253336364884100504e+02
1.253336364884099368e+02
1.253336364884099510e+02
1.253336364884099368e+02
1.253336364884100789e+02
1.253336364884099510e+02
1.253336364884099794e+02
1.253336364884100220e+02
1.253336364884100504e+02
1.253336364884100647e+02
1.253336364884100647e+02
1.253336364884100504e+02
1.253336364884100647e+02
1.253336364884100078e+02
1.253336364884100504e+02
1.253336364884100504e+02
1.253336364884100078e+02
1.253336364884099652e+02
1.253336364884100078e+02
1.253336364884100647e+02
1.253336364884099936e+02
1.253336364884098941e+02
1.253336364884099936e+02
1.253336364884100931e+02
1.253336364884099225e+02
1.253336364884099510e+02
1.253336364884100931e+02
1.253336364884101073e+02
1.253336364884100220e+02
1.253336364884100789e+02
1.253336364884099225e+02
1.253336364884100362e+02
1.253336364884099510e+02
1.253336364884100220e+02
1.253336364884099510e+02
1.253336364884100220e+02
1.253336364884099794e+02
1.253336364884100362e+02
1.253336364884098941e+02
1.253336364884099794e+02
1.253336364884101215e+02
1.253336364884099794e+02
1.253336364884098657e+02
1.253336364884100220e+02
1.253336364884099652e+02
1.253336364884099083e+02
1.253336364884100362e+02
1.253336364884100647e+02
1.253336364884100078e+02
1.253336364884099936e+02
1.253336364884101073e+02
1.253336364884099794e+02
1.253336364884099936e+02
1.253336364884101073e+02
1.253336364884099794e+02
1.253336364884100789e+02
1.253336364884099510e+02
1.253336364884099936e+02
1.253336364884099794e+02
1.253336364884100220e+02
1.253336364884101215e+02
1.253336364884098941e+02
1.253336364884100504e+02
1.253336364884100931e+02
1.253336364884099368e+02
1.253336364884100931e+02
1.253336364884100504e+02
1.253336364884099652e+02
1.253336364884100220e+02
1.253336364884099083e+02
1.253336364884099936e+02
1.253336364884100220e+02
1.253336364884100220e+02
1.253336364884100220e+02
1.253336364884099936e+02
1.253336364884100931e+02
1.253336364884100078e+02
1.253336364884100078e+02
1.253336364884099794e+02
1.253336364884099794e+02
1.253336364884099083e+02
1.253336364884099936e+02
1.253336364884099794e+02
1.253336364884099936e+02
1.253336364884098799e+02
1.253336364884100647e+02
1.253336364884100504e+02
1.253336364884099510e+02
1.253336364884100362e+02
1.253336364884100078e+02
1.253336364884101215e+02
1.253336364884099368e+02
1.253336364884100078e+02
1.253336364884099510e+02
1.253336364884099652e+02
1.253336364884098941e+02
1.253336364884099794e+02
1.253336364884100362e+02
1.253336364884100362e+02
1.253336364884099652e+02
1.253336364884101499e+02
1.253336364884100362e+02
1.253336364884099936e+02
1.253336364884099368e+02
1.253336364884099368e+02
1.253336364884101073e+02
1.253336364884100078e+02
1.253336364884099652e+02
1.253336364884100362e+02
1.253336364884100078e+02
1.253336364884099510e+02
1.253336364884099652e+02
1.253336364884099936e+02
1.253336364884100504e+02
1.253336364884100078e+02
1.253336364884100504e+02
1.253336364884099794e+02
1.253336364884100789e+02
1.253336364884099510e+02
1.253336364884100789e+02
1.253336364884099368e+02
1.253336364884099936e+02
1.253336364884100362e+02
1.253336364884099225e+02
1.253336364884100078e+02
1.253336364884099936e+02
1.253336364884100078e+02
1.253336364884099652e+02
1.253336364884099083e+02
1.253336364884100504e+02
1.253336364884100078e+02
1.253336364884100504e+02
1.253336364884098799e+02
1.253336364884100789e+02
1.253336364884099368e+02
1.253336364884099794e+02
1.253336364884100504e+02
1.253336364884100078e+02
1.253336364884101073e+02
1.253336364884100789e+02
1.253336364884099368e+02
1.253336364884100078e+02
1.253336364884099368e+02
1.253336364884099368e+02
1.253336364884098799e+02
1.253336364884100647e+02
1.253336364884100789e+02
1.253336364884101073e+02
1.253336364884100931e+02
1.253336364884099936e+02
1.253336364884100504e+02
1.253336364884100931e+02
1.253336364884099368e+02
1.253336364884100504e+02
1.253336364884100504e+02
1.253336364884098515e+02
1.253336364884100504e+02
1.253336364884099510e+02
1.253336364884100078e+02
1.253336364884100504e+02
1.253336364884100078e+02
1.253336364884099794e+02
1.253336364884099510e+02
1.253336364884100789e+02
1.253336364884100362e+02
1.253336364884100362e+02
1.253336364884099794e+02
1.253336364884100362e+02
1.253336364884099083e+02
1.253336364884100220e+02
1.253336364884100647e+02
1.253336364884099936e+02
1.253336364884100647e+02
1.253336364884100220e+02
1.253336364884099083e+02
1.253336364884101499e+02
1.253336364884100220e+02
1.253336364884099510e+02
1.253336364884099936e+02
1.253336364884100789e+02
1.253336364884099510e+02
1.253336364884100647e+02
1.253336364884099368e+02
1.253336364884099510e+02
1.253336364884099936e+02
1.253336364884100504e+02
1.253336364884100647e+02
1.253336364884099510e+02
1.253336364884099794e+02
1.253336364884100647e+02
1.253336364884099368e+02
1.253336364884101215e+02
1.253336364884098941e+02
1.253336364884099652e+02
1.253336364884100220e+02
1.253336364884100362e+02
1.253336364884099368e+02
1.253336364884100789e+02
1.253336364884099652e+02
1.253336364884099794e+02
1.253336364884099368e+02
1.253336364884100078e+02
1.253336364884098657e+02
1.253336364884100362e+02
1.253336364884098515e+02
1.253336364884099368e+02
1.253336364884099794e+02
1.253336364884099083e+02
1.253336364884101073e+02
1.253336364884100078e+02
1.253336364884099510e+02
1.253336364884099652e+02
1.253336364884100362e+02
1.253336364884100789e+02
1.253336364884098799e+02
1.253336364884100504e+02
1.253336364884099225e+02
1.253336364884100931e+02
1.253336364884100362e+02
1.253336364884099225e+02
1.253336364884100078e+02
1.253336364884099083e+02
1.253336364884099652e+02
1.253336364884100504e+02
1.253336364884099652e+02
1.253336364884101357e+02
1.253336364884099794e+02
1.253336364884100647e+02
1.253336364884100220e+02
1.253336364884101215e+02
1.253336364884099652e+02
1.253336364884100789e+02
1.253336364884099083e+02
1.253336364884099794e+02
1.253336364884098657e+02
1.253336364884100504e+02
1.253336364884099794e+02
1.253336364884099936e+02
1.253336364884099794e+02
1.253336364884100647e+02
1.253336364884101357e+02
1.253336364884098373e+02
1.253336364884100504e+02
1.253336364884101073e+02
1.253336364884101073e+02
1.253336364884100220e+02
1.253336364884100078e+02
1.253336364884100647e+02
1.253336364884099510e+02
1.253336364884100647e+02
1.253336364884100931e+02
1.253336364884100789e+02
1.253336364884099083e+02
1.253336364884100362e+02
1.253336364884100362e+02
1.253336364884101783e+02
1.253336364884101073e+02
1.253336364884100789e+02
1.253336364884099225e+02
1.253336364884100078e+02
1.253336364884100078e+02
1.253336364884099936e+02
1.253336364884099652e+02
1.253336364884099936e+02
1.253336364884099652e+02
1.253336364884099083e+02
1.253336364884100362e+02
1.253336364884099936e+02
1.253336364884100931e+02
1.253336364884100647e+02
1.253336364884101073e+02
1.253336364884099936e+02
1.253336364884100504e+02
1.253336364884100504e+02
1.253336364884101499e+02
1.253336364884100362e+02
1.253336364884099936e+02
1.253336364884100647e+02
1.253336364884100504e+02
1.253336364884099652e+02
1.253336364884099083e+02
1.253336364884100931e+02
1.253336364884099225e+02
1.253336364884100789e+02
1.253336364884099225e+02
1.253336364884100504e+02
1.253336364884099794e+02
1.253336364884099652e+02
1.253336364884100647e+02
1.253336364884100647e+02
1.253336364884101215e+02
1.253336364884100362e+02
1.253336364884100647e+02
1.253336364884099368e+02
1.253336364884100504e+02
1.253336364884101357e+02
1.253336364884099936e+02
1.253336364884099368e+02
1.253336364884099083e+02
1.253336364884101073e+02
1.253336364884100504e+02
1.253336364884099368e+02
1.253336364884100078e+02
1.253336364884099794e+02
1.253336364884099368e+02
1.253336364884100504e+02
1.253336364884099652e+02
1.253336364884098515e+02
1.253336364884100078e+02
1.253336364884099083e+02
1.253336364884100504e+02
1.253336364884100078e+02
1.253336364884099225e+02
1.253336364884100362e+02
1.253336364884099652e+02
1.253336364884099225e+02
1.253336364884098941e+02
1.253336364884099225e+02
1.253336364884100220e+02
1.253336364884100078e+02
1.253336364884101073e+02
1.253336364884101073e+02
1.253336364884099936e+02
1.253336364884099510e+02
1.253336364884098657e+02
1.253336364884100504e+02
1.253336364884099225e+02
1.253336364884100504e+02
1.253336364884100362e+02
1.253336364884100078e+02
1.253336364884100647e+02
1.253336364884100078e+02
1.253336364884099794e+02
1.253336364884100789e+02
1.253336364884100078e+02
1.253336364884099652e+02
1.253336364884100504e+02
1.253336364884099225e+02
1.253336364884100504e+02
1.253336364884099368e+02
1.253336364884099225e+02
1.253336364884100931e+02
1.253336364884099936e+02
1.253336364884099225e+02
1.253336364884099936e+02
1.253336364884100504e+02
1.253336364884100789e+02
1.253336364884100504e+02
1.253336364884099936e+02
1.253336364884100504e+02
1.253336364884100647e+02
1.253336364884100931e+02
1.253336364884099368e+02
1.253336364884100931e+02
1.253336364884100647e+02
1.253336364884100220e+02
1.253336364884100504e+02
1.253336364884098515e+02
1.253336364884099936e+02
1.253336364884100789e+02
1.253336364884100931e+02
1.253336364884100078e+02
1.253336364884099652e+02
1.253336364884100220e+02
1.253336364884100647e+02
1.253336364884099794e+02
1.253336364884099794e+02
1.253336364884099652e+02
1.253336364884100078e+02
1.253336364884100078e+02
1.253336364884101926e+02
1.253336364884100504e+02
1.253336364884099794e+02
1.253336364884099936e+02
1.253336364884099083e+02
1.253336364884099368e+02
1.253336364884100647e+02
1.253336364884099936e+02
1.253336364884099510e+02
1.253336364884100647e+02
1.253336364884100789e+02
1.253336364884099794e+02
1.253336364884100647e+02
1.253336364884099652e+02
1.253336364884099794e+02
1.253336364884101499e+02
1.253336364884101215e+02
1.253336364884100362e+02
1.253336364884098799e+02
1.253336364884099794e+02
1.253336364884100504e+02
1.253336364884099510e+02
1.253336364884100504e+02
1.253336364884099368e+02
1.253336364884100789e+02
1.253336364884100931e+02
1.253336364884101641e+02
1.253336364884100220e+02
1.253336364884099368e+02
1.253336364884100789e+02
1.253336364884101215e+02
1.253336364884101357e+02
1.253336364884099794e+02
1.253336364884100504e+02
1.253336364884101215e+02
1.253336364884099368e+02
1.253336364884101357e+02
1.253336364884100647e+02
1.253336364884100362e+02
1.253336364884099794e+02
1.253336364884099936e+02
1.253336364884100362e+02
1.253336364884100647e+02
1.253336364884100220e+02
1.253336364884100220e+02
1.253336364884099368e+02
1.253336364884100362e+02
1.253336364884100220e+02
1.253336364884099794e+02
1.253336364884098373e+02
1.253336364884101073e+02
1.253336364884100931e+02
1.253336364884099652e+02
1.253336364884100362e+02
1.253336364884101215e+02
1.253336364884100220e+02
1.253336364884100078e+02
1.253336364884100220e+02
1.253336364884100078e+02
1.253336364884100078e+02
1.253336364884100789e+02
1.253336364884100078e+02
1.253336364884100647e+02
1.253336364884101215e+02
1.253336364884100504e+02
1.253336364884098941e+02
1.253336364884100220e+02
1.253336364884098799e+02
1.253336364884100220e+02
1.253336364884099510e+02
1.253336364884100362e+02
1.253336364884099652e+02
1.253336364884101215e+02
1.253336364884101073e+02
1.253336364884100789e+02
1.253336364884099225e+02
1.253336364884099936e+02
1.253336364884100647e+02
1.253336364884099083e+02
1.253336364884100362e+02
1.253336364884100220e+02
1.253336364884100504e+02
1.253336364884099368e+02
1.253336364884098657e+02
1.253336364884099368e+02
1.253336364884099794e+02
1.253336364884101357e+02
1.253336364884101215e+02
1.253336364884100789e+02
1.253336364884100647e+02
1.253336364884099936e+02
1.253336364884100362e+02
1.253336364884099936e+02
1.253336364884100078e+02
1.253336364884100931e+02
1.253336364884100220e+02
1.253336364884099225e+02
1.253336364884099794e+02
1.253336364884100504e+02
1.253336364884100362e+02
1.253336364884100789e+02
1.253336364884100647e+02
1.253336364884100362e+02
1.253336364884099368e+02
1.253336364884100362e+02
1.253336364884099652e+02
1.253336364884098941e+02
1.253336364884098373e+02
1.253336364884101215e+02
1.253336364884100362e+02
1.253336364884099510e+02
1.253336364884100078e+02
1.253336364884100931e+02
1.253336364884099794e+02
1.253336364884100078e+02
1.253336364884101215e+02
1.253336364884099936e+02
1.253336364884099794e+02
1.253336364884099936e+02
1.253336364884099225e+02
1.253336364884099936e+02
1.253336364884099510e+02
1.253336364884099652e+02
1.253336364884099510e+02
1.253336364884099936e+02
1.253336364884100931e+02
1.253336364884100504e+02
1.253336364884100362e+02
1.253336364884100078e+02
1.253336364884101641e+02
1.253336364884100647e+02
1.253336364884099225e+02
1.253336364884099794e+02
1.253336364884101641e+02
1.253336364884099936e+02
1.253336364884100362e+02
1.253336364884101357e+02
1.253336364884099510e+02
1.253336364884100220e+02
1.253336364884100789e+02
1.253336364884099794e+02
1.253336364884099652e+02
1.253336364884099368e+02
1.253336364884099510e+02
1.253336364884100504e+02
1.253336364884100362e+02
1.253336364884099936e+02
1.253336364884100078e+02
1.253336364884099936e+02
1.253336364884099936e+02
1.253336364884100504e+02
1.253336364884099083e+02
1.253336364884100362e+02
1.253336364884100078e+02
1.253336364884100078e+02
1.253336364884101641e+02
1.253336364884101499e+02
1.253336364884100647e+02
1.253336364884100647e+02
1.253336364884100362e+02
1.253336364884100647e+02
1.253336364884100220e+02
1.253336364884100220e+02
1.253336364884099936e+02
1.253336364884099368e+02
1.253336364884100078e+02
1.253336364884100220e+02
1.253336364884098373e+02
1.253336364884100647e+02
1.253336364884100362e+02
1.253336364884099083e+02
1.253336364884099368e+02
1.253336364884100078e+02
1.253336364884101073e+02
1.253336364884100647e+02
1.253336364884100789e+02
1.253336364884099368e+02
1.253336364884099225e+02
1.253336364884101073e+02
1.253336364884099225e+02
1.253336364884099225e+02
1.253336364884099083e+02
1.253336364884099936e+02
1.253336364884100362e+02
1.253336364884098373e+02
1.253336364884100220e+02
1.253336364884100647e+02
1.253336364884099083e+02
1.253336364884100647e+02
1.253336364884099936e+02
1.253336364884099368e+02
1.253336364884100789e+02
1.253336364884100789e+02
1.253336364884099652e+02
1.253336364884100647e+02
1.253336364884100362e+02
1.253336364884101073e+02
1.253336364884100647e+02
1.253336364884099794e+02
1.253336364884099794e+02
1.253336364884099368e+02
1.253336364884098941e+02
1.253336364884099510e+02
1.253336364884098799e+02
1.253336364884099225e+02
1.253336364884099936e+02
1.253336364884100789e+02
1.253336364884099368e+02
1.253336364884100362e+02
1.253336364884099936e+02
1.253336364884099936e+02
1.253336364884099368e+02
1.253336364884100362e+02
1.253336364884100220e+02
1.253336364884099510e+02
1.253336364884098657e+02
1.253336364884099083e+02
1.253336364884099794e+02
1.253336364884100078e+02
1.253336364884100504e+02
1.253336364884099652e+02
1.253336364884099936e+02
1.253336364884099510e+02
1.253336364884100504e+02
1.253336364884100078e+02
1.253336364884099083e+02
1.253336364884098941e+02
1.253336364884099225e+02
1.253336364884100220e+02
1.253336364884100362e+02
1.253336364884099652e+02
1.253336364884099936e+02
1.253336364884099794e+02
1.253336364884100362e+02
1.253336364884100647e+02
1.253336364884101073e+02
1.253336364884099936e+02
1.253336364884099794e+02
1.253336364884100931e+02
1.253336364884099794e+02
1.253336364884101215e+02
1.253336364884099510e+02
1.253336364884101215e+02
1.253336364884099936e+02
1.253336364884100362e+02
1.253336364884100647e+02
1.253336364884099652e+02
1.253336364884101073e+02
1.253336364884099652e+02
1.253336364884100647e+02
1.253336364884099510e+02
1.253336364884100220e+02
1.253336364884100504e+02
1.253336364884099936e+02
1.253336364884100504e+02
1.253336364884099936e+02
1.253336364884099510e+02
1.253336364884100504e+02
1.253336364884100504e+02
1.253336364884100789e+02
1.253336364884099794e+02
1.253336364884099794e+02
1.253336364884099652e+02
1.253336364884099652e+02
1.253336364884100504e+02
1.253336364884098657e+02
1.253336364884099652e+02
1.253336364884100220e+02
1.253336364884100647e+02
1.253336364884100362e+02
1.253336364884099652e+02
1.253336364884099794e+02
1.253336364884100078e+02
1.253336364884099936e+02
1.253336364884099652e+02
1.253336364884100789e+02
1.253336364884100362e+02
1.253336364884099652e+02
1.253336364884100078e+02
1.253336364884099368e+02
1.253336364884099368e+02
1.253336364884099936e+02
1.253336364884100362e+02
1.253336364884100078e+02
1.253336364884100220e+02
1.253336364884100078e+02
1.253336364884099083e+02
1.253336364884100789e+02
1.253336364884099225e+02
1.253336364884100931e+02
1.253336364884100220e+02
1.253336364884100078e+02
1.253336364884100220e+02
1.253336364884099936e+02
1.253336364884099225e+02
1.253336364884101073e+02
1.253336364884101073e+02
1.253336364884100504e+02
1.253336364884099794e+02
1.253336364884100362e+02
1.253336364884100931e+02
1.253336364884098799e+02
1.253336364884100362e+02
1.253336364884099794e+02
1.253336364884098515e+02
1.253336364884099794e+02
1.253336364884099368e+02
1.253336364884100647e+02
1.253336364884099936e+02
1.253336364884099794e+02
1.253336364884100931e+02
1.253336364884100789e+02
1.253336364884100362e+02
1.253336364884101215e+02
1.253336364884100789e+02
1.253336364884098657e+02
1.253336364884100078e+02
1.253336364884100220e+02
1.253336364884100789e+02
1.253336364884100504e+02
1.253336364884099225e+02
1.253336364884098799e+02
1.253336364884099510e+02
1.253336364884099794e+02
1.253336364884099510e+02
1.253336364884099936e+02
1.253336364884099794e+02
1.253336364884100647e+02
1.253336364884099794e+02
1.253336364884098799e+02
1.253336364884100220e+02
1.253336364884098941e+02
1.253336364884100220e+02
1.253336364884101215e+02
1.253336364884099510e+02
1.253336364884101641e+02
1.253336364884099794e+02
1.253336364884101215e+02
1.253336364884099652e+02
1.253336364884100362e+02
1.253336364884099510e+02
1.253336364884101499e+02
1.253336364884099794e+02
1.253336364884099510e+02
1.253336364884099083e+02
1.253336364884099510e+02
1.253336364884099794e+02
1.253336364884099936e+02
1.253336364884099225e+02
1.253336364884101357e+02
1.253336364884099794e+02
1.253336364884100789e+02
1.253336364884101357e+02
1.253336364884100931e+02
1.253336364884099936e+02
1.253336364884100362e+02
1.253336364884099936e+02
1.253336364884098799e+02
1.253336364884099652e+02
1.253336364884102210e+02
1.253336364884099936e+02
1.253336364884100504e+02
1.253336364884100220e+02
1.253336364884101499e+02
1.253336364884099794e+02
1.253336364884100504e+02
1.253336364884099794e+02
1.253336364884100220e+02
1.253336364884100931e+02
1.253336364884100362e+02
1.253336364884100362e+02
1.253336364884099794e+02
1.253336364884099368e+02
1.253336364884099510e+02
1.253336364884100504e+02
1.253336364884100789e+02
1.253336364884101357e+02
1.253336364884099936e+02
1.253336364884099936e+02
1.253336364884098373e+02
1.253336364884099225e+02
1.253336364884099936e+02
1.253336364884100504e+02
1.253336364884099368e+02
1.253336364884099936e+02
1.253336364884101073e+02
1.253336364884100504e+02
1.253336364884099794e+02
1.253336364884100789e+02
1.253336364884100362e+02
1.253336364884100362e+02
1.253336364884099510e+02
1.253336364884099936e+02
1.253336364884100220e+02
1.253336364884099936e+02
1.253336364884098941e+02
1.253336364884100789e+02
1.253336364884101357e+02
1.253336364884100789e+02
1.253336364884100647e+02
1.253336364884100220e+02
1.253336364884099936e+02
1.253336364884100220e+02
1.253336364884100504e+02
1.253336364884101357e+02
1.253336364884101357e+02
1.253336364884100789e+02
1.253336364884100647e+02
1.253336364884099794e+02
1.253336364884100789e+02
1.253336364884100220e+02
1.253336364884100078e+02
1.253336364884100789e+02
1.253336364884100789e+02
1.253336364884099936e+02
1.253336364884100078e+02
1.253336364884100078e+02
1.253336364884100220e+02
1.253336364884098799e+02
1.253336364884099936e+02
1.253336364884100789e+02
1.253336364884099794e+02
1.253336364884099936e+02
1.253336364884099225e+02
1.253336364884101073e+02
1.253336364884099225e+02
1.253336364884099794e+02
1.253336364884100647e+02
1.253336364884101357e+02
1.253336364884100789e+02
1.253336364884099794e+02
1.253336364884100220e+02
1.253336364884101073e+02
1.253336364884099225e+02
1.253336364884099794e+02
1.253336364884099794e+02
1.253336364884100931e+02
1.253336364884100078e+02
1.253336364884099083e+02
1.253336364884101641e+02
1.253336364884100362e+02
1.253336364884099368e+02
1.253336364884100789e+02
1.253336364884099510e+02
1.253336364884099794e+02
1.253336364884099794e+02
1.253336364884100220e+02
1.253336364884100220e+02
1.253336364884099510e+02
1.253336364884101073e+02
1.253336364884099794e+02
1.253336364884100362e+02
1.253336364884099652e+02
1.253336364884101073e+02
1.253336364884100504e+02
1.253336364884100362e+02
1.253336364884099368e+02
1.253336364884099936e+02
1.253336364884100220e+02
1.253336364884100362e+02
1.253336364884098373e+02
1.253336364884100078e+02
1.253336364884099510e+02
1.253336364884100362e+02
1.253336364884100362e+02
1.253336364884099510e+02
1.253336364884099225e+02
1.253336364884099652e+02
1.253336364884100789e+02
1.253336364884099936e+02
1.253336364884099936e+02
1.253336364884100362e+02
1.253336364884100220e+02
1.253336364884100220e+02
1.253336364884099794e+02
1.253336364884099652e+02
1.253336364884099510e+02
1.253336364884100078e+02
1.253336364884100647e+02
1.253336364884100220e+02
1.253336364884100931e+02
1.253336364884101641e+02
1.253336364884099652e+02
1.253336364884099225e+02
1.253336364884098799e+02
1.253336364884100931e+02
1.253336364884100220e+02
1.253336364884100078e+02
1.253336364884099225e+02
1.253336364884100078e+02
1.253336364884100220e+02
1.253336364884100647e+02
1.253336364884099794e+02
1.253336364884099936e+02
1.253336364884099652e+02
1.253336364884100789e+02
1.253336364884099936e+02
1.253336364884100078e+02
1.253336364884100504e+02
1.253336364884098515e+02
1.253336364884100789e+02
1.253336364884099794e+02
1.253336364884100362e+02
1.253336364884099368e+02
1.253336364884098799e+02
1.253336364884099083e+02
1.253336364884100647e+02
1.253336364884100078e+02
1.253336364884099225e+02
1.253336364884099510e+02
1.253336364884099936e+02
1.253336364884099652e+02
1.253336364884099936e+02
1.253336364884098941e+02
1.253336364884099936e+02
1.253336364884099794e+02
1.253336364884099652e+02
1.253336364884099510e+02
1.253336364884101073e+02
1.253336364884099936e+02
1.253336364884100220e+02
1.253336364884100220e+02
1.253336364884101357e+02
1.253336364884099083e+02
1.253336364884100078e+02
1.253336364884100504e+02
1.253336364884099936e+02
1.253336364884101783e+02
1.253336364884099225e+02
1.253336364884100362e+02
1.253336364884099794e+02
1.253336364884099794e+02
1.253336364884100220e+02
1.253336364884100789e+02
1.253336364884099794e+02
1.253336364884100078e+02
1.253336364884100078e+02
1.253336364884099652e+02
1.253336364884098799e+02
1.253336364884100504e+02
1.253336364884100647e+02
1.253336364884100789e+02
1.253336364884100647e+02
1.253336364884100220e+02
1.253336364884100362e+02
1.253336364884099936e+02
1.253336364884099225e+02
1.253336364884100078e+02
1.253336364884099936e+02
1.253336364884100078e+02
1.253336364884100931e+02
1.253336364884101215e+02
1.253336364884100504e+02
1.253336364884100362e+02
1.253336364884100504e+02
1.253336364884099510e+02
1.253336364884099368e+02
1.253336364884100362e+02
1.253336364884100504e+02
1.253336364884100220e+02
1.253336364884100220e+02
