2.528401567843107784e+02
2.528401544392470726e+02
2.528401551070686537e+02
2.528401553210014185e+02
2.528401569533404540e+02
2.528401583424781904e+02
2.528401556806964550e+02
2.528401547505365272e+02
2.528401555921641375e+02
2.528401579849052041e+02
2.528401541117488023e+02
2.528401577925198467e+02
2.528401565707061138e+02
2.528401552163636552e+02
2.528401565641763682e+02
2.528401567269978898e+02
2.528401542734574150e+02
2.528401551126663094e+02
2.528401548880349026e+02
2.528401535636986637e+02
2.528401547098228832e+02
2.528401548818993092e+02
2.528401562524483666e+02
2.528401550558225210e+02
2.528401580484644739e+02
2.528401556667994612e+02
2.528401543972797469e+02
2.528401565786405740e+02
2.528401573755912750e+02
2.528401567384623831e+02
2.528401557336646590e+02
2.528401549747950128e+02
2.528401545561887929e+02
2.528401591500303880e+02
2.528401566010392969e+02
2.528401558494837218e+02
2.528401554007479035e+02
2.528401548111770296e+02
2.528401546417906047e+02
2.528401556252890998e+02
2.528401563423803111e+02
2.528401577248946239e+02
2.528401542812091520e+02
2.528401563878732929e+02
2.528401567456961345e+02
2.528401562224179315e+02
2.528401563682843403e+02
2.528401560265196792e+02
2.528401566519233654e+02
2.528401568870409335e+02
2.528401556321952341e+02
2.528401577116721342e+02
2.528401543883119871e+02
2.528401560572341396e+02
2.528401558047752928e+02
2.528401538000809410e+02
2.528401534798246075e+02
2.528401578496092839e+02
2.528401550770480242e+02
2.528401568349489992e+02
2.528401557456830631e+02
2.528401557506319932e+02
2.528401555949199633e+02
2.528401564404029216e+02
2.528401529314402865e+02
2.528401568289361592e+02
2.528401561289649067e+02
2.528401542904930466e+02
2.528401557069506111e+02
2.528401544465415043e+02
2.528401547242513629e+02
2.528401553147775758e+02
2.528401544119744528e+02
2.528401568206142542e+02
2.528401565295799003e+02
2.528401557951850975e+02
2.528401559846878115e+02
2.528401550958668622e+02
2.528401570810936221e+02
2.528401563734950912e+02
2.528401568677759599e+02
2.528401532632601914e+02
2.528401536336606341e+02
2.528401544515756996e+02
2.528401577885468612e+02
2.528401542197777871e+02
2.528401574559285621e+02
2.528401569550765942e+02
2.528401544183957697e+02
2.528401566569722547e+02
2.528401558301379168e+02
2.528401593319445340e+02
2.528401579728734987e+02
2.528401554484357234e+02
2.528401543650923884e+02
2.528401550048387492e+02
2.528401542669378728e+02
2.528401544195971837e+02
2.528401535456445970e+02
2.528401565458730147e+02
2.528401536598379664e+02
2.528401558987538920e+02
2.528401561502890615e+02
2.528401560785155766e+02
2.528401558228834176e+02
2.528401554937967717e+02
2.528401546857846824e+02
2.528401560233079692e+02
2.528401553237577559e+02
2.528401557358263574e+02
2.528401566892144672e+02
2.528401567526165366e+02
2.528401572453009862e+02
2.528401545808723370e+02
2.528401567523309552e+02
2.528401591435714977e+02
2.528401552911688555e+02
2.528401537594750437e+02
2.528401573661323027e+02
2.528401575527537943e+02
2.528401563684178939e+02
2.528401570104775828e+02
2.528401564964806028e+02
2.528401558393189532e+02
2.528401556271615220e+02
2.528401539460420793e+02
2.528401593662950688e+02
2.528401558722963784e+02
2.528401561345204129e+02
2.528401565730362393e+02
2.528401542813164440e+02
2.528401553258636056e+02
2.528401535874033357e+02
2.528401567488263026e+02
2.528401551281592958e+02
2.528401576495961365e+02
2.528401557818508820e+02
2.528401552208774206e+02
2.528401532819092097e+02
2.528401564484377957e+02
2.528401573940535627e+02
2.528401546671640574e+02
2.528401542468378693e+02
2.528401561178554005e+02
2.528401555070104223e+02
2.528401559489750241e+02
2.528401525667168244e+02
2.528401534121181555e+02
2.528401563801490113e+02
2.528401569201024870e+02
2.528401556358338667e+02
2.528401569919650171e+02
2.528401547106971918e+02
2.528401548780270502e+02
2.528401568449457386e+02
2.528401566137909526e+02
2.528401538231285883e+02
2.528401590182388077e+02
2.528401549242837234e+02
2.528401561050754935e+02
2.528401573955450203e+02
2.528401580773620765e+02
2.528401562458980720e+02
2.528401540425497842e+02
2.528401548871339912e+02
2.528401567192495065e+02
2.528401557311422039e+02
2.528401571945755677e+02
2.528401569597236289e+02
2.528401568269560471e+02
2.528401526824165728e+02
2.528401545034664650e+02
2.528401580487141018e+02
2.528401548448879907e+02
2.528401556694928161e+02
2.528401547801456672e+02
2.528401574599589594e+02
2.528401592663082624e+02
2.528401557701834292e+02
2.528401562906726383e+02
2.528401554290147999e+02
2.528401586301368411e+02
2.528401541830134818e+02
2.528401536785987389e+02
2.528401560125999197e+02
2.528401568173707687e+02
2.528401536292238916e+02
2.528401559389165811e+02
2.528401533584606398e+02
2.528401546904433985e+02
2.528401561936672692e+02
2.528401538235578698e+02
2.528401566148197048e+02
2.528401539384529428e+02
2.528401557320922564e+02
2.528401546788789176e+02
2.528401541457623409e+02
2.528401542418988015e+02
2.528401560354967330e+02
2.528401562107616769e+02
2.528401550399106270e+02
2.528401548195890314e+02
2.528401553359411764e+02
2.528401549086848661e+02
2.528401584704533605e+02
2.528401550016934891e+02
2.528401559905038880e+02
2.528401572268510051e+02
2.528401550521928129e+02
2.528401584059475056e+02
2.528401565469649199e+02
2.528401547122245745e+02
2.528401536320960759e+02
2.528401579038728642e+02
2.528401561471208936e+02
2.528401544253314910e+02
2.528401561615160347e+02
2.528401555531261522e+02
2.528401585259921092e+02
2.528401562056264709e+02
2.528401552948403719e+02
2.528401542269238291e+02
2.528401573615916220e+02
2.528401547306407622e+02
2.528401546013628831e+02
2.528401571002653725e+02
2.528401545946585713e+02
2.528401564270338895e+02
2.528401562709074142e+02
2.528401563104218894e+02
2.528401577872442090e+02
2.528401541637143737e+02
2.528401571913691726e+02
2.528401551604462156e+02
2.528401535676642027e+02
2.528401568143455620e+02
2.528401545764266984e+02
2.528401547826084084e+02
2.528401560394621299e+02
2.528401558167211363e+02
2.528401570724101646e+02
2.528401547501905497e+02
2.528401562853843245e+02
2.528401571053582870e+02
2.528401539236545545e+02
2.528401553823075290e+02
2.528401537228475604e+02
2.528401555031027215e+02
2.528401546041750692e+02
2.528401555875558131e+02
2.528401559789469673e+02
2.528401540156155249e+02
2.528401557167911733e+02
2.528401528142911729e+02
2.528401540221192079e+02
2.528401544458850765e+02
2.528401536214441023e+02
2.528401554237319147e+02
2.528401540864773835e+02
2.528401543211417675e+02
2.528401564071822918e+02
2.528401552720289658e+02
2.528401562976210357e+02
2.528401564037650644e+02
2.528401552534838856e+02
2.528401542710035983e+02
2.528401547278708676e+02
2.528401565661660868e+02
2.528401579815269429e+02
2.528401577898711707e+02
2.528401532255181792e+02
2.528401554927995960e+02
2.528401541109359130e+02
2.528401553343782098e+02
2.528401569332006886e+02
2.528401550345269300e+02
2.528401553956515500e+02
2.528401550956447466e+02
2.528401564702195969e+02
2.528401538256239860e+02
2.528401583103581061e+02
2.528401565793090811e+02
2.528401557593250857e+02
2.528401581904412012e+02
2.528401582039804794e+02
2.528401570679826307e+02
2.528401575056477384e+02
2.528401542734185625e+02
2.528401553962035280e+02
2.528401562468195891e+02
2.528401558208948359e+02
2.528401551264092291e+02
2.528401569071866675e+02
2.528401560063415161e+02
2.528401550775139128e+02
2.528401547800927744e+02
2.528401540372314855e+02
2.528401546182365678e+02
2.528401582225000368e+02
2.528401566319462290e+02
2.528401542205534440e+02
2.528401562735016626e+02
2.528401548437080066e+02
2.528401545575241585e+02
2.528401557584542729e+02
2.528401573108139075e+02
2.528401553828929877e+02
2.528401570160101812e+02
2.528401523048386537e+02
2.528401587493104330e+02
2.528401551968257763e+02
2.528401536692898333e+02
2.528401572303258149e+02
2.528401544183524550e+02
2.528401545117860110e+02
2.528401568583455514e+02
2.528401564316944246e+02
2.528401537716818552e+02
2.528401547931312905e+02
2.528401571547280753e+02
2.528401547464873715e+02
2.528401585103000855e+02
2.528401578261454290e+02
2.528401558699334544e+02
2.528401551264945795e+02
2.528401543453354634e+02
2.528401575454881538e+02
2.528401566533632661e+02
2.528401553765534686e+02
2.528401553577999152e+02
2.528401553146213132e+02
2.528401546438088019e+02
2.528401559350198795e+02
2.528401565982928787e+02
2.528401554088813441e+02
2.528401537551990543e+02
2.528401543061505379e+02
2.528401572231161936e+02
2.528401563631023521e+02
2.528401563074194485e+02
2.528401533146954705e+02
2.528401574620829422e+02
2.528401557426657007e+02
2.528401575224161490e+02
2.528401576617494868e+02
2.528401566918331866e+02
2.528401542986652828e+02
2.528401564146726912e+02
2.528401548550131679e+02
2.528401544378071719e+02
2.528401547540794638e+02
2.528401571397283192e+02
2.528401563000668091e+02
2.528401526586606280e+02
2.528401555042910616e+02
2.528401559692863145e+02
2.528401553999473208e+02
2.528401558420491426e+02
2.528401563223317510e+02
2.528401541378134993e+02
2.528401572004000286e+02
2.528401571744911678e+02
2.528401553878117625e+02
2.528401585299234284e+02
2.528401534915402920e+02
2.528401549166196673e+02
2.528401530841828446e+02
2.528401546039924312e+02
2.528401566600168735e+02
2.528401552866955626e+02
2.528401551364158593e+02
2.528401553263408630e+02
2.528401545814295730e+02
2.528401529670556158e+02
2.528401550317445015e+02
2.528401536432375565e+02
2.528401550246070428e+02
2.528401543089925951e+02
2.528401555305104580e+02
2.528401567662663751e+02
2.528401558615537112e+02
2.528401576105314348e+02
2.528401544682704696e+02
2.528401575424945520e+02
2.528401564546157942e+02
2.528401556927686897e+02
2.528401551572413837e+02
2.528401548594263204e+02
2.528401562714741146e+02
2.528401558194341305e+02
2.528401553546258356e+02
2.528401552651503437e+02
2.528401572770857513e+02
2.528401541684439167e+02
2.528401565727597529e+02
2.528401553010076839e+02
2.528401552088413382e+02
2.528401555421617672e+02
2.528401564451828847e+02
2.528401522218379398e+02
2.528401564248614477e+02
2.528401581514868610e+02
2.528401546583379513e+02
2.528401560560910752e+02
2.528401546603909935e+02
2.528401549303637239e+02
2.528401579415296112e+02
2.528401586925810136e+02
2.528401563568777703e+02
2.528401567032440198e+02
2.528401572557494319e+02
2.528401571416828801e+02
2.528401549366556935e+02
2.528401545294310608e+02
2.528401557225793113e+02
2.528401570994660403e+02
2.528401559942508925e+02
2.528401569480715807e+02
2.528401535133373841e+02
2.528401557722320945e+02
2.528401550458850124e+02
2.528401551685695097e+02
2.528401560267670902e+02
2.528401545568501376e+02
2.528401570043576214e+02
2.528401575469179647e+02
2.528401559555539961e+02
2.528401561692289192e+02
2.528401557823167423e+02
2.528401564428756387e+02
2.528401555525989295e+02
2.528401563642524934e+02
2.528401559541679831e+02
2.528401546511759079e+02
2.528401542605132875e+02
2.528401576986764780e+02
2.528401567311088911e+02
2.528401543724078238e+02
2.528401594390614946e+02
2.528401565683519436e+02
2.528401564685476899e+02
2.528401546172301835e+02
2.528401561500833452e+02
2.528401554770625808e+02
2.528401554028294242e+02
2.528401562536886047e+02
2.528401565657203491e+02
2.528401575825607495e+02
2.528401573380931779e+02
2.528401544313779539e+02
2.528401569876915005e+02
2.528401542640287971e+02
2.528401566637732003e+02
2.528401560536857744e+02
2.528401555811135211e+02
2.528401537229622988e+02
2.528401543980347128e+02
2.528401539213392084e+02
2.528401571046958622e+02
2.528401576049641903e+02
2.528401584488854326e+02
2.528401548071247191e+02
2.528401571173706373e+02
2.528401573585774997e+02
2.528401567310805547e+02
2.528401544440946793e+02
2.528401546934462374e+02
2.528401551546871815e+02
2.528401555195244157e+02
2.528401551519243355e+02
2.528401543247006487e+02
2.528401561796810881e+02
2.528401575606204403e+02
2.528401550851748425e+02
2.528401540111452732e+02
2.528401551407931720e+02
2.528401564315595067e+02
2.528401526701021851e+02
2.528401541946916495e+02
2.528401555016672546e+02
2.528401572709803986e+02
2.528401553304065601e+02
2.528401575435982238e+02
2.528401545899047562e+02
2.528401531529071349e+02
2.528401566042426794e+02
2.528401576586510657e+02
2.528401561483413786e+02
2.528401547639067246e+02
2.528401569448930957e+02
2.528401543875840787e+02
2.528401526973092643e+02
2.528401548522769815e+02
2.528401556390207645e+02
2.528401533934864744e+02
2.528401572230159786e+02
2.528401537396518677e+02
2.528401544429662806e+02
2.528401567168950521e+02
2.528401553860330182e+02
2.528401563054805763e+02
2.528401534375407493e+02
2.528401569203898873e+02
2.528401560502246639e+02
2.528401546617471638e+02
2.528401548456129717e+02
2.528401561586767059e+02
2.528401574439351407e+02
2.528401567326382917e+02
2.528401547207361943e+02
2.528401566127521960e+02
2.528401532124248945e+02
2.528401574731454389e+02
2.528401557218836047e+02
2.528401571245101138e+02
2.528401554675597822e+02
2.528401538597071010e+02
2.528401573421356829e+02
2.528401545798830909e+02
2.528401562630156434e+02
2.528401585284818509e+02
2.528401557977344680e+02
2.528401547207077158e+02
2.528401551847235851e+02
2.528401553752450184e+02
2.528401529126882963e+02
2.528401582149628837e+02
2.528401551382509354e+02
2.528401551665809848e+02
2.528401559306144293e+02
2.528401546286840471e+02
2.528401562868756400e+02
2.528401566920076959e+02
2.528401551081517482e+02
2.528401571552252278e+02
2.528401568971356710e+02
2.528401556915480626e+02
2.528401576394101085e+02
2.528401568585040877e+02
2.528401551957175002e+02
2.528401566643169076e+02
2.528401566788946866e+02
2.528401553207702079e+02
2.528401558527250472e+02
2.528401575260912750e+02
2.528401553180537462e+02
2.528401545089495244e+02
2.528401549754286179e+02
2.528401543861065193e+02
2.528401570255673221e+02
2.528401557436287987e+02
2.528401566680921064e+02
2.528401565512629645e+02
2.528401549241584974e+02
2.528401530509354700e+02
2.528401545359922693e+02
2.528401535506286848e+02
2.528401579831989068e+02
2.528401545716891974e+02
2.528401564784731193e+02
2.528401557101113895e+02
2.528401564300387463e+02
2.528401532038534469e+02
2.528401541922269189e+02
2.528401549068587997e+02
2.528401530122943939e+02
2.528401582658623283e+02
2.528401581542965459e+02
2.528401568376177693e+02
2.528401578219732642e+02
2.528401573738015315e+02
2.528401575197524949e+02
2.528401540640179235e+02
2.528401551274815233e+02
2.528401548164387407e+02
2.528401558394274105e+02
2.528401563516202941e+02
2.528401537863051374e+02
2.528401555207894944e+02
2.528401556420490408e+02
2.528401551820081750e+02
2.528401573024109155e+02
2.528401551990051814e+02
2.528401573342526660e+02
2.528401565706488441e+02
2.528401548729001718e+02
2.528401544467699296e+02
2.528401552240128183e+02
2.528401543012486457e+02
2.528401569204366126e+02
2.528401542487327163e+02
2.528401538621854741e+02
2.528401567181300038e+02
2.528401553133303992e+02
2.528401558652532515e+02
2.528401549731270563e+02
2.528401553252404312e+02
2.528401578647854535e+02
2.528401569613198490e+02
2.528401571084316970e+02
2.528401553404336255e+02
2.528401555252663684e+02
2.528401531292934692e+02
2.528401534600454568e+02
2.528401542133130135e+02
2.528401560212925574e+02
2.528401556385980484e+02
2.528401567522991513e+02
2.528401549586413921e+02
2.528401530443935599e+02
2.528401553566767461e+02
2.528401548927346028e+02
2.528401550262234707e+02
2.528401567131085983e+02
2.528401552871758327e+02
2.528401554718120963e+02
2.528401565800892854e+02
2.528401553516520153e+02
2.528401554183311646e+02
2.528401564797005392e+02
2.528401551978919315e+02
2.528401567162639196e+02
2.528401562220190328e+02
2.528401558053356553e+02
2.528401556347524206e+02
2.528401543701396577e+02
2.528401580180314454e+02
2.528401560059727444e+02
2.528401557367919850e+02
2.528401556624673958e+02
2.528401543824118107e+02
2.528401553680434688e+02
2.528401564561291934e+02
2.528401592335687837e+02
2.528401548072821754e+02
2.528401554067504549e+02
2.528401548310469025e+02
2.528401532299016878e+02
2.528401553255306169e+02
2.528401543071562685e+02
2.528401566965058578e+02
2.528401549089753075e+02
2.528401547285948823e+02
2.528401553217416051e+02
2.528401556569673119e+02
2.528401563876726925e+02
2.528401575402145625e+02
2.528401565420379313e+02
2.528401547640947911e+02
2.528401559362880562e+02
2.528401549027854855e+02
2.528401536598437360e+02
2.528401549493513301e+02
2.528401560571939513e+02
2.528401575676871005e+02
2.528401564870220852e+02
2.528401559319190994e+02
2.528401554752423692e+02
2.528401560316978305e+02
2.528401551139102708e+02
2.528401548658462730e+02
2.528401562641934390e+02
2.528401578549273552e+02
2.528401570213050320e+02
2.528401558968677421e+02
2.528401565949009751e+02
2.528401539685877140e+02
2.528401563549559228e+02
2.528401590146952458e+02
2.528401542769592538e+02
2.528401537964603847e+02
2.528401563639174014e+02
2.528401546183785911e+02
2.528401572730383862e+02
2.528401547546561972e+02
2.528401557319384096e+02
2.528401547580428428e+02
2.528401569720448663e+02
2.528401559834484544e+02
2.528401551962563758e+02
2.528401550309838228e+02
2.528401553775738932e+02
2.528401568586381529e+02
2.528401555935692500e+02
2.528401568136651463e+02
2.528401551856116782e+02
2.528401567447497200e+02
2.528401556806038570e+02
2.528401582012616586e+02
2.528401556977054838e+02
2.528401557244283708e+02
2.528401556099108518e+02
2.528401559502200371e+02
2.528401575546618005e+02
2.528401545916734392e+02
2.528401547945628920e+02
2.528401568614438304e+02
2.528401560831879351e+02
2.528401540811816517e+02
2.528401551507452041e+02
2.528401536460266072e+02
2.528401541306766092e+02
2.528401578562867940e+02
2.528401547199846959e+02
2.528401545433802653e+02
2.528401581093568780e+02
2.528401549733617912e+02
2.528401579187562334e+02
2.528401555203139708e+02
2.528401561031706137e+02
2.528401560064086198e+02
2.528401546720255340e+02
2.528401531696958955e+02
2.528401546598429377e+02
2.528401535958117279e+02
2.528401558372867726e+02
2.528401566662448374e+02
2.528401544546131845e+02
2.528401558126438715e+02
2.528401556769200340e+02
2.528401540268584711e+02
2.528401553868352778e+02
2.528401552491491771e+02
2.528401533831324741e+02
2.528401557019432744e+02
2.528401541335160232e+02
2.528401543596915531e+02
2.528401593026189005e+02
2.528401556844261506e+02
2.528401552075611107e+02
2.528401562599528631e+02
2.528401574718263589e+02
2.528401547945516086e+02
2.528401572117234366e+02
2.528401572025765631e+02
2.528401535360703178e+02
2.528401563292740946e+02
2.528401583789274696e+02
2.528401549440987424e+02
2.528401549728762348e+02
2.528401556096908109e+02
2.528401528365678814e+02
2.528401541132400325e+02
2.528401576572780414e+02
2.528401555431240695e+02
2.528401564452800585e+02
2.528401554164861977e+02
2.528401551836298040e+02
2.528401558979154231e+02
2.528401562881545885e+02
2.528401544885214776e+02
2.528401558364086554e+02
2.528401557108259681e+02
2.528401533136702994e+02
2.528401551416413611e+02
2.528401557349160100e+02
2.528401561496878855e+02
2.528401545283951179e+02
2.528401561983104955e+02
2.528401562424476197e+02
2.528401559845726752e+02
2.528401545537016375e+02
2.528401553894410085e+02
2.528401522489473336e+02
2.528401587053883759e+02
2.528401557412006753e+02
2.528401565460846996e+02
2.528401559969318271e+02
2.528401562620665857e+02
2.528401555915997108e+02
2.528401569689701205e+02
2.528401548022974907e+02
2.528401564710058551e+02
2.528401541889304269e+02
2.528401537961382815e+02
2.528401557284843761e+02
2.528401542247892166e+02
2.528401544737234019e+02
2.528401546829780955e+02
2.528401570845896345e+02
2.528401552660128857e+02
2.528401561332318579e+02
2.528401567495625102e+02
2.528401548228436866e+02
2.528401545814836879e+02
2.528401572467796541e+02
2.528401537600477127e+02
2.528401561545791481e+02
2.528401556632495613e+02
2.528401543807063661e+02
2.528401552365627367e+02
2.528401533197925346e+02
2.528401574928738000e+02
2.528401577682996049e+02
2.528401554348373566e+02
2.528401536073992588e+02
2.528401522189357138e+02
2.528401561299781406e+02
2.528401560557401240e+02
2.528401547222618149e+02
2.528401562753400356e+02
2.528401553193542668e+02
2.528401549825812822e+02
2.528401579464598967e+02
2.528401565940918374e+02
2.528401582023222431e+02
2.528401562870142243e+02
2.528401556152081753e+02
2.528401565191698239e+02
2.528401563019093317e+02
2.528401561956224555e+02
2.528401538447311339e+02
2.528401581549435093e+02
2.528401560392776446e+02
2.528401522565054336e+02
2.528401555623977686e+02
2.528401554474069428e+02
2.528401549826767507e+02
2.528401516414978971e+02
2.528401559138803236e+02
2.528401559692602518e+02
2.528401577396441269e+02
2.528401533963230463e+02
2.528401557416469245e+02
2.528401579899255864e+02
2.528401554475266266e+02
2.528401546899452796e+02
2.528401551612966784e+02
2.528401539816585171e+02
2.528401555232287592e+02
2.528401534791633480e+02
2.528401553863793652e+02
2.528401531391574792e+02
2.528401537016948168e+02
2.528401571640920338e+02
2.528401570931712286e+02
2.528401570390510642e+02
2.528401540642314274e+02
2.528401578123289539e+02
2.528401537078289323e+02
2.528401548959600120e+02
2.528401552933415815e+02
2.528401568580418086e+02
2.528401570066601494e+02
2.528401549251589699e+02
2.528401570821917517e+02
2.528401577977849399e+02
2.528401572598990015e+02
2.528401565941371132e+02
2.528401546995850140e+02
2.528401607650799008e+02
2.528401540178858511e+02
2.528401540040002260e+02
2.528401538374578195e+02
2.528401559210471135e+02
2.528401574615490972e+02
2.528401554590026876e+02
2.528401560126267498e+02
2.528401572288028092e+02
2.528401572953339951e+02
2.528401538100874291e+02
2.528401540303778745e+02
2.528401535049221422e+02
2.528401544133299979e+02
2.528401563425759662e+02
2.528401575790032894e+02
2.528401534987678758e+02
2.528401559486424333e+02
2.528401536879660512e+02
2.528401566320252414e+02
2.528401548717807543e+02
2.528401558435608933e+02
2.528401566112196974e+02
2.528401569271976257e+02
2.528401566534950291e+02
2.528401515440957610e+02
2.528401542750112299e+02
2.528401537869139020e+02
2.528401549871646523e+02
2.528401546448560850e+02
2.528401569322570310e+02
2.528401556876952441e+02
2.528401544527738736e+02
2.528401557685203329e+02
2.528401576526522376e+02
2.528401535087702996e+02
2.528401545432547550e+02
2.528401573178321939e+02
2.528401541504011902e+02
2.528401544371172918e+02
2.528401582776025407e+02
2.528401539020568691e+02
2.528401568520611136e+02
2.528401552691447591e+02
2.528401565660575727e+02
2.528401554706765637e+02
2.528401556923291196e+02
2.528401545373158683e+02
2.528401541907682031e+02
2.528401557769199144e+02
2.528401550978646810e+02
2.528401545144045883e+02
2.528401541016577596e+02
2.528401542538609874e+02
2.528401568412056974e+02
2.528401552600557238e+02
2.528401555558781979e+02
2.528401554773049611e+02
2.528401535068674661e+02
2.528401543618515745e+02
2.528401559242750523e+02
2.528401545464234346e+02
2.528401541756618087e+02
2.528401527218076410e+02
2.528401552567031843e+02
2.528401549052813948e+02
2.528401527464427829e+02
2.528401549883816983e+02
2.528401569130401469e+02
2.528401542816590108e+02
2.528401547477951965e+02
2.528401558425963174e+02
2.528401573255800088e+02
2.528401552113875539e+02
2.528401525623703776e+02
2.528401537020681076e+02
2.528401552747704386e+02
2.528401563872355382e+02
2.528401554723963613e+02
2.528401570474109690e+02
2.528401566591369090e+02
2.528401572157320913e+02
2.528401563882645746e+02
2.528401553424187398e+02
2.528401554633730655e+02
2.528401535194406620e+02
2.528401574982883631e+02
2.528401546493291505e+02
2.528401585841193082e+02
2.528401557140659861e+02
2.528401551953907642e+02
2.528401565379105307e+02
2.528401568252246250e+02
2.528401552055077275e+02
2.528401570680964312e+02
2.528401563503443015e+02
2.528401545041958229e+02
2.528401533746862810e+02
2.528401574208619991e+02
2.528401570885450838e+02
2.528401559520700062e+02
2.528401559955093205e+02
2.528401545936704622e+02
2.528401573519741987e+02
2.528401571408648465e+02
2.528401554458149292e+02
2.528401554976024954e+02
2.528401534223303599e+02
2.528401561935621089e+02
2.528401547978427004e+02
2.528401537068749860e+02
2.528401565878185693e+02
2.528401558793310926e+02
2.528401569821147632e+02
2.528401557852439510e+02
2.528401550192897105e+02
2.528401548649158315e+02
2.528401547009677017e+02
2.528401552500647256e+02
2.528401540585621206e+02
2.528401546585316169e+02
2.528401571479614631e+02
2.528401560597243360e+02
2.528401554065359846e+02
2.528401569262256885e+02
2.528401561476925679e+02
2.528401561812945886e+02
2.528401566056173806e+02
2.528401554733122509e+02
2.528401550734411671e+02
2.528401550867596086e+02
2.528401548182926319e+02
2.528401550908204456e+02
2.528401557428691433e+02
2.528401564076024499e+02
2.528401561796857493e+02
2.528401529443262632e+02
2.528401565889465132e+02
2.528401545589223645e+02
2.528401551178705517e+02
2.528401542968505282e+02
2.528401553349895323e+02
2.528401552335294014e+02
2.528401549719986576e+02
2.528401555211352445e+02
2.528401559563847627e+02
2.528401533804065195e+02
2.528401543743408411e+02
2.528401564302824340e+02
2.528401560732379210e+02
