8.051627913941582904e+01
8.212166933428736115e+01
8.124260169469775406e+01
8.003867886825160838e+01
8.226787596317002738e+01
8.035979626992525482e+01
8.004283350550916509e+01
7.987417443955131091e+01
8.198225797983309349e+01
7.866771599054129638e+01
7.949620317136539427e+01
7.998957213744532169e+01
7.948453762588835048e+01
8.034916824302366933e+01
7.885121723180607489e+01
8.369843906860319294e+01
7.908469035237716582e+01
8.250206159154660668e+01
7.902598789990295813e+01
8.246048200712698417e+01
7.958970583047573655e+01
7.918430029654756197e+01
8.108601934989887638e+01
8.239303717146611916e+01
8.125087552395841328e+01
7.909718406006186342e+01
8.116008448678681475e+01
8.027039259488384459e+01
8.147834511467570451e+01
8.254920974214989826e+01
8.159619023223470435e+01
8.202104544939810182e+01
7.931242202096345295e+01
7.921411676087619469e+01
8.202916403875403262e+01
7.821163332286160141e+01
8.184267695543341858e+01
8.046361931037857573e+01
8.015302302801775625e+01
8.065159686027297425e+01
7.988207096105801952e+01
8.151706044017535646e+01
7.873614208053832897e+01
8.013400314637586064e+01
8.162211846130702497e+01
8.144379747573282202e+01
7.987692985259363354e+01
8.042801642881391899e+01
7.898492187012050181e+01
8.170893378133767726e+01
7.927050111454582293e+01
7.959378754976721382e+01
7.794034461376323009e+01
8.139409077827343708e+01
8.151353749521283021e+01
8.121044060992127811e+01
8.239066843842199717e+01
7.911860035201563335e+01
7.993909524383420262e+01
8.184006147574345391e+01
8.102743418949251009e+01
8.275046266685275498e+01
8.113203337348973321e+01
8.024797546078721666e+01
8.058856422679917841e+01
7.894634011835454146e+01
8.107922259915550001e+01
8.046946512035103183e+01
7.960193621833032296e+01
8.223467217844898869e+01
8.348112728469087074e+01
8.068879144418382054e+01
7.953232732668224969e+01
8.142509282518372515e+01
8.137788099766331129e+01
7.864454137689881463e+01
8.142252600567661602e+01
7.870187723428563231e+01
7.975493154452514943e+01
7.951911484249978912e+01
8.139471436524198111e+01
8.217160107176724182e+01
8.167223134166549414e+01
7.803626361228164399e+01
7.998450062281038697e+01
7.974442451719431801e+01
7.827604403086974116e+01
7.921403745480063208e+01
7.979991811416647352e+01
8.101392262412542777e+01
7.940701072521632398e+01
8.105410723076512625e+01
8.083740558432239709e+01
8.222387715944539366e+01
8.175904803695674161e+01
8.089894889059178240e+01
8.108872377510104457e+01
8.095933556381380924e+01
8.172415302559330996e+01
8.176491421274459981e+01
8.243574012727840739e+01
8.060482242793450780e+01
7.902874968765758013e+01
7.918903192557010584e+01
8.087967666426393976e+01
8.119099532922700746e+01
8.123906118284418199e+01
8.050547832943551896e+01
8.040768022530512837e+01
8.024341670346531430e+01
8.065855567054963160e+01
8.286704852433342694e+01
8.071668141249259065e+01
8.081267117404341604e+01
7.906448420903470264e+01
7.859194341612726475e+01
8.145414532903414795e+01
8.104705896814346033e+01
8.022250380309786522e+01
8.125950397475649822e+01
7.928947454967011765e+01
7.824400118628982170e+01
8.063342015667700480e+01
8.275561485016997665e+01
8.264689711027520502e+01
8.163071349920581099e+01
7.894359761449064194e+01
8.285581045690327073e+01
8.005950406250346418e+01
8.029746710572996449e+01
8.206464754762870939e+01
7.842810694100694491e+01
8.033966639752802052e+01
8.208022849650609487e+01
8.094966160600608873e+01
8.074600197703486515e+01
7.836066072895309276e+01
7.961042629162837159e+01
7.978258656022414641e+01
7.929526030957997307e+01
8.165299903338566878e+01
7.965399146097388439e+01
7.905396818466464026e+01
8.012814747446768138e+01
8.133204161736567528e+01
8.212738232997823218e+01
8.094765020326892113e+01
8.047902730779541969e+01
8.204634710221603200e+01
8.056042153967079855e+01
8.033987520521749559e+01
8.151003109368274124e+01
7.988924355308276404e+01
7.990027000268267443e+01
8.059030875265662530e+01
8.038508491237857356e+01
8.066605896526246511e+01
8.217007324092674025e+01
8.275655708859427762e+01
8.032243077191834857e+01
8.189451915150347361e+01
8.242830191599831835e+01
8.032291597186029719e+01
8.095321629373052019e+01
8.194448221138397059e+01
8.061601285683703111e+01
8.133364806683627535e+01
8.032730617089964653e+01
8.116425639265548853e+01
7.997358895306784632e+01
8.092026804943780860e+01
7.968191297413540042e+01
8.224297305275678127e+01
8.139555578125414570e+01
8.130354719126177088e+01
8.077076989602990409e+01
8.210441702035409151e+01
7.714097664969999357e+01
7.731872481294651323e+01
8.233483085169928017e+01
8.249462233439712122e+01
8.204672908238671880e+01
8.103916296411421172e+01
7.844854243529587734e+01
7.992316916628055878e+01
8.207726707044467673e+01
8.383981368809548940e+01
8.239698984390692260e+01
8.009799311162475988e+01
7.883070403857433917e+01
7.854964725350890831e+01
8.108396514023758073e+01
7.896467538243365425e+01
8.114296856888049092e+01
7.932499932289607614e+01
8.036522474460562648e+01
7.897397994775056418e+01
7.964482633657615906e+01
7.938316215651435925e+01
8.061230142459541526e+01
8.053788817253388288e+01
7.900576114014708651e+01
7.975826483021978675e+01
7.931628694278865055e+01
8.028052381559348305e+01
8.188693905367834702e+01
7.937039998925574480e+01
8.154772052437009222e+01
8.257499011060794203e+01
8.157517387881534887e+01
8.032579281219851453e+01
8.006624391896478699e+01
8.188153974699589810e+01
8.157453973141593906e+01
7.865370138816929568e+01
8.011531406475505435e+01
8.048755891268811524e+01
8.084382568782346823e+01
7.846935294891859769e+01
8.085021407211722533e+01
8.000317983288570645e+01
8.177670652662362727e+01
8.165663429241477900e+01
8.094317848190982545e+01
8.037810931527060632e+01
7.955645285102978903e+01
8.096549873222866722e+01
7.792736515221625382e+01
8.294615270596564471e+01
7.915671026233229668e+01
8.072167511201550383e+01
7.898669798252961982e+01
8.117619803786789134e+01
8.297512434030423378e+01
8.227256908970935001e+01
8.188691838599514483e+01
8.022679736551172880e+01
8.161921107975496170e+01
7.933338144561041361e+01
8.223038300491330688e+01
7.942172403229325539e+01
7.940578603227848475e+01
7.898079478481524518e+01
8.184193167778653333e+01
7.891000499600175999e+01
7.730482513254243315e+01
8.031712751823589258e+01
7.997157168227882096e+01
8.048818366020263682e+01
8.051256449126475445e+01
7.788596891050463000e+01
8.153962977789271349e+01
8.058223831610149546e+01
8.185440595866583635e+01
7.889263555592282273e+01
8.177896181521630581e+01
8.069336592419834631e+01
8.064276599669680934e+01
8.007379900934050454e+01
7.941503238398355791e+01
8.199869198583525076e+01
8.193321384587321177e+01
8.063727098008648397e+01
8.299657336951214859e+01
7.975474332317087089e+01
8.132202435975793264e+01
8.014728355752023958e+01
8.244932393344606680e+01
7.845072381526533434e+01
7.975395165625569405e+01
8.074445620458334361e+01
8.041869982717125254e+01
7.923447725599343983e+01
8.036830711555225548e+01
8.097112026891370817e+01
8.149832489507133459e+01
8.170865367186674177e+01
8.145008623755940391e+01
7.940092369625814683e+01
8.258062114707786350e+01
8.047966933338842921e+01
8.049743809903699798e+01
7.756592101650922189e+01
7.920703936243803867e+01
8.049135113739932024e+01
8.043015662100749807e+01
7.830093685697549688e+01
7.771144642858351403e+01
8.102350308438788318e+01
8.286838402899633138e+01
8.130016191152934368e+01
7.866638866425529386e+01
8.017016730520619205e+01
8.037153278545848423e+01
7.887172257423200961e+01
7.863802149972107713e+01
7.945590308514255184e+01
7.987036319248892369e+01
7.921023716824583971e+01
8.000843336457946009e+01
8.037236353409616640e+01
8.089657496286014293e+01
7.914229092331764548e+01
7.813089020374113147e+01
7.980698611342111803e+01
8.122513936977387061e+01
7.755708494157666166e+01
8.071506041188715130e+01
8.108163222926640401e+01
7.979107040789617145e+01
8.259542144236782235e+01
8.043470717847645801e+01
8.046897705445728377e+01
8.076823379623496635e+01
7.953802663781247873e+01
8.072130553568895550e+01
8.031751741848307802e+01
8.116067532610898638e+01
8.064494747599643176e+01
7.782364554151075708e+01
7.970084821448604373e+01
7.859071646933688271e+01
7.861672743944609465e+01
8.195276279395856989e+01
7.916458097113179804e+01
7.791804058711788628e+01
8.090515825155814866e+01
8.142070931444374082e+01
8.157927108837856167e+01
7.812298940457313279e+01
7.955775119143933694e+01
7.926882889724075199e+01
8.061359680780445558e+01
8.112252604883569518e+01
8.269582526387618771e+01
8.133085880173348414e+01
7.997499794277757701e+01
8.154005169310028123e+01
8.067857869287043115e+01
8.141043276063439293e+01
8.087501400381080430e+01
8.010363714810965519e+01
8.224292370513235539e+01
8.030198108102061383e+01
8.034560639777369317e+01
8.035880598282136589e+01
8.168917285434534392e+01
8.012078933937009140e+01
8.071603378577381704e+01
8.053412542159158249e+01
8.051666883234062766e+01
7.919534328996520856e+01
7.937922023477968025e+01
7.871602327792670906e+01
7.990177944929813236e+01
8.050171335646281534e+01
7.994983022034439557e+01
8.294489025568634588e+01
8.076242916446786069e+01
7.759793181894394820e+01
8.136367953991262425e+01
7.882174829681099482e+01
7.953536606867903913e+01
8.018917771318528764e+01
8.107094161883533445e+01
8.061178520567922590e+01
8.261772193827248145e+01
8.225438623299427832e+01
8.004032050025828937e+01
8.162649546059493844e+01
8.084150736936685178e+01
7.946730219696105735e+01
8.068575147330759023e+01
8.077467174932849048e+01
7.867042493093417477e+01
7.936390168926860156e+01
8.271863000167805069e+01
8.000635261651576968e+01
8.126295326118975026e+01
8.088927149888071710e+01
8.062893745495429698e+01
8.078211717787377211e+01
7.999050226704993349e+01
8.172207166218321106e+01
8.063534804376611476e+01
8.045889436531214756e+01
8.314366049603324882e+01
8.123195296113189556e+01
8.066832868341444396e+01
8.013961209105271166e+01
8.050247476088922838e+01
8.121325139652871883e+01
7.825332317903156820e+01
8.103135385592869966e+01
7.877509677863690740e+01
7.901699155112162032e+01
7.841929455764430656e+01
8.010780700577065261e+01
7.935411949111264107e+01
8.029825345935263670e+01
7.992461987132773515e+01
8.094119365705512337e+01
8.026733263301659349e+01
7.907104785544407832e+01
8.101450766263985770e+01
8.199467649658238599e+01
7.805168403270251076e+01
8.097338239617552347e+01
8.222319471620944853e+01
8.068955388511375304e+01
7.883753371498890772e+01
8.147473819368717329e+01
8.093491290483302691e+01
8.113542024856371881e+01
7.929887820289550859e+01
8.016289369146748811e+01
8.115081854393282867e+01
7.964521589824440184e+01
8.015859639731176856e+01
7.989609345847310351e+01
8.427117825108341265e+01
7.872292545017309351e+01
8.192803642716920365e+01
7.885120459490492806e+01
7.859281851403591190e+01
8.042215979082165234e+01
8.388602001461752877e+01
7.900299909816429533e+01
7.808266790223004250e+01
8.378003790143199581e+01
7.878422863671404741e+01
7.835761997117758426e+01
8.214793000464965189e+01
7.860117237102618049e+01
7.990207396674655627e+01
8.188701468971130737e+01
8.070364107725889369e+01
7.990526410636516630e+01
8.071033989446787871e+01
7.852284366052978726e+01
7.758516630049815888e+01
8.133090373833167064e+01
8.134330624081596284e+01
7.981442243807940429e+01
8.045757324933440202e+01
7.987473988845319184e+01
8.301427877337539485e+01
8.155144095581103159e+01
8.391262629146319796e+01
8.155715950527071811e+01
8.095468008745125132e+01
8.189830741126974090e+01
7.998280512527628616e+01
8.122014692871665886e+01
7.866996566596191087e+01
7.811989709342120136e+01
8.024167869662925057e+01
8.174704180844948098e+01
7.849429612847545457e+01
7.776546375560982938e+01
8.178176042114024824e+01
8.016679947555759611e+01
8.061612419051387235e+01
7.900986946818765944e+01
7.888045834202101503e+01
7.916340937958445068e+01
8.144059632774742852e+01
8.147676434077125407e+01
8.194831866686865851e+01
7.826414209395849753e+01
8.090427157998070129e+01
8.206594023508216651e+01
7.873011126439044460e+01
8.199652446571364806e+01
7.899709024800590385e+01
8.176441502082516877e+01
8.110397751094707530e+01
8.377040982434584748e+01
8.022154721744702499e+01
8.106425099906336129e+01
7.935790120456259444e+01
8.189059515714389192e+01
8.337563403176082488e+01
8.315536141521847924e+01
8.233914491530173052e+01
8.193598276689567683e+01
8.081681078649151573e+01
8.015070119800743953e+01
7.960030189456975336e+01
8.201966011589411210e+01
8.058286502931603934e+01
8.169178687324249211e+01
8.141029932428770621e+01
8.036941890853425718e+01
7.883700729949998731e+01
7.981161751344242816e+01
8.305601380117377630e+01
7.833913330655707341e+01
8.330290497753200896e+01
8.156760325057109640e+01
8.078875848890021416e+01
8.115765949328755369e+01
8.042027580999439351e+01
8.006595040768550575e+01
7.759158159289187040e+01
7.997115944948107824e+01
8.127414510059394104e+01
8.115892593658921328e+01
8.012816990210166068e+01
7.983772141038134862e+01
7.807980635496271304e+01
8.197331375135605924e+01
8.052603120311012219e+01
8.099353748393012609e+01
7.953712379817262956e+01
7.909995733084753056e+01
8.193881332365353387e+01
8.001175541613928033e+01
8.114036954088686571e+01
7.881832158032814561e+01
7.887654752092316812e+01
7.956571830545200896e+01
7.907636006680468199e+01
8.117134732509920525e+01
8.070651080503969865e+01
7.880025280440283098e+01
7.986915102047414905e+01
8.153170526593270040e+01
7.959078993494858878e+01
8.262321387253979310e+01
7.890136379999844962e+01
8.385600606117226619e+01
8.047530126571233211e+01
8.172407808254571648e+01
8.021257947679400502e+01
7.985045870613717511e+01
7.984813839560469262e+01
8.039081197246915167e+01
8.079668417102566025e+01
8.058253665751573180e+01
7.969112886469771695e+01
8.028434165501523978e+01
8.117083668293454934e+01
7.955272947444420595e+01
7.958655852559245147e+01
8.217398013605846074e+01
8.026982421311338101e+01
7.966090412775695029e+01
8.113297575549272267e+01
7.989383046536376298e+01
8.044394513294356841e+01
7.818882174129160489e+01
8.090077953730731508e+01
7.997192946054228457e+01
8.086452945183377494e+01
8.037157448659057479e+01
8.187448481758158891e+01
8.129046318236272839e+01
7.901582850105904754e+01
8.223945765975470579e+01
7.822617531764335297e+01
7.994898174363619603e+01
7.980367049118491707e+01
8.103665893174914459e+01
8.098802087342630784e+01
8.090803416694727446e+01
8.102897891985675471e+01
8.180474530301195557e+01
7.956042256757163500e+01
8.080443266104926181e+01
8.066453250015528909e+01
8.051293964795189595e+01
8.098072076526243279e+01
8.016494747072290750e+01
7.963109921426762128e+01
8.178429581414978600e+01
8.309073322203762757e+01
8.119571458030301869e+01
8.061751508734893434e+01
7.888628455815918983e+01
8.065996973316762819e+01
7.833054877823089157e+01
7.925674032529813928e+01
8.185020089459678161e+01
8.244732821432522485e+01
7.983308122516984895e+01
7.940111064596335666e+01
8.110119398799345447e+01
8.133334667877917923e+01
7.913790965612489003e+01
7.960632835706674371e+01
7.914620022568310276e+01
8.134085821151482776e+01
8.263965496360177099e+01
8.013472156363698673e+01
7.838463716054963015e+01
7.951394557894248294e+01
8.092238571725587803e+01
8.033392688585162489e+01
7.870644299949512401e+01
7.897450748497108464e+01
7.894970727418360923e+01
8.057710739898847407e+01
8.061777819306017534e+01
8.190709696165998821e+01
8.018559835034085381e+01
8.004626439288188067e+01
7.894416874024585695e+01
8.022605407734444327e+01
8.085816819658509758e+01
8.063025754715451399e+01
7.805553409703385626e+01
8.039717684645218299e+01
7.831353346386471515e+01
7.970134326950766024e+01
8.301284593557271307e+01
7.964910497521958632e+01
7.961872330602582792e+01
8.182044202538268962e+01
8.166313989558403819e+01
7.896811080362904534e+01
8.078045879242178273e+01
8.205509649794406357e+01
8.081680327692583887e+01
8.147192053281287372e+01
8.153656883243489517e+01
7.963778084484249575e+01
8.081825578169483038e+01
8.157938612775224385e+01
7.825024477642854492e+01
7.867609903687896633e+01
7.734014238538119912e+01
7.869706021095645099e+01
8.053634852870992233e+01
8.191366355337295602e+01
8.154014248497692563e+01
8.155020336344153975e+01
8.110140254325615672e+01
8.218926058903591070e+01
8.244677258906203576e+01
8.105370422895551030e+01
7.935583808561405306e+01
8.085975086141593238e+01
7.948518376371630723e+01
8.178721034998623907e+01
8.145904230021523063e+01
8.162807384713747183e+01
8.040320616657066921e+01
7.810922228996700767e+01
8.005203783699123221e+01
8.038862938395823221e+01
7.909016770473313329e+01
7.934220991659307742e+01
8.347898644099269916e+01
8.100363244132087459e+01
7.997064448861017638e+01
8.083846426310391564e+01
7.961754279174388671e+01
7.864502918035994128e+01
8.023658104233169297e+01
8.023621466534804370e+01
8.069354251655693133e+01
8.067551158026661540e+01
8.054007325052468502e+01
8.149923208788767681e+01
8.189010949907783754e+01
8.469570976282309971e+01
8.098460900123207296e+01
8.139787221878918899e+01
7.724532502215934926e+01
8.112480688027103781e+01
7.814105929966214603e+01
7.999185588222546528e+01
8.335793356185895675e+01
7.975951102175605456e+01
7.978751958267173450e+01
8.010367015430193760e+01
8.126495178607805769e+01
8.074983790766863478e+01
8.082577120814585214e+01
8.064808352759939680e+01
8.081233392173031405e+01
8.178426331442487651e+01
7.737941057946342482e+01
8.175032709103309969e+01
7.987601554715367058e+01
8.019934637832047031e+01
7.990955751046672617e+01
8.084544505473628817e+01
7.960295668848415573e+01
8.189926962270297395e+01
8.150995190314935712e+01
7.906952835917904565e+01
8.095575983726570257e+01
8.331294112700888377e+01
8.056801793791731825e+01
8.140382046933805782e+01
7.951047690475944307e+01
8.042845870369109207e+01
7.986502283392998436e+01
7.909582078683285999e+01
8.008696318585332108e+01
8.070393658357942002e+01
8.114671933194813391e+01
8.099044103069550715e+01
7.834237353536282455e+01
8.023146734275137248e+01
8.017533804673664122e+01
8.224757151285290036e+01
7.994313295222836757e+01
8.038206154979778262e+01
7.972723997703253929e+01
7.763787516331807126e+01
8.223622071085920027e+01
8.125778230430221072e+01
8.052478909533077456e+01
7.901689494972232808e+01
7.899500238260229423e+01
8.135598589381515922e+01
7.999315161294836685e+01
8.018108798330277409e+01
7.972896824006099337e+01
8.033310407320399804e+01
8.048101797524483914e+01
8.090583409052493380e+01
7.918930189192066393e+01
8.084639982944085546e+01
8.016500698491915955e+01
8.218547274230735411e+01
8.010427872998756982e+01
7.984238551509562853e+01
7.953686585450319058e+01
8.015641924588325651e+01
8.213215046081572268e+01
7.882107935814444488e+01
8.102798333924998531e+01
8.132000288186870307e+01
8.057636899326550406e+01
7.927087318655502202e+01
8.110776363225848229e+01
8.199038739517162355e+01
8.148306578671103750e+01
7.965592252415513030e+01
8.194146057193529487e+01
7.897382515467261044e+01
8.001765554611654352e+01
8.219038522734716423e+01
8.257120348714772717e+01
7.826005827662206116e+01
8.149301272327078038e+01
8.130605349212115129e+01
7.944690617284028633e+01
7.985168835782300789e+01
7.854111547235439161e+01
7.989507991911294482e+01
7.995803888779032320e+01
8.003103759892786684e+01
7.979723786889188375e+01
7.917419421530770762e+01
8.292372239263164602e+01
7.796584491878783751e+01
8.009906104609571287e+01
7.890200521687371804e+01
8.175301938053492279e+01
7.942379177855252692e+01
8.224253834361206827e+01
8.129881128551815550e+01
8.012065651764746121e+01
8.098448089716058007e+01
8.049630729762300518e+01
7.942309165695668582e+01
7.897824510567211576e+01
7.979908065061674449e+01
8.207206979556561066e+01
8.145935585026451520e+01
7.968079311670874176e+01
8.201860649499030842e+01
7.977590484535178916e+01
8.149304923328762129e+01
8.064737468399654574e+01
8.175579644398798962e+01
8.133636433573074953e+01
8.167700190312085340e+01
8.011360856802980379e+01
7.946363429108805576e+01
7.829000040607530764e+01
8.176452476436176653e+01
8.147198774982987857e+01
8.145191651787423837e+01
8.072294978693088296e+01
8.021722845629456344e+01
7.953847556736057811e+01
8.039411526251176099e+01
7.964081985941110986e+01
8.055563056937384658e+01
8.029455100489529684e+01
7.875710525748907287e+01
8.128480628793664664e+01
8.082441057305808840e+01
8.230652228617528010e+01
8.028936504528299167e+01
8.091701666536357607e+01
8.056110047787139194e+01
8.005538162113016654e+01
7.922330271350263331e+01
8.057125859140266755e+01
8.281662349149939928e+01
8.011333173203476576e+01
8.219172069552774929e+01
7.896249550184018062e+01
7.844986125580501835e+01
8.284802178559655772e+01
8.027511423705821869e+01
8.085903368380344602e+01
7.956964995543624752e+01
8.070560887371210868e+01
7.976216949512038923e+01
7.894361657060443349e+01
8.127294709307373921e+01
8.079794823342416521e+01
7.917658559865159873e+01
8.109503941735620458e+01
7.797301336369197600e+01
7.957878827599733995e+01
8.014929005686009589e+01
8.076279062196734060e+01
8.038281914910146497e+01
7.931932453997903565e+01
7.836924451729824170e+01
8.066820352614048772e+01
8.114551672380082437e+01
8.148145662548624557e+01
7.970363434405359726e+01
8.086084345607845592e+01
8.101593479341862292e+01
8.091624871569482025e+01
7.879321114247609614e+01
7.974029665999525207e+01
8.011376666788548562e+01
7.994631241586701265e+01
8.074663918426514897e+01
8.097565899516702359e+01
7.920188491041292878e+01
8.119736375339023482e+01
8.253186362677780608e+01
8.047020129890157136e+01
8.077061792736566304e+01
8.187233647052916297e+01
7.877094958721215789e+01
7.759867573977348343e+01
8.036571021874402732e+01
7.796060036713437569e+01
7.923751604198825760e+01
8.169771710312389246e+01
8.079166851663475768e+01
8.193516758198209970e+01
7.884337649727414998e+01
8.176078130475640648e+01
8.109858101112348550e+01
7.956034721737906068e+01
7.936812091845442296e+01
7.680143927553466199e+01
7.887609388703647539e+01
7.936453292873177645e+01
8.229877400164114931e+01
7.935200898597764763e+01
8.043111801241308001e+01
7.760220075010757057e+01
8.286439724454365319e+01
8.067190663096062053e+01
8.077928529375707001e+01
8.066118215353102983e+01
7.865277053331334400e+01
8.083253321742077446e+01
8.165848397374446677e+01
8.181701500336914989e+01
8.064506322046784703e+01
8.132900188896769578e+01
7.805511181286044575e+01
8.191701085701532747e+01
7.938498524560998248e+01
8.024731293952739009e+01
7.948704649861998917e+01
8.236836248121610993e+01
8.013584173120159448e+01
8.194914551841048933e+01
7.987918655735660423e+01
8.223911970185066878e+01
8.157356725629077232e+01
8.107920315092187025e+01
8.115890058617794978e+01
7.797362968408870643e+01
8.011174845650936049e+01
7.753354441566641242e+01
7.876235897607537595e+01
8.090902788321849926e+01
8.348159759147229408e+01
7.983887757396739460e+01
8.008107819450729892e+01
8.050798686355727796e+01
8.054544566433760622e+01
7.843369936357672145e+01
7.719457966249193248e+01
8.078806401091375733e+01
7.986628847857807045e+01
8.081686199426320627e+01
8.108076072182851135e+01
8.003133506983874668e+01
8.279111142584888228e+01
7.923391920057112259e+01
8.138770283332448230e+01
7.990259955536265579e+01
7.917886665422892634e+01
7.959826214844103731e+01
8.000576831883171280e+01
8.154032734386287018e+01
8.138847333923021665e+01
8.037256518580410614e+01
8.111347574215095335e+01
8.104696274922278576e+01
8.075265749834555606e+01
8.065521086204579149e+01
7.844527057921871460e+01
7.995879777964097457e+01
8.073002956973782318e+01
8.174035736723790535e+01
8.073835881819763927e+01
7.765056096286393483e+01
7.894589676460958572e+01
8.066184463419259032e+01
8.078680162895248884e+01
8.019068184116653697e+01
7.857078979861192636e+01
8.102077110829267781e+01
8.112803296116697993e+01
8.100349522172163574e+01
8.053776931848678089e+01
8.287868083335455083e+01
8.078886857549042588e+01
8.097706172985726880e+01
8.100885941006779944e+01
8.141541781741497630e+01
7.833441617885533503e+01
8.186859010021910876e+01
8.292987950131720254e+01
8.060849548043140089e+01
7.910013324437289839e+01
7.997879227207158692e+01
7.899618540106024511e+01
8.018646289387659465e+01
8.144815990517695070e+01
7.912073738124917099e+01
8.136729624476507183e+01
8.240761196725047455e+01
7.886902988270630033e+01
7.886234518702175933e+01
8.069310581591889786e+01
7.872593784484043056e+01
8.251237556829616437e+01
8.157588068642965595e+01
7.995132982925237286e+01
8.267735730173961883e+01
8.078979859777574291e+01
8.346340399214928141e+01
8.117952830249468832e+01
8.048592953496611813e+01
8.017383195302321042e+01
8.271437981735775224e+01
8.222842249296454042e+01
8.040382091955062549e+01
8.024924744683664812e+01
7.954431293880327303e+01
7.980951684813750546e+01
7.818377529308639851e+01
8.102500730499848203e+01
8.104038662592375886e+01
7.880299105150051275e+01
8.112745566649174123e+01
8.180360576416322260e+01
7.982457595665344741e+01
7.937166954892057902e+01
7.926517611428947419e+01
7.943608161613707352e+01
8.069204603364794082e+01
7.941393477099683196e+01
8.144514626958519443e+01
8.205859108322474071e+01
8.004630328041174891e+01
8.105500122008517394e+01
8.019508325611208477e+01
7.796437049833478738e+01
7.743648900263455914e+01
8.201215505867499189e+01
8.254336389670370977e+01
8.028063588754311297e+01
8.054872659053346240e+01
8.042463378225014026e+01
7.964714154557842107e+01
8.080589196522889495e+01
8.319262735188750923e+01
