1.724211560441801510e+02
1.747674733792286474e+02
1.672094030904602846e+02
1.672792939779637038e+02
1.700014093307780456e+02
1.767387927045530205e+02
1.707873950130293963e+02
1.721337375018396187e+02
1.754461749614769985e+02
1.730213055320345177e+02
1.748788769266502641e+02
1.775816903444150512e+02
1.784764419062999821e+02
1.754793669821976039e+02
1.743283826880182232e+02
1.709293317368864109e+02
1.771650530194568205e+02
1.682429047079425004e+02
1.755386525726516425e+02
1.690904147585195574e+02
1.744302646440758338e+02
1.786398687525167190e+02
1.730609348644479724e+02
1.710223031983644262e+02
1.771458695025729924e+02
1.795565194521986427e+02
1.780816725814050017e+02
1.729999491454444467e+02
1.773965445152639120e+02
1.708998691523678417e+02
1.690129556885212310e+02
1.725545688490537941e+02
1.722126447720353610e+02
1.766404630013165047e+02
1.689902274778735602e+02
1.791140035899933878e+02
1.839125632219638078e+02
1.766005117943593348e+02
1.744050349146459666e+02
1.702747521222371745e+02
1.739987444991152472e+02
1.801843202130716577e+02
1.690780343636329803e+02
1.822749910019064714e+02
1.718961560955890775e+02
1.770505772787203398e+02
1.750462733084285105e+02
1.683105304575249477e+02
1.786042030437247377e+02
1.843786042963187413e+02
1.684814719346100560e+02
1.691080795761811544e+02
1.738168485111557402e+02
1.639708914881016142e+02
1.590218907513736895e+02
1.709394345912016604e+02
1.769696709660724707e+02
1.715679431471235716e+02
1.763543034895691051e+02
1.691312641519334363e+02
1.751590141136938144e+02
1.772078247887096722e+02
1.706236555317723287e+02
1.701501534865246015e+02
1.742640292958219561e+02
1.745149607279575150e+02
1.778452535923001392e+02
1.768826889881200941e+02
1.700917474814052639e+02
1.730563607996138273e+02
1.768247485356155551e+02
1.714774769863776953e+02
1.769291856891056796e+02
1.709947852124352323e+02
1.782143641460656056e+02
1.683568412805078083e+02
1.688031792785594689e+02
1.728127146893371275e+02
1.766953248970682750e+02
1.693467572221323110e+02
1.663592831755430552e+02
1.698490768799993305e+02
1.775829428541222228e+02
1.765876355537813822e+02
1.741767913241189092e+02
1.733925539240594276e+02
1.773151610856106402e+02
1.725703207078439334e+02
1.703979337991569309e+02
1.765978899266407325e+02
1.723250579486629874e+02
1.668302456030729672e+02
1.766472524946617000e+02
1.695642616520446495e+02
1.691440630590426224e+02
1.767196920904535489e+02
1.785353940966307107e+02
1.721607213356994635e+02
1.764632703197203796e+02
1.724744718508097776e+02
1.684594013720829366e+02
1.784087430415269750e+02
1.754256594897206867e+02
1.758064929583646574e+02
1.785843373986625409e+02
1.714009762061967592e+02
1.790630464547474787e+02
1.794046901919025743e+02
1.755252339233012435e+02
1.730922879934753382e+02
1.740462823847232414e+02
1.749086930136836315e+02
1.685345490937908437e+02
1.714058754915027123e+02
1.809165599928026040e+02
1.757120134113374661e+02
1.718434423501327899e+02
1.669494600864998404e+02
1.787995927724768137e+02
1.686461166249783332e+02
1.632724554345638524e+02
1.678104994261757383e+02
1.820992277541647582e+02
1.656945595315854405e+02
1.678698016262318902e+02
1.767803344543222011e+02
1.705409688906370604e+02
1.852128723904403955e+02
1.747300752526970768e+02
1.805678441297872610e+02
1.727484624980199612e+02
1.735971901432924369e+02
1.742538084862777907e+02
1.724801934892960844e+02
1.730458655305019704e+02
1.776110680146941831e+02
1.737018453789691819e+02
1.811039717549513739e+02
1.748113890121232146e+02
1.663621674219953945e+02
1.743423071891880340e+02
1.757677910758275743e+02
1.727946831554065739e+02
1.712296785393245102e+02
1.773662462198684580e+02
1.718613518488355396e+02
1.734953872348497157e+02
1.668392126649053466e+02
1.727090672369394042e+02
1.690631114907726840e+02
1.724411002059331395e+02
1.729751955744529539e+02
1.695305917228584178e+02
1.786020669934946454e+02
1.767304168477419068e+02
1.722364678511000307e+02
1.759056341614102621e+02
1.691273886957646369e+02
1.713871785980451250e+02
1.697908365339385455e+02
1.752400431741990872e+02
1.718193559014040090e+02
1.814186063899795442e+02
1.729897814147057318e+02
1.718203333082120992e+02
1.733898036406151277e+02
1.698646096317729359e+02
1.700892974282889156e+02
1.725183373886038396e+02
1.648053775557580991e+02
1.817169979038981467e+02
1.762031870100418587e+02
1.687904012734802848e+02
1.771034604450955783e+02
1.756706340544616296e+02
1.755627182392103407e+02
1.688721909038361275e+02
1.709226720140160012e+02
1.680516623284161710e+02
1.792689929773376321e+02
1.655714671976748207e+02
1.720293858751304299e+02
1.775010334790300135e+02
1.744775241022498165e+02
1.660945845858071266e+02
1.845281672722687745e+02
1.779949143883843590e+02
1.728806497255644956e+02
1.748674032000375291e+02
1.742057693701734422e+02
1.653101055124828349e+02
1.696082201748850764e+02
1.752375058580073812e+02
1.820364960770185121e+02
1.770400595403227157e+02
1.703732956115017885e+02
1.730578183849460174e+02
1.731055337904525686e+02
1.696771283917898074e+02
1.689348193566438283e+02
1.797279666957787185e+02
1.763257614688647550e+02
1.697072720632880589e+02
1.765064230777780949e+02
1.714758875897033477e+02
1.700453311611885852e+02
1.662395035995024273e+02
1.780128769023056350e+02
1.737245891874879362e+02
1.688785710145800465e+02
1.741835919386799389e+02
1.705007799784229690e+02
1.803764917980255689e+02
1.822656923957003698e+02
1.822103021718201035e+02
1.791596124130652470e+02
1.666309154247284710e+02
1.713621128911935330e+02
1.711931112937000705e+02
1.710566543492064682e+02
1.729525049464872666e+02
1.668502023513172503e+02
1.714133069485943111e+02
1.777719976517745692e+02
1.729121205415236773e+02
1.727400973839314986e+02
1.717818915019799419e+02
1.725809634040187461e+02
1.719031550073715380e+02
1.781441379536538534e+02
1.713071533223800316e+02
1.761521796060210932e+02
1.794240958057059174e+02
1.684168363190182163e+02
1.753648065585235543e+02
1.709673867343164488e+02
1.773515584306384483e+02
1.710268700641078681e+02
1.706655229514138625e+02
1.750698669208794627e+02
1.761501880291696125e+02
1.806706895795407490e+02
1.709123521758670563e+02
1.772991301241846998e+02
1.755301067135924598e+02
1.700541578421074576e+02
1.739108020760847069e+02
1.714585936527679735e+02
1.755388591682944366e+02
1.717929328734032595e+02
1.714609266380851125e+02
1.779594133359824468e+02
1.711274885699831998e+02
1.602194793299291860e+02
1.862410326165285142e+02
1.814234701175197415e+02
1.735189850660395905e+02
1.779177863601758531e+02
1.735210061230932297e+02
1.771065685955942968e+02
1.754393866701668401e+02
1.738652983608367038e+02
1.743380807880202212e+02
1.710954475555913348e+02
1.752049868114389426e+02
1.813006420786644242e+02
1.775730441070948871e+02
1.676140804752608346e+02
1.720256716632919449e+02
1.763037918647004858e+02
1.802996752903834192e+02
1.748528280398101344e+02
1.753730861413085904e+02
1.742309980247609076e+02
1.707670004017571159e+02
1.739283720902707557e+02
1.711338757134825244e+02
1.754146470710993242e+02
1.702726078986170251e+02
1.711798552503700250e+02
1.684942186222581313e+02
1.724294922125911000e+02
1.618266782022442953e+02
1.734203242040715907e+02
1.740411868262171424e+02
1.691487381719585699e+02
1.685162992311335302e+02
1.799453712787023676e+02
1.761799855282787632e+02
1.719717520868269389e+02
1.795215287850195978e+02
1.705044306234852343e+02
1.814762190915750182e+02
1.719419649503937819e+02
1.699539069958356663e+02
1.672152916078084957e+02
1.772542411727614819e+02
1.630406111305409524e+02
1.775794308203742560e+02
1.722592787549810680e+02
1.695098232448378894e+02
1.759539378791380955e+02
1.803387514805172884e+02
1.701284376983733466e+02
1.733879448263875247e+02
1.678031102373431622e+02
1.713712897673196380e+02
1.713711469440587507e+02
1.675001252044344540e+02
1.659933332819646239e+02
1.706755475435298308e+02
1.773240167426984328e+02
1.670859673440519657e+02
1.676979777609651592e+02
1.692166118555563514e+02
1.708908253220283768e+02
1.726451364407473079e+02
1.723257223048823050e+02
1.711081719239787162e+02
1.769691453947877733e+02
1.779401998794324982e+02
1.766005834189562336e+02
1.746797906573242187e+02
1.682607234992558176e+02
1.722130762703048674e+02
1.775413753112713380e+02
1.681189956830383494e+02
1.647586261960740046e+02
1.719864809356602109e+02
1.715925581558453814e+02
1.779129316152313720e+02
1.696868293009463002e+02
1.711765986212676296e+02
1.749397353416891860e+02
1.801572067901937544e+02
1.673999975164316822e+02
1.732600481124015062e+02
1.728003334477701287e+02
1.729203648500766519e+02
1.756016058159003137e+02
1.742654049783650123e+02
1.730445987496299551e+02
1.727602791918260436e+02
1.787865420522609270e+02
1.756973152973585854e+02
1.729631885006361074e+02
1.662332510298921875e+02
1.734175804178958060e+02
1.710816537310153080e+02
1.754992653249252612e+02
1.740213625898289251e+02
1.773301730992569105e+02
1.750903617951227034e+02
1.767706254806201400e+02
1.737503589902819385e+02
1.671316271436456873e+02
1.780022703912482314e+02
1.633180883965223700e+02
1.674134398141686120e+02
1.673691146931494416e+02
1.710269230780623388e+02
1.695854860269280948e+02
1.749980039308804010e+02
1.782202395517347782e+02
1.675466647998191263e+02
1.749954958776100113e+02
1.680689799869138312e+02
1.700810422970604066e+02
1.669262431474812445e+02
1.721325683048434030e+02
1.788873409822704730e+02
1.806916013619026842e+02
1.767717022511121456e+02
1.690481614580585585e+02
1.701692797597110598e+02
1.705185393242724672e+02
1.776014374502849478e+02
1.759064655611850867e+02
1.766629855232201578e+02
1.742543513716541383e+02
1.819042582159977712e+02
1.749122243560997561e+02
1.710374497497292623e+02
1.696561774538951965e+02
1.709371805488828500e+02
1.675582639301553058e+02
1.735618676994236296e+02
1.795456624860852344e+02
1.791848587749770729e+02
1.715068407571088756e+02
1.795869177102304661e+02
1.682923706514456512e+02
1.692484564357635577e+02
1.792991095582129617e+02
1.763483735940474446e+02
1.678013710624596229e+02
1.776504584132933928e+02
1.744307914617949677e+02
1.712779686609806618e+02
1.737761456135637843e+02
1.762202438894016439e+02
1.814616283864809532e+02
1.738290681896109220e+02
1.722648583646192435e+02
1.733345879915807188e+02
1.715931762571517822e+02
1.701957556724401570e+02
1.781772879523195741e+02
1.746232824465698172e+02
1.710999237598546188e+02
1.743707452477725326e+02
1.758295425571278372e+02
1.805421801187631843e+02
1.823245862077802713e+02
1.768596332377938438e+02
1.707172801176415362e+02
1.752669877671724237e+02
1.804500272349480952e+02
1.779070353462577714e+02
1.769203098320189440e+02
1.750577393163372335e+02
1.782566950920480053e+02
1.755647177815151849e+02
1.723318718418297522e+02
1.743558970452206438e+02
1.651412653097071370e+02
1.726247934247166995e+02
1.748174348493577099e+02
1.759975753934997442e+02
1.761455002558669207e+02
1.765567959674225449e+02
1.813313258692959948e+02
1.870619141835410346e+02
1.704658283054284595e+02
1.794929875258780214e+02
1.659585767176795059e+02
1.753019627386380250e+02
1.746713791704501944e+02
1.704603219605615152e+02
1.722861452889798954e+02
1.725121362779310630e+02
1.739551229109426629e+02
1.799712221978136313e+02
1.698730399643022224e+02
1.778699611978795190e+02
1.789177252499381723e+02
1.713762083885954439e+02
1.702631882415733742e+02
1.736864717406277805e+02
1.678619126639142394e+02
1.759355533101390279e+02
1.648650225012202668e+02
1.724862185429435613e+02
1.700464839761251881e+02
1.662752475923320787e+02
1.706090301567694780e+02
1.726767985827163727e+02
1.717436481663962695e+02
1.757215639978222157e+02
1.701729360665487150e+02
1.694645663497425971e+02
1.784834518319370034e+02
1.695561865964686490e+02
1.668988474474026589e+02
1.770720576965282191e+02
1.711553760810188294e+02
1.806755797968176296e+02
1.751917918968127879e+02
1.776186575082333547e+02
1.729779277553084569e+02
1.723852164137000500e+02
1.754273160463854140e+02
1.799040361795549074e+02
1.667801336972881359e+02
1.681326781486757795e+02
1.761292362919565733e+02
1.769954599048184036e+02
1.740345225818142012e+02
1.697457148777782550e+02
1.680245828769663774e+02
1.890429247456411304e+02
1.747366285542037758e+02
1.777598168086718715e+02
1.791519151721609830e+02
1.744370797704671077e+02
1.726118042150537804e+02
1.588601991184701205e+02
1.749612558702433773e+02
1.730077194154692393e+02
1.687504097089042148e+02
1.715465907887834476e+02
1.696813708040743052e+02
1.744932090592275529e+02
1.731612802750032927e+02
1.743188172964847524e+02
1.760294550004400662e+02
1.638812918645851084e+02
1.701551903938921271e+02
1.659511131142050999e+02
1.679134701399506753e+02
1.721119966338603717e+02
1.751335731976916463e+02
1.702083061721248782e+02
1.759455368452107393e+02
1.758351789626392758e+02
1.765036104839844029e+02
1.723718995956009792e+02
1.687668517323096751e+02
1.682475879213491510e+02
1.744759302906791447e+02
1.696782092461245099e+02
1.739481462344889167e+02
1.686321324749738721e+02
1.760677506133802410e+02
1.825088943362383702e+02
1.733451639101916157e+02
1.714340100952815078e+02
1.747661102992276483e+02
1.725978569406853182e+02
1.735296503242065000e+02
1.773566675727121833e+02
1.676462807690489853e+02
1.769878499270561747e+02
1.760430569868912585e+02
1.725901955940675236e+02
1.757330139860504801e+02
1.730476273812250554e+02
1.800928523274836834e+02
1.658870415725511123e+02
1.760328815834139391e+02
1.654858688180703439e+02
1.783977822782520377e+02
1.679543400364156582e+02
1.772507235020049734e+02
1.789673877575391145e+02
1.741858281027491273e+02
1.677800016246733890e+02
1.653982493989093427e+02
1.755817263525855196e+02
1.756120328249450324e+02
1.657380935824357095e+02
1.719615764180332462e+02
1.729967706145177715e+02
1.773067107842171595e+02
1.695491214055853959e+02
1.732150944900779734e+02
1.771875353871362790e+02
1.712495263213355372e+02
1.716641159271511583e+02
1.754620120658136386e+02
1.682338105189762985e+02
1.719056624802135502e+02
1.855683834654915074e+02
1.776885179648344888e+02
1.679464435568526142e+02
1.723016869400944415e+02
1.717569743431751590e+02
1.639544225052017623e+02
1.765974324995769962e+02
1.750730550198822755e+02
1.742600486380619316e+02
1.703258779414038599e+02
1.696659452252232256e+02
1.670521011857421740e+02
1.740499354826377214e+02
1.750290637460292658e+02
1.706969384949510129e+02
1.684889183075089250e+02
1.695639332960777210e+02
1.701949787687784692e+02
1.707862170483518014e+02
1.744108272843331804e+02
1.768040173081309376e+02
1.714967426562907065e+02
1.723187847989987063e+02
1.628364574685434434e+02
1.796022485568478544e+02
1.668200296256651711e+02
1.740791289712925050e+02
1.729151450156593341e+02
1.791761039554489514e+02
1.813779256038515939e+02
1.787767317511850820e+02
1.787045458529147481e+02
1.796108872055514780e+02
1.734731519149384269e+02
1.786035470705460000e+02
1.705366662469134553e+02
1.690460091933380795e+02
1.770047785381406129e+02
1.742635504423604687e+02
1.772322456252917959e+02
1.807311582615263603e+02
1.695130004822481169e+02
1.683668184215397901e+02
1.678459897972062436e+02
1.718008142194333914e+02
1.696463188067642989e+02
1.725759745857740199e+02
1.742919596950186190e+02
1.696630665098399504e+02
1.739305414077880698e+02
1.715849608545906051e+02
1.757927761576187322e+02
1.766180411329827677e+02
1.670944038762966386e+02
1.752874275096660028e+02
1.595772519252286941e+02
1.727932251196077118e+02
1.774022379109661642e+02
1.823710764271066864e+02
1.733640197164490075e+02
1.700384576061716189e+02
1.741549882501742559e+02
1.723666530653223958e+02
1.834183170261807447e+02
1.702003370216455664e+02
1.690167983819779920e+02
1.742702945617588739e+02
1.752149220327625017e+02
1.784579890183672148e+02
1.763397820735108610e+02
1.807105839757807360e+02
1.721923991346884577e+02
1.794948056188478915e+02
1.741186061823023863e+02
1.735548646032243312e+02
1.677611337061015888e+02
1.699717560139039847e+02
1.786797677591156344e+02
1.777182657682765239e+02
1.687349152522883458e+02
1.784379702882633865e+02
1.774311872882113903e+02
1.733505530611037955e+02
1.726343997914358113e+02
1.718614396172616239e+02
1.743776220665400842e+02
1.699479918758700876e+02
1.795823977331135382e+02
1.740737350316341576e+02
1.734968842217550673e+02
1.727773416479664093e+02
1.693949128945608038e+02
1.641084880695292441e+02
1.738470566459988618e+02
1.803049032703782473e+02
1.701273981335745304e+02
1.687655242142679697e+02
1.772011009023285339e+02
1.754880824353072342e+02
1.796633248594418149e+02
1.775081957647670379e+02
1.677284261076697760e+02
1.694073313690259397e+02
1.668124080017966264e+02
1.720854474988612139e+02
1.834351347359557849e+02
1.728291275907202760e+02
1.688893637931378464e+02
1.695736656206274233e+02
1.785234027780597330e+02
1.687652857032319389e+02
1.780650983788559074e+02
1.681895356939736530e+02
1.699450806951637958e+02
1.681703098996829056e+02
1.671863523293375806e+02
1.756714846993910726e+02
1.690094347344310108e+02
1.750196179164861121e+02
1.714884356712593387e+02
1.768108280171134084e+02
1.756581016981377843e+02
1.801238621316336150e+02
1.854883586385786316e+02
1.678949863919355323e+02
1.726435402653576148e+02
1.804440743271806582e+02
1.715635817579197067e+02
1.604692929731723154e+02
1.700059631983738484e+02
1.812598032156351451e+02
1.737336152029675134e+02
1.725634986802451465e+02
1.730465846854518190e+02
1.708743050661091729e+02
1.784689775094661286e+02
1.701898050495582879e+02
1.800220517708393118e+02
1.722890865084946768e+02
1.702411573392266462e+02
1.796812985384943602e+02
1.787373536407814072e+02
1.728527757258349880e+02
1.802956730204580253e+02
1.644385568354025224e+02
1.854238716959101794e+02
1.695061534392483225e+02
1.706213876414533672e+02
1.681061082675020089e+02
1.791630779737494663e+02
1.765367608260732197e+02
1.699783893761741638e+02
1.711331514794312056e+02
1.785128363964251719e+02
1.757326231879789020e+02
1.786495157489352437e+02
1.681262652107819520e+02
1.763345463314479957e+02
1.722770107975309486e+02
1.786868696946073669e+02
1.810159728702499251e+02
1.750299314708249483e+02
1.670981257177174939e+02
1.807855613228457798e+02
1.765470564243215676e+02
1.669285514590337982e+02
1.743087094550394625e+02
1.765739092511831245e+02
1.750126183264673045e+02
1.741284795479468812e+02
1.696935276288190266e+02
1.755811502904322765e+02
1.781067422252573067e+02
1.800168791938904462e+02
1.645295981839721549e+02
1.806417931416102363e+02
1.689406329760785468e+02
1.715307580469011270e+02
1.820483126502437017e+02
1.618755288195844173e+02
1.727639715333226604e+02
1.724631206750126466e+02
1.740095544579882016e+02
1.762478175262047841e+02
1.719335576849429401e+02
1.734919169126038696e+02
1.790022424640759198e+02
1.742232874294864473e+02
1.720641827741793008e+02
1.723543478534888607e+02
1.769062766219193179e+02
1.744120455694514646e+02
1.766753821926698436e+02
1.754182275163966551e+02
1.708894568974696426e+02
1.777633969046354707e+02
1.733253086794281330e+02
1.758033125029619441e+02
1.733564616139868804e+02
1.766931910320855081e+02
1.803134932586881405e+02
1.759766704691019186e+02
1.665073781036370804e+02
1.782143747593794387e+02
1.731288204219669922e+02
1.727762120969069315e+02
1.749070810413292065e+02
1.733296293236895735e+02
1.773957822146450383e+02
1.784622243752177155e+02
1.687354245656517548e+02
1.759806492202787922e+02
1.781214484746404310e+02
1.690382838942497870e+02
1.739174438640288827e+02
1.676994738991988356e+02
1.646633808232755598e+02
1.768483531589801885e+02
1.748797911019285038e+02
1.742589175267049768e+02
1.638395455260156268e+02
1.671276683454322551e+02
1.709644988432372941e+02
1.730248780590618765e+02
1.709271821115768546e+02
1.723972075740330467e+02
1.781930695268093245e+02
1.746526688705606318e+02
1.695272923237118334e+02
1.714196742904602218e+02
1.757200899220923418e+02
1.824830837283115557e+02
1.764900194532958153e+02
1.709780515192858559e+02
1.723668697491999637e+02
1.634544424717391280e+02
1.751605246979135302e+02
1.747713384327801975e+02
1.715586227087649718e+02
1.718834414375083099e+02
1.741839845550596806e+02
1.776105421994329845e+02
1.736103615509587712e+02
1.721852252411325424e+02
1.664625618472848601e+02
1.643195156411956361e+02
1.705562692782544332e+02
1.728810304181867821e+02
1.748110797178377425e+02
1.742658578545236878e+02
1.664320539050576713e+02
1.761060732031724569e+02
1.788316150840980754e+02
1.754506705766638106e+02
1.719524232177086560e+02
1.729777533895367299e+02
1.657730184123768993e+02
1.795240870383705385e+02
1.753908114889658805e+02
1.718582877887301379e+02
1.761558815423215663e+02
1.733872639784241301e+02
1.791480632526202896e+02
1.735192174466966719e+02
1.718569301773846689e+02
1.751802339474139956e+02
1.718381541077038435e+02
1.695007988362594347e+02
1.757596039839624780e+02
1.724674186596290042e+02
1.765780212061301597e+02
1.721815623255990033e+02
1.675192949081752829e+02
1.767182068525967225e+02
1.651987516212881815e+02
1.747673359749055066e+02
1.723985290131842874e+02
1.701643635746737004e+02
1.761337317298292646e+02
1.720631345580780192e+02
1.761551025249556233e+02
1.713157116839225296e+02
1.644308429801680518e+02
1.668729192532341585e+02
1.727487209744377594e+02
1.808281530385883116e+02
1.790980476123014000e+02
1.713341051943631612e+02
1.722059074787121347e+02
1.678428793895095055e+02
1.734047138015091321e+02
1.740801577650892398e+02
1.696198423147592962e+02
1.680351523084005123e+02
1.677148154616220381e+02
1.739879292235889636e+02
1.707115888555969434e+02
1.721998537068024007e+02
1.734131434460369405e+02
1.695524020167102037e+02
1.678544521483989058e+02
1.797909542218796446e+02
1.813561312712075733e+02
1.768515701055179363e+02
1.797371314501180564e+02
1.737303455248710122e+02
1.809887072078456924e+02
1.697775683296196405e+02
1.723073218539259130e+02
1.758641609256508502e+02
1.702751130944451177e+02
1.721808610112374822e+02
1.684810929880217998e+02
1.724441016726535167e+02
1.809187450263982555e+02
1.729195185234283372e+02
1.778349170205503356e+02
1.665946260770575975e+02
1.777241596407287147e+02
1.769568925024914563e+02
1.720468818624737537e+02
1.689149531667722215e+02
1.765445948993198897e+02
1.716146481704759879e+02
1.686450555171386725e+02
1.713791109541218418e+02
1.741500746763283871e+02
1.691157090510814385e+02
1.693272760090414124e+02
1.705264523458453993e+02
1.693800871570822437e+02
1.748857828066394688e+02
1.688838357730656980e+02
1.755429570693199821e+02
1.750544604034906797e+02
1.795198558847510810e+02
1.743817200923009523e+02
1.840106545906207032e+02
1.712544037634416156e+02
1.796848045106408733e+02
1.714610195795834215e+02
1.728870261550046905e+02
1.692715558876488728e+02
1.737609845777340354e+02
1.748913513733718048e+02
1.738143492250692077e+02
1.761786697728701085e+02
1.773439934549056147e+02
1.742669584517322505e+02
1.756861675200283344e+02
1.737093516391958019e+02
1.738499817681834259e+02
1.735218703459410960e+02
1.706115839184075753e+02
1.736308256757113782e+02
1.720955880902110664e+02
1.702939146397559114e+02
1.581709782773929192e+02
1.762340068371763664e+02
1.726245737114089707e+02
1.713204987564150485e+02
1.746743306652080889e+02
1.787816954008313814e+02
1.750860572213118473e+02
1.772732499952249157e+02
1.758250128407006230e+02
1.763887031312170279e+02
1.784573553463370672e+02
1.725692071389791238e+02
1.672315538675810274e+02
1.689513855738605912e+02
1.619591850441127008e+02
1.755605197316675685e+02
1.721181865462209544e+02
1.690205285164985867e+02
1.760564769124544569e+02
1.748845875482115275e+02
1.786396385435961633e+02
1.753571360009734974e+02
1.797339955155111397e+02
1.697598895893904114e+02
1.731572918426811896e+02
1.797791800644565967e+02
1.707991461255876686e+02
1.720812386877389315e+02
1.728345641128121883e+02
1.761577559058400198e+02
1.766651656448008794e+02
1.706642986745396797e+02
1.799685274548891982e+02
1.720915175918029547e+02
1.764452936520019648e+02
1.735093766975030292e+02
1.741781783361671785e+02
1.774009318703184874e+02
1.780649126892002414e+02
1.687893749021882570e+02
1.696225693561401044e+02
1.714819791892951173e+02
1.704288760015622586e+02
1.738574455693756988e+02
1.814558683776086809e+02
1.617369944010292500e+02
1.844307563669537160e+02
1.751685144407470602e+02
1.705893694483955016e+02
1.778758453335183560e+02
1.787293755603660657e+02
1.745442136116791403e+02
1.720412219400480183e+02
1.716095736172288468e+02
1.778526430409904719e+02
1.775880237341653469e+02
1.772636635178497215e+02
1.793373920273585043e+02
1.762109137657678275e+02
1.740339186442975574e+02
1.815032860043257017e+02
1.729982774421270335e+02
1.823474459351174914e+02
1.770263732024216381e+02
1.768487400437294923e+02
1.763105139629920757e+02
1.757497530502763539e+02
1.666219469531334028e+02
1.752969592296036296e+02
1.786105089277902778e+02
1.765018301421088722e+02
1.720498691871469816e+02
1.778127966900677279e+02
1.775656057586581937e+02
1.697717679350527362e+02
1.711638190181879793e+02
1.670719466930285932e+02
1.739767480340889847e+02
1.781079566489084414e+02
1.797058481266414276e+02
1.755151615074980214e+02
1.688525411416239876e+02
1.721650207688382181e+02
1.699378980937612482e+02
1.730448123280070263e+02
1.714168867965236984e+02
1.707059356584288139e+02
1.622342196068474891e+02
1.653434885668985430e+02
1.690696512239243248e+02
1.765592221196739047e+02
