1.566880460097359844e+02
1.610684233797237823e+02
1.480540520385093259e+02
1.567889323752163762e+02
1.635290379566282297e+02
1.596739653325959125e+02
1.589693403239101883e+02
1.505669636165379757e+02
1.523405405337434502e+02
1.659144669715074940e+02
1.552055462656392990e+02
1.557881963708177295e+02
1.607302310518462320e+02
1.574160977393505334e+02
1.605536744084962777e+02
1.687961345863689928e+02
1.605029594733750571e+02
1.784911663853408186e+02
1.532191564827203081e+02
1.622778693945842861e+02
1.719334994508775480e+02
1.636976819374017680e+02
1.538586906425319398e+02
1.533276866111022514e+02
1.576185250729914173e+02
1.708695716783184935e+02
1.551647269211907769e+02
1.550761343697383268e+02
1.610605028009186981e+02
1.661890672086920233e+02
1.565736980517694121e+02
1.706098073530391162e+02
1.619206880973746081e+02
1.640307816881012002e+02
1.538582977033783266e+02
1.641910835513590712e+02
1.628014156696871737e+02
1.423142836995985476e+02
1.774483011386276132e+02
1.633060658693361233e+02
1.689268902138789770e+02
1.467246697770254684e+02
1.737880061785213002e+02
1.496185996083844145e+02
1.725383903128948475e+02
1.651542323156702139e+02
1.604799017693708549e+02
1.586844700502050500e+02
1.454686941715441151e+02
1.650630340834949266e+02
1.638597894836943851e+02
1.795596498614629581e+02
1.627238916872369430e+02
1.726311441751804239e+02
1.616821872994321723e+02
1.658583827104614841e+02
1.552744952696369012e+02
1.583742917661507192e+02
1.534853781001689583e+02
1.526081969918787138e+02
1.783969769856545895e+02
1.687329404352630888e+02
1.632175017279380427e+02
1.656156050217420841e+02
1.644339413058343951e+02
1.590252700888810296e+02
1.487553329229614292e+02
1.559559004025256002e+02
1.600342037643729611e+02
1.513281091009065165e+02
1.692107432565740339e+02
1.601880788016723329e+02
1.565398863361687347e+02
1.427141356887231325e+02
1.582593560093611700e+02
1.636689236114615085e+02
1.653653690506636735e+02
1.539639657129351917e+02
1.661973117630915908e+02
1.579393660896285780e+02
1.669168058642485732e+02
1.650165008357167835e+02
1.676842848689933305e+02
1.561567402739405566e+02
1.546855870913537956e+02
1.572546829043738228e+02
1.628110276250864388e+02
1.567707888404164578e+02
1.545150669679305508e+02
1.676166548350956020e+02
1.506162285347216709e+02
1.546869085718568329e+02
1.600335765108394241e+02
1.570637268728686138e+02
1.503881850735715204e+02
1.680715433574596034e+02
1.772873016242749031e+02
1.542111627671891654e+02
1.540037606199140328e+02
1.608738323660041658e+02
1.535805063558185566e+02
1.596758327145476528e+02
1.600619770731875633e+02
1.650301789884615005e+02
1.479799886096361945e+02
1.587986648386990680e+02
1.677830089737489914e+02
1.682971376701631243e+02
1.622244361467179203e+02
1.626305550031716507e+02
1.565224353737197873e+02
1.605336111511431625e+02
1.650484891057438404e+02
1.602365001250269927e+02
1.625356467746554756e+02
1.609665300105227175e+02
1.553989322597186629e+02
1.702378021961897048e+02
1.428056267012528622e+02
1.659278410546992291e+02
1.617161996411909968e+02
1.749667452796622626e+02
1.515689827155257490e+02
1.470457191119865286e+02
1.593409469272923786e+02
1.666246498871531969e+02
1.725655535352504160e+02
1.680444080637933837e+02
1.641452620898641896e+02
1.612439712166138293e+02
1.570077160054324281e+02
1.717554918951558420e+02
1.525248218303247540e+02
1.491838331293332374e+02
1.644213191637794012e+02
1.661734664289407419e+02
1.607783823622023078e+02
1.701061858744713788e+02
1.580544839504337631e+02
1.445535042140606663e+02
1.499121813941669927e+02
1.633006076925553032e+02
1.554080728957185329e+02
1.593238073577978184e+02
1.483089255685680712e+02
1.575962826016200893e+02
1.642290900120016204e+02
1.734138459963275238e+02
1.519379005680608543e+02
1.656068473076655891e+02
1.610572223624551782e+02
1.614344712843353591e+02
1.746411882158533331e+02
1.587562359130760115e+02
1.616262486197996111e+02
1.543147100258227624e+02
1.665988880728343986e+02
1.754817163914482876e+02
1.652809280800686906e+02
1.482666443542304648e+02
1.532547215427217395e+02
1.547029888903698804e+02
1.760191902926346472e+02
1.591210274991272797e+02
1.567701328207853919e+02
1.446642498235278538e+02
1.780280873809778086e+02
1.526786039645295432e+02
1.433253186620092663e+02
1.573686891061743722e+02
1.711105117876307133e+02
1.683132416163695382e+02
1.713504072865792125e+02
1.579245007850344393e+02
1.595729917272176692e+02
1.549050629184130514e+02
1.575631474289315577e+02
1.499454966394815472e+02
1.641040069443945413e+02
1.625199327007558452e+02
1.618304167270050868e+02
1.640134443709617926e+02
1.579352932587180476e+02
1.769358932417536039e+02
1.646653259116900472e+02
1.774097105341654412e+02
1.509838934282159073e+02
1.526983135261776852e+02
1.574688684908506104e+02
1.743115114914853905e+02
1.485967112773391818e+02
1.653130298205601036e+02
1.446627171936363254e+02
1.669228256478127719e+02
1.651097573823184064e+02
1.614201608413325175e+02
1.484377405996619359e+02
1.562586270885740873e+02
1.511080315365780677e+02
1.593232661694381420e+02
1.544830456888847436e+02
1.552810363728423511e+02
1.675732820396654859e+02
1.591020020416722218e+02
1.464639754128202753e+02
1.629401639708454468e+02
1.770609649282761495e+02
1.635603831654593137e+02
1.725661076532807670e+02
1.703570427451731177e+02
1.526458135827789135e+02
1.817217307367570243e+02
1.501027683945011972e+02
1.638638759772906894e+02
1.515953678800856892e+02
1.672304646525880401e+02
1.724930552535840036e+02
1.604567839362904920e+02
1.543749003559447317e+02
1.560395796518331792e+02
1.582648671012098589e+02
1.689813076853525331e+02
1.524165247208856329e+02
1.400246704481158702e+02
1.531408089673875565e+02
1.734530300198218242e+02
1.562268075802224416e+02
1.722409105229426132e+02
1.590419998446521106e+02
1.700575811326064581e+02
1.529876911577294436e+02
1.676928082609432238e+02
1.542885070672137715e+02
1.629361106469843321e+02
1.630797162218402434e+02
1.604747351999624527e+02
1.544317491553543675e+02
1.588752206252119663e+02
1.360263342219444951e+02
1.583348447587211751e+02
1.566392918596573622e+02
1.652434219683883896e+02
1.629405491486334370e+02
1.568113990268736586e+02
1.626857149455534000e+02
1.813092720897255958e+02
1.567588734133811954e+02
1.625253581733786916e+02
1.500415680150603066e+02
1.610840812940117246e+02
1.647931306446978965e+02
1.557272772457928625e+02
1.400406348377872519e+02
1.591891485107849462e+02
1.652493977021523790e+02
1.593321370131819208e+02
1.544637729417296157e+02
1.631595160565458684e+02
1.637487924132255159e+02
1.646780158990982272e+02
1.544034932611261013e+02
1.555113285925172306e+02
1.540016681979510054e+02
1.672855982769769696e+02
1.607726415587630129e+02
1.753455547765929907e+02
1.663119460856667899e+02
1.559067722373555966e+02
1.718574751801991454e+02
1.479444339229414425e+02
1.544863807877693489e+02
1.508592724429014140e+02
1.522352373737544440e+02
1.739917325664321197e+02
1.493150526571818091e+02
1.609361106408463797e+02
1.641243685224089575e+02
1.572766893560552717e+02
1.554944810509048807e+02
1.489272350532520761e+02
1.698706031307186777e+02
1.639591031376417902e+02
1.518723068093666768e+02
1.820802345409771874e+02
1.694336769916417040e+02
1.576977615068276748e+02
1.706075975718011080e+02
1.639549746402012431e+02
1.398773250068442735e+02
1.615695440991774490e+02
1.617690981189076922e+02
1.760211060709494291e+02
1.611886075194766192e+02
1.711876231796857155e+02
1.611910379705399805e+02
1.592207977019938028e+02
1.510458012774643919e+02
1.415116865476630608e+02
1.510743237570364670e+02
1.610548970783694642e+02
1.765359103566327974e+02
1.542408966399691792e+02
1.464003901488106294e+02
1.579005251919473096e+02
1.609711145438765527e+02
1.689119502769999883e+02
1.640176639280992958e+02
1.641653099742100608e+02
1.717154353859110074e+02
1.630574281962173586e+02
1.479513223769756962e+02
1.518391749461444817e+02
1.505555791421042500e+02
1.489999049518018239e+02
1.514507659379805204e+02
1.661463702335306323e+02
1.673692708291283680e+02
1.469775409298104591e+02
1.658286754499821996e+02
1.578392758940892691e+02
1.561648869429115223e+02
1.350975998261580742e+02
1.750882196077668027e+02
1.553915745490574238e+02
1.482845486044581946e+02
1.662866416239664034e+02
1.465240636042760229e+02
1.604134861053206009e+02
1.768874892682748907e+02
1.524509291906484520e+02
1.445775510394218202e+02
1.688152699762808027e+02
1.574045957969226777e+02
1.545038156593493852e+02
1.633055567546623479e+02
1.687822575108952492e+02
1.659143568757970968e+02
1.517523338788480487e+02
1.515705834698546255e+02
1.791787132612616347e+02
1.602238757867467598e+02
1.501497760832785104e+02
1.664116906039722608e+02
1.539064043234225494e+02
1.625469529140025884e+02
1.601911738094632085e+02
1.646999729854995280e+02
1.580651622441201027e+02
1.605035948571364486e+02
1.615772935121562739e+02
1.680402060234134751e+02
1.446485708609985181e+02
1.626072103571976868e+02
1.540794123244041316e+02
1.475204468955779760e+02
1.534658230534321035e+02
1.676185627830977580e+02
1.757690794787740174e+02
1.601372046001492890e+02
1.605070292767977662e+02
1.651424917104068300e+02
1.726635499948966412e+02
1.516083433605883783e+02
1.558512281512213917e+02
1.721932042854800784e+02
1.609787864867280405e+02
1.667972537007588016e+02
1.591232596737809502e+02
1.574699905008356495e+02
1.611653732575223614e+02
1.572103343109706088e+02
1.410993112633083229e+02
1.596402262463640511e+02
1.521006741299135285e+02
1.601589243629389330e+02
1.661286589994521705e+02
1.615813192343361493e+02
1.608599456769979099e+02
1.616361075424350986e+02
1.508909920638517974e+02
1.694196178085076951e+02
1.718944797109505203e+02
1.575015147321718416e+02
1.593695590233653547e+02
1.548059140398469822e+02
1.643945799594899881e+02
1.575539082470924939e+02
1.510021928161717994e+02
1.495988442943359473e+02
1.730181403068974646e+02
1.506241017918783882e+02
1.492350643155738794e+02
1.519720610107283392e+02
1.644567457376569166e+02
1.755245111381121603e+02
1.599834654769093163e+02
1.392099190578927335e+02
1.691913975912700607e+02
1.530036890616681831e+02
1.632009529532710133e+02
1.628676218134191060e+02
1.522677704089031181e+02
1.528321061550262812e+02
1.555609686793512196e+02
1.615811421929293488e+02
1.421544607237833020e+02
1.519454546378557893e+02
1.659623160409125262e+02
1.623046845181856384e+02
1.506047449551216744e+02
1.510837640130988859e+02
1.698887891712377325e+02
1.382423224910360204e+02
1.540663340427715582e+02
1.667225875262573993e+02
1.411257884081556710e+02
1.547766455689346401e+02
1.625825905069863495e+02
1.584801491862805847e+02
1.703582791295622769e+02
1.636156407569690714e+02
1.739383727274189084e+02
1.459702374344599320e+02
1.621041782493434766e+02
1.567949126207917629e+02
1.651098561847438191e+02
1.654017655879309814e+02
1.722039384707399563e+02
1.541564768739976046e+02
1.688753426840731038e+02
1.552838675595792495e+02
1.510604607971427527e+02
1.585526786425977832e+02
1.638909106980447916e+02
1.617991181655339403e+02
1.748868750948449531e+02
1.563085090863677920e+02
1.742201307144377438e+02
1.684709667184405646e+02
1.435342971766042410e+02
1.473044228117819614e+02
1.723750114509404057e+02
1.647219166484684933e+02
1.583907935175920727e+02
1.623610220666053863e+02
1.473851479120817203e+02
1.512855430885598480e+02
1.578729933452160594e+02
1.556549337553511236e+02
1.467700074445572795e+02
1.630043938364725022e+02
1.587932836664008107e+02
1.435614731921135956e+02
1.598700016678542966e+02
1.558395273569582571e+02
1.673674280406801529e+02
1.662955745646210346e+02
1.634582770882852287e+02
1.609198987350291077e+02
1.612070172755445299e+02
1.636086360090574772e+02
1.586224533908373928e+02
1.543555967028656823e+02
1.652830878508722208e+02
1.532817285169575428e+02
1.536831092998162944e+02
1.486116667225776666e+02
1.562581842973488051e+02
1.563716872187643787e+02
1.474419718383035161e+02
1.473074888308660206e+02
1.640119934663465244e+02
1.699081311189008829e+02
1.501743725864858732e+02
1.523206257866347073e+02
1.630880174129559634e+02
1.736617879280016439e+02
1.607472232713963081e+02
1.703082204388742866e+02
1.588278329108988203e+02
1.552480387962601469e+02
1.551000191176167107e+02
1.483001859160615084e+02
1.563500313757472497e+02
1.696844067722823866e+02
1.692849908609634042e+02
1.531218910141082574e+02
1.497571815277482870e+02
1.648339484850379790e+02
1.501289309678392101e+02
1.701206553319404122e+02
1.700589473401501550e+02
1.482011083593425553e+02
1.517434404801438461e+02
1.653325797835496473e+02
1.505765076776333160e+02
1.479432930949527645e+02
1.347836355029857884e+02
1.771110647400407174e+02
1.509432114250894585e+02
1.709129908077695461e+02
1.580474313251169747e+02
1.625543429474408867e+02
1.632045157369748836e+02
1.561435915128060117e+02
1.544727905075438343e+02
1.715762078229489873e+02
1.667288556589314226e+02
1.530680392316455425e+02
1.481941938788480115e+02
1.617366451711668560e+02
1.557882831226348515e+02
1.543921124636740103e+02
1.653445210889676389e+02
1.622550703981299591e+02
1.477202637069873106e+02
1.653497016389447367e+02
1.739884163912691122e+02
1.526606770710400269e+02
1.664936744823324659e+02
1.639090802222821992e+02
1.638416842417230441e+02
1.650956678568571476e+02
1.563168222066973101e+02
1.693310746417703854e+02
1.584091052199226510e+02
1.733438902295014259e+02
1.599406843317049436e+02
1.529642229839941194e+02
1.496123642994348018e+02
1.638643567468645870e+02
1.619595824594886153e+02
1.685273735211451651e+02
1.635544568293813370e+02
1.674863262918236728e+02
1.552797687335702506e+02
1.549314611321424877e+02
1.558513780354794278e+02
1.543718515542780665e+02
1.480780047929296188e+02
1.619992870987658478e+02
1.468887748483094811e+02
1.755904279355524125e+02
1.632741729669116069e+02
1.705351092957628794e+02
1.664154834035275599e+02
1.737397776777259537e+02
1.594441193506537786e+02
1.572350582069475706e+02
1.527749166603525737e+02
1.535556513740713740e+02
1.487079503569636643e+02
1.672412222314907524e+02
1.717836687243497238e+02
1.592645527117584265e+02
1.596193461381898828e+02
1.564056875294975271e+02
1.598453575628835779e+02
1.503291506344504000e+02
1.527107244915889623e+02
1.630050489305729400e+02
1.729670117246862162e+02
1.651202192751381403e+02
1.530825980327060734e+02
1.597917539879609876e+02
1.677719963948247823e+02
1.544804149794325667e+02
1.578308668048840389e+02
1.593448949958481364e+02
1.684972292737605244e+02
1.580137327314543256e+02
1.604706943442757279e+02
1.596817325710279931e+02
1.745292455760153416e+02
1.653579495967800312e+02
1.734192275707015085e+02
1.543401633287552954e+02
1.581914511048545080e+02
1.557268361228900915e+02
1.571038907001687335e+02
1.436645850275205305e+02
1.679152643557086151e+02
1.719107044451657202e+02
1.620957747493196450e+02
1.673081069292071277e+02
1.478571165082330765e+02
1.488318611232529065e+02
1.604028770492732860e+02
1.571291915424737908e+02
1.500098153380302222e+02
1.619855458736659557e+02
1.544035987400520469e+02
1.618504218897301143e+02
1.719100544107955386e+02
1.577516356320041666e+02
1.684170999586472703e+02
1.701572665271942242e+02
1.513564569288689654e+02
1.461207278397283460e+02
1.411097311955361420e+02
1.619721603452642000e+02
1.645237787490107735e+02
1.606728773618011701e+02
1.633699720807717028e+02
1.533296128540146128e+02
1.554026531859983606e+02
1.513925354023758416e+02
1.548578792384417966e+02
1.471815341373453805e+02
1.589577158166734137e+02
1.721505682846374441e+02
1.289959532167550265e+02
1.637470865125178250e+02
1.491488047813671187e+02
1.571718449835873912e+02
1.689431923817668348e+02
1.569647582156903241e+02
1.538526148473408171e+02
1.614216203852180627e+02
1.584053319752950983e+02
1.671644674176499734e+02
1.628202363312078660e+02
1.696173858474303984e+02
1.594472406719891069e+02
1.702441874954737386e+02
1.651642857797434374e+02
1.699348512011387129e+02
1.517387960229941370e+02
1.593393821347081882e+02
1.531917731893312578e+02
1.610689327033570066e+02
1.517783726176814412e+02
1.664206303641477120e+02
1.791548741255981270e+02
1.660095926235884178e+02
1.552145698687306208e+02
1.717423626353036354e+02
1.443913144178279993e+02
1.614822836612781032e+02
1.600596710198740027e+02
1.608571054510618978e+02
1.598321636017674052e+02
1.499032077767256510e+02
1.654204107822897356e+02
1.525357553720718897e+02
1.615145625438921684e+02
1.560800954232896913e+02
1.565480152939217930e+02
1.648282041423570092e+02
1.592240414878571926e+02
1.623160106388378949e+02
1.546472502666004232e+02
1.607622240164544110e+02
1.584285852514749422e+02
1.540068435664466051e+02
1.645894160028737474e+02
1.670285512871272715e+02
1.513133187294621393e+02
1.628300372859460765e+02
1.625641029103888400e+02
1.689660814422279316e+02
1.679474751541425519e+02
1.703783294151355676e+02
1.484631711827449294e+02
1.620523354584201456e+02
1.474776253778681223e+02
1.735365016546243169e+02
1.704058443323619372e+02
1.585563108530869272e+02
1.494365180777331545e+02
1.583211543103735153e+02
1.630519511940254631e+02
1.601398383855120926e+02
1.721055092024730016e+02
1.714795661139669676e+02
1.574722370828900466e+02
1.605118369680052410e+02
1.557547054549928021e+02
1.513368335312642330e+02
1.576243274208497382e+02
1.439081833281952640e+02
1.600230925708416123e+02
1.629140993322771465e+02
1.552272623740220467e+02
1.687516181439075638e+02
1.581309459325594844e+02
1.528478931518727677e+02
1.594523056064800812e+02
1.621851774949474247e+02
1.623511384274347904e+02
1.646608122307137876e+02
1.587391652125224653e+02
1.797325381180482395e+02
1.535420490718858275e+02
1.685658014496112003e+02
1.701421221445693561e+02
1.627329330179710212e+02
1.544485601779205410e+02
1.729354896436012439e+02
1.643259184675268614e+02
1.423935957699278561e+02
1.601870749690718014e+02
1.515240318144200273e+02
1.579345147922607282e+02
1.707216842495499520e+02
1.545888873847036393e+02
1.635119209363876678e+02
1.636910538358006875e+02
1.567889044612154805e+02
1.525888779118013190e+02
1.661502505097998323e+02
1.458506872365578602e+02
1.545525641652863555e+02
1.673048427379910663e+02
1.618512801822904237e+02
1.615848092267789298e+02
1.609427221909347736e+02
1.702220463789149107e+02
1.631068762157862579e+02
1.712563851845972920e+02
1.588253348518567520e+02
1.722183059363558186e+02
1.737972755875532869e+02
1.561220679634273267e+02
1.487043395167129631e+02
1.663745894479679066e+02
1.398357412183389386e+02
1.677335099234917379e+02
1.713949598280510145e+02
1.521026547905317443e+02
1.695688872044224524e+02
1.560645652973668689e+02
1.650038881043471406e+02
1.708194272231881996e+02
1.640714159381360844e+02
1.650668883674817380e+02
1.424154667824080320e+02
1.619459044156170080e+02
1.575606547295190296e+02
1.599026228310250417e+02
1.502198470524314757e+02
1.681472033126329961e+02
1.539544486368779701e+02
1.674247905089784467e+02
1.686332256138250614e+02
1.783305924355154559e+02
1.597272695429780072e+02
1.613327144155084909e+02
1.536479357092952114e+02
1.715920216050678562e+02
1.614754920059089613e+02
1.437238823449663130e+02
1.635131799359911895e+02
1.617064954949559592e+02
1.604551224661582296e+02
1.556165334573274777e+02
1.438709022135029159e+02
1.559570108659880248e+02
1.571139838496877417e+02
1.624170824492319696e+02
1.630616876257066679e+02
1.656163560038170601e+02
1.514372840828715994e+02
1.632926663136138643e+02
1.581155241154068563e+02
1.667334479708736978e+02
1.642485954994964459e+02
1.533545858397911275e+02
1.643185552796180673e+02
1.666688444027237779e+02
1.740879272658931427e+02
1.591603174244833383e+02
1.567436875151044546e+02
1.658887736008030060e+02
1.663476188891359016e+02
1.728760438874990939e+02
1.557513166302255172e+02
1.615571374316742777e+02
1.547980500687273206e+02
1.610396960395672750e+02
1.705890850003782191e+02
1.569233210642017298e+02
1.663457055892899632e+02
1.515819556586815793e+02
1.611815417959521994e+02
1.624778724127993712e+02
1.664729272382276406e+02
1.465350308046872101e+02
1.618261545470652720e+02
1.605720156502788711e+02
1.645327886540001430e+02
1.561714058612129179e+02
1.668270054308623287e+02
1.754577907340935781e+02
1.408258244534376615e+02
1.755307401420618874e+02
1.636219791534763317e+02
1.562184209057064948e+02
1.640839107477277707e+02
1.648407786635109744e+02
1.628535035441719856e+02
1.514287934223839329e+02
1.550677066435738425e+02
1.662220377777143483e+02
1.593636932951320659e+02
1.614389266730590009e+02
1.669053816341297249e+02
1.599169285528216733e+02
1.582062761819202308e+02
1.826310535078445412e+02
1.647469733563625880e+02
1.650906498968404037e+02
1.508794937115233665e+02
1.643948069357411157e+02
1.646331045771997879e+02
1.494271699062418008e+02
1.598511562533221309e+02
1.600378998358402782e+02
1.511936597448587634e+02
1.511920941649759982e+02
1.607782167574084440e+02
1.685151891526790848e+02
1.575171829844794047e+02
1.452588236694937507e+02
1.545281999809331808e+02
1.499579016252302210e+02
1.561087861351220454e+02
1.609219344629362638e+02
1.528288727531576399e+02
1.622311965764157549e+02
1.689743564753583769e+02
1.580746266628052012e+02
1.682099464965202742e+02
1.518125544535599545e+02
1.569375931420026120e+02
1.542638009481569838e+02
1.801102208384178311e+02
1.544584937564911797e+02
1.613883539256713959e+02
1.596522142982589685e+02
1.718841387570995778e+02
1.486123680424795452e+02
1.621644449651844866e+02
1.689256387355394224e+02
1.604940707964441344e+02
1.602725465021424043e+02
1.582088000308695257e+02
1.694226944369875696e+02
1.629912353630273003e+02
1.632524330051999470e+02
1.521354177068029685e+02
1.741120856925779776e+02
1.440016049216422118e+02
1.662960413963685937e+02
1.517222223172064162e+02
1.545528559184564585e+02
1.568949308081439256e+02
1.531101610226301375e+02
1.603235597874283371e+02
1.585091611233756339e+02
1.540273177959765007e+02
1.563732753596628413e+02
1.598334593946893847e+02
1.530704695565606812e+02
1.690368840094409961e+02
1.702155038650987819e+02
1.633364859428758962e+02
1.469328131805133353e+02
1.567417331916381897e+02
1.596621351255630827e+02
1.719471493716587815e+02
1.618102702141540590e+02
1.747921333993744781e+02
1.613575757268925770e+02
1.529481976762515387e+02
1.503591836322703728e+02
1.702356179553127333e+02
1.695363266346236344e+02
1.710590916668950001e+02
1.538958168150810479e+02
1.571729056238245903e+02
1.707667339818133030e+02
1.486903408224360987e+02
1.468884970939017762e+02
1.632833696558791701e+02
1.647189746444798573e+02
1.514598452196772485e+02
1.647610207672294393e+02
1.658307412773372960e+02
1.514750648864691129e+02
1.693688935394972646e+02
1.461037563378889672e+02
1.491625328602482909e+02
1.652966490979523257e+02
1.490914897079901777e+02
1.637539693530149805e+02
1.523462406019621653e+02
1.638646267355197779e+02
1.675405981384446079e+02
1.673876931769733574e+02
1.600894223522480786e+02
1.575117865354867206e+02
1.740980421540004102e+02
1.653339847012369432e+02
1.536191727149726489e+02
1.565952320773480153e+02
1.626002805420450841e+02
1.658670860665536111e+02
1.737214255248542258e+02
1.622834095088014408e+02
1.598269962966419655e+02
1.541397794559746330e+02
1.704368483911722194e+02
1.446837557714600280e+02
1.639339582865719933e+02
1.728350842654942596e+02
1.623904939305367066e+02
1.569248594931721357e+02
1.514802636679605428e+02
1.450858651098384087e+02
1.528111255094533192e+02
1.617908693216413099e+02
1.722770563904721257e+02
1.723156336504179649e+02
1.642953204371895595e+02
1.633007257961277219e+02
1.563312907965812144e+02
1.493077680084989822e+02
1.510586769840292050e+02
1.671349121580122983e+02
1.651458132885920804e+02
1.563394025833208048e+02
1.706448932273385140e+02
1.626675397871863424e+02
1.695830074256676596e+02
1.600595197632759437e+02
1.773195443466695735e+02
1.673000601697651462e+02
1.498298257402729803e+02
1.694436465765851665e+02
1.521642360567200001e+02
1.566658141882975883e+02
1.598662088770741434e+02
1.595746663034704511e+02
1.524407513780314218e+02
1.743231453353044174e+02
1.601666954206256719e+02
1.508491418099480654e+02
1.788706098413695713e+02
1.634221393289254820e+02
1.583097308741235452e+02
1.553066841433756622e+02
1.500274034920264796e+02
1.586564052941738510e+02
1.684393102075161721e+02
1.417270221567165152e+02
1.443730658081609306e+02
1.612886840302375333e+02
1.699145555112716011e+02
1.663996941138728403e+02
1.614442489461758612e+02
1.526807539932604811e+02
1.637363595006156061e+02
1.495752607726981012e+02
1.715145730755139368e+02
1.677630615170507156e+02
1.606672009589207448e+02
1.722363815987689577e+02
1.565086850580121052e+02
1.657116469387536881e+02
1.489510906007834024e+02
1.733505270837088688e+02
1.588012306350699703e+02
1.690458796780064006e+02
1.585694848887830517e+02
1.630978381252418501e+02
1.671884493948279271e+02
1.633720555750136327e+02
1.625937175959001877e+02
1.596873907085875146e+02
1.610319798978120218e+02
1.720544721324775708e+02
1.515518190654445618e+02
1.560855753564758288e+02
1.560469468119611633e+02
1.609210874476243589e+02
1.543867125310354709e+02
1.557512283237743702e+02
1.523188367993323595e+02
1.515346745564687865e+02
1.599166188666648907e+02
1.563696446061435097e+02
1.605965512907726236e+02
1.571347509851762823e+02
1.689738631253300980e+02
1.500026907251450439e+02
1.691217463778193633e+02
1.588935159071472185e+02
1.659087349211447417e+02
1.541020460683797069e+02
