1.415337753283170059e+02
1.437971799829605288e+02
1.396748967989962296e+02
1.435560769827330887e+02
1.403684183754553771e+02
1.439849472288862273e+02
1.418828688062606602e+02
1.449533796009200444e+02
1.375573932367908299e+02
1.456085936935275811e+02
1.367486177234431466e+02
1.417722309484974232e+02
1.328649443412876678e+02
1.410709396415213348e+02
1.448167553628287294e+02
1.376140947459863355e+02
1.407282786286533849e+02
1.375458782726770721e+02
1.406650226646710280e+02
1.379282096938832183e+02
1.385952025838113286e+02
1.394492580196629206e+02
1.365141242390897673e+02
1.391252754919620429e+02
1.365835708063426637e+02
1.412194168332472373e+02
1.427173406629601402e+02
1.386630654213462321e+02
1.375192585903442932e+02
1.361868822654382711e+02
1.389615381703331707e+02
1.413422145286099010e+02
1.419883178094499954e+02
1.406605840286755722e+02
1.392735489534071007e+02
1.388597332191766043e+02
1.424467577395468538e+02
1.449177309174229720e+02
1.393162259426484866e+02
1.376463514475066177e+02
1.388474646566336901e+02
1.381242835405161884e+02
1.379259288456165393e+02
1.422337352252627340e+02
1.405184041044439027e+02
1.351241576190374758e+02
1.373977533034019132e+02
1.413068467367807273e+02
1.455690325893868362e+02
1.375133321338359451e+02
1.346708375328433078e+02
1.412386359179679687e+02
1.358107677787218677e+02
1.431924114287675138e+02
1.371885585496233659e+02
1.417212751824881707e+02
1.372538755135432496e+02
1.363282052743926727e+02
1.445747799791287491e+02
1.367092974146375184e+02
1.428042649924898910e+02
1.401499901245213380e+02
1.355924265339912154e+02
1.410345653073979975e+02
1.395346531349734676e+02
1.383563906175088221e+02
1.405933713545610431e+02
1.399291268771075067e+02
1.413646415738318467e+02
1.394908270654343880e+02
1.384194667621817700e+02
1.402392432288884550e+02
1.431466796687834062e+02
1.400058239463076291e+02
1.409206632452346355e+02
1.464196400236603210e+02
1.350730691061292248e+02
1.406221543950115915e+02
1.364364801901230067e+02
1.384583683960121334e+02
1.451238869733192871e+02
1.386758383589612151e+02
1.368323251673623417e+02
1.344405371627621548e+02
1.393644317963306207e+02
1.416680747240308165e+02
1.450748231968479729e+02
1.376867742734393971e+02
1.420479402635075132e+02
1.401347264029102746e+02
1.399814738358787451e+02
1.360847991239894839e+02
1.366962297479706194e+02
1.368494612696408126e+02
1.374044410685480671e+02
1.377540418799038093e+02
1.365093856391992801e+02
1.399577961525649812e+02
1.397391113144829831e+02
1.430075784191922423e+02
1.436967546563857638e+02
1.379165098097917337e+02
1.385490731765693795e+02
1.361743108401280153e+02
1.427348114053133941e+02
1.396466963612460859e+02
1.417342371149723306e+02
1.409915845700022885e+02
1.403617309708262724e+02
1.376785935577453017e+02
1.381657953713624636e+02
1.384536207316281775e+02
1.384173617216690104e+02
1.392604577247305144e+02
1.411014522245676517e+02
1.394996088969650430e+02
1.370659984161615341e+02
1.358683428039116450e+02
1.415870830087873173e+02
1.396954675647936881e+02
1.419639373549739787e+02
1.420430023783361548e+02
1.376616175950128422e+02
1.423831967863815748e+02
1.403918037565623251e+02
1.405431627760887352e+02
1.427409199864926279e+02
1.379418186229528942e+02
1.414527385214490209e+02
1.387546257625858459e+02
1.378572602547383212e+02
1.399215004506817479e+02
1.384901695912957393e+02
1.366088599782600284e+02
1.407092366389565541e+02
1.410034852727777661e+02
1.409537967830493699e+02
1.363027567569193366e+02
1.388750763531851931e+02
1.411406205200612192e+02
1.414771898136983452e+02
1.418662512627888077e+02
1.409535758184555618e+02
1.375994025739741744e+02
1.370177395337964015e+02
1.407712421100990525e+02
1.353133016179864967e+02
1.399744332036903245e+02
1.378061442724847154e+02
1.368945127000365858e+02
1.437728330467772935e+02
1.458085256377920587e+02
1.409638475081509625e+02
1.345280303213542652e+02
1.373906047054568091e+02
1.389805080548613603e+02
1.361005761818242377e+02
1.416355486754205515e+02
1.395685695938004187e+02
1.388021239475380639e+02
1.401626397203203567e+02
1.408353097258189450e+02
1.417880473336355749e+02
1.365896897931662011e+02
1.380656289776473500e+02
1.422790372762747211e+02
1.381548947847784348e+02
1.352167366975589573e+02
1.391642820090340535e+02
1.437756005388087601e+02
1.413140350507751464e+02
1.417620871680398693e+02
1.377270374615473258e+02
1.401436769582683723e+02
1.386834626952079077e+02
1.418642472242042345e+02
1.434907518037881573e+02
1.345416032499563528e+02
1.429154856661876352e+02
1.437130920127552258e+02
1.413967757506861176e+02
1.409683220555038758e+02
1.384376728279002862e+02
1.420482032944493085e+02
1.409567510296816693e+02
1.372872957088636952e+02
1.398458777521973673e+02
1.414292692238363998e+02
1.393541512929200792e+02
1.362129261557828102e+02
1.397401324093185337e+02
1.468137694479507331e+02
1.367647775458439412e+02
1.468869635790086932e+02
1.384121621667853788e+02
1.374342660103191065e+02
1.414659969589019681e+02
1.412813893850666034e+02
1.419013394814630260e+02
1.395228809323099597e+02
1.463720581318330858e+02
1.355471243723304156e+02
1.408675178115707354e+02
1.396324193177768791e+02
1.446697119051767970e+02
1.428476054099869543e+02
1.378496202703308597e+02
1.369758444592461615e+02
1.447044301703265035e+02
1.375207327621088496e+02
1.363845427066757736e+02
1.366081408659832164e+02
1.361098557412743162e+02
1.382422135803522565e+02
1.434626229857717021e+02
1.386041685075754231e+02
1.428246394245053921e+02
1.392303745112000968e+02
1.374072944845842414e+02
1.389239039549330812e+02
1.414048033466937966e+02
1.402045800582046127e+02
1.334386021995067040e+02
1.371016009158381621e+02
1.372336835888677342e+02
1.410185407197446352e+02
1.402805785797688145e+02
1.356391590634756597e+02
1.403221139947115432e+02
1.372611482994838070e+02
1.358188303886238657e+02
1.394615747725744654e+02
1.412985677550007324e+02
1.392177478580908598e+02
1.375790389692014912e+02
1.417558009454435819e+02
1.359550542615567963e+02
1.404382180705987366e+02
1.391603576535957814e+02
1.393414147244820924e+02
1.388840259287246965e+02
1.411574404297925867e+02
1.402828450461792045e+02
1.359648184005494613e+02
1.452975495556956957e+02
1.397848082622088555e+02
1.397236136348279274e+02
1.406458373208546959e+02
1.410439420616175994e+02
1.405609195386994941e+02
1.394425047690179440e+02
1.382498493272494500e+02
1.397616469163138220e+02
1.411224554418615185e+02
1.397080834343499305e+02
1.375796712448033929e+02
1.377353308274807944e+02
1.388384048288673114e+02
1.405555214542175975e+02
1.446470873316316386e+02
1.396426529639532248e+02
1.375915228009587281e+02
1.385217145870831814e+02
1.386296583020428841e+02
1.390006752035934312e+02
1.482330512387255226e+02
1.380088838703123599e+02
1.344632583546543003e+02
1.425005027064417220e+02
1.393714361652375544e+02
1.431539784003274747e+02
1.393650172558774898e+02
1.375210999631127891e+02
1.393672913901963000e+02
1.353534531814434558e+02
1.368141134890682622e+02
1.426960827061954262e+02
1.345833385274255534e+02
1.385380793190504960e+02
1.408782326855814517e+02
1.407287423515326452e+02
1.378849600962573447e+02
1.432475394776553799e+02
1.385409440378371357e+02
1.429702386897008068e+02
1.388302709031780751e+02
1.417417484658036528e+02
1.400014012865781581e+02
1.357150992454889433e+02
1.388412034810786508e+02
1.408589182908943087e+02
1.367892338523054434e+02
1.382444859257164183e+02
1.367789943233839267e+02
1.411722716247189169e+02
1.384578641465864450e+02
1.381930064187646678e+02
1.387570444577848150e+02
1.401759098915717061e+02
1.375172358206514787e+02
1.416522184748295672e+02
1.400142116253057054e+02
1.384538901646317584e+02
1.379385497900299811e+02
1.437827612494752429e+02
1.432663398443575886e+02
1.386164055275423834e+02
1.418622266371087903e+02
1.369989514604602618e+02
1.371048102033686007e+02
1.387779675039627136e+02
1.425507810820740815e+02
1.359112045084501688e+02
1.356115337377909214e+02
1.390867334927123977e+02
1.394016226722468161e+02
1.396444816389106336e+02
1.402107358714062855e+02
1.378052101124897604e+02
1.407306161068045753e+02
1.381548118934692297e+02
1.394218182413392242e+02
1.429578987531481289e+02
1.406130691800502177e+02
1.394119414988816743e+02
1.413747334490049354e+02
1.416038512120942698e+02
1.419402865518683825e+02
1.416598296863450059e+02
1.377091303247929943e+02
1.391031422012419796e+02
1.378835522044993809e+02
1.394881970813006831e+02
1.419159094863331632e+02
1.433135564089370462e+02
1.383838741333221947e+02
1.371611361715430917e+02
1.408613820405836918e+02
1.453335297183973012e+02
1.376204184768705829e+02
1.342267139313859445e+02
1.399816332772599026e+02
1.402047572683522958e+02
1.376429738894492232e+02
1.416306437016290829e+02
1.354228042749155634e+02
1.399919582035423105e+02
1.408308671287529137e+02
1.410395644692162307e+02
1.365102338226794529e+02
1.394894212285597632e+02
1.401376821617791677e+02
1.421280709909945017e+02
1.400032417063990806e+02
1.415595953699171048e+02
1.451190575754598058e+02
1.389000615567039461e+02
1.430654505366070453e+02
1.436462329682404970e+02
1.335658871712856524e+02
1.401851688506672531e+02
1.409637190837611627e+02
1.374300653509580741e+02
1.356525255837356099e+02
1.383601563988403029e+02
1.370354896174957844e+02
1.408277490788481430e+02
1.418095695774104854e+02
1.388380939059599086e+02
1.372365410136521007e+02
1.418888117047487754e+02
1.386428265277637877e+02
1.419662603603276523e+02
1.389267782707804884e+02
1.428318264035484049e+02
1.410292995052910214e+02
1.423794223291871788e+02
1.419009755228717040e+02
1.417431957552959148e+02
1.428662394938312161e+02
1.414490878488381043e+02
1.429229894926517943e+02
1.394684372575809448e+02
1.367755327528758755e+02
1.441691595712504466e+02
1.395902282873337867e+02
1.408043991012849858e+02
1.450713191960511210e+02
1.393914839220451540e+02
1.435045515959890281e+02
1.369305157895353204e+02
1.414713603393421693e+02
1.392321021692143290e+02
1.369235704271331997e+02
1.396346220510608305e+02
1.394119057107007222e+02
1.432021177739730717e+02
1.414966586312959009e+02
1.442533871239118923e+02
1.395211793243217926e+02
1.402162116974569983e+02
1.424012291935345331e+02
1.374183771599367105e+02
1.361988817687827691e+02
1.403079839010740670e+02
1.418530875999576892e+02
1.427280189210893582e+02
1.457091857880708403e+02
1.380631273221519280e+02
1.375043941511477783e+02
1.363886831013168432e+02
1.428879808320498341e+02
1.433920105232850801e+02
1.362949721998819541e+02
1.365547342879176540e+02
1.409192436749085857e+02
1.414560112183976628e+02
1.455903443448457040e+02
1.379815293684024198e+02
1.384159163867036284e+02
1.402268685216662050e+02
1.447515765963931642e+02
1.441410304561962903e+02
1.393545728945599649e+02
1.439479285818352423e+02
1.374679020477613562e+02
1.384046053842571098e+02
1.388489786991436290e+02
1.360751701988346269e+02
1.456277602925505619e+02
1.364010054248812764e+02
1.435604067320312822e+02
1.406138274446068976e+02
1.363654265644543386e+02
1.414144996911845453e+02
1.403776941980387107e+02
1.392435055940378277e+02
1.424340523271471852e+02
1.344314585755294615e+02
1.366638370771834161e+02
1.406424239237151426e+02
1.403351514806505520e+02
1.421836664600683378e+02
1.379237007189132100e+02
1.413070874486963646e+02
1.383517901602258746e+02
1.430242663676579298e+02
1.425676938583251285e+02
1.399316179909703237e+02
1.397252657149421111e+02
1.391847077646070261e+02
1.389409789506867128e+02
1.371435718613744257e+02
1.450848919485745228e+02
1.402503691231605956e+02
1.381314800120620703e+02
1.407805071775375438e+02
1.390989430988406923e+02
1.386579476513716145e+02
1.380456723157994929e+02
1.415656875730573745e+02
1.481344070415949261e+02
1.388959071583852847e+02
1.426507882518049541e+02
1.386795132220949824e+02
1.397176643670498208e+02
1.441873227996334492e+02
1.382439020600329513e+02
1.401682288620779957e+02
1.425478396823743310e+02
1.439273712007897927e+02
1.408921891226862044e+02
1.418534037349344317e+02
1.361364691324552041e+02
1.396315495670254165e+02
1.398037721982924495e+02
1.388639987018774491e+02
1.409598207612318959e+02
1.413481239044507163e+02
1.422557901821045618e+02
1.371290562162509161e+02
1.409473984925967613e+02
1.439598844261036845e+02
1.421825040571697514e+02
1.396137332864962275e+02
1.437734517234374607e+02
1.430096797587842161e+02
1.424777498568093677e+02
1.373232911360521484e+02
1.364754095208691069e+02
1.361446326150514778e+02
1.374637498527237653e+02
1.401578380348155974e+02
1.437669237000288831e+02
1.429654395610012045e+02
1.383168199036944372e+02
1.413836239724679444e+02
1.420530766552781188e+02
1.400998463732092318e+02
1.455976903409712406e+02
1.389721974528851831e+02
1.381491806322829063e+02
1.430032526137939328e+02
1.414850444651250996e+02
1.387476635926242352e+02
1.380529821958974708e+02
1.395629344392105224e+02
1.418359011866625679e+02
1.414870467904828502e+02
1.391567789491469682e+02
1.434444837478594366e+02
1.397362733829507988e+02
1.416942889741312399e+02
1.432031508675468388e+02
1.377193448601133525e+02
1.375703677077463567e+02
1.423797356570400439e+02
1.383029085154972506e+02
1.414330781438021063e+02
1.376182088005932656e+02
1.433652005922343733e+02
1.320585858443577081e+02
1.453355588607440723e+02
1.472112570607627617e+02
1.398129569202309881e+02
1.426339878854545020e+02
1.394095488002127752e+02
1.401553933753577610e+02
1.471844091779183543e+02
1.373569269453088566e+02
1.430599102913951697e+02
1.389180667287294568e+02
1.399446698690905748e+02
1.375445674369643143e+02
1.391790287301053013e+02
1.410476157445075387e+02
1.477940241658130844e+02
1.365652583279015460e+02
1.379712746053739920e+02
1.401962660334215798e+02
1.379430402562741165e+02
1.363416144968059598e+02
1.416767233140359679e+02
1.372854372561731680e+02
1.401315830224171748e+02
1.381991875845985476e+02
1.403202598838689994e+02
1.406661536779484436e+02
1.411470849917902228e+02
1.389327773258773675e+02
1.379250830818551492e+02
1.379992345641993552e+02
1.372514341492319261e+02
1.394448085763581560e+02
1.422143357523781333e+02
1.355890175350328661e+02
1.439651368253312000e+02
1.410648367186322218e+02
1.384132937643591674e+02
1.408060440608440729e+02
1.419127456383160109e+02
1.403966454802508395e+02
1.407325377755733768e+02
1.380862507352160264e+02
1.433971335601115982e+02
1.375297364691471955e+02
1.414185073512079498e+02
1.344899983485211408e+02
1.415099139910780366e+02
1.432717855852450271e+02
1.393346817610533606e+02
1.417535800609354624e+02
1.411492040290583247e+02
1.411390197123958501e+02
1.408635817291393266e+02
1.431497432987746379e+02
1.385923771285008854e+02
1.424822399071843790e+02
1.378060840478166540e+02
1.344680471240118038e+02
1.437399664298958442e+02
1.432621518083403771e+02
1.339379553003544459e+02
1.395119961564967355e+02
1.403461423292451684e+02
1.360633010913864780e+02
1.393582319657647872e+02
1.382797978218204946e+02
1.366130053868010066e+02
1.395069509054895889e+02
1.406271308225213374e+02
1.348465469320433954e+02
1.408755670452561901e+02
1.362549450496206873e+02
1.398518464405019870e+02
1.430742563633437214e+02
1.372798412330557198e+02
1.370578690045990413e+02
1.404995265324006652e+02
1.411091218610870044e+02
1.414581677005745064e+02
1.423867213528884861e+02
1.373139165165304405e+02
1.397657983650670417e+02
1.395726084684604018e+02
1.392130445079181413e+02
1.375564003185178308e+02
1.379309298823487495e+02
1.376509276173935064e+02
1.349199346908304449e+02
1.429250903698596744e+02
1.402397897117863863e+02
1.379841337166369897e+02
1.437839170980670076e+02
1.340657414943270567e+02
1.432298417949665748e+02
1.362460262322362610e+02
1.389079203708170382e+02
1.439815205937569260e+02
1.424201174881816030e+02
1.364232099898379431e+02
1.427235648927706677e+02
1.388028286792385018e+02
1.391835106987502684e+02
1.396724633115902066e+02
1.439739583377465806e+02
1.390624495703143282e+02
1.393700124059206473e+02
1.393498351969226121e+02
1.381338620867549878e+02
1.379295928354216301e+02
1.362092648942693245e+02
1.368732305947023349e+02
1.410343086810995601e+02
1.389133611407588944e+02
1.408166877461118816e+02
1.362995302295578028e+02
1.413464567850490141e+02
1.418901925062634746e+02
1.398419831076468256e+02
1.432911515000913596e+02
1.430817254725870669e+02
1.405033552075453542e+02
1.347918490474687303e+02
1.388488278380596626e+02
1.388966882557993756e+02
1.421809713881976620e+02
1.373961605374905162e+02
1.412212202669323915e+02
1.363007772205611161e+02
1.393455046859635615e+02
1.368166108508031868e+02
1.412440579127126625e+02
1.407077155115410108e+02
1.423117137159742640e+02
1.427365943349579425e+02
1.428669732701975477e+02
1.386902968689332454e+02
1.381344866354007479e+02
1.390776371535267515e+02
1.356372456322957021e+02
1.430318325172505922e+02
1.392693633723320374e+02
1.425382171192003966e+02
1.383702904130142883e+02
1.449685799831422628e+02
1.436908708942192732e+02
1.438653264829045781e+02
1.422898114294616505e+02
1.402625018931131251e+02
1.435255335605941127e+02
1.435294565869701273e+02
1.392473156197208368e+02
1.411395503973582493e+02
1.341988638450158646e+02
1.369599219581237435e+02
1.395061707862441551e+02
1.406897205235161721e+02
1.429306685497009255e+02
1.401513557558401999e+02
1.394136454838899510e+02
1.439615614900336027e+02
1.379842272654956901e+02
1.425036847271217368e+02
1.376293398330337538e+02
1.402638483365379614e+02
1.385586740145143665e+02
1.360960717905994386e+02
1.419745843672067735e+02
1.423178464845618976e+02
1.399844995176397049e+02
1.429453436066455367e+02
1.439444736756852592e+02
1.396746547492275567e+02
1.384613161735957476e+02
1.396779148046234695e+02
1.417561489137560500e+02
1.450863778639360646e+02
1.412287767244961287e+02
1.465764408921692450e+02
1.438965889052289526e+02
1.364122561689648023e+02
1.384707780569578119e+02
1.399357178692706043e+02
1.396668648050834918e+02
1.368321174110961920e+02
1.382130624097210330e+02
1.401940562262046512e+02
1.359964238400322643e+02
1.388130178493910023e+02
1.428607922310716845e+02
1.409936292531617426e+02
1.352827895657987654e+02
1.416466538183340731e+02
1.378612902452901210e+02
1.413938239956475797e+02
1.372489245942711591e+02
1.361453707602157408e+02
1.409365883694146646e+02
1.394232359122388800e+02
1.334000607627118313e+02
1.394944738991448787e+02
1.385245789298098487e+02
1.385309838358841148e+02
1.429486270956560645e+02
1.391310361222459164e+02
1.408897831669760308e+02
1.411434969417390164e+02
1.390293575194364166e+02
1.394397334514629279e+02
1.393209249525818052e+02
1.315874186636612251e+02
1.397291785507084398e+02
1.374228831637310009e+02
1.385946712447596667e+02
1.415955617659282950e+02
1.412032489163183016e+02
1.397037827193829287e+02
1.418796521003889097e+02
1.377005444235352627e+02
1.385317635390251212e+02
1.418680778821387207e+02
1.389341725678250725e+02
1.389518470329130935e+02
1.375771671157321805e+02
1.377248141473443468e+02
1.368937368924968894e+02
1.425797984648762906e+02
1.410242969096557601e+02
1.408650222385384438e+02
1.405442771863079656e+02
1.331621437383481918e+02
1.366273648598159411e+02
1.400349498019627958e+02
1.381422440202676398e+02
1.377002497103891869e+02
1.415761767911090487e+02
1.415444739748641325e+02
1.420276178569568799e+02
1.389198566256938534e+02
1.425353165297490250e+02
1.387629025358940567e+02
1.423396136702516230e+02
1.355405079767086818e+02
1.428012574258695508e+02
1.432737036220122206e+02
1.390505231611474244e+02
1.382376131726381630e+02
1.401627803223656201e+02
1.405218517408286516e+02
1.401716877868626625e+02
1.391227133587518949e+02
1.360823243180923612e+02
1.382625133702192670e+02
1.406686516785011065e+02
1.420668069389141976e+02
1.361906443924242467e+02
1.445214832058653087e+02
1.397601434110404170e+02
1.382413069747254610e+02
1.359912037798321762e+02
1.385444789654738997e+02
1.337188306221072764e+02
1.427436199685994040e+02
1.398892238194798949e+02
1.358885001481610573e+02
1.396454279234654052e+02
1.404500552395970203e+02
1.414119357810372719e+02
1.382207203032961900e+02
1.422151015414119115e+02
1.435125531404967489e+02
1.390580646604567221e+02
1.390679153868974538e+02
1.422001975236849773e+02
1.381750048671486581e+02
1.403695385230652732e+02
1.439047932275631183e+02
1.409273094054987041e+02
1.479157294533136167e+02
1.376982516115604085e+02
1.358324364565309281e+02
1.363155044942778318e+02
1.415648883729141971e+02
1.416225729585565318e+02
1.418273375341199198e+02
1.430884458590536781e+02
1.392688050368350048e+02
1.410950003899239107e+02
1.426371934120172114e+02
1.394612137743738742e+02
1.414422147912718515e+02
1.384775917261607106e+02
1.454402404519362051e+02
1.413259102912228400e+02
1.395904774565905200e+02
1.402616428389674468e+02
1.391344160706691184e+02
1.381116157923727314e+02
1.401631235498967669e+02
1.377193944395460505e+02
1.404785597605550720e+02
1.420117889784572469e+02
1.390619130694137198e+02
1.420406411130698530e+02
1.425112642384522132e+02
1.364855595609422494e+02
1.381111128950133775e+02
1.435768605169001262e+02
1.361091425307714076e+02
1.367830391240095196e+02
1.439201501438431876e+02
1.371240172475122279e+02
1.368386813003164377e+02
1.386519141661811432e+02
1.386918870732393430e+02
1.359163209812005277e+02
1.410629590060010798e+02
1.412751578374383712e+02
1.391455769317564091e+02
1.373620113426419209e+02
1.409226464589039267e+02
1.384333015981194706e+02
1.409749361668814061e+02
1.397272426011016933e+02
1.378994526999348125e+02
1.431616803103390509e+02
1.381158346108307455e+02
1.444211874815096621e+02
1.429687638353688897e+02
1.396902830892468046e+02
1.381391835923644749e+02
1.356391195547624022e+02
1.428944772395425105e+02
1.388858639878984604e+02
1.433120970776552383e+02
1.446965251849845515e+02
1.397368473719071176e+02
1.406392171216801046e+02
1.430449255727500031e+02
1.374415527856956487e+02
1.397388862131310248e+02
1.403722406863151662e+02
1.407674051325055586e+02
1.362872328951828251e+02
1.413879152570912652e+02
1.369688127862186207e+02
1.395028412805585845e+02
1.396010379280893119e+02
1.404184642389170676e+02
1.431858693329205323e+02
1.434115717637986052e+02
1.445290734526712981e+02
1.379615511694707379e+02
1.354657805020210048e+02
1.391360831750293130e+02
1.363141269298785403e+02
1.391387189428457987e+02
1.435932239373580330e+02
1.356292814391526917e+02
1.400827888260720044e+02
1.448803237403973299e+02
1.419084709225051029e+02
1.389290279741996414e+02
1.336308257235545796e+02
1.390743626959004757e+02
1.322905975889933075e+02
1.421307870148596066e+02
1.373387480624439831e+02
1.393935015330627891e+02
1.379628035690402612e+02
1.383622253700649480e+02
1.423755773600508121e+02
1.396261654487664430e+02
1.408370302328241905e+02
1.385490447220780368e+02
1.442270420504424351e+02
1.369568333971695324e+02
1.418304276559864263e+02
1.373756277432314619e+02
1.377639698828078849e+02
1.396208167080243641e+02
1.427599959701175294e+02
1.412436380883016511e+02
1.426592436753548441e+02
1.373611566963800783e+02
1.447161556433903229e+02
1.429915562977975583e+02
1.383433461988655040e+02
1.395025005069163626e+02
1.386035744753008601e+02
1.387391183251528162e+02
1.420793001309423857e+02
1.387166986626005212e+02
1.405377373665616574e+02
1.376027593030330252e+02
1.394914259414153719e+02
1.393468966556473561e+02
1.384465025050460270e+02
1.386804218312398689e+02
1.421692346839234347e+02
1.375785916555637129e+02
1.408632198360437826e+02
1.405962740194611058e+02
1.395197227628932239e+02
1.386426135018371895e+02
1.375364389427701610e+02
1.407452096561127632e+02
1.391951781378489841e+02
1.415833766038154238e+02
1.404495057008657568e+02
1.358845151176205661e+02
1.400223270089987579e+02
1.320831957649326966e+02
1.387059567130145865e+02
1.412854408121793313e+02
1.430219862175471235e+02
1.373842711052425045e+02
1.369591693117804425e+02
1.390379259062409574e+02
1.389626778713847273e+02
1.432479228511002702e+02
1.413953565257828586e+02
1.378634245961526688e+02
1.462536197439172838e+02
1.370350337751001746e+02
1.441531267526861768e+02
1.427891690882065916e+02
1.415578526003605475e+02
1.385687825277507841e+02
1.356698706999325452e+02
1.372717040451325090e+02
1.359784802777756738e+02
1.423492211342003202e+02
1.393561750090495366e+02
1.387884732722462786e+02
1.431247534733983571e+02
1.429512676963460649e+02
1.428664213081364665e+02
1.408681760200370832e+02
1.373039364922828440e+02
1.426128427728377517e+02
1.401163108262626338e+02
1.395145118860679077e+02
1.440628850811301049e+02
1.387252441393611377e+02
1.377704359486972976e+02
1.374476493013926302e+02
1.431104713745049253e+02
1.364343134096516224e+02
1.407218010348476867e+02
1.364756967094354536e+02
1.391430271031928214e+02
1.416839653056204611e+02
1.415762141449837941e+02
1.379842460056077584e+02
1.398775814399483863e+02
1.465715294424747981e+02
1.385913393678290788e+02
1.380664242656541489e+02
1.425378148435668493e+02
1.399228785216084248e+02
1.409658748813144769e+02
1.357826859917171021e+02
1.430934411808154607e+02
1.425123582324588369e+02
1.418776125348193204e+02
1.438849483436873413e+02
1.438831121599564824e+02
1.429189152322111340e+02
1.379884429858190913e+02
1.379346200948161822e+02
1.432667095691405166e+02
1.432061833713668761e+02
1.373506063179569026e+02
1.428983737293173419e+02
1.380678597642255454e+02
1.411892857068347382e+02
1.413815300750454753e+02
1.385968572706329667e+02
