2.288098947979422064e+02
2.265126723159511641e+02
2.320760866336972299e+02
2.298755712859741038e+02
2.290791465682048624e+02
2.414788618407181673e+02
2.330789933909940146e+02
2.271407499568760500e+02
2.382275355180710790e+02
2.282877483603187443e+02
2.279998502927574293e+02
2.251563595503371005e+02
2.291449283593512689e+02
2.338302688160743514e+02
2.378781081830825599e+02
2.337115696967447036e+02
2.454626124624353167e+02
2.281075539832876586e+02
2.326135337450710381e+02
2.330170967081401443e+02
2.405047790705663147e+02
2.375197940075178451e+02
2.314549403414165170e+02
2.338920162423551119e+02
2.278734013835519079e+02
2.267811510432892135e+02
2.325483311645174638e+02
2.332212667130681609e+02
2.234342414321507704e+02
2.363660239028051535e+02
2.332053199670133949e+02
2.253287942205760714e+02
2.406938718155112440e+02
2.334194982460304004e+02
2.247083988428507837e+02
2.371319861508413851e+02
2.364338861781396872e+02
2.266045649419550330e+02
2.283423422700765286e+02
2.392591790152556825e+02
2.300466215868131314e+02
2.350218456808382257e+02
2.327051671361101626e+02
2.286095616963863222e+02
2.319252660309765588e+02
2.272360187000823828e+02
2.334830437100602296e+02
2.279212349303171266e+02
2.343237781750025306e+02
2.374695852588401692e+02
2.432275273201921095e+02
2.453368809337546850e+02
2.300632133607423384e+02
2.236341326725671479e+02
2.313515966391919960e+02
2.267610323895513886e+02
2.320517617157932477e+02
2.258560225893860434e+02
2.418826448894219823e+02
2.391930100369154388e+02
2.320214058715674810e+02
2.369101718718345921e+02
2.375015934578822794e+02
2.341207689052375542e+02
2.304399509069929479e+02
2.365700064219010983e+02
2.326527790328200922e+02
2.333766741357830483e+02
2.282471063509512703e+02
2.283753592481056387e+02
2.246690525553595421e+02
2.348548421285911161e+02
2.333025159194386902e+02
2.347074610679870830e+02
2.361989842154800385e+02
2.390503681178001045e+02
2.301052429794544594e+02
2.293249285843326390e+02
2.347138777965973020e+02
2.395995923046709777e+02
2.349311134687631295e+02
2.339111729979023551e+02
2.403675021313403306e+02
2.394937044266799830e+02
2.407379052733354285e+02
2.254874363680491172e+02
2.273473964207030917e+02
2.249819494602643033e+02
2.340749512401291099e+02
2.148228213158459710e+02
2.285343977591230669e+02
2.214772516900618200e+02
2.410334426862821431e+02
2.372738961081915647e+02
2.327796396585892182e+02
2.298202791944761714e+02
2.299644602253952144e+02
2.334559866895242521e+02
2.274756365175778683e+02
2.319322668907061598e+02
2.275652182008660134e+02
2.313937813543183211e+02
2.356670442018234155e+02
2.412283614702309080e+02
2.345079045335713488e+02
2.323965336010046769e+02
2.410844827815885765e+02
2.364123728573823371e+02
2.334417114702029892e+02
2.349583172128145634e+02
2.206081464885186847e+02
2.435902732652689906e+02
2.187750423552202506e+02
2.281297106910376442e+02
2.259548930672769416e+02
2.342965314120657183e+02
2.437521049597224589e+02
2.413888924330586008e+02
2.303752124554980583e+02
2.477530739450340320e+02
2.274733504642182425e+02
2.343777988255999105e+02
2.324032761707138093e+02
2.409019097017763613e+02
2.283690576383466748e+02
2.370424910848974207e+02
2.401951078755616322e+02
2.337527275599556162e+02
2.352225650022764398e+02
2.343529502175895516e+02
2.263246864147452300e+02
2.262009950444555670e+02
2.318323333647576590e+02
2.220121059849035987e+02
2.395489798554984020e+02
2.295868571292751312e+02
2.382197467070464540e+02
2.204967465615769981e+02
2.342819739620679798e+02
2.190814969357605264e+02
2.340652115376897768e+02
2.293968389574957598e+02
2.332592312017980305e+02
2.290830661369766688e+02
2.305137073141777080e+02
2.294387587546934242e+02
2.353467716315992391e+02
2.336113482521800790e+02
2.266306180482818036e+02
2.424158527015417235e+02
2.391836925184216796e+02
2.291905981581241178e+02
2.329938299111521189e+02
2.283880485285357054e+02
2.337375925430324344e+02
2.346008712654382009e+02
2.190164177684571598e+02
2.333569691478949721e+02
2.351818395979041156e+02
2.406159159250799178e+02
2.346336112707240318e+02
2.341800403765589920e+02
2.298403700832039078e+02
2.336392407584502848e+02
2.365713202599807232e+02
2.375494735368451700e+02
2.296827558882743006e+02
2.439197732501494045e+02
2.321611854819080918e+02
2.313464607607855044e+02
2.348286333935265020e+02
2.266799642062952387e+02
2.315007623874635101e+02
2.379077630876180933e+02
2.415132546967641360e+02
2.369225491114301008e+02
2.358894951963090705e+02
2.309215836244922571e+02
2.310248731119527861e+02
2.328816009210748632e+02
2.370027897364989542e+02
2.401324934418669557e+02
2.204884579785660037e+02
2.401320283413429308e+02
2.276843505366696547e+02
2.409049155054478888e+02
2.281130269388441150e+02
2.424673184417108587e+02
2.298604509664468196e+02
2.366950546832146074e+02
2.339238320252409835e+02
2.300683420287105889e+02
2.309172154979435163e+02
2.320123047772232496e+02
2.166909658724541998e+02
2.291611651403475776e+02
2.378802052822129838e+02
2.309269518914668708e+02
2.335506252975206678e+02
2.317237429110116125e+02
2.293556776855550083e+02
2.348364640533066847e+02
2.334194439291006233e+02
2.238291446856202072e+02
2.332192749763831898e+02
2.304478564732572181e+02
2.315578896852420314e+02
2.371359320837679547e+02
2.367355265691518014e+02
2.221978802657546339e+02
2.288643743932135521e+02
2.413847468205907774e+02
2.313206190435424503e+02
2.258199102289118230e+02
2.242712620064411908e+02
2.374179069332242022e+02
2.274339903188694336e+02
2.378256116390178363e+02
2.337301816348046941e+02
2.332762341587337573e+02
2.342534799106399532e+02
2.398264399129195681e+02
2.356580771917810182e+02
2.295271313636995671e+02
2.441958905722633801e+02
2.321288487553262030e+02
2.404087332170758202e+02
2.388115790722283123e+02
2.252594413559505711e+02
2.380613914959416206e+02
2.286878226050546061e+02
2.301664641516473466e+02
2.425337852968682171e+02
2.343900227707349018e+02
2.311314341309300175e+02
2.413923359092351006e+02
2.221425010002719773e+02
2.281356782483477730e+02
2.379933662997870840e+02
2.296429360492158196e+02
2.313333578964125650e+02
2.358263580805391086e+02
2.307940169737550491e+02
2.312362724528870217e+02
2.362289191407801070e+02
2.365790701349463063e+02
2.370510718473447014e+02
2.411739545802786040e+02
2.352032392811142927e+02
2.407112577051401843e+02
2.259317584719270258e+02
2.385575582274770170e+02
2.341939617397663369e+02
2.356092470679516850e+02
2.299367687965714708e+02
2.293362934543947631e+02
2.372466517472135479e+02
2.304700872790012625e+02
2.302976900771374744e+02
2.309129389423215457e+02
2.273435986539816440e+02
2.353871503040700759e+02
2.336180535576567081e+02
2.252047543118154920e+02
2.324380706448606020e+02
2.356895926206423439e+02
2.382194494582261655e+02
2.315001168206755437e+02
2.339947396700264051e+02
2.235386463345570576e+02
2.320225526150930762e+02
2.361202130077880099e+02
2.377578497540980607e+02
2.406062431681299927e+02
2.326377422259682248e+02
2.284491830477813608e+02
2.354840310263628567e+02
2.408604888269846072e+02
2.303908147567411504e+02
2.264174098727336002e+02
2.235343568493129567e+02
2.382199687417155758e+02
2.373717651752728557e+02
2.312773996904213618e+02
2.289392400556934604e+02
2.376298662720938921e+02
2.276087136375672912e+02
2.376732378544857340e+02
2.439651007189155507e+02
2.330969770114705284e+02
2.286494595258126310e+02
2.336058352228282899e+02
2.425919462859147018e+02
2.380205098960895498e+02
2.417257063377415136e+02
2.366875940840668022e+02
2.312513542208201329e+02
2.292091149049244621e+02
2.347047915225063548e+02
2.372714037656351707e+02
2.327904859122643870e+02
2.259981879646037157e+02
2.300378955877022236e+02
2.338574667665224922e+02
2.340417990022685331e+02
2.292330895431199167e+02
2.361140364281981192e+02
2.466143591636854069e+02
2.305803993566944712e+02
2.344344626045758559e+02
2.417539784605401678e+02
2.288948625629995490e+02
2.292469782275153420e+02
2.230386979992141505e+02
2.378162758802465078e+02
2.208101368184185560e+02
2.407404314362870537e+02
2.279390564808524857e+02
2.283708153023664806e+02
2.271831054516923984e+02
2.323074069110706716e+02
2.341670911544271405e+02
2.332034709448935530e+02
2.387392903562153776e+02
2.280598033306912384e+02
2.378157105589311584e+02
2.365747073857093596e+02
2.328731160651219625e+02
2.384961090608395580e+02
2.304479975824079077e+02
2.318777198275298019e+02
2.344823652807849612e+02
2.267742671592642694e+02
2.336231180090341297e+02
2.359872054806255619e+02
2.433262618581318861e+02
2.282295240893109280e+02
2.253884313590746444e+02
2.295599319186951561e+02
2.324666298618919313e+02
2.390713965684489040e+02
2.245852130944101646e+02
2.312506970820730601e+02
2.239851559715273481e+02
2.398556663578237647e+02
2.283424530070458900e+02
2.366072074255962150e+02
2.327296193130942186e+02
2.244142676358004280e+02
2.443495130846791881e+02
2.380954600741630429e+02
2.392373608239673501e+02
2.188908093400449388e+02
2.378846465238198391e+02
2.343420246755095206e+02
2.315751287736431152e+02
2.344486553531271795e+02
2.351536238506783150e+02
2.346404023305633757e+02
2.435307838115496111e+02
2.314956724040771121e+02
2.323011901860982675e+02
2.294943132626545150e+02
2.358688320854065807e+02
2.167998976542207572e+02
2.453815660816637774e+02
2.240573245050941580e+02
2.355026235071104850e+02
2.312926805014254796e+02
2.299575178111080049e+02
2.320930529017672086e+02
2.311019455987817821e+02
2.242203557010637383e+02
2.314353870030833775e+02
2.288433348122834161e+02
2.430609029931844418e+02
2.230443842594925741e+02
2.307163583284780088e+02
2.248613823580911060e+02
2.369947020049742719e+02
2.414529112384974496e+02
2.336981479844510545e+02
2.306718356998768513e+02
2.433930189296855531e+02
2.297421329286721630e+02
2.371285637497022947e+02
2.296540844555422893e+02
2.335610538560037241e+02
2.307337814422380688e+02
2.360851631616213808e+02
2.423948131017581034e+02
2.378634483141503324e+02
2.287064922720196023e+02
2.519030031721634089e+02
2.346079021623365009e+02
2.281126236518588826e+02
2.291435388564069910e+02
2.271974963400539025e+02
2.397081967242914402e+02
2.371739627916257689e+02
2.328201071427368447e+02
2.226302499173699800e+02
2.413083900404215569e+02
2.284618052421985794e+02
2.361959006521603044e+02
2.348472541693458595e+02
2.377526562605680169e+02
2.340965892555927610e+02
2.259329356901482981e+02
2.276067279857298047e+02
2.296235405224853707e+02
2.327806563974750418e+02
2.311674113350281630e+02
2.394559106484070696e+02
2.223295008780110891e+02
2.405469957063863546e+02
2.438529396055775180e+02
2.380555674552507810e+02
2.432506373533327064e+02
2.313182407466256620e+02
2.246762515624319576e+02
2.282423481725443537e+02
2.309554804858281045e+02
2.304151967581750000e+02
2.323626918104974095e+02
2.325648675500024183e+02
2.283060520565068430e+02
2.348411513523404892e+02
2.334553302243321582e+02
2.397909811865993106e+02
2.193337481783776752e+02
2.282901736151027876e+02
2.393960184867918315e+02
2.388346016757173800e+02
2.311763419319735249e+02
2.286160354336308842e+02
2.283395386205498596e+02
2.399768277034991399e+02
2.347473337222123462e+02
2.396499297427586725e+02
2.350358795512037489e+02
2.361885063678765277e+02
2.330199957673703750e+02
2.385565149303525061e+02
2.187639237617337926e+02
2.254880757695145519e+02
2.267325715354901092e+02
2.313122507338465823e+02
2.332496717917467208e+02
2.307769753349317909e+02
2.397683952873862552e+02
2.393795327405413218e+02
2.336189716223779556e+02
2.334799340604264444e+02
2.410179380279290626e+02
2.436168154104919665e+02
2.325795049259075711e+02
2.317421217066449799e+02
2.428404509473557198e+02
2.272803223319292556e+02
2.337505271089658549e+02
2.252534376810639571e+02
2.380574609290451065e+02
2.464054554288343297e+02
2.394432523478195662e+02
2.326494220774293638e+02
2.322403882897785934e+02
2.310470209349222728e+02
2.299799191677804515e+02
2.300138375972642564e+02
2.414805393295630154e+02
2.327632035048546015e+02
2.369153860420747151e+02
2.242322623359372642e+02
2.328652790642666446e+02
2.304567036150372985e+02
2.443752784016365638e+02
2.339362254610189495e+02
2.279891648378663831e+02
2.364315590361075579e+02
2.335197746732425799e+02
2.394965994144118895e+02
2.277373788500390503e+02
2.293744839378259712e+02
2.383558676905069547e+02
2.379750173473949246e+02
2.389422189954583757e+02
2.360823698424597410e+02
2.369142007789553475e+02
2.283069865059851509e+02
2.311661177364516675e+02
2.291057884928966075e+02
2.337807038060512639e+02
2.397179510348575775e+02
2.362020365423265957e+02
2.313206463993475666e+02
2.267371852974079047e+02
2.284232526499948790e+02
2.434239042051391380e+02
2.319854773852912047e+02
2.242606140517354447e+02
2.289884896483388843e+02
2.270726338587804207e+02
2.290589875730450728e+02
2.400072047884923450e+02
2.399845672448024061e+02
2.283132071389439659e+02
2.361424395604896063e+02
2.354244598800971175e+02
2.197245557023373692e+02
2.376546089312861341e+02
2.336160470515273175e+02
2.331670376792504555e+02
2.273541176879159309e+02
2.352136620051845171e+02
2.331376033692270937e+02
2.294760055629208182e+02
2.330923736788578253e+02
2.243734842555695934e+02
2.307528074683240504e+02
2.494563591978997295e+02
2.299330351837519402e+02
2.340077860712009965e+02
2.284979864662838622e+02
2.305589520670071693e+02
2.368915159229528058e+02
2.333427862642694777e+02
2.312773961295185075e+02
2.293442439965467088e+02
2.349841183071598607e+02
2.296717892339576963e+02
2.260425198552926247e+02
2.290464242372393358e+02
2.333773631397394013e+02
2.257216914214968995e+02
2.260172640961309298e+02
2.342182351660999586e+02
2.257965635262221724e+02
2.327151081446025103e+02
2.417164418669796646e+02
2.343705051481053374e+02
2.282967527643730250e+02
2.309732072319720544e+02
2.264077828306965614e+02
2.338195557400682105e+02
2.373861210658569689e+02
2.232650108342700150e+02
2.409803737340356520e+02
2.136885214227558549e+02
2.399007142329666920e+02
2.367770987771881153e+02
2.275771583263115758e+02
2.267085418058829589e+02
2.272587090132957144e+02
2.363201675776049058e+02
2.298609612973598075e+02
2.316128383266386379e+02
2.266926592797482556e+02
2.349898522037661905e+02
2.240658018726158502e+02
2.311067710238848463e+02
2.275943228265429070e+02
2.302264368030986930e+02
2.306628568823653893e+02
2.362190662398905374e+02
2.366193752336687908e+02
2.231800695973703625e+02
2.312738078942655591e+02
2.389953517396955078e+02
2.315278464487532233e+02
2.434467222344013635e+02
2.374557194856159015e+02
2.360912309588570395e+02
2.292985327048587578e+02
2.232662776961991256e+02
2.316786432978588834e+02
2.286092927076490753e+02
2.279280138186944669e+02
2.370725229338896725e+02
2.226917323562503270e+02
2.281504756841871142e+02
2.302442182180292036e+02
2.300591693874567909e+02
2.300389966247286679e+02
2.213317229183125221e+02
2.330691475253411227e+02
2.270957191406752429e+02
2.360454965889383061e+02
2.320262149447011950e+02
2.165616006663566395e+02
2.343239813817694994e+02
2.310720345381702430e+02
2.254747384428587509e+02
2.411590820599935228e+02
2.354726279846968566e+02
2.292636570989059521e+02
2.376179867538556891e+02
2.350228043763374330e+02
2.362550845071898777e+02
2.362544427066149240e+02
2.324183213102952550e+02
2.279285230519591039e+02
2.447663063629093472e+02
2.384834778037959779e+02
2.314484430242876272e+02
2.224315858205560232e+02
2.285045545342464379e+02
2.344456027860389327e+02
2.415225077652847858e+02
2.280691090027820280e+02
2.363384502243678469e+02
2.313184523217643118e+02
2.316167036994718273e+02
2.376639734146444312e+02
2.295493736035428185e+02
2.298461270390858999e+02
2.332678601302209813e+02
2.364701693616109139e+02
2.261798789420604407e+02
2.393271888772860336e+02
2.296763915858085170e+02
2.342963641099044594e+02
2.343868060878933477e+02
2.372214072975320391e+02
2.340538527972537111e+02
2.255633262437136466e+02
2.224378546384003243e+02
2.360602337230760099e+02
2.342961131627531586e+02
2.283846562883767604e+02
2.381106709046956098e+02
2.295061733152437000e+02
2.408768823959279359e+02
2.205441443811387501e+02
2.422495071310555943e+02
2.404759380586773716e+02
2.350143098441795360e+02
2.348255342776944303e+02
2.348425523153207735e+02
2.322547509443402589e+02
2.247138560049103262e+02
2.271012060601330802e+02
2.424019616735551779e+02
2.308697367016846442e+02
2.287043939191712241e+02
2.412240120642425154e+02
2.341274530009147554e+02
2.217770797791696680e+02
2.284407573669239468e+02
2.501980851874528753e+02
2.361565045713823281e+02
2.283551815964740399e+02
2.366944424695405758e+02
2.269541408249988024e+02
2.263085226501256102e+02
2.307519138839699622e+02
2.360237613590168166e+02
2.335427986283549160e+02
2.378784031599178661e+02
2.359065270078202161e+02
2.349521212148860343e+02
2.443351299323383330e+02
2.274582889942339250e+02
2.283530499644462282e+02
2.354192259053726843e+02
2.329359612600571552e+02
2.264461509869715599e+02
2.323292246419327967e+02
2.310935394594176842e+02
2.261352797583160168e+02
2.312438429074091744e+02
2.323198846587018807e+02
2.272158735157668730e+02
2.332951993647242261e+02
2.296278425496322484e+02
2.366512961795034187e+02
2.269253119897395266e+02
2.250600786799646187e+02
2.207521806990107223e+02
2.360754106993043706e+02
2.346837223269778008e+02
2.367497099806708718e+02
2.332403276197636615e+02
2.339658252075985274e+02
2.272198596163737818e+02
2.359952335886071353e+02
2.453625657722881499e+02
2.251326743823825893e+02
2.238708827524615685e+02
2.293497216073426728e+02
2.393987947377193564e+02
2.328942836011463839e+02
2.292590188500795705e+02
2.394775204570490246e+02
2.248669955766394537e+02
2.275090519578395458e+02
2.397055404709559525e+02
2.282562644638375104e+02
2.345469768917376996e+02
2.255233460324462555e+02
2.311684830298272004e+02
2.329566163118646784e+02
2.366300151943517562e+02
2.422454843779756004e+02
2.385022193456360071e+02
2.353595805359419444e+02
2.343529401152376579e+02
2.378302446109986761e+02
2.346457250636124456e+02
2.304278536182526977e+02
2.253426886567642669e+02
2.276183302840099429e+02
2.277261187009137871e+02
2.414688916298956656e+02
2.451770291901987946e+02
2.331121116156081143e+02
2.311323697863829807e+02
2.317058167042651462e+02
2.354057274840413925e+02
2.358727486433523666e+02
2.321914378020548781e+02
2.365738741542174353e+02
2.312008735886013540e+02
2.330101272559110726e+02
2.400631404638330082e+02
2.407480566977540946e+02
2.291405923124847845e+02
2.243022774144318419e+02
2.410434029897707831e+02
2.287169762368334034e+02
2.227144387906525935e+02
2.328853854964550294e+02
2.376347554821653887e+02
2.377577310057437785e+02
2.305506720915198571e+02
2.330764180980670233e+02
2.256588029602838503e+02
2.234049282815182949e+02
2.287884666840786281e+02
2.376652190792207193e+02
2.289535985764910038e+02
2.309857412919711521e+02
2.274334587738990479e+02
2.192574764830071103e+02
2.391922094181861098e+02
2.272825524175051726e+02
2.364277026481611301e+02
2.248265066627695319e+02
2.331594477117083386e+02
2.396015893089958979e+02
2.262940721781031641e+02
2.304474320064931305e+02
2.334886478840516588e+02
2.298941611262519586e+02
2.219669570720669185e+02
2.321145355972841173e+02
2.237810606774258417e+02
2.301997377407404031e+02
2.399260865059551975e+02
2.399663412429281664e+02
2.135809987457821819e+02
2.306049834215533849e+02
2.280859914539894930e+02
2.319279137246490734e+02
2.229654649596558613e+02
2.322657964204118741e+02
2.289027158259296186e+02
2.359862225394508357e+02
2.382625748760323461e+02
2.349776167753027778e+02
2.397246437452713224e+02
2.300334311717543869e+02
2.341924996828699079e+02
2.378032563332333211e+02
2.326630776388607273e+02
2.355151435430257720e+02
2.338812271868561936e+02
2.195397659655812106e+02
2.346001845460277764e+02
2.367921951859436831e+02
2.403464444589643279e+02
2.248093575609599100e+02
2.421097331438497235e+02
2.317610299876645286e+02
2.247614004855803955e+02
2.308470074590599950e+02
2.359008950207380622e+02
2.399578614555053377e+02
2.337620607119952751e+02
2.360225454029559842e+02
2.482061079950579199e+02
2.304000526339869737e+02
2.216417580376866283e+02
2.387497127959331920e+02
2.289884901260523975e+02
2.277665479320662314e+02
2.283296883424526982e+02
2.266174869963454057e+02
2.313883394857271014e+02
2.301969098182298694e+02
2.352568268709494532e+02
2.291558418219616726e+02
2.349073176227426245e+02
2.322277690033405406e+02
2.328534390041935183e+02
2.365030951128124173e+02
2.363631770971240655e+02
2.298443651868659003e+02
2.328638328197679073e+02
2.287194393617129720e+02
2.310059850837615443e+02
2.343071102834393571e+02
2.309575915179068488e+02
2.355069777279258005e+02
2.228859156308357967e+02
2.305139686540579760e+02
2.263326599627014275e+02
2.386821215645078098e+02
2.194356889591323068e+02
2.347313875066818696e+02
2.328833192896485969e+02
2.347320549904183054e+02
2.259872522001429331e+02
2.346029439043178400e+02
2.274579118297520779e+02
2.251614603087032833e+02
2.374584117374984658e+02
2.322472355341956245e+02
2.405456613746103756e+02
2.217032848273241825e+02
2.215584331874860595e+02
2.330748027858539047e+02
2.294884014170250737e+02
2.340961098547904840e+02
2.259104980158760441e+02
2.375973189604150093e+02
2.337104181203284838e+02
2.445621929052689154e+02
2.355638326383360379e+02
2.309325798480982712e+02
2.284269923807045473e+02
2.357588352846218811e+02
2.325317007398380156e+02
2.312342332472202884e+02
2.386289140879872832e+02
2.302501241574589130e+02
2.371249853532998202e+02
2.415100099233581830e+02
2.295692632595046234e+02
2.255976412471862886e+02
2.349463408052308182e+02
2.297758408506061016e+02
2.294740787102135187e+02
2.393589232634523967e+02
2.242036805661672361e+02
2.388382758381225131e+02
2.360774867778631290e+02
2.405940540310145366e+02
2.298550481093209896e+02
2.336311009904169964e+02
2.337928841571938392e+02
2.367595981082538685e+02
2.293972457106173692e+02
2.260214336999844136e+02
2.326650678666607348e+02
2.430906417589070543e+02
2.318789771912009030e+02
2.407619647748469447e+02
2.284227817443544382e+02
2.328488143834864559e+02
2.356752020373990888e+02
2.248825739735293325e+02
2.288206563444134645e+02
2.238279373401661871e+02
2.304368121958729887e+02
2.295329162568883419e+02
2.403779844960882315e+02
2.300087512906719951e+02
2.425123991931320973e+02
2.260077264046231278e+02
2.400587571965930351e+02
2.321915252006429284e+02
2.324008162034128304e+02
2.279144908838590595e+02
2.283737155516629400e+02
2.361780313270297142e+02
2.419367829565121895e+02
2.380840094457205680e+02
2.281024016119364148e+02
2.308793296072346948e+02
2.259391051359018547e+02
2.221291492513865649e+02
2.291836161619978327e+02
2.219781812922128097e+02
2.392840410048969204e+02
2.351322155267758092e+02
2.354437247043743753e+02
2.302486896132928393e+02
2.362270136174823563e+02
2.311747094818023243e+02
2.277385795965093394e+02
2.294311108538456381e+02
2.278213696516392304e+02
2.306697166832759081e+02
2.304779474510014268e+02
2.276726311622427374e+02
2.245493078571683725e+02
2.350553215693298057e+02
2.370179396766026514e+02
2.299488066960129800e+02
2.231015297078663764e+02
2.321670107363421494e+02
2.385610283435743781e+02
2.335940277227348929e+02
2.405967934853678116e+02
2.282309182779952152e+02
2.429486376856785341e+02
2.286136643411940383e+02
2.277784417255695928e+02
2.280071145951376081e+02
2.290672237118023986e+02
2.262495613728912645e+02
2.321266619038588033e+02
2.325101450545406863e+02
2.246985324998881879e+02
2.432694007782813799e+02
2.339257443972447277e+02
2.294476830148188924e+02
2.222887455152701364e+02
2.334550056004383976e+02
2.277935363972162293e+02
2.237877339498675440e+02
2.380864241449773999e+02
2.387376874423435709e+02
2.415543562008313074e+02
2.308585934580011383e+02
2.314892893837861152e+02
2.240168820073716915e+02
2.294575371959415691e+02
2.284198404816427228e+02
2.273682944919231943e+02
2.341202311912274752e+02
2.273218723958430587e+02
2.466258571890828932e+02
2.374295975526326856e+02
2.391766745019288294e+02
2.315697442158026718e+02
2.384560354068456718e+02
2.383224655940747141e+02
2.324444847382441708e+02
2.316407081320647023e+02
2.309822136825552548e+02
2.377665320388987027e+02
2.326712263608108060e+02
2.301443762712721082e+02
2.344867418364982541e+02
2.289192939736680898e+02
2.322070964106196698e+02
2.356757623869013116e+02
2.225759535624449370e+02
2.403540939133275458e+02
2.328531181972631430e+02
2.373449863177175132e+02
2.339623318543260382e+02
2.314936888681035327e+02
2.278250194220613878e+02
2.318551108518285844e+02
2.344910049208270664e+02
2.329189768601387698e+02
2.399692551852800193e+02
2.275763095012389101e+02
2.325821904452366766e+02
2.427752455950574131e+02
2.351456650910126882e+02
2.256260456933378578e+02
2.399950808001561029e+02
2.439102645961803546e+02
2.289862679682691748e+02
2.360360665482623972e+02
2.326232662130873621e+02
2.350775712610171126e+02
2.328314771262625413e+02
2.369670711165665864e+02
2.296700965368148957e+02
2.409371376609821880e+02
2.354350372705404197e+02
2.270981389876980074e+02
2.344969626789867903e+02
2.409427705797097872e+02
2.244232324030662085e+02
2.419073382608530380e+02
2.409170124597511062e+02
2.307956294264652968e+02
2.278433926691431850e+02
2.331106274948004966e+02
2.391409889809845879e+02
2.381868778325441554e+02
2.258784117656498438e+02
2.227486117556774161e+02
2.398209654208553445e+02
