1.204847863529868732e+02
1.204847863529869159e+02
1.204847863529869585e+02
1.204847863529869727e+02
1.204847863529869301e+02
1.204847863529869869e+02
1.204847863529868732e+02
1.204847863529870011e+02
1.204847863529869016e+02
1.204847863529869869e+02
1.204847863529870580e+02
1.204847863529869443e+02
1.204847863529871290e+02
1.204847863529870153e+02
1.204847863529869727e+02
1.204847863529869869e+02
1.204847863529870438e+02
1.204847863529869727e+02
1.204847863529869585e+02
1.204847863529869443e+02
1.204847863529870438e+02
1.204847863529869585e+02
1.204847863529870153e+02
1.204847863529869443e+02
1.204847863529869585e+02
1.204847863529869443e+02
1.204847863529868590e+02
1.204847863529869301e+02
1.204847863529870864e+02
1.204847863529869869e+02
1.204847863529869585e+02
1.204847863529870295e+02
1.204847863529868732e+02
1.204847863529869727e+02
1.204847863529870722e+02
1.204847863529869159e+02
1.204847863529869159e+02
1.204847863529869443e+02
1.204847863529869301e+02
1.204847863529869869e+02
1.204847863529869159e+02
1.204847863529870438e+02
1.204847863529869869e+02
1.204847863529869727e+02
1.204847863529870153e+02
1.204847863529869159e+02
1.204847863529870011e+02
1.204847863529870153e+02
1.204847863529869159e+02
1.204847863529870438e+02
1.204847863529870153e+02
1.204847863529869727e+02
1.204847863529869159e+02
1.204847863529869869e+02
1.204847863529870011e+02
1.204847863529868448e+02
1.204847863529869727e+02
1.204847863529870438e+02
1.204847863529869159e+02
1.204847863529869727e+02
1.204847863529869301e+02
1.204847863529869585e+02
1.204847863529870438e+02
1.204847863529869727e+02
1.204847863529868732e+02
1.204847863529869443e+02
1.204847863529869869e+02
1.204847863529869869e+02
1.204847863529867737e+02
1.204847863529870011e+02
1.204847863529868732e+02
1.204847863529870864e+02
1.204847863529870011e+02
1.204847863529870295e+02
1.204847863529869159e+02
1.204847863529869159e+02
1.204847863529870438e+02
1.204847863529870295e+02
1.204847863529869443e+02
1.204847863529869869e+02
1.204847863529869869e+02
1.204847863529870864e+02
1.204847863529869016e+02
1.204847863529869443e+02
1.204847863529868590e+02
1.204847863529869159e+02
1.204847863529869443e+02
1.204847863529869159e+02
1.204847863529870153e+02
1.204847863529869159e+02
1.204847863529870438e+02
1.204847863529869585e+02
1.204847863529868732e+02
1.204847863529870295e+02
1.204847863529870153e+02
1.204847863529869159e+02
1.204847863529870295e+02
1.204847863529868306e+02
1.204847863529869727e+02
1.204847863529871006e+02
1.204847863529869443e+02
1.204847863529869016e+02
1.204847863529869301e+02
1.204847863529870438e+02
1.204847863529869301e+02
1.204847863529869301e+02
1.204847863529869443e+02
1.204847863529869727e+02
1.204847863529870722e+02
1.204847863529868874e+02
1.204847863529869159e+02
1.204847863529868590e+02
1.204847863529869727e+02
1.204847863529870438e+02
1.204847863529869443e+02
1.204847863529869301e+02
1.204847863529870580e+02
1.204847863529869727e+02
1.204847863529870438e+02
1.204847863529870438e+02
1.204847863529869869e+02
1.204847863529871148e+02
1.204847863529870295e+02
1.204847863529871006e+02
1.204847863529870722e+02
1.204847863529869869e+02
1.204847863529869443e+02
1.204847863529870153e+02
1.204847863529869301e+02
1.204847863529869301e+02
1.204847863529868448e+02
1.204847863529869443e+02
1.204847863529870153e+02
1.204847863529869443e+02
1.204847863529869443e+02
1.204847863529870011e+02
1.204847863529869869e+02
1.204847863529871006e+02
1.204847863529870580e+02
1.204847863529869869e+02
1.204847863529870011e+02
1.204847863529870580e+02
1.204847863529869727e+02
1.204847863529869869e+02
1.204847863529868732e+02
1.204847863529870011e+02
1.204847863529870580e+02
1.204847863529869727e+02
1.204847863529869585e+02
1.204847863529868874e+02
1.204847863529870864e+02
1.204847863529869585e+02
1.204847863529870011e+02
1.204847863529869585e+02
1.204847863529869443e+02
1.204847863529869585e+02
1.204847863529870295e+02
1.204847863529868590e+02
1.204847863529869869e+02
1.204847863529870295e+02
1.204847863529869585e+02
1.204847863529868590e+02
1.204847863529869159e+02
1.204847863529870722e+02
1.204847863529869443e+02
1.204847863529868732e+02
1.204847863529870153e+02
1.204847863529870438e+02
1.204847863529870722e+02
1.204847863529870438e+02
1.204847863529869727e+02
1.204847863529869443e+02
1.204847863529869016e+02
1.204847863529870580e+02
1.204847863529869443e+02
1.204847863529868874e+02
1.204847863529869016e+02
1.204847863529870722e+02
1.204847863529868590e+02
1.204847863529868732e+02
1.204847863529868590e+02
1.204847863529870438e+02
1.204847863529869159e+02
1.204847863529870864e+02
1.204847863529869585e+02
1.204847863529870295e+02
1.204847863529869869e+02
1.204847863529869869e+02
1.204847863529869301e+02
1.204847863529870722e+02
1.204847863529869443e+02
1.204847863529870295e+02
1.204847863529870011e+02
1.204847863529870295e+02
1.204847863529870153e+02
1.204847863529870295e+02
1.204847863529870580e+02
1.204847863529870580e+02
1.204847863529869869e+02
1.204847863529870295e+02
1.204847863529869443e+02
1.204847863529870153e+02
1.204847863529869585e+02
1.204847863529868874e+02
1.204847863529870580e+02
1.204847863529871006e+02
1.204847863529869159e+02
1.204847863529869727e+02
1.204847863529869301e+02
1.204847863529869301e+02
1.204847863529869727e+02
1.204847863529868732e+02
1.204847863529869869e+02
1.204847863529868590e+02
1.204847863529869016e+02
1.204847863529868590e+02
1.204847863529868448e+02
1.204847863529870153e+02
1.204847863529870295e+02
1.204847863529868590e+02
1.204847863529869585e+02
1.204847863529870011e+02
1.204847863529869869e+02
1.204847863529871006e+02
1.204847863529870722e+02
1.204847863529870153e+02
1.204847863529870580e+02
1.204847863529868306e+02
1.204847863529869443e+02
1.204847863529869443e+02
1.204847863529871148e+02
1.204847863529868874e+02
1.204847863529869443e+02
1.204847863529870153e+02
1.204847863529869585e+02
1.204847863529871148e+02
1.204847863529869869e+02
1.204847863529869301e+02
1.204847863529869727e+02
1.204847863529869727e+02
1.204847863529869869e+02
1.204847863529869585e+02
1.204847863529868874e+02
1.204847863529870011e+02
1.204847863529870153e+02
1.204847863529870295e+02
1.204847863529869727e+02
1.204847863529869301e+02
1.204847863529870295e+02
1.204847863529870295e+02
1.204847863529869727e+02
1.204847863529869585e+02
1.204847863529870153e+02
1.204847863529869585e+02
1.204847863529869869e+02
1.204847863529869301e+02
1.204847863529870011e+02
1.204847863529869443e+02
1.204847863529870153e+02
1.204847863529870295e+02
1.204847863529870295e+02
1.204847863529869869e+02
1.204847863529869159e+02
1.204847863529870864e+02
1.204847863529870722e+02
1.204847863529870295e+02
1.204847863529869016e+02
1.204847863529869016e+02
1.204847863529870295e+02
1.204847863529870153e+02
1.204847863529869585e+02
1.204847863529870722e+02
1.204847863529869727e+02
1.204847863529869869e+02
1.204847863529870011e+02
1.204847863529870438e+02
1.204847863529871006e+02
1.204847863529870011e+02
1.204847863529870153e+02
1.204847863529870153e+02
1.204847863529870011e+02
1.204847863529871006e+02
1.204847863529869585e+02
1.204847863529869727e+02
1.204847863529870438e+02
1.204847863529869869e+02
1.204847863529869443e+02
1.204847863529869016e+02
1.204847863529870438e+02
1.204847863529870722e+02
1.204847863529869443e+02
1.204847863529870295e+02
1.204847863529869016e+02
1.204847863529869301e+02
1.204847863529869585e+02
1.204847863529870438e+02
1.204847863529870722e+02
1.204847863529869301e+02
1.204847863529870438e+02
1.204847863529869727e+02
1.204847863529870011e+02
1.204847863529869727e+02
1.204847863529870011e+02
1.204847863529869301e+02
1.204847863529870438e+02
1.204847863529871148e+02
1.204847863529869443e+02
1.204847863529869727e+02
1.204847863529870011e+02
1.204847863529870011e+02
1.204847863529870722e+02
1.204847863529869159e+02
1.204847863529869869e+02
1.204847863529869585e+02
1.204847863529870011e+02
1.204847863529868022e+02
1.204847863529868874e+02
1.204847863529869301e+02
1.204847863529869016e+02
1.204847863529869869e+02
1.204847863529870438e+02
1.204847863529870153e+02
1.204847863529870295e+02
1.204847863529869869e+02
1.204847863529869727e+02
1.204847863529870153e+02
1.204847863529870438e+02
1.204847863529870580e+02
1.204847863529870438e+02
1.204847863529869301e+02
1.204847863529869585e+02
1.204847863529869443e+02
1.204847863529870153e+02
1.204847863529869159e+02
1.204847863529869016e+02
1.204847863529869585e+02
1.204847863529869585e+02
1.204847863529869301e+02
1.204847863529869585e+02
1.204847863529869159e+02
1.204847863529870011e+02
1.204847863529869159e+02
1.204847863529870295e+02
1.204847863529869016e+02
1.204847863529870011e+02
1.204847863529869585e+02
1.204847863529869159e+02
1.204847863529870011e+02
1.204847863529869727e+02
1.204847863529871148e+02
1.204847863529870153e+02
1.204847863529870580e+02
1.204847863529869301e+02
1.204847863529869443e+02
1.204847863529869301e+02
1.204847863529869869e+02
1.204847863529869727e+02
1.204847863529869159e+02
1.204847863529871432e+02
1.204847863529868874e+02
1.204847863529870438e+02
1.204847863529870011e+02
1.204847863529869585e+02
1.204847863529869301e+02
1.204847863529868306e+02
1.204847863529870153e+02
1.204847863529870011e+02
1.204847863529870580e+02
1.204847863529869443e+02
1.204847863529869016e+02
1.204847863529868306e+02
1.204847863529870295e+02
1.204847863529869016e+02
1.204847863529868022e+02
1.204847863529869585e+02
1.204847863529870295e+02
1.204847863529868164e+02
1.204847863529869443e+02
1.204847863529870864e+02
1.204847863529870580e+02
1.204847863529868306e+02
1.204847863529869301e+02
1.204847863529869443e+02
1.204847863529870722e+02
1.204847863529869869e+02
1.204847863529869585e+02
1.204847863529869016e+02
1.204847863529869727e+02
1.204847863529869727e+02
1.204847863529869301e+02
1.204847863529871006e+02
1.204847863529870153e+02
1.204847863529869585e+02
1.204847863529869869e+02
1.204847863529869016e+02
1.204847863529868448e+02
1.204847863529870722e+02
1.204847863529870580e+02
1.204847863529869443e+02
1.204847863529869869e+02
1.204847863529868448e+02
1.204847863529869016e+02
1.204847863529869159e+02
1.204847863529869727e+02
1.204847863529869585e+02
1.204847863529869301e+02
1.204847863529870011e+02
1.204847863529869727e+02
1.204847863529869159e+02
1.204847863529870011e+02
1.204847863529870153e+02
1.204847863529869301e+02
1.204847863529869301e+02
1.204847863529869585e+02
1.204847863529869443e+02
1.204847863529869159e+02
1.204847863529868306e+02
1.204847863529869159e+02
1.204847863529869301e+02
1.204847863529869727e+02
1.204847863529869443e+02
1.204847863529869727e+02
1.204847863529868164e+02
1.204847863529869443e+02
1.204847863529869301e+02
1.204847863529868874e+02
1.204847863529870438e+02
1.204847863529869727e+02
1.204847863529869869e+02
1.204847863529869159e+02
1.204847863529869585e+02
1.204847863529869727e+02
1.204847863529869443e+02
1.204847863529869869e+02
1.204847863529869016e+02
1.204847863529869301e+02
1.204847863529870295e+02
1.204847863529871006e+02
1.204847863529869159e+02
1.204847863529869727e+02
1.204847863529868590e+02
1.204847863529870864e+02
1.204847863529870295e+02
1.204847863529869016e+02
1.204847863529869016e+02
1.204847863529869159e+02
1.204847863529869727e+02
1.204847863529870011e+02
1.204847863529869159e+02
1.204847863529870722e+02
1.204847863529869301e+02
1.204847863529869727e+02
1.204847863529870295e+02
1.204847863529869159e+02
1.204847863529870011e+02
1.204847863529868022e+02
1.204847863529868874e+02
1.204847863529869159e+02
1.204847863529869443e+02
1.204847863529869727e+02
1.204847863529871290e+02
1.204847863529869443e+02
1.204847863529870011e+02
1.204847863529870295e+02
1.204847863529870011e+02
1.204847863529869016e+02
1.204847863529869869e+02
1.204847863529870580e+02
1.204847863529869301e+02
1.204847863529869869e+02
1.204847863529869869e+02
1.204847863529870580e+02
1.204847863529869159e+02
1.204847863529870011e+02
1.204847863529869727e+02
1.204847863529869585e+02
1.204847863529869159e+02
1.204847863529871432e+02
1.204847863529869585e+02
1.204847863529869301e+02
1.204847863529869585e+02
1.204847863529869159e+02
1.204847863529869301e+02
1.204847863529869016e+02
1.204847863529869869e+02
1.204847863529870153e+02
1.204847863529870011e+02
1.204847863529869443e+02
1.204847863529870011e+02
1.204847863529869159e+02
1.204847863529869869e+02
1.204847863529869016e+02
1.204847863529870011e+02
1.204847863529869159e+02
1.204847863529869443e+02
1.204847863529870580e+02
1.204847863529868874e+02
1.204847863529869727e+02
1.204847863529869301e+02
1.204847863529868874e+02
1.204847863529870011e+02
1.204847863529869016e+02
1.204847863529869443e+02
1.204847863529869585e+02
1.204847863529869869e+02
1.204847863529869443e+02
1.204847863529870295e+02
1.204847863529869869e+02
1.204847863529870295e+02
1.204847863529869727e+02
1.204847863529870722e+02
1.204847863529870153e+02
1.204847863529869727e+02
1.204847863529869016e+02
1.204847863529868874e+02
1.204847863529869869e+02
1.204847863529869869e+02
1.204847863529869727e+02
1.204847863529870864e+02
1.204847863529869443e+02
1.204847863529870295e+02
1.204847863529870864e+02
1.204847863529869159e+02
1.204847863529868874e+02
1.204847863529868448e+02
1.204847863529869159e+02
1.204847863529869727e+02
1.204847863529869869e+02
1.204847863529869443e+02
1.204847863529869727e+02
1.204847863529869301e+02
1.204847863529868732e+02
1.204847863529870438e+02
1.204847863529870011e+02
1.204847863529869301e+02
1.204847863529869727e+02
1.204847863529870295e+02
1.204847863529869869e+02
1.204847863529870438e+02
1.204847863529870153e+02
1.204847863529870580e+02
1.204847863529870011e+02
1.204847863529869585e+02
1.204847863529870153e+02
1.204847863529869443e+02
1.204847863529869585e+02
1.204847863529868306e+02
1.204847863529868874e+02
1.204847863529869585e+02
1.204847863529869585e+02
1.204847863529869585e+02
1.204847863529869869e+02
1.204847863529869727e+02
1.204847863529869585e+02
1.204847863529870438e+02
1.204847863529868732e+02
1.204847863529870011e+02
1.204847863529870438e+02
1.204847863529869869e+02
1.204847863529869727e+02
1.204847863529867737e+02
1.204847863529868732e+02
1.204847863529870153e+02
1.204847863529868022e+02
1.204847863529870295e+02
1.204847863529869585e+02
1.204847863529871006e+02
1.204847863529869869e+02
1.204847863529870011e+02
1.204847863529868874e+02
1.204847863529870153e+02
1.204847863529869301e+02
1.204847863529868874e+02
1.204847863529869443e+02
1.204847863529870011e+02
1.204847863529868306e+02
1.204847863529869727e+02
1.204847863529869016e+02
1.204847863529870153e+02
1.204847863529869443e+02
1.204847863529870580e+02
1.204847863529869869e+02
1.204847863529869159e+02
1.204847863529869301e+02
1.204847863529868590e+02
1.204847863529868874e+02
1.204847863529869159e+02
1.204847863529869301e+02
1.204847863529869727e+02
1.204847863529870011e+02
1.204847863529870011e+02
1.204847863529869585e+02
1.204847863529870011e+02
1.204847863529868306e+02
1.204847863529869301e+02
1.204847863529870438e+02
1.204847863529869301e+02
1.204847863529869869e+02
1.204847863529869443e+02
1.204847863529870011e+02
1.204847863529870438e+02
1.204847863529871006e+02
1.204847863529869585e+02
1.204847863529870438e+02
1.204847863529869585e+02
1.204847863529871006e+02
1.204847863529869443e+02
1.204847863529869443e+02
1.204847863529869016e+02
1.204847863529869727e+02
1.204847863529869016e+02
1.204847863529869443e+02
1.204847863529870011e+02
1.204847863529870722e+02
1.204847863529870011e+02
1.204847863529869159e+02
1.204847863529869159e+02
1.204847863529868590e+02
1.204847863529870153e+02
1.204847863529868590e+02
1.204847863529869016e+02
1.204847863529870722e+02
1.204847863529870153e+02
1.204847863529870295e+02
1.204847863529870438e+02
1.204847863529869585e+02
1.204847863529869727e+02
1.204847863529869869e+02
1.204847863529869585e+02
1.204847863529870153e+02
1.204847863529870011e+02
1.204847863529869869e+02
1.204847863529869301e+02
1.204847863529870722e+02
1.204847863529869301e+02
1.204847863529869585e+02
1.204847863529869443e+02
1.204847863529869727e+02
1.204847863529870295e+02
1.204847863529869727e+02
1.204847863529869159e+02
1.204847863529868732e+02
1.204847863529869443e+02
1.204847863529869727e+02
1.204847863529869016e+02
1.204847863529870153e+02
1.204847863529869301e+02
1.204847863529869585e+02
1.204847863529869443e+02
1.204847863529869301e+02
1.204847863529868590e+02
1.204847863529869443e+02
1.204847863529869301e+02
1.204847863529870295e+02
1.204847863529870011e+02
1.204847863529869869e+02
1.204847863529870438e+02
1.204847863529870580e+02
1.204847863529870153e+02
1.204847863529869869e+02
1.204847863529869016e+02
1.204847863529869727e+02
1.204847863529869585e+02
1.204847863529870722e+02
1.204847863529869301e+02
1.204847863529870295e+02
1.204847863529870011e+02
1.204847863529869869e+02
1.204847863529869727e+02
1.204847863529870011e+02
1.204847863529869585e+02
1.204847863529868590e+02
1.204847863529870153e+02
1.204847863529869727e+02
1.204847863529870011e+02
1.204847863529869016e+02
1.204847863529869443e+02
1.204847863529868732e+02
1.204847863529870438e+02
1.204847863529868164e+02
1.204847863529869159e+02
1.204847863529870438e+02
1.204847863529869727e+02
1.204847863529870864e+02
1.204847863529868732e+02
1.204847863529870580e+02
1.204847863529869159e+02
1.204847863529870295e+02
1.204847863529870153e+02
1.204847863529869869e+02
1.204847863529869585e+02
1.204847863529869016e+02
1.204847863529869301e+02
1.204847863529870153e+02
1.204847863529869869e+02
1.204847863529869869e+02
1.204847863529871006e+02
1.204847863529868732e+02
1.204847863529870295e+02
1.204847863529870722e+02
1.204847863529869727e+02
1.204847863529869301e+02
1.204847863529870438e+02
1.204847863529870011e+02
1.204847863529870295e+02
1.204847863529869585e+02
1.204847863529870864e+02
1.204847863529870153e+02
1.204847863529868732e+02
1.204847863529870011e+02
1.204847863529869585e+02
1.204847863529870011e+02
1.204847863529869159e+02
1.204847863529868874e+02
1.204847863529869869e+02
1.204847863529870438e+02
1.204847863529869869e+02
1.204847863529870295e+02
1.204847863529869301e+02
1.204847863529869727e+02
1.204847863529870011e+02
1.204847863529869727e+02
1.204847863529869443e+02
1.204847863529870153e+02
1.204847863529868590e+02
1.204847863529870438e+02
1.204847863529868874e+02
1.204847863529870295e+02
1.204847863529870153e+02
1.204847863529870295e+02
1.204847863529869301e+02
1.204847863529869727e+02
1.204847863529870153e+02
1.204847863529869159e+02
1.204847863529871006e+02
1.204847863529869301e+02
1.204847863529870011e+02
1.204847863529869585e+02
1.204847863529870438e+02
1.204847863529869585e+02
1.204847863529869016e+02
1.204847863529870580e+02
1.204847863529869585e+02
1.204847863529869301e+02
1.204847863529869869e+02
1.204847863529869727e+02
1.204847863529869727e+02
1.204847863529869727e+02
1.204847863529870438e+02
1.204847863529869727e+02
1.204847863529869585e+02
1.204847863529869869e+02
1.204847863529871148e+02
1.204847863529868448e+02
1.204847863529869585e+02
1.204847863529870864e+02
1.204847863529869727e+02
1.204847863529868874e+02
1.204847863529869443e+02
1.204847863529869443e+02
1.204847863529869443e+02
1.204847863529870438e+02
1.204847863529869727e+02
1.204847863529869159e+02
1.204847863529868164e+02
1.204847863529869585e+02
1.204847863529869159e+02
1.204847863529869585e+02
1.204847863529869585e+02
1.204847863529870722e+02
1.204847863529868306e+02
1.204847863529869443e+02
1.204847863529870153e+02
1.204847863529869016e+02
1.204847863529869016e+02
1.204847863529870438e+02
1.204847863529869585e+02
1.204847863529869301e+02
1.204847863529869585e+02
1.204847863529870153e+02
1.204847863529870011e+02
1.204847863529869301e+02
1.204847863529870295e+02
1.204847863529870438e+02
1.204847863529868874e+02
1.204847863529870864e+02
1.204847863529869301e+02
1.204847863529869301e+02
1.204847863529869727e+02
1.204847863529869159e+02
1.204847863529868732e+02
1.204847863529869301e+02
1.204847863529869301e+02
1.204847863529870864e+02
1.204847863529869159e+02
1.204847863529869585e+02
1.204847863529870295e+02
1.204847863529871006e+02
1.204847863529870295e+02
1.204847863529870295e+02
1.204847863529868306e+02
1.204847863529868874e+02
1.204847863529869869e+02
1.204847863529868732e+02
1.204847863529870011e+02
1.204847863529870295e+02
1.204847863529870295e+02
1.204847863529871717e+02
1.204847863529869016e+02
1.204847863529868732e+02
1.204847863529868164e+02
1.204847863529871148e+02
1.204847863529868306e+02
1.204847863529869159e+02
1.204847863529870438e+02
1.204847863529868732e+02
1.204847863529869585e+02
1.204847863529870295e+02
1.204847863529868874e+02
1.204847863529870295e+02
1.204847863529869301e+02
1.204847863529871148e+02
1.204847863529870153e+02
1.204847863529869727e+02
1.204847863529869443e+02
1.204847863529869585e+02
1.204847863529869159e+02
1.204847863529870580e+02
1.204847863529869016e+02
1.204847863529868732e+02
1.204847863529869727e+02
1.204847863529870153e+02
1.204847863529868732e+02
1.204847863529869727e+02
1.204847863529870438e+02
1.204847863529869869e+02
1.204847863529868306e+02
1.204847863529869443e+02
1.204847863529870153e+02
1.204847863529869016e+02
1.204847863529869443e+02
1.204847863529869016e+02
1.204847863529869585e+02
1.204847863529869016e+02
1.204847863529869585e+02
1.204847863529869869e+02
1.204847863529870011e+02
1.204847863529870580e+02
1.204847863529870011e+02
1.204847863529869016e+02
1.204847863529868590e+02
1.204847863529870864e+02
1.204847863529870864e+02
1.204847863529870011e+02
1.204847863529869443e+02
1.204847863529868590e+02
1.204847863529869301e+02
1.204847863529869585e+02
1.204847863529871006e+02
1.204847863529870153e+02
1.204847863529869443e+02
1.204847863529869727e+02
1.204847863529869869e+02
1.204847863529870438e+02
1.204847863529869443e+02
1.204847863529868590e+02
1.204847863529869443e+02
1.204847863529869301e+02
1.204847863529869443e+02
1.204847863529869727e+02
1.204847863529870438e+02
1.204847863529869016e+02
1.204847863529869443e+02
1.204847863529868590e+02
1.204847863529870295e+02
1.204847863529869585e+02
1.204847863529869727e+02
1.204847863529871148e+02
1.204847863529868732e+02
1.204847863529870722e+02
1.204847863529869159e+02
1.204847863529870011e+02
1.204847863529869443e+02
1.204847863529869159e+02
1.204847863529869585e+02
1.204847863529869016e+02
1.204847863529870153e+02
1.204847863529868448e+02
1.204847863529869585e+02
1.204847863529869869e+02
1.204847863529869016e+02
1.204847863529870295e+02
1.204847863529869159e+02
1.204847863529870580e+02
1.204847863529868874e+02
1.204847863529869301e+02
1.204847863529869869e+02
1.204847863529869727e+02
1.204847863529870864e+02
1.204847863529870438e+02
1.204847863529869301e+02
1.204847863529869159e+02
1.204847863529870295e+02
1.204847863529869727e+02
1.204847863529869869e+02
1.204847863529868164e+02
1.204847863529869443e+02
1.204847863529869585e+02
1.204847863529870295e+02
1.204847863529870295e+02
1.204847863529869301e+02
1.204847863529870580e+02
1.204847863529870153e+02
1.204847863529869443e+02
1.204847863529870864e+02
1.204847863529869443e+02
1.204847863529869159e+02
1.204847863529870011e+02
1.204847863529869016e+02
1.204847863529869301e+02
1.204847863529869443e+02
1.204847863529868874e+02
1.204847863529869301e+02
1.204847863529871432e+02
1.204847863529870153e+02
1.204847863529868732e+02
1.204847863529871148e+02
1.204847863529869443e+02
1.204847863529869016e+02
1.204847863529868732e+02
1.204847863529868874e+02
1.204847863529870438e+02
1.204847863529868732e+02
1.204847863529868732e+02
1.204847863529868448e+02
1.204847863529869585e+02
1.204847863529869585e+02
1.204847863529869443e+02
1.204847863529870295e+02
1.204847863529869016e+02
1.204847863529868874e+02
1.204847863529870295e+02
1.204847863529870295e+02
1.204847863529868732e+02
1.204847863529869727e+02
1.204847863529870153e+02
1.204847863529869727e+02
1.204847863529869585e+02
1.204847863529869869e+02
1.204847863529870864e+02
1.204847863529869443e+02
1.204847863529869016e+02
1.204847863529869301e+02
1.204847863529869869e+02
1.204847863529868732e+02
1.204847863529870153e+02
1.204847863529869016e+02
1.204847863529870011e+02
1.204847863529869585e+02
1.204847863529869301e+02
1.204847863529870153e+02
1.204847863529869159e+02
1.204847863529870011e+02
1.204847863529869443e+02
1.204847863529869585e+02
1.204847863529870153e+02
1.204847863529869016e+02
1.204847863529870153e+02
1.204847863529869443e+02
1.204847863529869869e+02
1.204847863529869727e+02
1.204847863529869159e+02
1.204847863529869443e+02
1.204847863529868874e+02
1.204847863529868022e+02
1.204847863529869016e+02
1.204847863529870295e+02
1.204847863529870864e+02
1.204847863529869016e+02
1.204847863529870438e+02
1.204847863529869301e+02
1.204847863529870011e+02
1.204847863529869727e+02
1.204847863529869443e+02
1.204847863529869585e+02
1.204847863529869869e+02
1.204847863529869301e+02
1.204847863529869727e+02
1.204847863529869869e+02
1.204847863529868448e+02
1.204847863529869869e+02
1.204847863529869585e+02
1.204847863529870011e+02
1.204847863529869301e+02
1.204847863529870580e+02
1.204847863529869727e+02
1.204847863529870011e+02
1.204847863529868874e+02
1.204847863529869159e+02
1.204847863529869727e+02
