1.404209873211863453e+02
1.380972695859420867e+02
1.390870370229190485e+02
1.365502496085318000e+02
1.381982620782945617e+02
1.337745636515937235e+02
1.334052694014143867e+02
1.356621754552816697e+02
1.386043436068042638e+02
1.375602400986552709e+02
1.396767096153727721e+02
1.345233229131411861e+02
1.377312664951328713e+02
1.339334475233148680e+02
1.376408670061202315e+02
1.432575291375184179e+02
1.384256463507485364e+02
1.383341511654659826e+02
1.372948120246495591e+02
1.403431954903084602e+02
1.370991861639784588e+02
1.385524689734079971e+02
1.419838532949332262e+02
1.377986088397196625e+02
1.408621642840582524e+02
1.402636850691953327e+02
1.360992217815555421e+02
1.379368204780869860e+02
1.368133302722764313e+02
1.355203460880832438e+02
1.415022778149579494e+02
1.338030141731717038e+02
1.352928003033260325e+02
1.419315576958123586e+02
1.411376027453661663e+02
1.356380594997533819e+02
1.394315206639834344e+02
1.389340422902681098e+02
1.353502006568922411e+02
1.369353713705475286e+02
1.348635961746917928e+02
1.354218391992243653e+02
1.321539288219496200e+02
1.306957769876637485e+02
1.362055750275575008e+02
1.352204423870648498e+02
1.375966293119140857e+02
1.345520090764134125e+02
1.403418826263998938e+02
1.340129815104145905e+02
1.351086322208162471e+02
1.380659081269182025e+02
1.407114217474857014e+02
1.357216859212236670e+02
1.382629147539976202e+02
1.375551479971741742e+02
1.351254080897553536e+02
1.401145548910239711e+02
1.398756587622218319e+02
1.391930011798831970e+02
1.387651087708574664e+02
1.408086873671922206e+02
1.377296474353804001e+02
1.397531104802388597e+02
1.379824850353483612e+02
1.408973648592205734e+02
1.357046175994858288e+02
1.365235383017484025e+02
1.362159861266517851e+02
1.407966639937997115e+02
1.339092501753832494e+02
1.325999385867126534e+02
1.322626074394990496e+02
1.389976353072390225e+02
1.361794063350275223e+02
1.347740931382883787e+02
1.406768342630386144e+02
1.397766956731172172e+02
1.405684319223438195e+02
1.359031672809415170e+02
1.368128281471176422e+02
1.324729663294015438e+02
1.338277051417224186e+02
1.348134823800357935e+02
1.395624628321879186e+02
1.317642579550830817e+02
1.395917218840973817e+02
1.354067137710425186e+02
1.369952925057831976e+02
1.388885113463382766e+02
1.370047269349114458e+02
1.426020018209961222e+02
1.368365100226902484e+02
1.373954005726246521e+02
1.387679963034243542e+02
1.443389167678316767e+02
1.330735881283696358e+02
1.382984637562148862e+02
1.431930873533046622e+02
1.430928676383842912e+02
1.364029733699999554e+02
1.396702052597242698e+02
1.413883096154480086e+02
1.400261763326608104e+02
1.347676529931119092e+02
1.370000069328929442e+02
1.360731884910325959e+02
1.403177620188551202e+02
1.380769885277181572e+02
1.385996484638614277e+02
1.329490630963063893e+02
1.357073369724612348e+02
1.432055830733532105e+02
1.374309825804059244e+02
1.391113830670369964e+02
1.358207196797382039e+02
1.339150410025039548e+02
1.416603464037464448e+02
1.377547636090521053e+02
1.360109954160767245e+02
1.360711363568214551e+02
1.371792260839769995e+02
1.399782983843098521e+02
1.402788978731510952e+02
1.391697522089427252e+02
1.382798417207864077e+02
1.320314844609223428e+02
1.324083625944182643e+02
1.371112854409085458e+02
1.386946572795847885e+02
1.389757033877098422e+02
1.396455460237881709e+02
1.385004570998545717e+02
1.410866874286142831e+02
1.341086259849660394e+02
1.404375559337803452e+02
1.379888004721465791e+02
1.393154956193053522e+02
1.358012830705485214e+02
1.374343958532684269e+02
1.328631956868443922e+02
1.382001128136925274e+02
1.321611539615904007e+02
1.372880493124953887e+02
1.439509007616075849e+02
1.386064183633456253e+02
1.386905106194797099e+02
1.345473651235731722e+02
1.371728707640789651e+02
1.399085454427668651e+02
1.329947033446451030e+02
1.399203927556047233e+02
1.344861086739269354e+02
1.382671151140307302e+02
1.383432810585226207e+02
1.390140872834219579e+02
1.391710185819018193e+02
1.395233753214693593e+02
1.336445729454622438e+02
1.361214576780649281e+02
1.387496641180057395e+02
1.376977779863381670e+02
1.360870016747464888e+02
1.425089005131653721e+02
1.381239511325263436e+02
1.383435872184542745e+02
1.345303034032670269e+02
1.406740315849170315e+02
1.385949744070413772e+02
1.419032158303490974e+02
1.353691515984531293e+02
1.362536267699847485e+02
1.337563757857564894e+02
1.405615540167387962e+02
1.390058565415937437e+02
1.382365146346513995e+02
1.389773384527444477e+02
1.379577695947851907e+02
1.351184132724082190e+02
1.353666135681649223e+02
1.405174536998468113e+02
1.388747867528380482e+02
1.361513255854012243e+02
1.348239888069889787e+02
1.314268441766378714e+02
1.349868978748297081e+02
1.354003285116861832e+02
1.393943662316154928e+02
1.397548562548749089e+02
1.388484735873885541e+02
1.326827304738231419e+02
1.411634779814882847e+02
1.354561520164610897e+02
1.372305119815820262e+02
1.387152039733016125e+02
1.357398163958308714e+02
1.373421170445250539e+02
1.347868138585514544e+02
1.384717060476909865e+02
1.363181823618826911e+02
1.385058513947377037e+02
1.360871896108278918e+02
1.456841397449765338e+02
1.365407697441775952e+02
1.391009018276224651e+02
1.360265875050312445e+02
1.413394674786489418e+02
1.338163584703440847e+02
1.427193209602431523e+02
1.356624636126904022e+02
1.348412761835190565e+02
1.356914988035713918e+02
1.339025685560533816e+02
1.366868788513079380e+02
1.336987238325216367e+02
1.398568587531752598e+02
1.341632217092743815e+02
1.376968695170853607e+02
1.356827218145836866e+02
1.371804284479021021e+02
1.330047861913192548e+02
1.375311244804778994e+02
1.406522047790944896e+02
1.412593858322152016e+02
1.336599622267974894e+02
1.432477446028303802e+02
1.399311060932899125e+02
1.367507364035813282e+02
1.360809406172461991e+02
1.414182424374496634e+02
1.346034359918929511e+02
1.403163925473919562e+02
1.390524047460700672e+02
1.371365896601846259e+02
1.381908601356155657e+02
1.358678236569968760e+02
1.368944116937976219e+02
1.359480130776020417e+02
1.350937341397412013e+02
1.365991177589532981e+02
1.425206310585628557e+02
1.372742091120009604e+02
1.442407192616657312e+02
1.394469078824957649e+02
1.357199983510057280e+02
1.387490610438641170e+02
1.330579888292936914e+02
1.366676401296628853e+02
1.389126867354702313e+02
1.368428923433736770e+02
1.451190568729423660e+02
1.378043148626170762e+02
1.401373612955517558e+02
1.383714433649180933e+02
1.361030583881218661e+02
1.381099330493102855e+02
1.352429033263517510e+02
1.356453177753649015e+02
1.366162141969365393e+02
1.418490829804906923e+02
1.384705144563805845e+02
1.341725348663283626e+02
1.365351750057306219e+02
1.377291091658217113e+02
1.335656528411252282e+02
1.352769951967535462e+02
1.397610780899809981e+02
1.398921027086764184e+02
1.392146256664974544e+02
1.372134556340348297e+02
1.334887282164258977e+02
1.394327217466708362e+02
1.381038842389026797e+02
1.369954655860341575e+02
1.377534205809000412e+02
1.355324955036242045e+02
1.383248277750481634e+02
1.382245844433701336e+02
1.353962322773636515e+02
1.371307265910981243e+02
1.348479525457533157e+02
1.397653463013116664e+02
1.348499673951488660e+02
1.371790101567276565e+02
1.392894414056229664e+02
1.377597749003863896e+02
1.377707376597799680e+02
1.373173589463411872e+02
1.387474265734850860e+02
1.368031821291376389e+02
1.361703314244714988e+02
1.366643950496149387e+02
1.396527795832114123e+02
1.383990624724594340e+02
1.403645185069365482e+02
1.359894381030672719e+02
1.381894135023523518e+02
1.358617898301388038e+02
1.385084502172556427e+02
1.356461228976145037e+02
1.387734028868138694e+02
1.410177241919309665e+02
1.400934866665083689e+02
1.370935896733812172e+02
1.392354999652564800e+02
1.392307294856070712e+02
1.391600513691271317e+02
1.329802312101559210e+02
1.363350495045127957e+02
1.355925221607901392e+02
1.377102887929222277e+02
1.409255927116827820e+02
1.357881614009317843e+02
1.382374401767885104e+02
1.376151373706618983e+02
1.353538265556696842e+02
1.380404037896451825e+02
1.412476908049856092e+02
1.359801349082760851e+02
1.362180505104100234e+02
1.342697296543331902e+02
1.373523601275599617e+02
1.391082550417696666e+02
1.376183919000053208e+02
1.437148794421246976e+02
1.393840951262823751e+02
1.364624121111584429e+02
1.411548659596523407e+02
1.363545575964068064e+02
1.346328844560543700e+02
1.339761237389313067e+02
1.393489800309715179e+02
1.339769048445333510e+02
1.358946442297840349e+02
1.373511118806423497e+02
1.370497588021952708e+02
1.377494502805201648e+02
1.355408025420945819e+02
1.363690956981896250e+02
1.386724344580690058e+02
1.323470062624780326e+02
1.401669663655567888e+02
1.365149101108097511e+02
1.321736731143622023e+02
1.367861313735022861e+02
1.339401767011380855e+02
1.385950450962801312e+02
1.356830281301428158e+02
1.448365627391333703e+02
1.395697493544412282e+02
1.374025934677553664e+02
1.346870588758959002e+02
1.385476602500365857e+02
1.443138857662719374e+02
1.438072427899949446e+02
1.364163264801920832e+02
1.405343616139187191e+02
1.426031321916080401e+02
1.410773864190729512e+02
1.384222711115346556e+02
1.377830498520409321e+02
1.413646112228552738e+02
1.363551228097159083e+02
1.380224301506944755e+02
1.372743536453692172e+02
1.428229286618330320e+02
1.383394428747038774e+02
1.359954488497745615e+02
1.365153925694860391e+02
1.390810580131310985e+02
1.384772196917020324e+02
1.440058415389395918e+02
1.399805856217411986e+02
1.379100870287031171e+02
1.363400685682791789e+02
1.395198055930195267e+02
1.393307133492063770e+02
1.372862249969095103e+02
1.408942929689924313e+02
1.425679967446327794e+02
1.397240487512570724e+02
1.327371520267411427e+02
1.404676855733383718e+02
1.434202953566354495e+02
1.372861921385992332e+02
1.338594689195120679e+02
1.389878172762533666e+02
1.376539248676010345e+02
1.338395885462711874e+02
1.383316420152742126e+02
1.408275500644590181e+02
1.350787632248551802e+02
1.357804619700346223e+02
1.358827878006393348e+02
1.292627511134568294e+02
1.373544298928593150e+02
1.391206507386345095e+02
1.400929053621320293e+02
1.396337762271103315e+02
1.372344238603065207e+02
1.360740059040576568e+02
1.444967329330323764e+02
1.378682014943397576e+02
1.392288617998904670e+02
1.409445599419522637e+02
1.382222255604316956e+02
1.422544874155543937e+02
1.386741911171028505e+02
1.392690866063820465e+02
1.338491056317547816e+02
1.382109458668770969e+02
1.375352134733871878e+02
1.392628835883374734e+02
1.427702623902549135e+02
1.337891502800145247e+02
1.361661886733228357e+02
1.370469901055168691e+02
1.347985870140802831e+02
1.317887914912786584e+02
1.375567851764529905e+02
1.359648690211083419e+02
1.379131975554163034e+02
1.426299825458651185e+02
1.431282256208365880e+02
1.382291511259906542e+02
1.368309934021642107e+02
1.360197468963297638e+02
1.360869801603007829e+02
1.359497385981693185e+02
1.351200065357027142e+02
1.420936814097107685e+02
1.343333456075804975e+02
1.342356182073056630e+02
1.345888187084874801e+02
1.366671207006299653e+02
1.353540303347728297e+02
1.384732399262338447e+02
1.359058098731944426e+02
1.369979215772357577e+02
1.386430654324777549e+02
1.344607551788974433e+02
1.393468798425530224e+02
1.350495467509887817e+02
1.381693904122139145e+02
1.388681831091967354e+02
1.410536672447566104e+02
1.349619319444240091e+02
1.367246024192828031e+02
1.388146870949220215e+02
1.400574961854718197e+02
1.398069777731908232e+02
1.348865910777758472e+02
1.377285402409251844e+02
1.369900031819741741e+02
1.360546392285295099e+02
1.381567219991553941e+02
1.400788687732056133e+02
1.370236466813929894e+02
1.376954178932198545e+02
1.406207097586015493e+02
1.384859445955719082e+02
1.402562014333597915e+02
1.365254759151431472e+02
1.359353802453983633e+02
1.397413209352555157e+02
1.371641367495973327e+02
1.377817169305069740e+02
1.403677887804017530e+02
1.407162735523685626e+02
1.392270241586260795e+02
1.370118206067442088e+02
1.393663901514275949e+02
1.336316152164174014e+02
1.374146036217389053e+02
1.380549414885090584e+02
1.347862340442086122e+02
1.426494235085903597e+02
1.366799926886129413e+02
1.341057222906068489e+02
1.403816563052822346e+02
1.398612923629043507e+02
1.400982916821002675e+02
1.386480291159222134e+02
1.346536764718231325e+02
1.397952840424659655e+02
1.348820954034087265e+02
1.378399082062540231e+02
1.398774233040990111e+02
1.384762178811179467e+02
1.425685521484413130e+02
1.401314579700589888e+02
1.395685182241142002e+02
1.401070368874023870e+02
1.379146886108248964e+02
1.373527387079587356e+02
1.419493818806401748e+02
1.397180233748167950e+02
1.352255842318892576e+02
1.400622151624048968e+02
1.363224635010711552e+02
1.367428842719165232e+02
1.358970135873738059e+02
1.402454849294566088e+02
1.341873234431764956e+02
1.414257092504739148e+02
1.403095428895091459e+02
1.384305227432674030e+02
1.407244948229496515e+02
1.305521192414922780e+02
1.400064616836370703e+02
1.375293434428415082e+02
1.356693467744074439e+02
1.393830268440640907e+02
1.410601149905186276e+02
1.386228045135279388e+02
1.416650369978445383e+02
1.359474309424371370e+02
1.331522917644111601e+02
1.379053004008341645e+02
1.405182512819553438e+02
1.395571626290475820e+02
1.376764789966632065e+02
1.407151732003479196e+02
1.334413309674714299e+02
1.376754057699463658e+02
1.339953109927585331e+02
1.414832988367932103e+02
1.347731068787771562e+02
1.358385668620482249e+02
1.364624767871066808e+02
1.405260450067569877e+02
1.357650201391251414e+02
1.397437126043615763e+02
1.346166112700003907e+02
1.431217769384268195e+02
1.356834150276699518e+02
1.374199657950499898e+02
1.412031126054338301e+02
1.389236531620331618e+02
1.390608512832000656e+02
1.346733154309439158e+02
1.371350176988242708e+02
1.422471699857806016e+02
1.359071474181014594e+02
1.355772572530707123e+02
1.394032935381180778e+02
1.385400959235479377e+02
1.389076153650729566e+02
1.347155204747035668e+02
1.345593348400878995e+02
1.418900285536087722e+02
1.364927011241074979e+02
1.378627880398932177e+02
1.380082498576395267e+02
1.430809593746166115e+02
1.369961341928121783e+02
1.381061402275713590e+02
1.371972865717526133e+02
1.342065044976761499e+02
1.377039866937048771e+02
1.355691451350207331e+02
1.407931665722384480e+02
1.375823753889032162e+02
1.390014245452994714e+02
1.427360704168308700e+02
1.378649152433945062e+02
1.324640743042222937e+02
1.384318182164949178e+02
1.391825996086197392e+02
1.352754327544291471e+02
1.370224077965448544e+02
1.365475651019825989e+02
1.365213863672547632e+02
1.398633380559245722e+02
1.374646697791460497e+02
1.389187955212064480e+02
1.371780668985489058e+02
1.351931223701648719e+02
1.394083623618552110e+02
1.363828830469373088e+02
1.342297730386129047e+02
1.434242681999489548e+02
1.421123536858886496e+02
1.384327616402968033e+02
1.375234018469918453e+02
1.377580287803361330e+02
1.370255200049408302e+02
1.393432955508842497e+02
1.429416684904195733e+02
1.363465426911345446e+02
1.337735374343801880e+02
1.377571120052273841e+02
1.398902356030874898e+02
1.388090059863244505e+02
1.409756020358006765e+02
1.394773440470570449e+02
1.378242074566883844e+02
1.385853494384654709e+02
1.359872424181652377e+02
1.401286139862982907e+02
1.400614000826842300e+02
1.368092308323927568e+02
1.423201302673455189e+02
1.428443192364556467e+02
1.373563323770501086e+02
1.361547775403907963e+02
1.342828014425974459e+02
1.299897061058113366e+02
1.367353435891633922e+02
1.380820060337887298e+02
1.389079127958771380e+02
1.375473505136971539e+02
1.334203109345594669e+02
1.335904564750648547e+02
1.322531867462636228e+02
1.364286112454091153e+02
1.340529578779302824e+02
1.407854163441059541e+02
1.385424458873216338e+02
1.408288790064585783e+02
1.390779410494368449e+02
1.381745742694130001e+02
1.362492485095731354e+02
1.344962561450525698e+02
1.390848594095281214e+02
1.374436937046637297e+02
1.397092477092305671e+02
1.426128133774916193e+02
1.401321516982651190e+02
1.396766963595460425e+02
1.361967012583121175e+02
1.355996001998573206e+02
1.359599678780723480e+02
1.400449166288797471e+02
1.390950007773606956e+02
1.337229404969643269e+02
1.351235796109139358e+02
1.396522631299384614e+02
1.351365202520108539e+02
1.339977131081107302e+02
1.387721672354574594e+02
1.394498682537431478e+02
1.370290941747798286e+02
1.360937333984896611e+02
1.362607321311632802e+02
1.368278905107246146e+02
1.415561708663841500e+02
1.355797205933001521e+02
1.391295798248253561e+02
1.381728613106317880e+02
1.367233628086016779e+02
1.377618032850683676e+02
1.372822413966746069e+02
1.356616116685435429e+02
1.355469313774782165e+02
1.380203256905876685e+02
1.390261489757303934e+02
1.378872045319800463e+02
1.374780686833082939e+02
1.419087473134020740e+02
1.400434947084877990e+02
1.360364194241102780e+02
1.401483145238519512e+02
1.341308378298791695e+02
1.392044260374162263e+02
1.400563251941417491e+02
1.415524937992374532e+02
1.437246803946186446e+02
1.397236638796592842e+02
1.362331372260343869e+02
1.339666846542958183e+02
1.333558880589067428e+02
1.360525973823651782e+02
1.372384139394208944e+02
1.347578896539022821e+02
1.386200197308516806e+02
1.349625835697130469e+02
1.392082792752724174e+02
1.368880201068356826e+02
1.365278038591602296e+02
1.399783987296068801e+02
1.358327501323317676e+02
1.358819193000654479e+02
1.364451150585293533e+02
1.361067250259811203e+02
1.370738319989051490e+02
1.377120164194776351e+02
1.395896712438447196e+02
1.391201635837947208e+02
1.393595576015831057e+02
1.360998048756339642e+02
1.344046008332550457e+02
1.366756566634501553e+02
1.410059976468142793e+02
1.406327220110049154e+02
1.389188243630121633e+02
1.387364806138661777e+02
1.365663427327391730e+02
1.402395741634291255e+02
1.417339540650540926e+02
1.391062796505021595e+02
1.346210893368782990e+02
1.387856074292330675e+02
1.384779112321113530e+02
1.338603402196256127e+02
1.384405862662611071e+02
1.416278562094573488e+02
1.353748045550947836e+02
1.367372761561684342e+02
1.368889951868502521e+02
1.371475221495597054e+02
1.351311380135375941e+02
1.376675307190701858e+02
1.433155873031171836e+02
1.439357207039178377e+02
1.373960051929013275e+02
1.392758542837222535e+02
1.345699461755442314e+02
1.367802614384561366e+02
1.397060015696865491e+02
1.423913077092194612e+02
1.339769567650522220e+02
1.375595590440787817e+02
1.339344970047471861e+02
1.378471411184962392e+02
1.383872065952922696e+02
1.365460954460259018e+02
1.373706440495804202e+02
1.359338983985770426e+02
1.354408591203184642e+02
1.354837583439429523e+02
1.378541678213930197e+02
1.400084279137160479e+02
1.375633018553442639e+02
1.408420834483909800e+02
1.404330742714379880e+02
1.334371445510732315e+02
1.392866779760874465e+02
1.349348433850073548e+02
1.383690262022781781e+02
1.375428790427994556e+02
1.369695904637843569e+02
1.358622411329949387e+02
1.392194499782023343e+02
1.363820737965462797e+02
1.380417174060191314e+02
1.364264303047396822e+02
1.392750564227129360e+02
1.377351427608196275e+02
1.387973665437067723e+02
1.424541571077763251e+02
1.391256624157501278e+02
1.343961695721687022e+02
1.369736406584621307e+02
1.374489495328348028e+02
1.335752544994844300e+02
1.390645837766959687e+02
1.354290967440543909e+02
1.376436303691984619e+02
1.380715823986706141e+02
1.410962300301076482e+02
1.411160914198617320e+02
1.366665243480373704e+02
1.326825228398171248e+02
1.417862829640687892e+02
1.346064368124467592e+02
1.392541398972418563e+02
1.327816366018763574e+02
1.391044117489851146e+02
1.406053372764875462e+02
1.388055063936977263e+02
1.415057123724834582e+02
1.385253646623440034e+02
1.385644599255011826e+02
1.382462477060495587e+02
1.347947800684244157e+02
1.403017248917970505e+02
1.399793080707788135e+02
1.390450500375116860e+02
1.415814493509080876e+02
1.397307249604118340e+02
1.365863520327316962e+02
1.380663754485952950e+02
1.349384265200532980e+02
1.344673216709400378e+02
1.365342749280474948e+02
1.390893184814841561e+02
1.368049106147772989e+02
1.400645472990864846e+02
1.421466354472666467e+02
1.381712279472367300e+02
1.393294073515210414e+02
1.388760294118775391e+02
1.371414517852937252e+02
1.410894544356130780e+02
1.410385363226932327e+02
1.386200803070515803e+02
1.377952978463291061e+02
1.416662789019452191e+02
1.362632723262488241e+02
1.429616209010842454e+02
1.373996662988363937e+02
1.366479617791295595e+02
1.336237748041851034e+02
1.387268611153550637e+02
1.333260964624811038e+02
1.452324329374842193e+02
1.410204026977364435e+02
1.368326651313445836e+02
1.359225249783338541e+02
1.346122463693236853e+02
1.403435695352423522e+02
1.381221003315525024e+02
1.346631546597446061e+02
1.402661146135299362e+02
1.362729356437437502e+02
1.353213712818489682e+02
1.376739689860100384e+02
1.398074657896413555e+02
1.333091571029672480e+02
1.389991646523622819e+02
1.414238585995675521e+02
1.393504199003864414e+02
1.314678009499185123e+02
1.360361245110239565e+02
1.362138926584986223e+02
1.437902380795571560e+02
1.380952759438705186e+02
1.374453643448574098e+02
1.353803162638095614e+02
1.362524968425994700e+02
1.418090641297395393e+02
1.372491879733256042e+02
1.383478102951283404e+02
1.388382872675601334e+02
1.382884285757238274e+02
1.361210016139011998e+02
1.374798505670318320e+02
1.373609548916444965e+02
1.377006900393778608e+02
1.389476826789852453e+02
1.372226049100447369e+02
1.381016394505759308e+02
1.386764155202081952e+02
1.352091941157216013e+02
1.374556282251815844e+02
1.372598591716652265e+02
1.357940540669076483e+02
1.333191244879059525e+02
1.373930884269396131e+02
1.364768383877387805e+02
1.431060107216719359e+02
1.371017230488889993e+02
1.417153687937368431e+02
1.367587052297803325e+02
1.371244835586537079e+02
1.360391093288383786e+02
1.381450191330139887e+02
1.359707824437825820e+02
1.393687539103965776e+02
1.403728684568393987e+02
1.386149290089798285e+02
1.395686311215294779e+02
1.412334942639173221e+02
1.345148433627287829e+02
1.331430507065472284e+02
1.335875141808339777e+02
1.384956883864297481e+02
1.371528558726014921e+02
1.354072797539481030e+02
1.367985921731547307e+02
1.321330353221916880e+02
1.418425768150384272e+02
1.337978816055699838e+02
1.444067217998453145e+02
1.370923470008580409e+02
1.384505236800920898e+02
1.341509496108740223e+02
1.338889040338351322e+02
1.401765252193841604e+02
1.364190355209728125e+02
1.390888519574671989e+02
1.380097508674181768e+02
1.392763645877168699e+02
1.355523742654391413e+02
1.407231822881696246e+02
1.407270576317184805e+02
1.425734695050222740e+02
1.351599533536329716e+02
1.377924016806768179e+02
1.401377914796512982e+02
1.386107188503164878e+02
1.380422614849088916e+02
1.360155893612859757e+02
1.341159323942999322e+02
1.388896989996709976e+02
1.337823295933335999e+02
1.377575560482758590e+02
1.398169862048044649e+02
1.371211336832344898e+02
1.416004866292408337e+02
1.404484310580567694e+02
1.348636676407995196e+02
1.415378436346937860e+02
1.389567665982003462e+02
1.389924568299589680e+02
1.346619899929696658e+02
1.388386815743573948e+02
1.360632509441558398e+02
1.399374943832517602e+02
1.412760687830195252e+02
1.341025062702098580e+02
1.378507778822285275e+02
1.343847519748476600e+02
1.401225664767294461e+02
1.393309062911029343e+02
1.369286738797995326e+02
1.407172436869070964e+02
1.360812032637086588e+02
1.370124011852407477e+02
1.374174558626371834e+02
1.397063201181669285e+02
1.350900893045557041e+02
1.378568306082103732e+02
1.385442183181049529e+02
1.373600495518158482e+02
1.410013959750479273e+02
1.356217599760266239e+02
1.425554693071644863e+02
1.415516182920414110e+02
1.387943006643571948e+02
1.342600058575258402e+02
1.362893631527202274e+02
1.353580048601482986e+02
1.352126849777150426e+02
1.388673310636330598e+02
1.358363669060101699e+02
1.319612178869888908e+02
1.363455961819482525e+02
1.394898835436671902e+02
1.386189325718555949e+02
1.456840962795829171e+02
1.377169585267878915e+02
1.424376613481477705e+02
1.375913817573692484e+02
1.355613946110808001e+02
1.369330671231550127e+02
1.397567380320830921e+02
1.383771277613120674e+02
1.373593247641585151e+02
1.412335898346928218e+02
1.426851366805844634e+02
1.378021529073339764e+02
1.406351441519405228e+02
1.344805775213123979e+02
1.390369810032389921e+02
1.377501194940923597e+02
1.400148743645362117e+02
1.394347703153478335e+02
1.347521915506681580e+02
1.356517727948818788e+02
1.367196468770680156e+02
1.382488767877282783e+02
1.367786501040138205e+02
1.417297712862993251e+02
1.390430300621841013e+02
1.383808382431597295e+02
1.379293995320200850e+02
1.372554352394930959e+02
1.332991886028522401e+02
1.382031822888874331e+02
1.372139218191821612e+02
1.375595626642054867e+02
1.398589643852974405e+02
1.392855098157138514e+02
1.362685400885147828e+02
1.408570068574388756e+02
1.411282156270253552e+02
1.395712371646580721e+02
1.375938331209737839e+02
1.398301962554403985e+02
1.336209337001886865e+02
1.461057043668418771e+02
1.356625859866948076e+02
1.416724474477321678e+02
1.353827418810809036e+02
1.403723858775692008e+02
1.363652463671589032e+02
1.410258724733755571e+02
1.360374321784951519e+02
1.423036685397543977e+02
1.369648884410094922e+02
1.370131695861607000e+02
1.397401431087638173e+02
1.398111085077912890e+02
1.383846766208766041e+02
1.460231083954305973e+02
1.406904046148233078e+02
1.411368444073974899e+02
1.325878410461242254e+02
