1.073014658555432419e+02
1.058059359587949757e+02
1.067696011822419706e+02
1.074518849996735383e+02
1.053477811241312310e+02
1.071718817403412061e+02
1.057635500866090865e+02
1.035514113986171481e+02
1.045471340280125077e+02
1.026501964787874783e+02
1.059173387648547333e+02
1.033620697361272249e+02
1.063140885516833549e+02
1.070705416188421708e+02
1.069642120450329230e+02
1.065739059526294312e+02
1.039622048134125265e+02
1.042598584345336690e+02
1.051480767417048412e+02
1.067005014807487129e+02
1.056896481612820224e+02
1.048855820606089253e+02
1.073504906253861577e+02
1.063394434509962849e+02
1.072098599064674858e+02
1.057607296716786891e+02
1.082653106990062355e+02
1.077481814448085657e+02
1.035442466790505165e+02
1.089909714254618649e+02
1.057349432521684349e+02
1.076688425253599490e+02
1.054708247865830799e+02
1.050225829586134267e+02
1.048091032373198601e+02
1.058532632795853914e+02
1.030027547714685454e+02
1.051251390686186085e+02
1.056793836465110417e+02
1.041992084090184818e+02
1.034229973035466941e+02
1.060695326094694337e+02
1.045063208091212203e+02
1.083164234862851742e+02
1.066107428844169220e+02
1.037637633703968163e+02
1.079231257945579188e+02
1.048335897913433428e+02
1.029652163697948453e+02
1.046392745228842642e+02
1.054809822013252472e+02
1.071057098417433480e+02
1.080659341513277525e+02
1.052868862527269442e+02
1.083647650946432464e+02
1.036661829211319628e+02
1.077314843357926009e+02
1.060045077314861146e+02
1.063920284975587833e+02
1.078756460794536736e+02
1.067648753313221874e+02
1.059708299286898239e+02
1.052199832770426866e+02
1.036056028803754288e+02
1.094197374593840522e+02
1.071218977733605300e+02
1.066905067779257905e+02
1.057615866873521355e+02
1.078411075426663359e+02
1.070079810340601512e+02
1.056788899561552029e+02
1.085377116476878854e+02
1.045360278176429318e+02
1.051465863962634302e+02
1.071375038542816469e+02
1.071690091904083744e+02
1.040592337899740869e+02
1.061253376983893304e+02
1.076175018951916229e+02
1.079907059308675628e+02
1.044677946918457820e+02
1.035740070539523003e+02
1.080951787021770940e+02
1.053753817918108524e+02
1.092763166931355130e+02
1.057598859596039489e+02
1.078320576694555086e+02
1.076611355414005970e+02
1.058523828903551163e+02
1.052038693935618880e+02
1.043443250239039344e+02
1.075138944282402633e+02
1.036267864288107745e+02
1.098748151905970900e+02
1.066806430633469489e+02
1.092310495404222621e+02
1.045123981654772081e+02
1.039249473162078772e+02
1.089333812832453532e+02
1.044992738506992964e+02
1.029025661024649025e+02
1.056946000416701139e+02
1.049779853073773381e+02
1.054706233811090925e+02
1.025342112602894531e+02
1.037814029965049087e+02
1.045427554409572224e+02
1.028847472282994886e+02
1.070506915295037658e+02
1.085230413650162689e+02
1.071174403360821827e+02
1.061359723800489689e+02
1.077717936454619547e+02
1.078277813470089797e+02
1.069107009715100389e+02
1.044680318206509781e+02
1.078641362678593936e+02
1.043152883807751863e+02
1.071901667670359615e+02
1.052053662364078690e+02
1.052177610242272578e+02
1.039048807707718396e+02
1.038741430620922870e+02
1.051523501491560921e+02
1.058951744157669310e+02
1.048272715035465694e+02
1.052069126572395561e+02
1.059015844890363809e+02
1.070330187428417332e+02
1.030288837274210465e+02
1.061911436498922257e+02
1.095957502044514769e+02
1.088848152971781786e+02
1.059833848810901458e+02
1.050595520414169073e+02
1.052514122183317511e+02
1.063929625526273810e+02
1.042661966505246198e+02
1.046037200415362349e+02
1.056722590839350744e+02
1.087022351096857449e+02
1.047730749939997992e+02
1.045413943269926733e+02
1.060918017819168426e+02
1.071497980631429527e+02
1.065308996319673156e+02
1.066556433488232756e+02
1.060007927098253617e+02
1.052606380854320776e+02
1.077185726820225824e+02
1.049864321714914013e+02
1.080385864366873818e+02
1.099550160082440584e+02
1.051813761446213391e+02
1.077225323653816531e+02
1.070912064664470051e+02
1.055394333276026657e+02
1.052958514679775419e+02
1.062480249882889041e+02
1.067392310139915566e+02
1.067418537673103316e+02
1.052236552624109436e+02
1.025857523652347538e+02
1.068614345686584386e+02
1.058118892113283920e+02
1.052260764684727121e+02
1.069584926027972216e+02
1.069273703807427438e+02
1.043841820541826593e+02
1.079113422551633477e+02
1.076267288273774199e+02
1.063108505407655713e+02
1.077438771459694067e+02
1.041224342794960620e+02
1.068658033090123780e+02
1.072414286795319356e+02
1.038201416988613630e+02
1.054179371674791241e+02
1.038407146849641549e+02
1.070553087293656063e+02
1.065934759025682581e+02
1.089264240298301445e+02
1.081147080127265099e+02
1.033342260163882713e+02
1.074022280336047999e+02
1.048756134257230457e+02
1.056593294804463170e+02
1.059011638275692633e+02
1.079289398320471633e+02
1.070879065497605325e+02
1.056514569966170853e+02
1.068925074307113761e+02
1.078653533515570899e+02
1.056364303775949907e+02
1.074273761262957692e+02
1.030060054782941847e+02
1.073491779641159383e+02
1.069061769699506783e+02
1.067158960653401607e+02
1.077609811643883972e+02
1.045308527097318461e+02
1.044369954710860071e+02
1.054005596284979163e+02
1.047534883492657229e+02
1.039625983136843956e+02
1.074510512034970589e+02
1.077274813798776592e+02
1.053049874226945946e+02
1.085125717067400331e+02
1.050668071117433584e+02
1.066094779256618068e+02
1.057954450210673372e+02
1.051559062262783897e+02
1.038724291389620475e+02
1.067893836997886581e+02
1.085555129528009815e+02
1.042938725058335336e+02
1.047038205964104804e+02
1.069340617010330448e+02
1.087062420906070059e+02
1.078859175847801879e+02
1.067968134706495391e+02
1.056475598813961625e+02
1.052773512822461299e+02
1.041355495720770818e+02
1.054311763075574362e+02
1.069169865940224327e+02
1.063119862873445101e+02
1.045416805376410423e+02
1.060532887530846153e+02
1.082495530236569294e+02
1.074561610048974387e+02
1.053010229958826613e+02
1.066639209148355576e+02
1.064440915171018958e+02
1.033235654310162488e+02
1.084645641164423893e+02
1.041904525283474356e+02
1.060362000221206671e+02
1.087363499359149159e+02
1.069103172761482341e+02
1.056016381270912774e+02
1.047974714725844478e+02
1.035640497594720983e+02
1.051240955638332224e+02
1.042401833324356204e+02
1.062435395424006828e+02
1.046786968111721734e+02
1.058229296462374549e+02
1.074024363794765407e+02
1.057108634542476295e+02
1.042447064397279206e+02
1.052389024054870390e+02
1.063552491227796821e+02
1.071075296737616611e+02
1.072819328464645565e+02
1.053155683776038671e+02
1.075984564950585280e+02
1.039349971250054097e+02
1.067619995721582455e+02
1.059280465516137468e+02
1.068042709459308099e+02
1.047380828755202913e+02
1.027369432104559479e+02
1.014258533029980924e+02
1.082883267391795670e+02
1.062984269891866660e+02
1.039546754398967607e+02
1.067702837165714556e+02
1.044483190313972756e+02
1.054282367421154163e+02
1.094331389737240130e+02
1.052816632236756220e+02
1.074002300810402488e+02
1.086698811939080684e+02
1.064109207900664416e+02
1.069408120369708968e+02
1.058330581329006321e+02
1.051178753592188571e+02
1.058365749199809613e+02
1.048387543200895919e+02
1.039789385550751888e+02
1.060938414482778001e+02
1.052654453536411552e+02
1.048924568082683351e+02
1.026238598441804442e+02
1.043319160805861685e+02
1.052830321377103644e+02
1.065281531374580197e+02
1.056961324900230466e+02
1.094321443625427150e+02
1.062131763263581661e+02
1.061826522090965597e+02
1.025931439894942514e+02
1.078436037758942803e+02
1.060938234654512939e+02
1.049106759510234212e+02
1.058442051340800276e+02
1.059344426392294167e+02
1.041611690004390738e+02
1.069912300734259532e+02
1.067787467806678308e+02
1.052188422888511212e+02
1.092312468895203637e+02
1.066856787194918468e+02
1.042666962448176520e+02
1.041233585192583462e+02
1.077191124514891101e+02
1.074693591090120890e+02
1.043064936190289274e+02
1.038318271425975610e+02
1.057161875756035272e+02
1.048549835374115986e+02
1.039629652744499566e+02
1.044905730968220325e+02
1.041645757275683621e+02
1.051509497325349116e+02
1.032158734838870942e+02
1.050794642982948943e+02
1.050467546014503881e+02
1.046114529126234629e+02
1.054116508337005769e+02
1.083909103418355926e+02
1.045992396114779410e+02
1.081059279288435704e+02
1.051221720164809739e+02
1.067613066082702176e+02
1.055091250737570761e+02
1.066207799962238880e+02
1.025516139566087190e+02
1.040193587113982119e+02
1.073346965901854162e+02
1.042600674153295159e+02
1.058982687384377783e+02
1.062019517989023853e+02
1.066810807445900480e+02
1.063449603096047866e+02
1.050256243693191749e+02
1.049952428346500000e+02
1.077388063074988622e+02
1.061995926578699851e+02
1.053019583474377185e+02
1.068182662378811330e+02
1.080822222324484585e+02
1.089909069353125659e+02
1.038967674750172421e+02
1.067211360944435228e+02
1.091290775682148677e+02
1.063804599829244921e+02
1.075311408286397921e+02
1.081278745739670200e+02
1.049142290102215043e+02
1.051624688815070527e+02
1.065093183404372610e+02
1.073008204755167299e+02
1.034157498136492563e+02
1.106963243133546655e+02
1.058385174719877710e+02
1.036021403157678833e+02
1.085334364170636832e+02
1.046044772967291721e+02
1.078958207171426977e+02
1.049644049938088841e+02
1.044311971143259967e+02
1.066828621006117572e+02
1.085940037504901028e+02
1.082964442803305474e+02
1.067105741897147198e+02
1.072154950538774898e+02
1.053202849557236362e+02
1.072339635445382271e+02
1.063700532329665265e+02
1.050779714261806248e+02
1.070010109751877820e+02
1.084163812748777360e+02
1.052540355039276818e+02
1.068262765321098016e+02
1.077211428170090670e+02
1.069408108929789023e+02
1.068371817182689369e+02
1.042776156984469793e+02
1.065176093400068709e+02
1.062041026258816743e+02
1.065749465894373316e+02
1.050367647067122050e+02
1.040368744766608700e+02
1.105462914200250708e+02
1.068207729619077355e+02
1.056061533438726769e+02
1.074972480092035170e+02
1.081644516395416957e+02
1.072803555346231406e+02
1.082790924761441289e+02
1.058169759847554161e+02
1.024193163723148245e+02
1.062252888626914000e+02
1.060165090958605418e+02
1.034485028437800622e+02
1.053371543587542050e+02
1.037808721493719730e+02
1.069347590322313408e+02
1.063714353434848334e+02
1.076857965626461464e+02
1.058108271633876996e+02
1.083565420858830635e+02
1.075968613473326059e+02
1.077249611258605881e+02
1.034429936859715582e+02
1.053135596026914129e+02
1.049239063888111048e+02
1.073731800797446709e+02
1.044811352868233030e+02
1.080996018342194276e+02
1.082944145002146854e+02
1.051958844796262440e+02
1.059548047529156207e+02
1.060095646581589222e+02
1.059295730631932599e+02
1.052374353754248091e+02
1.045245751305042745e+02
1.082928037386579376e+02
1.100280904744870156e+02
1.061211895257226558e+02
1.053962817499324700e+02
1.061606568872524434e+02
1.035358786760595819e+02
1.039578009377698464e+02
1.063711595110473667e+02
1.082866664835865151e+02
1.093253217119097656e+02
1.069662988013201783e+02
1.044004776270449781e+02
1.042022075933340659e+02
1.078703694849075845e+02
1.080261910448416671e+02
1.075197828936326658e+02
1.073801516250399999e+02
1.035630726929855285e+02
1.070075625833252815e+02
1.081215662682462835e+02
1.052316046425108169e+02
1.054733321105710644e+02
1.040810583438290138e+02
1.060047328514037304e+02
1.066816955845232968e+02
1.051860135677611652e+02
1.063382324476427527e+02
1.055515345105427940e+02
1.079538640245121996e+02
1.086680739202576689e+02
1.049078424547286374e+02
1.052295397739521121e+02
1.062393907038677838e+02
1.038182963912623222e+02
1.060540611673699658e+02
1.044009663455995849e+02
1.073920995986348572e+02
1.060484034395286841e+02
1.068393270464398768e+02
1.046628881801802891e+02
1.051381850688472070e+02
1.048215694273607284e+02
1.057778009449984040e+02
1.044560523790662501e+02
1.064714818630163506e+02
1.062534384352074142e+02
1.044541241436906915e+02
1.028880626358602228e+02
1.045840003380736647e+02
1.029516831213060613e+02
1.054859648334763165e+02
1.059397496756957651e+02
1.037127913196008109e+02
1.079903185223777058e+02
1.067865445291005528e+02
1.060137106596303340e+02
1.096297504129324523e+02
1.057297111000292631e+02
1.072390583981625696e+02
1.046545702323933966e+02
1.062338515191863308e+02
1.075344417048491863e+02
1.078805767225277208e+02
1.046043968946002281e+02
1.094173924479945583e+02
1.076935759670430031e+02
1.049387030523422908e+02
1.036265451661385839e+02
1.059370363414741831e+02
1.036896054433913861e+02
1.044156068090874641e+02
1.070453807451222872e+02
1.073199721848458239e+02
1.049278102995435233e+02
1.071912076679991799e+02
1.075451890618707722e+02
1.075628695359484084e+02
1.067953706518106998e+02
1.045847263332056230e+02
1.050398575751127339e+02
1.062629511253734762e+02
1.040829122268037565e+02
1.066831706467221892e+02
1.078326182907738655e+02
1.033138800170987111e+02
1.061190058375660925e+02
1.058094455785795276e+02
1.068600972639118822e+02
1.071056200884671625e+02
1.094923058268019247e+02
1.052492511217413096e+02
1.057027321624191956e+02
1.080584493471737488e+02
1.059642447647825207e+02
1.086011791802709183e+02
1.072815238143254817e+02
1.070099175143506756e+02
1.058791903505771330e+02
1.088386620924525232e+02
1.048937744908982523e+02
1.071044169706437685e+02
1.048046358526046191e+02
1.075211231103385359e+02
1.069026637446715000e+02
1.057281592651330584e+02
1.068543670354054314e+02
1.055489223274370261e+02
1.081857196119746192e+02
1.053249172728180838e+02
1.027663517740379007e+02
1.091927900077213280e+02
1.067280213074897688e+02
1.056674316178929729e+02
1.082236450904086951e+02
1.029323169879832847e+02
1.063523998545995681e+02
1.068611391336499850e+02
1.084463470379742205e+02
1.071463342271319164e+02
1.051491485113491819e+02
1.071902075918940795e+02
1.067960662692609048e+02
1.052471437336331945e+02
1.080815342428799681e+02
1.090955303327961445e+02
1.072162764168027564e+02
1.090690897038668936e+02
1.068647457851220395e+02
1.059105490059533992e+02
1.053092146288710893e+02
1.068749837955007678e+02
1.063009815688204327e+02
1.071778072903228889e+02
1.079492076306530208e+02
1.058790416269568908e+02
1.074536459685536869e+02
1.083849895348331813e+02
1.077326474733970088e+02
1.052276034031083327e+02
1.046091389684442703e+02
1.060533044659092212e+02
1.028640921434262196e+02
1.077588100866568368e+02
1.054752124039886780e+02
1.045506934425569057e+02
1.019938956815386319e+02
1.083859779273269055e+02
1.051507091384031156e+02
1.070607312842249996e+02
1.047653011707143662e+02
1.046213527855993703e+02
1.076686838565960755e+02
1.079590445830964569e+02
1.076282599604770809e+02
1.048459740197442613e+02
1.037838973297001246e+02
1.063256515902835986e+02
1.044858621831279919e+02
1.072506936927856174e+02
1.036678582161280815e+02
1.087882233087894264e+02
1.074997973097826787e+02
1.057199057838621030e+02
1.084668591038374359e+02
1.073383796511687649e+02
1.031342463848336592e+02
1.082640447346784072e+02
1.087571300359465596e+02
1.043615673999863276e+02
1.071873320203258544e+02
1.074957505543527390e+02
1.053273812517260524e+02
1.041168437783443608e+02
1.064397707197208263e+02
1.086540072083614490e+02
1.032477086741027108e+02
1.061536666452719118e+02
1.031831049638660147e+02
1.085371135366129209e+02
1.051887995064134458e+02
1.075459936551081910e+02
1.079536675059575970e+02
1.076125026349835423e+02
1.052824515027379704e+02
1.084318088292485527e+02
1.059965276437153250e+02
1.089146554856042144e+02
1.074542504863012340e+02
1.055919657616040013e+02
1.048659692108764574e+02
1.086561540415505505e+02
1.082834955677102471e+02
1.046245451074041597e+02
1.062589659374186368e+02
1.067400639423578497e+02
1.079642048576722857e+02
1.054987422610432475e+02
1.046029900662065018e+02
1.069969760299570680e+02
1.054725537165502800e+02
1.056171258628661889e+02
1.036280954262881409e+02
1.063341749866149826e+02
1.041771643825753557e+02
1.031370626434595152e+02
1.033172482773249925e+02
1.068612265880211396e+02
1.042973437033116539e+02
1.070187789280104482e+02
1.047936933441545619e+02
1.042876101238552025e+02
1.042261837450753177e+02
1.047420156660915325e+02
1.078518853973731808e+02
1.035814185599121373e+02
1.084049979030726831e+02
1.052426050397843085e+02
1.059421752337097331e+02
1.047817813471953343e+02
1.058930024347786798e+02
1.074702496151869298e+02
1.050557758581912964e+02
1.050457791775546497e+02
1.054964664237527217e+02
1.060132181179880462e+02
1.051253213215111089e+02
1.057214289430118725e+02
1.053345478239999551e+02
1.071506169368285413e+02
1.072724149952883863e+02
1.045162118988644693e+02
1.066043464076362426e+02
1.074060096782730085e+02
1.052868121638917955e+02
1.057415539037978078e+02
1.076669101760496687e+02
1.067985381427273950e+02
1.061174063221094030e+02
1.055459516949083252e+02
1.028162019389087760e+02
1.051210768147848285e+02
1.068466901912770766e+02
1.076330022266018318e+02
1.059006761559632821e+02
1.057671094094203283e+02
1.079240423264824216e+02
1.046402205107364267e+02
1.074944538596361667e+02
1.058884805846501109e+02
1.081173679630257709e+02
1.038139161392057730e+02
1.069001697213320483e+02
1.048635658177220620e+02
1.053268571115315950e+02
1.054579347991431746e+02
1.059532569275265672e+02
1.028609662256992010e+02
1.062354050414955395e+02
1.072135550263584349e+02
1.071802886617962542e+02
1.086006078814692017e+02
1.087298455131898578e+02
1.052071526213685928e+02
1.054699261335311604e+02
1.081127869745570251e+02
1.080513151267012120e+02
1.060378955675715815e+02
1.056902813808361401e+02
1.055838727693120234e+02
1.060295624220016464e+02
1.052660878611613100e+02
1.074470488637513910e+02
1.060393612288280849e+02
1.076705217610195007e+02
1.070647172694133502e+02
1.055570522528064714e+02
1.075882715881985092e+02
1.082052845782479125e+02
1.058561138854222321e+02
1.055635245021612576e+02
1.060877306307292400e+02
1.061519126070282937e+02
1.038354476400767510e+02
1.054574008489843777e+02
1.048343119648678652e+02
1.058557630257279101e+02
1.071094601010797476e+02
1.066325557269147453e+02
1.076520168110737359e+02
1.056178328129232113e+02
1.071652718086438654e+02
1.044293025037202796e+02
1.062470546584646343e+02
1.059574088907679652e+02
1.047199610150941993e+02
1.065643903384491153e+02
1.022567379361520068e+02
1.055381839529655394e+02
1.052743320910488052e+02
1.059274471716160093e+02
1.078442289792514686e+02
1.066736640833633203e+02
1.049783157084453933e+02
1.075743500280806444e+02
1.066190662063242627e+02
1.056768536321077789e+02
1.049748427772784538e+02
1.057551158936677780e+02
1.054732538617742819e+02
1.042335748616029178e+02
1.063196926176329526e+02
1.063018108515945670e+02
1.058318620812068218e+02
1.036309833996856042e+02
1.052824633983903340e+02
1.047886098683431015e+02
1.053806841080472481e+02
1.065366857289936320e+02
1.003741845944504547e+02
1.059160966017177969e+02
1.076185260146939697e+02
1.060141060548447882e+02
1.040814048758836066e+02
1.050899785914952673e+02
1.071582787993896346e+02
1.029533000214666316e+02
1.073649124522956981e+02
1.067133030847529227e+02
1.066433196696014534e+02
1.061619242314060187e+02
1.076022409086156699e+02
1.073767125712930266e+02
1.076204799703724717e+02
1.070616432315939903e+02
1.053324506927052795e+02
1.061077426918422333e+02
1.054321449330539480e+02
1.078871057934796056e+02
1.033613709614314615e+02
1.060830431474352764e+02
1.068570213708537864e+02
1.071064434115242108e+02
1.097523202133600506e+02
1.079013218295645800e+02
1.039930061586494787e+02
1.069843059315540614e+02
1.064523627964739632e+02
1.048802328698244963e+02
1.090259689738585394e+02
1.053206925975248538e+02
1.053135235676498098e+02
1.055705931380796301e+02
1.032811471087575654e+02
1.078740504926920920e+02
1.072360298074588059e+02
1.056230088116233077e+02
1.063179556119774389e+02
1.054250296402089049e+02
1.030075584527090058e+02
1.063319988019989069e+02
1.065503642998952074e+02
1.052452012623807178e+02
1.067858362420387408e+02
1.067821310032585842e+02
1.062222988164798494e+02
1.056140027031003257e+02
1.037433628044100544e+02
1.053201992153157391e+02
1.075541379528440302e+02
1.070129592378747674e+02
1.058508788215455354e+02
1.072090828126103474e+02
1.072992639329319502e+02
1.058743868373180561e+02
1.056117896137043601e+02
1.060212872875962091e+02
1.097715240789415532e+02
1.061023594729211794e+02
1.041748993719230612e+02
1.025752600762543238e+02
1.057518777414379798e+02
1.055989088388904946e+02
1.089865247137256858e+02
1.070305558581659682e+02
1.056971051523240703e+02
1.076930022883665998e+02
1.071016772752293633e+02
1.049130253341954528e+02
1.053477702776085181e+02
1.062550326322395478e+02
1.096105565556919998e+02
1.046706501593805001e+02
1.041364643112438415e+02
1.072916077082282129e+02
1.069608193367666473e+02
1.028952429913718021e+02
1.069312539150064936e+02
1.049905527538956989e+02
1.058528703359240239e+02
1.066473958929868786e+02
1.054534147859096151e+02
1.057718644524396439e+02
1.061715054481762337e+02
1.068286753118578503e+02
1.056374553318613891e+02
1.054913430368470415e+02
1.073026146398663059e+02
1.047365423090530356e+02
1.028747492319160983e+02
1.051788879994331438e+02
1.024474778401218629e+02
1.074453977478517857e+02
1.079174011140868430e+02
1.063611293195633465e+02
1.036983946201794424e+02
1.032924322871652407e+02
1.062126523585026234e+02
1.055821685295353660e+02
1.058169174246120576e+02
1.060384197698042357e+02
1.045744727487083594e+02
1.051139787513677675e+02
1.112002101938826115e+02
1.066749507701943998e+02
1.052409500691396005e+02
1.059915231323985410e+02
1.074080907461786580e+02
1.088688513044632060e+02
1.079384235774663381e+02
1.055324652827874417e+02
1.061235382384881234e+02
1.052785706799125478e+02
1.061353450498615416e+02
1.068757453880172505e+02
1.044532410507722204e+02
1.031519529625235805e+02
1.076328616338604718e+02
1.058031373827358124e+02
1.079480544872609613e+02
1.067683761602023225e+02
1.093337479432920532e+02
1.017007933888759368e+02
1.083409006980626685e+02
1.050542257802247832e+02
1.059469332430778081e+02
1.071433735315295053e+02
1.060281497411132960e+02
1.081257447609654463e+02
1.079892254118171167e+02
1.073299737023394158e+02
1.058812619362490466e+02
1.065318569399387201e+02
1.047484394303198627e+02
1.058533941442618698e+02
1.055204946686687606e+02
1.046319435427427464e+02
1.050362628565517298e+02
1.069719877497486920e+02
1.058401904719407298e+02
1.033633780830651006e+02
1.062841264905506193e+02
1.082621923233027843e+02
1.040796452014872813e+02
1.070779248971471134e+02
1.064095849295900678e+02
1.079431145261085874e+02
1.049046647515859121e+02
1.040674983548342709e+02
1.011485062187955322e+02
1.044537409527229954e+02
1.046437143142072443e+02
1.054241712031465141e+02
1.065538449578174038e+02
1.073352689327170708e+02
1.060363670224393644e+02
1.061481237550416665e+02
1.050077020307026174e+02
1.071736616091551184e+02
1.079865484618902940e+02
1.064007144080811429e+02
1.039612316260139693e+02
1.059523913699922559e+02
1.063015795644511030e+02
1.081780092215915658e+02
1.079140623157101544e+02
1.092499947232766857e+02
1.067747633667309799e+02
1.060096828634279404e+02
1.067406144766404168e+02
1.064281486502426048e+02
1.066785619700077490e+02
1.057958832334680039e+02
1.070045179515034022e+02
1.103237655215064308e+02
1.099864314485562744e+02
1.042228615483449801e+02
1.072326990270662463e+02
1.047594993221981952e+02
1.055223427348936838e+02
1.055628025989764609e+02
1.064542572599403911e+02
1.031844408422153663e+02
1.048238957719525501e+02
1.053336201899684710e+02
1.063197854938266431e+02
1.069523147100283325e+02
1.040452408347864548e+02
1.041194243792629663e+02
1.058502249554141912e+02
1.046893427104356391e+02
1.061868960165871130e+02
1.030705000465301566e+02
1.054367459170302084e+02
1.095485206278618620e+02
1.060185852667506339e+02
1.046671339184864564e+02
1.064402174755747978e+02
1.072092504587921553e+02
1.062510973841729083e+02
1.044625618041359871e+02
1.059145902185610453e+02
1.072711007368065452e+02
1.033933435825943121e+02
1.080050414604259856e+02
1.067757302584681725e+02
1.096984623850462839e+02
1.102342670612125346e+02
1.031389014964749435e+02
1.074232318842240943e+02
1.056077325017222819e+02
1.034501154089515467e+02
1.059559405247784554e+02
1.056037134817149905e+02
1.049580298127574025e+02
1.060248860623285196e+02
1.050995618612350029e+02
1.046122981870888964e+02
1.075741016289500038e+02
1.071015147436256854e+02
1.062488975447405721e+02
1.082631645944420171e+02
1.038969354105339562e+02
1.080364054493145574e+02
1.060703619553765833e+02
1.046079531737345150e+02
1.073388337584065368e+02
1.055463989760129238e+02
1.073167256068249884e+02
1.072278643255655055e+02
1.071160066323597420e+02
1.074091314343821182e+02
1.077771754699774505e+02
1.060765227305685841e+02
1.049899799121254205e+02
1.043236859035049235e+02
1.076147609456031802e+02
1.057296927112041658e+02
1.070180885169083922e+02
1.068388727245818899e+02
1.080221202965290388e+02
1.063462719316742806e+02
1.084358375367411611e+02
1.065300089057941193e+02
1.011607933172042664e+02
1.051438491956972854e+02
1.066383929278888303e+02
1.048826990865995299e+02
1.070852180448289204e+02
1.086158816069056314e+02
1.066182070027551845e+02
1.083341403219675527e+02
1.074319727946869847e+02
1.062448909915792115e+02
1.056887145700453772e+02
1.044896060262779969e+02
1.031924369565320347e+02
1.040538910358009730e+02
1.079024129523814111e+02
1.044109234286239456e+02
1.048002624487737648e+02
