6.738082915071767331e+01
6.976235227210185030e+01
6.947451185323504319e+01
6.642016711082592906e+01
6.814675626621016136e+01
6.863312884112542633e+01
7.118295159050558141e+01
6.682376733239020439e+01
6.620180223840654321e+01
6.745519834240712953e+01
7.120325972220221900e+01
6.975566794535967574e+01
6.929112068649958189e+01
6.896946024174494028e+01
7.034445586987220622e+01
6.894306536135233898e+01
6.794350188917442779e+01
6.840551941920263346e+01
6.776302023022306287e+01
7.024033982188713310e+01
7.048319899152366474e+01
7.092026193622209007e+01
6.892458175500726725e+01
6.931886467991529344e+01
6.959066122369613083e+01
6.735566946503810470e+01
6.671292250059185847e+01
6.640440426280507324e+01
6.683903890175723461e+01
6.738684875609534686e+01
6.933905016125594045e+01
7.077986304234480031e+01
6.982868704381371572e+01
6.985406476453685798e+01
6.887307874314004152e+01
6.972424100129973112e+01
6.792511874455645682e+01
7.133874934465380591e+01
7.090602808785982347e+01
6.688152798734343207e+01
7.121482604628334911e+01
6.946002550219635907e+01
7.284133274134332225e+01
6.950771985781092610e+01
7.086749051346477302e+01
7.094481696433317097e+01
7.003938421333756992e+01
7.073496020406695095e+01
7.155038488654516016e+01
7.018672539571328173e+01
7.087620427123472666e+01
6.577228178192913788e+01
7.001493203813275557e+01
6.874489766478481556e+01
6.860727801895146172e+01
6.952910097499227504e+01
7.214828571403299406e+01
6.954750063955714268e+01
6.894466672525715012e+01
6.619800412606167583e+01
6.891172024670663632e+01
6.902447560560844408e+01
6.725177129853771874e+01
6.927143466554207407e+01
6.835391630681230879e+01
6.927940568598181414e+01
6.742210431498907042e+01
6.853781230935713609e+01
6.673658906089042375e+01
6.856119159255227657e+01
6.767020508828406378e+01
6.623532841805219107e+01
6.861556099232252848e+01
6.640796645733675518e+01
6.873917939409832911e+01
6.733685798435537606e+01
7.050242657773098642e+01
6.711623227517982571e+01
6.836473778094823217e+01
6.969819008469426080e+01
6.769809724726989941e+01
7.033665460069265407e+01
6.742486002684049140e+01
7.010615449694898871e+01
6.850208740506059257e+01
7.124871852105169978e+01
7.039990093556802719e+01
6.853653443348584062e+01
6.946912301889086905e+01
6.848400135769793451e+01
6.936167813447633534e+01
6.865028327291368271e+01
6.911231210962752414e+01
6.977909660489987687e+01
6.895627767620129589e+01
6.805502541989957876e+01
6.943973581740458201e+01
6.793130027242811764e+01
7.169409874666072824e+01
6.971865296071520390e+01
7.100166953880170695e+01
6.927170397566628424e+01
7.073674433110028303e+01
6.898299291769144759e+01
7.044062703132314596e+01
6.954573917219585155e+01
6.850697601459621922e+01
7.106447897007410575e+01
7.021542897322260046e+01
6.765120436472713550e+01
6.879530918895589764e+01
6.713583840512220036e+01
6.729430677932127480e+01
6.992372966960871850e+01
6.774400150169124402e+01
6.934349684498575073e+01
7.069964353651859312e+01
6.730918015104606411e+01
6.967500219502650793e+01
6.891210528746000819e+01
7.005391481587798808e+01
7.291541550360670954e+01
6.929700055043910822e+01
6.768335833470067087e+01
6.895254578870115836e+01
6.648223357936264222e+01
6.836032411977924994e+01
6.746218503316153203e+01
7.110518954308238904e+01
6.817012236393456703e+01
6.818812823629605191e+01
6.894099448075075998e+01
6.838586474469519771e+01
6.734689732050068756e+01
6.785335868339726062e+01
6.918906299008241945e+01
6.981008918257302298e+01
7.058093374025699518e+01
6.983421211628578362e+01
6.795093124107174276e+01
6.944704502565187454e+01
6.913547096215009446e+01
7.098089386605506945e+01
6.865805256992578620e+01
7.115852714091151654e+01
7.083980856362641987e+01
6.846534533655113819e+01
6.809886958975764060e+01
7.001852473621026718e+01
6.815728437957116626e+01
7.066168927608305239e+01
7.135767407322984468e+01
6.830276597198597699e+01
6.935801294639520620e+01
6.858444640262520409e+01
7.047107858220238086e+01
6.912868328732038492e+01
6.645149887174363812e+01
6.898293521217593138e+01
6.889822869529962190e+01
7.115360161570956166e+01
6.912841115835736616e+01
7.015271355080794535e+01
6.945990990299985413e+01
6.995255268617059130e+01
6.910997539478950102e+01
6.868862662616146508e+01
6.941879709429535694e+01
6.953746646819966770e+01
6.826592900602898339e+01
6.979677533797918443e+01
6.927895375902586750e+01
6.962071398223217500e+01
7.051983776091259415e+01
7.119507836092476794e+01
6.863894747837294119e+01
6.623714335560501354e+01
7.025598650947431167e+01
6.490648825132032584e+01
6.916347340090199225e+01
6.987980353484249463e+01
6.790996894712301923e+01
6.797348463520252437e+01
7.108090349264278984e+01
6.924458567956372690e+01
6.973458954651906083e+01
6.671113661878121093e+01
6.821089738577568085e+01
6.542086606651004388e+01
6.913225673626436674e+01
6.623822527932273374e+01
7.008587550691252943e+01
6.965477442689353893e+01
6.743125502704734231e+01
6.788781377792052751e+01
6.721271626155542833e+01
6.980386777235838736e+01
6.886129026130612374e+01
6.823959458844989001e+01
6.853636384988034536e+01
6.699314486712387406e+01
6.688951175227252577e+01
6.845833943445700243e+01
6.863630320591381917e+01
7.058744237835205126e+01
6.958676802659266514e+01
6.824452547147902237e+01
6.946872704054875669e+01
6.543352457228475316e+01
7.144496216780180475e+01
6.917596627221647054e+01
6.923921114630645945e+01
7.039032821371843340e+01
6.703960300447870679e+01
7.126223210221901638e+01
6.730973620971465721e+01
6.890519545740436058e+01
6.838164997138446211e+01
6.897645787438239040e+01
6.705471409126936067e+01
6.924250387745968283e+01
6.551897325008954454e+01
6.817056074199744842e+01
7.213700297251644145e+01
7.022654690761103780e+01
6.783710074119314015e+01
6.961664164455045523e+01
7.147238289795892285e+01
6.712215349022116584e+01
7.055234204419055288e+01
7.117233062349197326e+01
6.849721511198983137e+01
7.172431960937635154e+01
6.891615660749121730e+01
6.954611796206803831e+01
6.683624500728845419e+01
6.937298216596416012e+01
6.744999671049767187e+01
6.646226508947094658e+01
6.913143660749142327e+01
7.018546834969929193e+01
6.832849700842319862e+01
7.043831624440758787e+01
6.916346891499067340e+01
6.971263316493183027e+01
7.100108629056893506e+01
6.611107812129357342e+01
6.900014326893267480e+01
6.985314992073109863e+01
7.211082837320283545e+01
6.845482662938493945e+01
6.822863151459320363e+01
7.121780575472038777e+01
6.936758957276357762e+01
6.953998829714085161e+01
6.819679901019655688e+01
7.038362221409008157e+01
7.046678882512175335e+01
6.712894810030944370e+01
6.761881880631949571e+01
6.851906034648591515e+01
6.921377882055101338e+01
6.767354659648354698e+01
7.179854874966352440e+01
7.002818254849675839e+01
6.916681906474538266e+01
7.169563043404225766e+01
6.977772207501908497e+01
6.818331822701883027e+01
6.999402879152481205e+01
6.661190001839638342e+01
6.787508839580081599e+01
6.855465988042355718e+01
6.653167305531728459e+01
6.815491989967296149e+01
6.988565247756513088e+01
6.850472407926997676e+01
6.992684993172336760e+01
6.967918989930878126e+01
6.800675964000264173e+01
7.078565704970218064e+01
6.844918407293511109e+01
7.083325853079102785e+01
6.874641764627416762e+01
7.144087299587535256e+01
6.970257005046647691e+01
6.656141384099545633e+01
6.872401551080760385e+01
6.700552887862728824e+01
6.902908749772267072e+01
6.750910534127422125e+01
7.140720692359589350e+01
7.115456717512742557e+01
6.797135940857916125e+01
6.827963929002909538e+01
6.739528634109370842e+01
6.888154200790289394e+01
6.747151103369142788e+01
6.896142424992515885e+01
6.642867800624154029e+01
7.322301658286649229e+01
6.774915418116263766e+01
6.857507642538851655e+01
6.996147243697309648e+01
6.862165112881862683e+01
6.685207544600552865e+01
7.119917899616011425e+01
6.880882371458197611e+01
6.981277675510374081e+01
7.119868560198631258e+01
6.962359417247007798e+01
6.813294458021010769e+01
6.590975554067023268e+01
6.691180686528181809e+01
6.934466250119498909e+01
6.798874262251210610e+01
6.947614700973711876e+01
6.829599617313320437e+01
6.883244980087246745e+01
6.670976012602302774e+01
6.693529886232373372e+01
6.677343177471902891e+01
6.583179009683601635e+01
6.960195937718273740e+01
6.703689743464407513e+01
6.932678776662507403e+01
6.795830602979891921e+01
7.066188046060128158e+01
6.862128789782548210e+01
6.701268639402508143e+01
7.014914027290602405e+01
6.768969780647960022e+01
6.994336951155850102e+01
6.765639406135167633e+01
6.900651276168713366e+01
6.971490682151295459e+01
6.830080527479486818e+01
6.997399297403343610e+01
6.883991142606691938e+01
6.929816380250856866e+01
6.819736388291529749e+01
6.950756930326286920e+01
6.911592301982717856e+01
7.062259250052498771e+01
7.078252284918409032e+01
6.867525038283410765e+01
6.755955470034557209e+01
6.816585229456471495e+01
6.662734110514114150e+01
6.777906353751596669e+01
6.769362694988460305e+01
6.834942993979497317e+01
6.803832498422681851e+01
6.757351393529364714e+01
6.781493838841944921e+01
7.040778322001574452e+01
6.992618109480540056e+01
6.918331069225759222e+01
6.800171857961369426e+01
6.664236075327339393e+01
6.993166928568227547e+01
6.958918914549514056e+01
6.943883748894323560e+01
6.819598569513604502e+01
6.774348852920905983e+01
7.051056689336260774e+01
6.835458520159993157e+01
6.843202084663890616e+01
6.572180994476802596e+01
6.767218806173204371e+01
6.673311727128485416e+01
6.665257236581970801e+01
7.049271210494738682e+01
6.691765278074733203e+01
6.846190295665624603e+01
6.884916813771397415e+01
6.670881857069699095e+01
6.638202451678067462e+01
7.103917560107382201e+01
6.860909255848501687e+01
6.897002436539000314e+01
7.018485806432154561e+01
6.630734554447138862e+01
6.850670743709110866e+01
6.973452124229591220e+01
7.086398869185178739e+01
6.873288944231009623e+01
6.802576428208773507e+01
6.956853544703872672e+01
6.729358367183755263e+01
6.860763155954225567e+01
6.720993292332526892e+01
6.750858837174793337e+01
7.163999220193592521e+01
7.090150650991495240e+01
7.013150429454785240e+01
6.822915658712635434e+01
7.001132560774097158e+01
6.955595878502525409e+01
6.737285364644905883e+01
6.964201032453735252e+01
7.044680861210325418e+01
6.863683936671311869e+01
6.881859762407594872e+01
6.926771923011000354e+01
6.811942906026635569e+01
6.865745370823634630e+01
6.796927948361505400e+01
7.055539407564691601e+01
7.088501756815077215e+01
7.126286366723982724e+01
6.940092467264160803e+01
7.210242473943772268e+01
6.854880688890933982e+01
6.978128297266378866e+01
6.538122718244704856e+01
6.987575303661890302e+01
6.730448545546391870e+01
6.646458431703649694e+01
6.702903076102839464e+01
6.845159356059586742e+01
6.930406569476387801e+01
6.866595998595963124e+01
6.726806660281424399e+01
7.047705644865526153e+01
6.991009016632145290e+01
6.957618074832248567e+01
6.649177271468383310e+01
6.801354563560238375e+01
7.008095114149750771e+01
6.895456000419777354e+01
6.764534687675723035e+01
6.911500293319043919e+01
6.861643997056130218e+01
6.691441538959414004e+01
6.763991922087048181e+01
6.970471532738643816e+01
6.740803393709411750e+01
6.947807771292163181e+01
6.786512952758171480e+01
7.125823775294176698e+01
6.956488499988917340e+01
6.825795828008635624e+01
6.745446172435910626e+01
7.030420973201670165e+01
6.836821794912221151e+01
6.787264475330506741e+01
6.854944545670616662e+01
6.863717413280664914e+01
6.847811505742683380e+01
6.884349635310299220e+01
6.904438274660410002e+01
6.748626893637809587e+01
6.957172937737428242e+01
6.951468634981915784e+01
6.831442543357954378e+01
7.295281017347517150e+01
7.061038145327486859e+01
6.689687776298814015e+01
6.896250503655441833e+01
7.016022792088671167e+01
6.903649831676003146e+01
6.852570380200357647e+01
6.861187589618607774e+01
6.773691018708149159e+01
6.902611044679535723e+01
6.697632567345846155e+01
7.028402397526012635e+01
6.789281858724352503e+01
6.965538385260622078e+01
6.720924324714296461e+01
6.977173583249219746e+01
6.898856315331578060e+01
6.905168393223476642e+01
6.840113255771326806e+01
7.082408890239435095e+01
6.932167267970547186e+01
6.756112072685323255e+01
6.512232736013812939e+01
7.066377694719963642e+01
6.831963523913130132e+01
6.904762292232665288e+01
6.784890873365375796e+01
6.808794365278960470e+01
6.836117075990405567e+01
7.073637974678955231e+01
6.955736446479167512e+01
6.793923718029495262e+01
6.988029540948549823e+01
7.069266460958020559e+01
7.026916566300570821e+01
6.891299493574875612e+01
6.751102717174160261e+01
6.857180672736038218e+01
6.929746270356542936e+01
6.775607552615798568e+01
7.101172076420252210e+01
6.832741423368135258e+01
6.863359118320467189e+01
6.860134181612924920e+01
7.030069152762538920e+01
6.954940300665617769e+01
7.057717686053295836e+01
6.881024025579624492e+01
7.208360360683482781e+01
6.948993878324515094e+01
7.127362338647328954e+01
6.726355120883880545e+01
6.707833310907962243e+01
6.872856823972088591e+01
6.951839811673801250e+01
6.892902831432490984e+01
7.064793563750512817e+01
7.157198614666393155e+01
6.875201548943056196e+01
6.861395595140781722e+01
6.938779468615241797e+01
6.728348836186499682e+01
6.881543418563497028e+01
7.139141995640572702e+01
6.686101923936220714e+01
6.884157074007467259e+01
6.663234322648779084e+01
6.975527208980635407e+01
6.918919867883342079e+01
6.725401851502378747e+01
6.870452524079695422e+01
6.577523711008230123e+01
7.004482350205252317e+01
6.757199575111116019e+01
6.936159739514664579e+01
6.652344157009426340e+01
6.909376813420908547e+01
6.696585268200504970e+01
6.653648626802967669e+01
6.913255844576586640e+01
7.097484686183264557e+01
6.790496125784628134e+01
6.788304082037966225e+01
6.890002310567680865e+01
6.706787597031605230e+01
6.856620952751670472e+01
7.002218160757740861e+01
6.920008618996051553e+01
6.768550697997910959e+01
7.083553439914349781e+01
7.000171418604706730e+01
6.848821058463460076e+01
6.756985422376686756e+01
6.685824192446459335e+01
6.865167824166607602e+01
6.860862313374644827e+01
6.899041233213843327e+01
6.976315896850648812e+01
7.126735891772835885e+01
6.914738081183220686e+01
6.927604354454402369e+01
6.857062664160312693e+01
6.804355255971991312e+01
7.076890344686991341e+01
7.022326573555795903e+01
6.641078905552056710e+01
6.914974894416106110e+01
6.894662098906422898e+01
6.824500207565441201e+01
6.737969068843604248e+01
6.926845250438890389e+01
6.933600828305229413e+01
6.703266914329218196e+01
6.749465527394472986e+01
6.935944607792940531e+01
6.654032942333788014e+01
6.750203230518931719e+01
6.896892486368749076e+01
6.907521555748974151e+01
6.907320446649330847e+01
7.017001326102341352e+01
6.777612770499474948e+01
6.687899712768114568e+01
6.931079244134254225e+01
7.076403026029399257e+01
6.704535760768089858e+01
6.887497504976400364e+01
6.999445562866445414e+01
6.914814957534559881e+01
6.872507138852625985e+01
6.878641468478723198e+01
6.867338475643258278e+01
6.804396898375553349e+01
6.690591478756867616e+01
6.911241793370882647e+01
6.761750327467677835e+01
7.044100784591205411e+01
6.864445399513061830e+01
6.819511493470665187e+01
6.759147239264943607e+01
7.013145572342970979e+01
7.117096021098190306e+01
7.027658692679106878e+01
6.839715077497154994e+01
6.906799893894009301e+01
6.767206317141240390e+01
6.732979968914729341e+01
6.848268638919633133e+01
6.887332192510839945e+01
6.805211246318094709e+01
6.854604079588149546e+01
7.100867211720149896e+01
6.763783352709359065e+01
7.041194428842339903e+01
6.894070986386996935e+01
6.934083302788585002e+01
6.966710541356950159e+01
6.924650038839465083e+01
6.863987753840781636e+01
6.819335712125877080e+01
6.996833898388669581e+01
6.720062620517494167e+01
6.958365382010876488e+01
6.799872554050209317e+01
6.887102173334290001e+01
7.095455489267618532e+01
6.924573432957849661e+01
7.051663515375739166e+01
6.694471416522270601e+01
6.916725362130448218e+01
6.661828025585852231e+01
7.081406026542082088e+01
6.844124380095512095e+01
6.774713535486314697e+01
6.791539652471639954e+01
6.648138184269927820e+01
6.843454129846637102e+01
7.109840650143716800e+01
6.681003284211175242e+01
6.903487420891981685e+01
6.754633487383783574e+01
6.895320648086131143e+01
6.666492849485182148e+01
6.769175120965222447e+01
7.055038974266341256e+01
6.997655883921672171e+01
6.472822218275993578e+01
7.075810639375755784e+01
6.988073861683594146e+01
6.744159957205864941e+01
6.878869171171929509e+01
6.462963961624771514e+01
6.896409402506392894e+01
7.000165203455532037e+01
7.120403590642656866e+01
7.008594410524774787e+01
6.712087420563315732e+01
6.722266096570474758e+01
6.789559054672383809e+01
6.984106576195632954e+01
6.997399700100251607e+01
6.877984571443577977e+01
6.954988594713617545e+01
7.123089488248677981e+01
6.826908791258581743e+01
6.921163210812747479e+01
7.003688341951837515e+01
6.682949951294305890e+01
6.874107628088449928e+01
7.093774607543682009e+01
6.890695130450123429e+01
6.791596615834664874e+01
7.034702234280818800e+01
6.889133783582326487e+01
6.861674550040450526e+01
6.970198441406699885e+01
6.743099667523431151e+01
7.094773244544553847e+01
6.732724108515485284e+01
6.808183853950559694e+01
6.904453085466268192e+01
6.815343378344638836e+01
7.004139115930091464e+01
7.023311549507064910e+01
6.758252244087451288e+01
6.792737665290563598e+01
6.904768956972601757e+01
7.189821950802756589e+01
6.822992023325636524e+01
6.920617969129317260e+01
6.702679110446551647e+01
7.017229023449861813e+01
7.084665239813129745e+01
7.090319642722663218e+01
7.002937255817967355e+01
7.024502439416086474e+01
6.971722923198251465e+01
7.147302215287000138e+01
6.665727341966633901e+01
6.863883944747325927e+01
7.119070254213227145e+01
6.894963593217762821e+01
6.802041346005985645e+01
7.299241605123368970e+01
7.053548824503066328e+01
6.984313269283337888e+01
6.939045562526192157e+01
6.818926056066106867e+01
6.899732121521996930e+01
7.001202460292718399e+01
7.215820191542375994e+01
6.763960411211321855e+01
7.030403991617824033e+01
6.773537444994434509e+01
6.880863346336126085e+01
6.946015117794412674e+01
6.895190417048429765e+01
6.681948480352407671e+01
6.675876222439737262e+01
6.803135375010509733e+01
6.863221928476913547e+01
6.768517474995216787e+01
7.030861927806554945e+01
7.088132313400468831e+01
6.889628578384662205e+01
6.809982960000068886e+01
6.921829037376764404e+01
7.050854050161844100e+01
6.812004356774845348e+01
6.732920718844890473e+01
6.570977820975645045e+01
6.817306427248357181e+01
6.758619761593574538e+01
6.688221310012296783e+01
6.748286854236987153e+01
7.136174500207451388e+01
6.772263444490855022e+01
6.841673045388566266e+01
6.922190283614122563e+01
6.925674859336788813e+01
6.858334873666713349e+01
6.647049915495000505e+01
6.598565054502796556e+01
6.959709449636855538e+01
6.925125690507240961e+01
6.846967088634963261e+01
6.685914017543547061e+01
6.767901007109482237e+01
6.746783748900604394e+01
6.394147667765956555e+01
6.865772752639897192e+01
6.784945014423300336e+01
6.813532189798721106e+01
6.719795410443684602e+01
6.930673406768595157e+01
6.981147831799796677e+01
7.008793585203851251e+01
6.901808747774360597e+01
6.744235654511344080e+01
7.015769070363965909e+01
6.644270966967593495e+01
6.940912150345040743e+01
6.947958717946596607e+01
6.918295857302308605e+01
6.711629653689014674e+01
6.761348871079755440e+01
6.880103453645003242e+01
6.676090257159314945e+01
6.898468263684334545e+01
7.122757075677577632e+01
6.912369125487752797e+01
6.779939561409368309e+01
6.693114705212522608e+01
6.869378500127342591e+01
6.736601351419466255e+01
6.813910922839045270e+01
6.845248706401885386e+01
6.844861233503527842e+01
6.959660705043249607e+01
7.092998760059244034e+01
6.752503751827546807e+01
6.866093644474068469e+01
6.777040891174512183e+01
6.604321002713869859e+01
7.125742667444269784e+01
6.985690308332887355e+01
6.867366470421747238e+01
7.018149675289527067e+01
6.919929751969068832e+01
6.862458404237654008e+01
6.836160171306565303e+01
6.582181513402812811e+01
6.742573679184836521e+01
7.014165415265890147e+01
6.903013217059746864e+01
6.881323349565303715e+01
6.867792426920577498e+01
7.066791643479093921e+01
6.743536881796961779e+01
6.488456126060600582e+01
6.855656199069008494e+01
7.017509184659617461e+01
6.807563938200816267e+01
6.935175063497541714e+01
6.981246106382509709e+01
6.951390562342417923e+01
6.920819931668211211e+01
6.935974678130560278e+01
6.935113635306883850e+01
6.816739528123109437e+01
6.949926353576761073e+01
6.889220296432881696e+01
7.072936399493414683e+01
6.975374035457849686e+01
7.091844989439408664e+01
6.753592936610836261e+01
7.062608880491555396e+01
6.902949427387009962e+01
6.976215824417437261e+01
6.904740532205738646e+01
7.075330277928733835e+01
6.587287918032384937e+01
6.916565249048068154e+01
6.771138182167240416e+01
6.913637217163029902e+01
6.681005256255626534e+01
6.776024918543984654e+01
6.866254367447655227e+01
6.646696414524728880e+01
6.875209545722975690e+01
7.120110316401103034e+01
6.760727736934042298e+01
7.011321289725353267e+01
7.158083848747052969e+01
7.095926491220123467e+01
6.859884801105198449e+01
6.979230392788625181e+01
7.080843730266465741e+01
6.856422764371690448e+01
6.716143820871866410e+01
6.878014157299195119e+01
6.891327711106416132e+01
6.957305492441220451e+01
6.876221628550935350e+01
6.949026051665980219e+01
7.235003965165032014e+01
6.982925659193570311e+01
6.872530531963916189e+01
6.999888689650421725e+01
6.904719321489974959e+01
6.855803433978447003e+01
6.902438954691585593e+01
7.169922941412917794e+01
6.865669549444238839e+01
7.047075464224526797e+01
6.867310770553778809e+01
7.066956101981477900e+01
6.874125738078490144e+01
7.123539981625489759e+01
6.592254293029111523e+01
6.832391524365429802e+01
6.983513523757062558e+01
6.907145057074433225e+01
6.933147957316185739e+01
6.674149566869988348e+01
6.785965999223671474e+01
7.016274386806051666e+01
6.780977420126774291e+01
6.712807795510181563e+01
7.060576710703666947e+01
6.952040834283802440e+01
6.939403893937047485e+01
7.088198115703966096e+01
6.696488533556185985e+01
6.763676911819511872e+01
6.645263609700072038e+01
7.053456330356816295e+01
6.846214674911776399e+01
6.758656159788202444e+01
6.684796685645244452e+01
6.776403570922038000e+01
7.067356433618488154e+01
6.797426282077890392e+01
6.611790373476313221e+01
6.960217655659033653e+01
6.844905282451857431e+01
7.068676910128796465e+01
6.979869333616359484e+01
6.735387501900238760e+01
6.843154860825713115e+01
7.009033525530324482e+01
6.823229947837330656e+01
6.914733734364571660e+01
7.076843764458310204e+01
6.965897923539257874e+01
6.904672505248268521e+01
7.024951213831241148e+01
6.806241766897468892e+01
6.815146021136818888e+01
7.027630500407396141e+01
6.620167524366085843e+01
7.023499916050596426e+01
6.946181666853860293e+01
6.698675941736841821e+01
6.826582185016673066e+01
6.949068328599044264e+01
6.924288565524987860e+01
7.132550185984574398e+01
7.059626607537978771e+01
7.079022462800523385e+01
6.963607554969692615e+01
6.748953598477423554e+01
7.192773398995413459e+01
7.001847352121910717e+01
6.751834608957091177e+01
7.059419293220780389e+01
6.809271682702441808e+01
7.034647227049549656e+01
6.771557266438094302e+01
6.805112600988300642e+01
6.803244254745828812e+01
7.047720083107545008e+01
6.894785951494776555e+01
6.823178890895309223e+01
6.954304951514482980e+01
6.606186665139220793e+01
6.675571833087998641e+01
6.974739243444817305e+01
7.072464304699212789e+01
6.913567672684166610e+01
6.789529693952609080e+01
6.919938850345600656e+01
6.907468121994759258e+01
6.616941074427131753e+01
7.006786226257736416e+01
6.961106812852460735e+01
6.962982369383472303e+01
6.740840346942781025e+01
7.161329693694867160e+01
6.655454109625237891e+01
7.053015313216350535e+01
6.767987024722124545e+01
6.811231927804556108e+01
6.870799677846825659e+01
6.906087078864952389e+01
6.725354561404952847e+01
6.700445248079103067e+01
6.652182146488252101e+01
6.776278555683028060e+01
6.725289482746501335e+01
6.593304101247345272e+01
6.654291841257996509e+01
6.755793191428647049e+01
6.702569992319568826e+01
6.623580303356123977e+01
6.933184651053718994e+01
6.870562062091572386e+01
6.543685158981810446e+01
7.131999332374849132e+01
6.941066195594038390e+01
7.022630546405027019e+01
7.004394822796537312e+01
6.816112139743610498e+01
6.781291685060527641e+01
6.899043055941358205e+01
6.663261452700029963e+01
7.168736959543312537e+01
6.835747948505255067e+01
6.953155407708077007e+01
6.897250284941358700e+01
7.179227531505038939e+01
6.585288450197145949e+01
7.115598376808125636e+01
6.864241142377788663e+01
6.862061368481191437e+01
7.051314921649895950e+01
6.932549283371942295e+01
7.026745400712827916e+01
7.171040150492250120e+01
6.794478423236378717e+01
6.860643212843700667e+01
7.054860523368616043e+01
6.779571803267619146e+01
6.976581108574930568e+01
7.033413017054428451e+01
6.993241379573370864e+01
6.793844797001125357e+01
6.850109537794723735e+01
6.789974889328017582e+01
7.039414564040002631e+01
7.018613161554669944e+01
6.629037767678674697e+01
6.682376126955995232e+01
6.708890631508010927e+01
6.984578643701489398e+01
6.833777647200186323e+01
6.937711536435344328e+01
7.063524599426366990e+01
7.096461525825100125e+01
6.978770870981408336e+01
6.984750502100902736e+01
6.832462652008945270e+01
7.165828992445162271e+01
6.872805032420073701e+01
