7.379398535725520958e+01
7.378327937941681114e+01
7.571308374116863149e+01
7.408904284711594812e+01
7.632725212401790316e+01
7.594256046481346800e+01
7.452588921664774091e+01
7.455958511736939442e+01
7.675318307979715371e+01
7.826400785860559495e+01
7.539603624242606372e+01
7.506418970863846596e+01
7.391271338171738137e+01
7.588194315054610684e+01
7.429798727810461401e+01
7.560088853513144613e+01
7.524785733143174582e+01
7.535819208608145914e+01
7.424785683700385164e+01
7.625617856691025054e+01
7.644352556383775266e+01
7.375214565686486878e+01
7.299557673170934891e+01
7.406859886900960532e+01
7.466199907989381757e+01
7.470569875372999036e+01
7.311818527053387129e+01
7.540951492602772532e+01
7.804991781943907370e+01
7.504004426951944140e+01
7.638906475634334470e+01
7.423789350700029388e+01
7.458778215014767454e+01
7.408942195767897942e+01
7.588536900109805572e+01
7.458789774871424072e+01
7.316478789442240327e+01
7.357402951399447488e+01
7.572457600560336743e+01
7.265147997389908596e+01
7.725171234782666829e+01
7.479929369985109133e+01
7.560399405141055240e+01
7.633151373748903268e+01
7.569239332124011810e+01
7.341266442832215944e+01
7.452457487606716313e+01
7.575686880545880797e+01
7.668232497379581503e+01
7.500377067955481891e+01
7.521680461904468018e+01
7.426145410098236255e+01
7.549650468575067919e+01
7.462259528212709370e+01
7.488839624842908904e+01
7.554767386056811063e+01
7.209466426084645718e+01
7.235713383641319751e+01
7.504934957216987357e+01
7.306859505432258572e+01
7.463848090255181944e+01
7.580331634877366298e+01
7.444291216237418496e+01
7.344078334570589561e+01
7.164925596361578641e+01
7.495221013464933435e+01
7.258132680338044906e+01
7.573761780310059066e+01
7.551305213892976553e+01
7.498214078979152930e+01
7.452712049420898666e+01
7.452314646177909196e+01
7.494413651378737029e+01
7.422576105861000428e+01
7.169922104446528976e+01
7.562674896235220956e+01
7.553653347705781584e+01
7.472371520159506986e+01
7.532215682670710066e+01
7.367855879787809670e+01
7.399449898920506996e+01
7.421134164401276223e+01
7.330163795674293681e+01
7.524013144322803726e+01
7.292250236813126207e+01
7.205036153738744531e+01
7.585581675102206134e+01
7.640869317001201466e+01
7.576070557527016547e+01
7.570642422910944447e+01
7.302984872320922705e+01
7.183324980084222489e+01
7.457723683293534123e+01
7.389648472807047597e+01
7.652137407188661200e+01
7.433619571400483039e+01
7.451955039294954020e+01
7.574242290028455216e+01
7.624090773728973147e+01
7.572871703666451992e+01
7.480479437275933208e+01
7.441908159552251334e+01
7.407496345130535076e+01
7.514636622547401146e+01
7.444045452614342651e+01
7.502081084420024126e+01
7.358595514109364899e+01
7.374213473530238616e+01
7.394569959869470210e+01
7.428463048763802590e+01
7.400134795940199695e+01
7.465426460936335218e+01
7.541495585457118978e+01
7.466213840118459188e+01
7.356592995037404137e+01
7.263351782333634787e+01
7.327584972712801914e+01
7.606990866567660703e+01
7.523056185841285526e+01
7.500597948852994534e+01
7.432026333062810863e+01
7.435104804087794150e+01
7.565591453371585828e+01
7.642183444421195304e+01
7.481058508647417682e+01
7.420477270299083727e+01
7.478166439701898582e+01
7.831549769952441409e+01
7.604918050951540920e+01
7.577943300072016086e+01
7.457178190692864916e+01
7.575288582730749454e+01
7.448047369903935078e+01
7.558753650671168600e+01
7.472183768810288029e+01
7.427172619489344640e+01
7.504006920848030404e+01
7.573314285614630137e+01
7.451706539957386610e+01
7.359490464889739769e+01
7.320568392361180088e+01
7.614372173149169498e+01
7.706716645459896142e+01
7.620181858299025635e+01
7.479204348769910382e+01
7.758976681590179680e+01
7.420290558879065657e+01
7.646458366660931461e+01
7.358087591074190925e+01
7.306274044380224097e+01
7.385121958242160645e+01
7.289926904422644327e+01
7.557587382097992190e+01
7.481901104924651236e+01
7.502252028914745097e+01
7.440213240461554278e+01
7.572462966100107451e+01
7.503121967557289906e+01
7.788395363357221868e+01
7.509850984435620092e+01
7.832456725125059904e+01
7.506522276647262970e+01
7.538842296882877747e+01
7.431739158726701078e+01
7.201926318303021901e+01
7.281601346799489249e+01
7.671317281182233216e+01
7.533255090965161571e+01
7.260351712608557762e+01
7.436793987487413915e+01
7.356241215616354623e+01
7.566111854353171395e+01
7.541653636104598490e+01
7.506577048241285866e+01
7.511491107584818394e+01
7.259478481030575381e+01
7.303260707854065004e+01
7.820258815849986433e+01
7.342696846009413036e+01
7.397197735531415219e+01
7.568793833451563557e+01
7.418660884080716755e+01
7.521053687791041398e+01
7.367308200080299230e+01
7.389215549855921950e+01
7.540899166186298430e+01
7.497739854537066151e+01
7.535845269800296364e+01
7.450181136449745622e+01
7.484775220072057778e+01
7.720732148742420975e+01
7.326923023643779231e+01
7.417853147628967747e+01
7.575806635334114958e+01
7.466671896348432824e+01
7.611644994135981790e+01
7.476564143358918102e+01
7.501277293744277586e+01
7.415200530566939108e+01
7.441111462878242833e+01
7.108625261980667176e+01
7.509470057657688358e+01
7.658463921221147075e+01
7.472193535326901781e+01
7.639089794118599741e+01
7.573473142355570076e+01
7.547732107335359331e+01
7.329784615233118927e+01
7.382047887301267508e+01
7.429050153048257243e+01
7.423443721401092432e+01
7.673412986083026510e+01
7.325353319606197999e+01
7.549770892145988910e+01
7.533605073329731283e+01
7.572483566893154716e+01
7.364977024874502831e+01
7.468956728928246491e+01
7.457379925008582688e+01
7.549794974880019538e+01
7.535149574947557483e+01
7.495585854620713917e+01
7.490817623399345848e+01
7.489072934025156769e+01
7.697504357807885356e+01
7.496350499159905212e+01
7.343042301370918779e+01
7.574665810756994233e+01
7.471130158912254160e+01
7.242146394029384737e+01
7.528364583981120006e+01
7.709699776551930483e+01
7.463081169383099223e+01
7.427432902309124074e+01
7.714631036246289852e+01
7.439993847181094111e+01
7.202233306375313759e+01
7.330038022229774697e+01
7.618514036743516726e+01
7.518512839954357219e+01
7.341922107948700216e+01
7.593223697838152475e+01
7.439524670414309071e+01
7.562460860846660182e+01
7.461623071342674507e+01
7.479934536010917157e+01
7.433421797972366107e+01
7.710997061723828949e+01
7.397492169107917448e+01
7.335393142112332043e+01
7.558262991253737084e+01
7.503210438362431489e+01
7.526747180703414131e+01
7.481790224191796312e+01
7.626303647478999892e+01
7.396838127478346792e+01
7.450678463605754587e+01
7.586140687680332917e+01
7.401374118111922940e+01
7.688170430237636310e+01
7.591692589298631333e+01
7.563697310396199214e+01
7.573559722160906915e+01
7.564930800728943439e+01
7.584548252405136282e+01
7.371500778582641544e+01
7.342473780346617218e+01
7.541581820754630883e+01
7.447122995162463610e+01
7.425873429384941460e+01
7.414156820319064423e+01
7.407766763093782458e+01
7.687527831047917459e+01
7.629623885784381798e+01
7.308020818351702985e+01
7.578073504418918560e+01
7.381693139067448328e+01
7.374992863553667632e+01
7.515420726694389941e+01
7.503048581076537005e+01
7.709208599068193735e+01
7.257744867307545178e+01
7.581809249248061633e+01
7.421165304192463452e+01
7.835094387366113722e+01
7.465585782640867762e+01
7.608391193420776233e+01
7.532841665854770952e+01
7.546977011878232133e+01
7.483239025741393391e+01
7.367335660674538644e+01
7.405170516371542533e+01
7.373971538772548229e+01
7.539755890416553541e+01
7.546381780333678080e+01
7.568326469048382421e+01
7.429104716690618204e+01
7.621388706187904916e+01
7.390063414163547861e+01
7.430006207404068164e+01
7.578828022726337110e+01
7.528279979994893267e+01
7.344380088489070602e+01
7.554135986697656335e+01
7.392153094129385238e+01
7.477980812797892440e+01
7.444923381102911719e+01
7.594688459330467367e+01
7.692775962732891060e+01
7.324837658191452761e+01
7.374695227786266116e+01
7.438292257712082289e+01
7.254511456560426552e+01
7.353927044535467417e+01
7.417540700348627070e+01
7.492209769200958647e+01
7.591632024821460334e+01
7.496339128479367275e+01
7.479842422554716563e+01
7.459565167912742822e+01
7.399751682501546668e+01
7.139430139786657037e+01
7.513346722490184959e+01
7.384408660881935305e+01
7.754548502502008489e+01
7.431073285884271229e+01
7.435721210330289921e+01
7.415476902447066720e+01
7.594229787588101033e+01
7.536131816948947915e+01
7.502647357790671379e+01
7.387265429586881282e+01
7.529867148877890770e+01
7.624802250546645155e+01
7.522912762948368481e+01
7.336580183607567562e+01
7.376154676047768532e+01
7.542753053925963513e+01
7.517231879800955596e+01
7.426302212136704384e+01
7.519340334608475018e+01
7.370004797935052920e+01
7.584982818847740305e+01
7.509933242848198631e+01
7.535165371295052239e+01
7.254430783974434860e+01
7.669353922149358027e+01
7.390681271694026577e+01
7.484091666710070001e+01
7.323893495510125717e+01
7.440265859807706761e+01
7.570893540054315451e+01
7.739489865803972179e+01
7.594096024355985719e+01
7.214504209824922043e+01
7.572768631121635963e+01
7.548201222218190765e+01
7.529615018532238935e+01
7.715299976456159925e+01
7.456339274332272282e+01
7.530526505988783015e+01
7.497788567752779443e+01
7.679727676534304237e+01
7.457435211594172131e+01
7.414369303407706013e+01
7.588834687416719760e+01
7.335762584817057075e+01
7.476255970246084814e+01
7.374885004486183959e+01
7.637769792405565283e+01
7.599464648305993819e+01
7.401294033810093254e+01
7.431172486197370119e+01
7.607486009767900725e+01
7.490625603553067435e+01
7.591468224411877941e+01
7.593617493735946766e+01
7.514335539355994342e+01
7.619646251973964013e+01
7.524072258072627051e+01
7.432971307340558553e+01
7.310819690688764183e+01
7.595794736642370992e+01
7.427824299928187202e+01
7.461951473739406993e+01
7.498194127854009139e+01
7.735349812130192504e+01
7.566674864603669448e+01
7.775531956629956198e+01
7.527413887677620608e+01
7.756745389764247989e+01
7.559271373572865116e+01
7.504529346099221243e+01
7.157317339174748838e+01
7.613553805078744574e+01
7.589670211228644803e+01
7.506744541794007830e+01
7.460288563916763849e+01
7.393456968712904143e+01
7.694225173374775295e+01
7.621907862153774715e+01
7.557676560534382304e+01
7.612056733988997337e+01
7.347265191852147836e+01
7.437920033191821290e+01
7.440759092085703230e+01
7.573904197485158818e+01
7.492695717779415077e+01
7.601375927768835083e+01
7.248814709778089593e+01
7.454252080632915067e+01
7.596049562694703638e+01
7.311119110643564056e+01
7.498142014101094333e+01
7.208221320085478112e+01
7.515089695810885928e+01
7.360788782475304970e+01
7.365706320709573163e+01
7.483957458027218479e+01
7.449807046659444154e+01
7.447811103353004114e+01
7.350890811949308556e+01
7.748276658745098189e+01
7.706139766853091544e+01
7.338137061745736389e+01
7.393899002182335778e+01
7.365753293878663044e+01
7.374120457516598037e+01
7.679520394302218733e+01
7.466044528489450727e+01
7.475110100592262086e+01
7.635825882663756659e+01
7.708574787195409783e+01
7.398149698352770542e+01
7.424321916580080938e+01
7.397792854698934661e+01
7.557839091717788449e+01
7.414689371574560539e+01
7.618969859070671191e+01
7.399470903538748701e+01
7.305809991539544512e+01
7.518112553291115319e+01
7.217785680241135537e+01
7.332579514821232181e+01
7.587408214879728519e+01
7.538569016580983373e+01
7.503976655986186017e+01
7.633597652949680423e+01
7.657529006745633637e+01
7.376253720053153984e+01
7.452391344372573201e+01
7.613465416917152595e+01
7.408882928090822872e+01
7.515896752671736181e+01
7.542369956096820260e+01
7.388268866128146328e+01
7.597349007649195585e+01
7.406155895588815952e+01
7.502429827152300845e+01
7.529265400870554004e+01
7.483794616758858353e+01
7.392257863857345512e+01
7.654243623645739092e+01
7.484100859831761454e+01
7.456806319543855466e+01
7.617800782037717511e+01
7.484073002419756904e+01
7.520802912636635540e+01
7.488769952569668931e+01
7.533221406324075531e+01
7.456207641676044773e+01
7.554316824864768876e+01
7.491587618450948582e+01
7.717947759326918344e+01
7.631090444913546378e+01
7.544588508333035293e+01
7.641379469199476659e+01
7.620908291430670545e+01
7.490529318404564663e+01
7.462564713174673159e+01
7.432102244926210233e+01
7.452037049612022201e+01
7.414960647259846382e+01
7.423391238319237573e+01
7.485888235327155371e+01
7.469254201372227442e+01
7.429524213919403053e+01
7.337017678452615144e+01
7.466531473051185230e+01
7.330943249746373169e+01
7.294555082786524736e+01
7.347376180561104775e+01
7.418588672704123610e+01
7.398562231574985049e+01
7.492062430201438872e+01
7.496966826328288391e+01
7.494528394944913430e+01
7.423595062097071207e+01
7.335732587086702949e+01
7.565022318625160835e+01
7.468969356731069809e+01
7.405831784693874908e+01
7.590178743179326659e+01
7.499847222455690599e+01
7.478891690677686199e+01
7.309160240122263019e+01
7.399098739162762683e+01
7.501603671428719622e+01
7.322518177429530795e+01
7.384881323892687988e+01
7.528949386977430436e+01
7.588647578472648547e+01
7.319014536390095316e+01
7.544444836272090527e+01
7.246673273132934412e+01
7.569251210086324022e+01
7.567207647138610582e+01
7.541278315820653688e+01
7.583045376544470173e+01
7.578748141645355929e+01
7.496969895651517390e+01
7.703159527822302266e+01
7.614006285683311148e+01
7.679891707244235022e+01
7.495683567859964569e+01
7.586249178539848970e+01
7.519568414553334890e+01
7.426358044122027025e+01
7.420733147529035989e+01
7.602459368490220015e+01
7.169134740552928520e+01
7.486363951645112991e+01
7.530354468845290228e+01
7.457026213205773502e+01
7.561408882787941366e+01
7.701519625921795864e+01
7.418003051794551084e+01
7.341807057835944761e+01
7.647512267433910438e+01
7.461844140330747166e+01
7.469793243184896880e+01
7.582769929554982014e+01
7.501599981210003421e+01
7.354890549343585349e+01
7.566212172624850041e+01
7.530263987551919058e+01
7.606782875925492249e+01
7.597395605056136958e+01
7.419888928015654983e+01
7.561324378409210567e+01
7.258246062284941047e+01
7.412382079453634276e+01
7.401087635540446286e+01
7.543773013715511411e+01
7.497925995330457738e+01
7.427717709687688341e+01
7.458933517909191835e+01
7.457928349161073811e+01
7.669143933180262707e+01
7.372990973351105026e+01
7.537585253072728619e+01
7.581190541946845940e+01
7.656868564343920980e+01
7.529990221249751414e+01
7.488502056032542953e+01
7.312460647417559301e+01
7.496258295972354802e+01
7.500576725829849067e+01
7.436904014360723636e+01
7.537773881576049462e+01
7.278140290188156314e+01
7.237348123079034679e+01
7.401740637332585493e+01
7.742299141200311396e+01
7.472161367514705432e+01
7.371668971346080923e+01
7.561253065073999835e+01
7.406851839278127159e+01
7.447172520582697075e+01
7.507181372571875499e+01
7.402722063045492007e+01
7.508516667416567714e+01
7.628215197628348676e+01
7.539481615536102765e+01
7.522195235637012445e+01
7.487881346288858708e+01
7.477256558766421790e+01
7.670991805332502622e+01
7.628454490815248334e+01
7.546101776489520319e+01
7.327924472874028083e+01
7.480553307343571134e+01
7.407881383422125054e+01
7.459791032818193912e+01
7.402772767638485618e+01
7.618864979226052014e+01
7.490099958781345890e+01
7.389108787567981551e+01
7.658518783749818226e+01
7.649687659366892944e+01
7.630163362575405017e+01
7.415874904576425308e+01
7.592260495062497228e+01
7.526520049945017377e+01
7.534220202998906757e+01
7.440061667372636123e+01
7.489452834328093900e+01
7.579360016554441870e+01
7.542683460493533687e+01
7.527138240240505240e+01
7.527992239150977127e+01
7.528998944433887175e+01
7.305089680998997892e+01
7.497862532527891233e+01
7.615562172419238607e+01
7.307371094199817207e+01
7.497209705506553234e+01
7.188550506127708672e+01
7.522433860032234065e+01
7.412360894325945537e+01
7.605418155481200415e+01
7.551872589073279585e+01
7.681575055979135414e+01
7.576523579028840061e+01
7.478952310828101702e+01
7.453278978605470684e+01
7.567607987704381856e+01
7.577264742847789591e+01
7.579660150638069638e+01
7.584646936031516873e+01
7.592225714758869515e+01
7.351585633682134358e+01
7.444081588796133531e+01
7.390621694268557462e+01
7.661128421019574830e+01
7.315864675061439470e+01
7.247475425751395051e+01
7.365487695807549073e+01
7.576673720287408287e+01
7.414108727719826675e+01
7.425181232809813991e+01
7.618262745494695309e+01
7.485869582869139549e+01
7.309060002420022784e+01
7.332440626644441295e+01
7.476985924234486447e+01
7.347981489098016539e+01
7.507034867540731682e+01
7.597583689588088873e+01
7.640549555324255948e+01
7.449762740604838029e+01
7.468126033907088868e+01
7.357557536343249183e+01
7.361630862329765534e+01
7.489351567097169493e+01
7.482485780530454633e+01
7.528385200280692402e+01
7.368465559919030738e+01
7.625528790458869821e+01
7.538087071657569993e+01
7.408779208345542600e+01
7.437397605133331524e+01
7.553483991537552811e+01
7.629378697883976201e+01
7.340315190542217749e+01
7.339652758741074479e+01
7.589215713747134373e+01
7.371390811743154359e+01
7.485258319981527109e+01
7.372619415026302647e+01
7.364293973626070056e+01
7.546046935706239367e+01
7.546991701027879174e+01
7.457896474190295066e+01
7.323802316016661962e+01
7.460555863728218640e+01
7.603746965540138092e+01
7.573240445997684844e+01
7.607149365624050574e+01
7.414848446095207635e+01
7.642890816721289582e+01
7.571897295955277229e+01
7.436713463353186171e+01
7.524504481353430663e+01
7.470953613904855217e+01
7.450533213046549008e+01
7.296502945319321043e+01
7.492561107016040012e+01
7.446515286329388061e+01
7.436603231783472268e+01
7.525897011797209757e+01
7.627981127006563611e+01
7.713539577280751303e+01
7.389632830069548675e+01
7.558453758350026419e+01
7.637573812577362276e+01
7.462617647077094318e+01
7.357157793586341654e+01
7.823981276754464886e+01
7.341327566473128741e+01
7.639232699383215675e+01
7.473887398339709875e+01
7.502848518876048445e+01
7.382346360247309747e+01
7.327337446834026480e+01
7.635111615040965205e+01
7.338728900691444323e+01
7.326868469831282482e+01
7.605424413768371039e+01
7.569982089759628252e+01
7.498719173231957313e+01
7.468439042843942843e+01
7.440889397696292917e+01
7.600972713637017364e+01
7.384462546997414734e+01
7.373113364681765347e+01
7.381033949973993913e+01
7.670030718727086594e+01
7.440056255489707837e+01
7.410427041792839020e+01
7.615670018857967705e+01
7.386549465089497346e+01
7.601272369388236427e+01
7.468547278284627566e+01
7.461592287730744033e+01
7.450968736018508309e+01
7.434585798776026877e+01
7.573258695300698662e+01
7.783325408321819339e+01
7.436022531053346540e+01
7.428245889514313660e+01
7.461440345549488029e+01
7.569361187739794161e+01
7.334249755970418505e+01
7.492395894063656669e+01
7.588131140012609421e+01
7.577811362485027757e+01
7.368347353898053598e+01
7.517111656266503417e+01
7.462200414328093245e+01
7.479313376449429995e+01
7.337433411335840105e+01
7.374434486840641512e+01
7.480558002778559512e+01
7.490499210488151505e+01
7.553780203083441336e+01
7.451637749330963345e+01
7.464251326127642017e+01
7.535203270216116778e+01
7.426503867410436044e+01
7.595153694115887788e+01
7.395693095732751488e+01
7.640725763156090977e+01
7.578473053826418493e+01
7.599325618649106673e+01
7.440545150067903535e+01
7.414434672707717766e+01
7.414215898857806053e+01
7.556875613674279180e+01
7.563015277630110234e+01
7.544801106445036964e+01
7.300783724419892451e+01
7.535141133989996831e+01
7.578373055235849165e+01
7.252797370387921205e+01
7.388097320589314165e+01
7.370412274288555921e+01
7.562014901624885965e+01
7.444761280607630738e+01
7.548210640382011150e+01
7.409124118431893180e+01
7.397676592741053980e+01
7.365339290510127057e+01
7.557185597732544124e+01
7.433583614640730275e+01
7.302244185117035613e+01
7.369736284592116249e+01
7.392116715340304722e+01
7.506165344126245031e+01
7.366352163551886179e+01
7.362259897686014654e+01
7.499808227533871730e+01
7.328655861822905138e+01
7.722214602014018681e+01
7.401595045876435108e+01
7.504453559116937811e+01
7.438348436497707894e+01
7.416324819111318334e+01
7.638537118284588701e+01
7.532515539473816091e+01
7.338192193484555048e+01
7.443766087961172673e+01
7.612047849929282961e+01
7.580292400100742611e+01
7.200779908086136061e+01
7.476962354944276967e+01
7.408949428444337570e+01
7.453829938544865286e+01
7.299046446106503083e+01
7.506451025271910282e+01
7.508245822968710570e+01
7.304006882029875669e+01
7.375282122074509061e+01
7.615470703985990042e+01
7.484148857273331146e+01
7.471361875670847041e+01
7.372025598878877872e+01
7.427412826870536833e+01
7.441009549625429997e+01
7.587831278669648327e+01
7.325968273120423646e+01
7.419410538808449473e+01
7.421452246814658338e+01
7.365334520070608448e+01
7.735752630490024728e+01
7.547121998014591782e+01
7.484384373074939845e+01
7.362064508904505544e+01
7.617717908626755730e+01
7.552969082980509086e+01
7.550563048245419395e+01
7.456468926442236977e+01
7.625440090279117555e+01
7.390892755608825837e+01
7.623967967651569211e+01
7.336238874681046696e+01
7.340905286105795824e+01
7.389565009900181280e+01
7.481522716996073541e+01
7.637433445647697283e+01
7.510141332296331029e+01
7.406434450150919702e+01
7.557068960925313661e+01
7.466487452891000487e+01
7.540912417211814045e+01
7.464987431520312100e+01
7.443312553676599919e+01
7.516676877938282075e+01
7.382040952513841603e+01
7.481020065958470866e+01
7.505131812689026560e+01
7.620359035026672245e+01
7.584112386998492639e+01
7.407940168691366978e+01
7.404164942688259998e+01
7.562531693854371895e+01
7.575415475695128009e+01
7.472587260500104378e+01
7.476731677627977035e+01
7.746508143516918210e+01
7.464922162044615561e+01
7.548862882004708297e+01
7.414499259057835445e+01
7.362232929593415065e+01
7.424435458594909676e+01
7.446683652140089293e+01
7.260665668175847998e+01
7.581651186797598996e+01
7.393437970651353908e+01
7.548098609585461816e+01
7.514864958651455140e+01
7.510975792306545884e+01
7.170566064405784346e+01
7.453790938543129130e+01
7.303394460812388900e+01
7.409163366325537936e+01
7.312731366942009004e+01
7.589620817465608127e+01
7.436768631004331098e+01
7.584404355446362445e+01
7.605852418454512076e+01
7.464354214673890908e+01
7.491281980199245538e+01
7.556782032265914495e+01
7.431108958490483474e+01
7.446288034694647706e+01
7.641324337835722247e+01
7.426745939767305060e+01
7.542847563824878421e+01
7.548599694796625670e+01
7.466207832073483530e+01
7.583792978451519673e+01
7.509942279812369748e+01
7.415563551929673736e+01
7.544353060400277400e+01
7.444600744695301842e+01
7.535923254121294690e+01
7.515656079970439407e+01
7.497469572448653707e+01
7.316964908310583837e+01
7.378827539234416122e+01
7.693970706555207073e+01
7.356999140305275375e+01
7.661442276551169073e+01
7.681336979756868288e+01
7.617727753364020771e+01
7.422243369571096139e+01
7.534768944299898408e+01
7.410286624274500866e+01
7.393364607626654106e+01
7.559657878813831644e+01
7.545579804203993035e+01
7.553350436987612682e+01
7.489507573048715017e+01
7.642705807780730254e+01
7.525060187118317856e+01
7.400662514413829740e+01
7.524036399029128575e+01
7.656520849027486975e+01
7.391715033849386884e+01
7.533618904679050843e+01
7.538869322665071593e+01
7.705738385606679230e+01
7.509305704140231796e+01
7.434737800173732580e+01
7.747166012359072340e+01
7.519256785670040699e+01
7.210322996300862997e+01
7.479749719502234484e+01
7.519892134093339564e+01
7.379191096832759911e+01
7.257752642060717108e+01
7.413821638054143648e+01
7.491542303423015881e+01
7.447086639646671813e+01
7.448421337722579949e+01
7.303661017914826914e+01
7.588221418774921290e+01
7.433123792201249103e+01
7.660899345116422410e+01
7.258107685806271547e+01
7.398686571035661075e+01
7.515568946968515718e+01
7.591083022288015059e+01
7.377487007544050357e+01
7.407738231702481357e+01
7.616785036658849606e+01
7.389940022924167806e+01
7.350520483022908991e+01
7.497694602812529752e+01
7.600628359272420198e+01
7.411424636623587503e+01
7.532100507976078063e+01
7.588479438175622249e+01
7.560950618161263037e+01
7.579031977695630928e+01
7.327752027435755622e+01
7.547958026960588995e+01
7.330649721069178781e+01
7.494726539757029116e+01
7.334963809069236618e+01
7.498389054485014071e+01
7.420715936975219051e+01
7.598114022226801012e+01
7.551647626600018270e+01
7.364656374032689712e+01
7.416374141520552143e+01
7.384924546332111106e+01
7.186669471958872180e+01
7.657490414243561361e+01
7.465125441811173346e+01
7.527434511738294987e+01
7.478652885128587968e+01
7.477864375011412790e+01
7.426645295230328259e+01
7.631007231136976543e+01
7.511722286319522368e+01
7.751212511937163185e+01
7.470630595011067498e+01
7.533836916910145476e+01
7.334950652564972984e+01
7.611616003904629224e+01
7.595910188592507950e+01
7.375872497185235943e+01
7.481346233290321379e+01
7.414852697174561058e+01
7.416522985202411178e+01
7.311652194821749617e+01
7.513048823103591189e+01
7.316712195369812832e+01
7.576577672188982149e+01
7.451573061780636920e+01
7.539537753154561983e+01
7.571056848387564742e+01
7.579206179330489590e+01
7.668366414762142824e+01
7.444747440876791700e+01
7.701333309213163147e+01
7.382729299333628603e+01
7.467289051855847504e+01
7.500017361320634279e+01
7.585099642728307856e+01
7.439822324910511497e+01
7.358351216194866140e+01
7.556654482851789112e+01
7.669094812925996507e+01
7.292721922486767028e+01
7.539822314350969634e+01
7.401337744298895416e+01
7.537588470424657316e+01
