1.254792645554095287e+02
1.254792645554095287e+02
1.254792645554094861e+02
1.254792645554094292e+02
1.254792645554094150e+02
1.254792645554095429e+02
1.254792645554095429e+02
1.254792645554094861e+02
1.254792645554095714e+02
1.254792645554094577e+02
1.254792645554095714e+02
1.254792645554096708e+02
1.254792645554095429e+02
1.254792645554096140e+02
1.254792645554094292e+02
1.254792645554094292e+02
1.254792645554094861e+02
1.254792645554094861e+02
1.254792645554094008e+02
1.254792645554095856e+02
1.254792645554094292e+02
1.254792645554094861e+02
1.254792645554095429e+02
1.254792645554094292e+02
1.254792645554094719e+02
1.254792645554092871e+02
1.254792645554094577e+02
1.254792645554095429e+02
1.254792645554095856e+02
1.254792645554095998e+02
1.254792645554095856e+02
1.254792645554095571e+02
1.254792645554094150e+02
1.254792645554094861e+02
1.254792645554095429e+02
1.254792645554095571e+02
1.254792645554094577e+02
1.254792645554094861e+02
1.254792645554095287e+02
1.254792645554094435e+02
1.254792645554095571e+02
1.254792645554094435e+02
1.254792645554094435e+02
1.254792645554096708e+02
1.254792645554095571e+02
1.254792645554094292e+02
1.254792645554095287e+02
1.254792645554094577e+02
1.254792645554094861e+02
1.254792645554094435e+02
1.254792645554094435e+02
1.254792645554095145e+02
1.254792645554095429e+02
1.254792645554095714e+02
1.254792645554094577e+02
1.254792645554095003e+02
1.254792645554094292e+02
1.254792645554095003e+02
1.254792645554094150e+02
1.254792645554095287e+02
1.254792645554095429e+02
1.254792645554093298e+02
1.254792645554096140e+02
1.254792645554094577e+02
1.254792645554095714e+02
1.254792645554095998e+02
1.254792645554097135e+02
1.254792645554093724e+02
1.254792645554094292e+02
1.254792645554094719e+02
1.254792645554095287e+02
1.254792645554094435e+02
1.254792645554095856e+02
1.254792645554094719e+02
1.254792645554095429e+02
1.254792645554094577e+02
1.254792645554094150e+02
1.254792645554094435e+02
1.254792645554094719e+02
1.254792645554095429e+02
1.254792645554094719e+02
1.254792645554095287e+02
1.254792645554095571e+02
1.254792645554095998e+02
1.254792645554095287e+02
1.254792645554094292e+02
1.254792645554095429e+02
1.254792645554095856e+02
1.254792645554095003e+02
1.254792645554095856e+02
1.254792645554094861e+02
1.254792645554094292e+02
1.254792645554095145e+02
1.254792645554094435e+02
1.254792645554095287e+02
1.254792645554094719e+02
1.254792645554093582e+02
1.254792645554095856e+02
1.254792645554094008e+02
1.254792645554095571e+02
1.254792645554095287e+02
1.254792645554095998e+02
1.254792645554095429e+02
1.254792645554093866e+02
1.254792645554095571e+02
1.254792645554095145e+02
1.254792645554095145e+02
1.254792645554094577e+02
1.254792645554094150e+02
1.254792645554095856e+02
1.254792645554094861e+02
1.254792645554095287e+02
1.254792645554095287e+02
1.254792645554095003e+02
1.254792645554095571e+02
1.254792645554095429e+02
1.254792645554093866e+02
1.254792645554095429e+02
1.254792645554093298e+02
1.254792645554093582e+02
1.254792645554095714e+02
1.254792645554094577e+02
1.254792645554095145e+02
1.254792645554095145e+02
1.254792645554094292e+02
1.254792645554095714e+02
1.254792645554094577e+02
1.254792645554093866e+02
1.254792645554094435e+02
1.254792645554094861e+02
1.254792645554094292e+02
1.254792645554094719e+02
1.254792645554095287e+02
1.254792645554094292e+02
1.254792645554095998e+02
1.254792645554094150e+02
1.254792645554095571e+02
1.254792645554095429e+02
1.254792645554094150e+02
1.254792645554095287e+02
1.254792645554094435e+02
1.254792645554095145e+02
1.254792645554095003e+02
1.254792645554096708e+02
1.254792645554094719e+02
1.254792645554093724e+02
1.254792645554094577e+02
1.254792645554095714e+02
1.254792645554094719e+02
1.254792645554095145e+02
1.254792645554093582e+02
1.254792645554094719e+02
1.254792645554094861e+02
1.254792645554094861e+02
1.254792645554094861e+02
1.254792645554096566e+02
1.254792645554095429e+02
1.254792645554094719e+02
1.254792645554095287e+02
1.254792645554094150e+02
1.254792645554095571e+02
1.254792645554095287e+02
1.254792645554094577e+02
1.254792645554094719e+02
1.254792645554094577e+02
1.254792645554096424e+02
1.254792645554094861e+02
1.254792645554094008e+02
1.254792645554093298e+02
1.254792645554095571e+02
1.254792645554094719e+02
1.254792645554094150e+02
1.254792645554095003e+02
1.254792645554096566e+02
1.254792645554095998e+02
1.254792645554095856e+02
1.254792645554095287e+02
1.254792645554095998e+02
1.254792645554095429e+02
1.254792645554094719e+02
1.254792645554094577e+02
1.254792645554095145e+02
1.254792645554095714e+02
1.254792645554093866e+02
1.254792645554095287e+02
1.254792645554094577e+02
1.254792645554094292e+02
1.254792645554094719e+02
1.254792645554094435e+02
1.254792645554094435e+02
1.254792645554096424e+02
1.254792645554095856e+02
1.254792645554094861e+02
1.254792645554094861e+02
1.254792645554095571e+02
1.254792645554096140e+02
1.254792645554094577e+02
1.254792645554093866e+02
1.254792645554095145e+02
1.254792645554095998e+02
1.254792645554095429e+02
1.254792645554095003e+02
1.254792645554095145e+02
1.254792645554093866e+02
1.254792645554095714e+02
1.254792645554094577e+02
1.254792645554095998e+02
1.254792645554094150e+02
1.254792645554095856e+02
1.254792645554095287e+02
1.254792645554095714e+02
1.254792645554094577e+02
1.254792645554095998e+02
1.254792645554095429e+02
1.254792645554095145e+02
1.254792645554094719e+02
1.254792645554095714e+02
1.254792645554095145e+02
1.254792645554096566e+02
1.254792645554094719e+02
1.254792645554095003e+02
1.254792645554095571e+02
1.254792645554096140e+02
1.254792645554095571e+02
1.254792645554093866e+02
1.254792645554094577e+02
1.254792645554094719e+02
1.254792645554094861e+02
1.254792645554094150e+02
1.254792645554095145e+02
1.254792645554095429e+02
1.254792645554095429e+02
1.254792645554094861e+02
1.254792645554095571e+02
1.254792645554095145e+02
1.254792645554095714e+02
1.254792645554094008e+02
1.254792645554095714e+02
1.254792645554094435e+02
1.254792645554095145e+02
1.254792645554095145e+02
1.254792645554095429e+02
1.254792645554094435e+02
1.254792645554095856e+02
1.254792645554094719e+02
1.254792645554094435e+02
1.254792645554095145e+02
1.254792645554095287e+02
1.254792645554095003e+02
1.254792645554097277e+02
1.254792645554094719e+02
1.254792645554095287e+02
1.254792645554095571e+02
1.254792645554095003e+02
1.254792645554095714e+02
1.254792645554094150e+02
1.254792645554095714e+02
1.254792645554096566e+02
1.254792645554094719e+02
1.254792645554096140e+02
1.254792645554095998e+02
1.254792645554094150e+02
1.254792645554095856e+02
1.254792645554095287e+02
1.254792645554094719e+02
1.254792645554093724e+02
1.254792645554095003e+02
1.254792645554095003e+02
1.254792645554095003e+02
1.254792645554095003e+02
1.254792645554095429e+02
1.254792645554095429e+02
1.254792645554094719e+02
1.254792645554094150e+02
1.254792645554094577e+02
1.254792645554095003e+02
1.254792645554095429e+02
1.254792645554095003e+02
1.254792645554095287e+02
1.254792645554095856e+02
1.254792645554095856e+02
1.254792645554093724e+02
1.254792645554095998e+02
1.254792645554095145e+02
1.254792645554093724e+02
1.254792645554095003e+02
1.254792645554094577e+02
1.254792645554095145e+02
1.254792645554096140e+02
1.254792645554095287e+02
1.254792645554094435e+02
1.254792645554094150e+02
1.254792645554094577e+02
1.254792645554095998e+02
1.254792645554095714e+02
1.254792645554095145e+02
1.254792645554095429e+02
1.254792645554095287e+02
1.254792645554095429e+02
1.254792645554095856e+02
1.254792645554094150e+02
1.254792645554094292e+02
1.254792645554095998e+02
1.254792645554094150e+02
1.254792645554094719e+02
1.254792645554094435e+02
1.254792645554094150e+02
1.254792645554094861e+02
1.254792645554095856e+02
1.254792645554095429e+02
1.254792645554093582e+02
1.254792645554094861e+02
1.254792645554095145e+02
1.254792645554096850e+02
1.254792645554094008e+02
1.254792645554094435e+02
1.254792645554095003e+02
1.254792645554095998e+02
1.254792645554095429e+02
1.254792645554095571e+02
1.254792645554095571e+02
1.254792645554095003e+02
1.254792645554095003e+02
1.254792645554095714e+02
1.254792645554095714e+02
1.254792645554093724e+02
1.254792645554095003e+02
1.254792645554094150e+02
1.254792645554095856e+02
1.254792645554095429e+02
1.254792645554093724e+02
1.254792645554094861e+02
1.254792645554095145e+02
1.254792645554094861e+02
1.254792645554095429e+02
1.254792645554094008e+02
1.254792645554095714e+02
1.254792645554094292e+02
1.254792645554094292e+02
1.254792645554094719e+02
1.254792645554095429e+02
1.254792645554094861e+02
1.254792645554096282e+02
1.254792645554095003e+02
1.254792645554094577e+02
1.254792645554094008e+02
1.254792645554095429e+02
1.254792645554094008e+02
1.254792645554094577e+02
1.254792645554095714e+02
1.254792645554095287e+02
1.254792645554095571e+02
1.254792645554095429e+02
1.254792645554094150e+02
1.254792645554095287e+02
1.254792645554094292e+02
1.254792645554095145e+02
1.254792645554095429e+02
1.254792645554094861e+02
1.254792645554094577e+02
1.254792645554094861e+02
1.254792645554095429e+02
1.254792645554095287e+02
1.254792645554094719e+02
1.254792645554094861e+02
1.254792645554096424e+02
1.254792645554094861e+02
1.254792645554097135e+02
1.254792645554094719e+02
1.254792645554095714e+02
1.254792645554093440e+02
1.254792645554094435e+02
1.254792645554094719e+02
1.254792645554094577e+02
1.254792645554095003e+02
1.254792645554094008e+02
1.254792645554094719e+02
1.254792645554093582e+02
1.254792645554095429e+02
1.254792645554094292e+02
1.254792645554095571e+02
1.254792645554095003e+02
1.254792645554095429e+02
1.254792645554094292e+02
1.254792645554095003e+02
1.254792645554095287e+02
1.254792645554095429e+02
1.254792645554096566e+02
1.254792645554094861e+02
1.254792645554095714e+02
1.254792645554095714e+02
1.254792645554094719e+02
1.254792645554096282e+02
1.254792645554096140e+02
1.254792645554093866e+02
1.254792645554094008e+02
1.254792645554095714e+02
1.254792645554093866e+02
1.254792645554095003e+02
1.254792645554095145e+02
1.254792645554094008e+02
1.254792645554093298e+02
1.254792645554094292e+02
1.254792645554094719e+02
1.254792645554095429e+02
1.254792645554095287e+02
1.254792645554094577e+02
1.254792645554095714e+02
1.254792645554093440e+02
1.254792645554094008e+02
1.254792645554094008e+02
1.254792645554094861e+02
1.254792645554095571e+02
1.254792645554096566e+02
1.254792645554095429e+02
1.254792645554094008e+02
1.254792645554094435e+02
1.254792645554095714e+02
1.254792645554094292e+02
1.254792645554095003e+02
1.254792645554094719e+02
1.254792645554093724e+02
1.254792645554094861e+02
1.254792645554094719e+02
1.254792645554095856e+02
1.254792645554094435e+02
1.254792645554094435e+02
1.254792645554095145e+02
1.254792645554095998e+02
1.254792645554095714e+02
1.254792645554095998e+02
1.254792645554095287e+02
1.254792645554094861e+02
1.254792645554095145e+02
1.254792645554094719e+02
1.254792645554095003e+02
1.254792645554094861e+02
1.254792645554095998e+02
1.254792645554095287e+02
1.254792645554093582e+02
1.254792645554093724e+02
1.254792645554095003e+02
1.254792645554096850e+02
1.254792645554094861e+02
1.254792645554095429e+02
1.254792645554094292e+02
1.254792645554093866e+02
1.254792645554096566e+02
1.254792645554094861e+02
1.254792645554095429e+02
1.254792645554094150e+02
1.254792645554094150e+02
1.254792645554095003e+02
1.254792645554096424e+02
1.254792645554094008e+02
1.254792645554095998e+02
1.254792645554095287e+02
1.254792645554095287e+02
1.254792645554094150e+02
1.254792645554095003e+02
1.254792645554093724e+02
1.254792645554093866e+02
1.254792645554095429e+02
1.254792645554094292e+02
1.254792645554095429e+02
1.254792645554097135e+02
1.254792645554095714e+02
1.254792645554094435e+02
1.254792645554095003e+02
1.254792645554094719e+02
1.254792645554095287e+02
1.254792645554095287e+02
1.254792645554094150e+02
1.254792645554095287e+02
1.254792645554094577e+02
1.254792645554095003e+02
1.254792645554096282e+02
1.254792645554096424e+02
1.254792645554095571e+02
1.254792645554095145e+02
1.254792645554095571e+02
1.254792645554095429e+02
1.254792645554095003e+02
1.254792645554094577e+02
1.254792645554094292e+02
1.254792645554094719e+02
1.254792645554095998e+02
1.254792645554095003e+02
1.254792645554095714e+02
1.254792645554094861e+02
1.254792645554094292e+02
1.254792645554094861e+02
1.254792645554095287e+02
1.254792645554095856e+02
1.254792645554094292e+02
1.254792645554096850e+02
1.254792645554094150e+02
1.254792645554094150e+02
1.254792645554095714e+02
1.254792645554095145e+02
1.254792645554095998e+02
1.254792645554094861e+02
1.254792645554096566e+02
1.254792645554095429e+02
1.254792645554095287e+02
1.254792645554096566e+02
1.254792645554095145e+02
1.254792645554096140e+02
1.254792645554094577e+02
1.254792645554095287e+02
1.254792645554095571e+02
1.254792645554095145e+02
1.254792645554095998e+02
1.254792645554095287e+02
1.254792645554096140e+02
1.254792645554094292e+02
1.254792645554094577e+02
1.254792645554094292e+02
1.254792645554095429e+02
1.254792645554095998e+02
1.254792645554095145e+02
1.254792645554093582e+02
1.254792645554094861e+02
1.254792645554093866e+02
1.254792645554095003e+02
1.254792645554094719e+02
1.254792645554094719e+02
1.254792645554096424e+02
1.254792645554094719e+02
1.254792645554094008e+02
1.254792645554095429e+02
1.254792645554095429e+02
1.254792645554095287e+02
1.254792645554095287e+02
1.254792645554094861e+02
1.254792645554094292e+02
1.254792645554094435e+02
1.254792645554094719e+02
1.254792645554095145e+02
1.254792645554094719e+02
1.254792645554094577e+02
1.254792645554093724e+02
1.254792645554095003e+02
1.254792645554094861e+02
1.254792645554095145e+02
1.254792645554095287e+02
1.254792645554095571e+02
1.254792645554095003e+02
1.254792645554095003e+02
1.254792645554095003e+02
1.254792645554094861e+02
1.254792645554094861e+02
1.254792645554095714e+02
1.254792645554094861e+02
1.254792645554094435e+02
1.254792645554096566e+02
1.254792645554095429e+02
1.254792645554095003e+02
1.254792645554095429e+02
1.254792645554095571e+02
1.254792645554094008e+02
1.254792645554095145e+02
1.254792645554094719e+02
1.254792645554095714e+02
1.254792645554093440e+02
1.254792645554094150e+02
1.254792645554093866e+02
1.254792645554096140e+02
1.254792645554094861e+02
1.254792645554093866e+02
1.254792645554094861e+02
1.254792645554094292e+02
1.254792645554096566e+02
1.254792645554096566e+02
1.254792645554095003e+02
1.254792645554094577e+02
1.254792645554095571e+02
1.254792645554095714e+02
1.254792645554094861e+02
1.254792645554095429e+02
1.254792645554094150e+02
1.254792645554094008e+02
1.254792645554094150e+02
1.254792645554094008e+02
1.254792645554095287e+02
1.254792645554094861e+02
1.254792645554095429e+02
1.254792645554095003e+02
1.254792645554095287e+02
1.254792645554095003e+02
1.254792645554095145e+02
1.254792645554095571e+02
1.254792645554096282e+02
1.254792645554094719e+02
1.254792645554096140e+02
1.254792645554094577e+02
1.254792645554094292e+02
1.254792645554095429e+02
1.254792645554094577e+02
1.254792645554094150e+02
1.254792645554097135e+02
1.254792645554094292e+02
1.254792645554095003e+02
1.254792645554094435e+02
1.254792645554096282e+02
1.254792645554094150e+02
1.254792645554095429e+02
1.254792645554094861e+02
1.254792645554094008e+02
1.254792645554095856e+02
1.254792645554093724e+02
1.254792645554095003e+02
1.254792645554094719e+02
1.254792645554096140e+02
1.254792645554095003e+02
1.254792645554095571e+02
1.254792645554094292e+02
1.254792645554094719e+02
1.254792645554094150e+02
1.254792645554094435e+02
1.254792645554094577e+02
1.254792645554094577e+02
1.254792645554094719e+02
1.254792645554095145e+02
1.254792645554093014e+02
1.254792645554095714e+02
1.254792645554095145e+02
1.254792645554095287e+02
1.254792645554094861e+02
1.254792645554095571e+02
1.254792645554094577e+02
1.254792645554094719e+02
1.254792645554095145e+02
1.254792645554094861e+02
1.254792645554095003e+02
1.254792645554095571e+02
1.254792645554095287e+02
1.254792645554094861e+02
1.254792645554094719e+02
1.254792645554095429e+02
1.254792645554095287e+02
1.254792645554095287e+02
1.254792645554095003e+02
1.254792645554095287e+02
1.254792645554095145e+02
1.254792645554094861e+02
1.254792645554095145e+02
1.254792645554094008e+02
1.254792645554094008e+02
1.254792645554096708e+02
1.254792645554095429e+02
1.254792645554095287e+02
1.254792645554094719e+02
1.254792645554094861e+02
1.254792645554096424e+02
1.254792645554095714e+02
1.254792645554095145e+02
1.254792645554095429e+02
1.254792645554095714e+02
1.254792645554094861e+02
1.254792645554095429e+02
1.254792645554094435e+02
1.254792645554096140e+02
1.254792645554095856e+02
1.254792645554094719e+02
1.254792645554095714e+02
1.254792645554093866e+02
1.254792645554095571e+02
1.254792645554094577e+02
1.254792645554095998e+02
1.254792645554094719e+02
1.254792645554094861e+02
1.254792645554096282e+02
1.254792645554094861e+02
1.254792645554095429e+02
1.254792645554096140e+02
1.254792645554095429e+02
1.254792645554095998e+02
1.254792645554093582e+02
1.254792645554095571e+02
1.254792645554094861e+02
1.254792645554095287e+02
1.254792645554093582e+02
1.254792645554095429e+02
1.254792645554094861e+02
1.254792645554095003e+02
1.254792645554095287e+02
1.254792645554096140e+02
1.254792645554094577e+02
1.254792645554095714e+02
1.254792645554095856e+02
1.254792645554093866e+02
1.254792645554095003e+02
1.254792645554094861e+02
1.254792645554094008e+02
1.254792645554095571e+02
1.254792645554095287e+02
1.254792645554095429e+02
1.254792645554094435e+02
1.254792645554093724e+02
1.254792645554095145e+02
1.254792645554094577e+02
1.254792645554094150e+02
1.254792645554095145e+02
1.254792645554095571e+02
1.254792645554095856e+02
1.254792645554094435e+02
1.254792645554095145e+02
1.254792645554095287e+02
1.254792645554095429e+02
1.254792645554095856e+02
1.254792645554095287e+02
1.254792645554094577e+02
1.254792645554096708e+02
1.254792645554095998e+02
1.254792645554095145e+02
1.254792645554094719e+02
1.254792645554094577e+02
1.254792645554095287e+02
1.254792645554095429e+02
1.254792645554094150e+02
1.254792645554094719e+02
1.254792645554094861e+02
1.254792645554095429e+02
1.254792645554095145e+02
1.254792645554094577e+02
1.254792645554095571e+02
1.254792645554095714e+02
1.254792645554094577e+02
1.254792645554094292e+02
1.254792645554095571e+02
1.254792645554095429e+02
1.254792645554094150e+02
1.254792645554095714e+02
1.254792645554095856e+02
1.254792645554095003e+02
1.254792645554095571e+02
1.254792645554094435e+02
1.254792645554095998e+02
1.254792645554094719e+02
1.254792645554094861e+02
1.254792645554094719e+02
1.254792645554095714e+02
1.254792645554094292e+02
1.254792645554095145e+02
1.254792645554095429e+02
1.254792645554095714e+02
1.254792645554094292e+02
1.254792645554096140e+02
1.254792645554095287e+02
1.254792645554095856e+02
1.254792645554095714e+02
1.254792645554093582e+02
1.254792645554095145e+02
1.254792645554095145e+02
1.254792645554095145e+02
1.254792645554095856e+02
1.254792645554094577e+02
1.254792645554095145e+02
1.254792645554095714e+02
1.254792645554095998e+02
1.254792645554094577e+02
1.254792645554094150e+02
1.254792645554095714e+02
1.254792645554095287e+02
1.254792645554095429e+02
1.254792645554094292e+02
1.254792645554094577e+02
1.254792645554094150e+02
1.254792645554095145e+02
1.254792645554094719e+02
1.254792645554095714e+02
1.254792645554095145e+02
1.254792645554095003e+02
1.254792645554096140e+02
1.254792645554095003e+02
1.254792645554094719e+02
1.254792645554096566e+02
1.254792645554095003e+02
1.254792645554096424e+02
1.254792645554095998e+02
1.254792645554096282e+02
1.254792645554095856e+02
1.254792645554095714e+02
1.254792645554095571e+02
1.254792645554095714e+02
1.254792645554094861e+02
1.254792645554093866e+02
1.254792645554095571e+02
1.254792645554094150e+02
1.254792645554093866e+02
1.254792645554095287e+02
1.254792645554095145e+02
1.254792645554094435e+02
1.254792645554095003e+02
1.254792645554095287e+02
1.254792645554096282e+02
1.254792645554095429e+02
1.254792645554094435e+02
1.254792645554095429e+02
1.254792645554095429e+02
1.254792645554095145e+02
1.254792645554094577e+02
1.254792645554093582e+02
1.254792645554096282e+02
1.254792645554095003e+02
1.254792645554094861e+02
1.254792645554095003e+02
1.254792645554094861e+02
1.254792645554095003e+02
1.254792645554094719e+02
1.254792645554094150e+02
1.254792645554095856e+02
1.254792645554095856e+02
1.254792645554095145e+02
1.254792645554094861e+02
1.254792645554094577e+02
1.254792645554094150e+02
1.254792645554095714e+02
1.254792645554094719e+02
1.254792645554094577e+02
1.254792645554094577e+02
1.254792645554095429e+02
1.254792645554095429e+02
1.254792645554095003e+02
1.254792645554095571e+02
1.254792645554095714e+02
1.254792645554095429e+02
1.254792645554094435e+02
1.254792645554094435e+02
1.254792645554095429e+02
1.254792645554094435e+02
1.254792645554094008e+02
1.254792645554095714e+02
1.254792645554095287e+02
1.254792645554095287e+02
1.254792645554095003e+02
1.254792645554094577e+02
1.254792645554094008e+02
1.254792645554094435e+02
1.254792645554095003e+02
1.254792645554095003e+02
1.254792645554096282e+02
1.254792645554095856e+02
1.254792645554095571e+02
1.254792645554094719e+02
1.254792645554095571e+02
1.254792645554096140e+02
1.254792645554094861e+02
1.254792645554094435e+02
1.254792645554094008e+02
1.254792645554095145e+02
1.254792645554095714e+02
1.254792645554094577e+02
1.254792645554094719e+02
1.254792645554095571e+02
1.254792645554095856e+02
1.254792645554095287e+02
1.254792645554093582e+02
1.254792645554095003e+02
1.254792645554095429e+02
1.254792645554093582e+02
1.254792645554094719e+02
1.254792645554095145e+02
1.254792645554094577e+02
1.254792645554095998e+02
1.254792645554095145e+02
1.254792645554095714e+02
1.254792645554095003e+02
1.254792645554094861e+02
1.254792645554094861e+02
1.254792645554094008e+02
1.254792645554096140e+02
1.254792645554095003e+02
1.254792645554095714e+02
1.254792645554095571e+02
1.254792645554095287e+02
1.254792645554095429e+02
1.254792645554094435e+02
1.254792645554094435e+02
1.254792645554094435e+02
1.254792645554095998e+02
1.254792645554095145e+02
1.254792645554094150e+02
1.254792645554094435e+02
1.254792645554094577e+02
1.254792645554095145e+02
1.254792645554094150e+02
1.254792645554095571e+02
1.254792645554093582e+02
1.254792645554094861e+02
1.254792645554095003e+02
1.254792645554095998e+02
1.254792645554094435e+02
1.254792645554095287e+02
1.254792645554095571e+02
1.254792645554095856e+02
1.254792645554094719e+02
1.254792645554095145e+02
1.254792645554094292e+02
1.254792645554094150e+02
1.254792645554093014e+02
1.254792645554095287e+02
1.254792645554094435e+02
1.254792645554094435e+02
1.254792645554094719e+02
1.254792645554095998e+02
1.254792645554096140e+02
1.254792645554095287e+02
1.254792645554095998e+02
1.254792645554093440e+02
1.254792645554094861e+02
1.254792645554094435e+02
1.254792645554094861e+02
1.254792645554095145e+02
1.254792645554095287e+02
1.254792645554095003e+02
1.254792645554094435e+02
1.254792645554094719e+02
1.254792645554096140e+02
1.254792645554094150e+02
1.254792645554094719e+02
1.254792645554095003e+02
1.254792645554094435e+02
1.254792645554093724e+02
1.254792645554096424e+02
1.254792645554095571e+02
1.254792645554094577e+02
1.254792645554093724e+02
1.254792645554095145e+02
1.254792645554096140e+02
1.254792645554095287e+02
1.254792645554094719e+02
1.254792645554094150e+02
1.254792645554094719e+02
1.254792645554094292e+02
1.254792645554095571e+02
1.254792645554095145e+02
1.254792645554094719e+02
1.254792645554094292e+02
1.254792645554094577e+02
1.254792645554094150e+02
1.254792645554094719e+02
1.254792645554094292e+02
1.254792645554094008e+02
1.254792645554095003e+02
1.254792645554096424e+02
1.254792645554095287e+02
1.254792645554095145e+02
1.254792645554095287e+02
1.254792645554094008e+02
1.254792645554094719e+02
1.254792645554095003e+02
1.254792645554096140e+02
1.254792645554094008e+02
1.254792645554095287e+02
1.254792645554095145e+02
1.254792645554095714e+02
1.254792645554093866e+02
1.254792645554093724e+02
1.254792645554095003e+02
1.254792645554095714e+02
1.254792645554095714e+02
1.254792645554095429e+02
1.254792645554095856e+02
1.254792645554094719e+02
1.254792645554094719e+02
1.254792645554094577e+02
1.254792645554094435e+02
1.254792645554094150e+02
1.254792645554094577e+02
1.254792645554095714e+02
1.254792645554095287e+02
1.254792645554096282e+02
1.254792645554095145e+02
1.254792645554094577e+02
1.254792645554095287e+02
1.254792645554094435e+02
1.254792645554095714e+02
1.254792645554094577e+02
1.254792645554094292e+02
1.254792645554094577e+02
1.254792645554095003e+02
1.254792645554095714e+02
1.254792645554095003e+02
1.254792645554095003e+02
1.254792645554095571e+02
1.254792645554095287e+02
1.254792645554094861e+02
1.254792645554094577e+02
1.254792645554094292e+02
1.254792645554095287e+02
1.254792645554094719e+02
1.254792645554094861e+02
1.254792645554094861e+02
1.254792645554095429e+02
1.254792645554094861e+02
1.254792645554095571e+02
1.254792645554095714e+02
1.254792645554096566e+02
