7.635584675120058762e+01
7.480157422797923061e+01
7.610204451947460313e+01
7.612591876300142246e+01
7.379718182509706992e+01
7.380306452787361593e+01
7.692220722576128367e+01
7.467825065060553413e+01
7.503137342360201956e+01
7.378460147999713570e+01
7.519615415711021456e+01
7.390342631451491684e+01
7.243124291889364486e+01
7.255450783167009376e+01
7.547010637980544345e+01
7.328893946948851124e+01
7.213882118402422350e+01
7.688384327384190442e+01
7.158547445648679286e+01
7.194596731018529567e+01
7.377331455547762573e+01
7.331887507494887757e+01
7.492074949687419405e+01
7.264240169622527787e+01
7.457360571264844396e+01
7.340705200174741663e+01
7.538903866183099467e+01
7.636429585701475276e+01
7.242441256558552709e+01
7.368353497509633598e+01
7.443021427727659045e+01
7.356228913152412474e+01
7.525102133081102806e+01
7.412038199735064836e+01
7.368778459096401434e+01
7.526872889150459400e+01
7.616535400707871872e+01
7.154302705423438624e+01
7.338493728967196716e+01
7.642468658279074134e+01
7.243529857628732316e+01
7.235936146024359061e+01
7.536767495342139966e+01
7.390200249077004457e+01
7.390175374645859563e+01
7.489676238337251846e+01
7.424199548861048470e+01
7.333312345763198437e+01
7.646965782447341553e+01
7.461420904660725739e+01
7.445472174163370482e+01
7.270336931979053929e+01
7.572418910605547637e+01
7.548736034518606175e+01
7.461707324872212155e+01
7.711549310687803427e+01
7.457844054159498626e+01
7.655567139496183415e+01
7.371951092320850307e+01
7.341631653200393259e+01
7.354116148878001979e+01
7.609815975663117626e+01
7.358559164913627626e+01
7.398773884670849554e+01
7.663015368597883992e+01
7.408504485526010797e+01
7.656777150221277850e+01
7.905683185085122489e+01
7.086156882894955800e+01
7.433046047691513536e+01
7.568753115158044409e+01
7.304664386754288330e+01
7.466210888428470582e+01
7.416436721011189093e+01
7.777269454542258131e+01
7.312309634692179827e+01
7.610129176581899912e+01
7.516090960977469138e+01
7.504683290716934607e+01
7.543028993538771942e+01
7.635294163970927173e+01
7.466676556001232257e+01
7.420235386589141058e+01
7.475853513747657075e+01
7.572889023653702623e+01
7.412853191948312315e+01
7.351741877548593607e+01
7.407179465367812554e+01
7.238849254768143737e+01
7.368126731863010548e+01
7.356287226036968718e+01
7.293467157102648457e+01
7.755671887238597151e+01
7.515945080399420419e+01
7.353734643100764856e+01
7.614756961331062257e+01
7.208669324220623764e+01
7.194626517272170929e+01
7.273317168199295679e+01
7.023033409410612649e+01
7.264343149501503660e+01
7.237833585155928517e+01
7.531158668409744905e+01
7.611453049445866270e+01
7.407824906982787638e+01
7.474222881107856153e+01
7.508729792787040935e+01
7.529799269882879287e+01
7.651776573371844847e+01
7.134486427834467293e+01
7.669073603862561583e+01
7.532356958373883060e+01
7.230543177341648686e+01
7.368836889581012883e+01
7.321638879733245631e+01
7.003876805045884169e+01
7.307807289608278722e+01
7.550192389848727714e+01
7.378708450000092967e+01
7.264067595179754733e+01
7.546918664757778572e+01
7.411194026551942216e+01
7.188165185878773400e+01
7.403166373700831571e+01
7.208178705378148265e+01
7.170931508551545619e+01
7.391224054827769407e+01
7.578141272871312140e+01
7.459553869343282884e+01
7.177815714514207457e+01
7.614085001645278794e+01
7.348910401326430986e+01
7.632216619208492148e+01
7.529460719763933696e+01
7.697858534525241225e+01
7.526684206015504230e+01
7.802630072565685282e+01
7.228032602316309863e+01
7.141052695086057156e+01
7.348360227513950349e+01
7.268935485214518621e+01
7.576195123937942810e+01
7.116736673880264163e+01
7.534195998072560485e+01
7.372888697241816658e+01
7.359322552523993011e+01
7.655459817216365082e+01
7.523475640703281897e+01
7.404780411411775276e+01
7.492716924791550070e+01
7.272693704272666082e+01
7.271980463001868600e+01
7.635274821533145939e+01
7.291429394124547514e+01
7.601680300551956293e+01
7.297553692176225582e+01
7.490593429601860009e+01
7.528882978807121162e+01
7.394664648971587440e+01
7.297995414253075808e+01
7.415791870251173634e+01
7.547982413824648518e+01
7.583543004413151323e+01
7.469776461182880212e+01
7.382497394341307029e+01
7.622554921841830833e+01
7.370323466566985360e+01
7.026808049003679457e+01
7.521968415242774597e+01
7.475442431838237667e+01
7.280899071536059353e+01
7.388257925601254783e+01
7.350266148651792264e+01
7.341505905373125529e+01
7.685098574727381049e+01
7.487234635275441974e+01
7.626921290877665172e+01
7.466425073100366205e+01
7.543047031854680995e+01
7.408402945495227243e+01
7.399919964997076249e+01
7.474670913469390143e+01
7.308961095857030443e+01
7.515157598762128544e+01
7.538667680075971589e+01
7.455262800141176172e+01
7.513862289772868053e+01
7.621078444874240176e+01
7.511650367182107857e+01
7.201732705335477647e+01
7.392229091067932245e+01
7.310098613971614157e+01
7.321449427005825328e+01
7.467237775458309557e+01
7.412826967668097211e+01
7.674687729256048385e+01
7.403294453718444856e+01
7.383741045693594174e+01
7.442290404619632227e+01
7.461298367526038078e+01
7.588456787066040476e+01
7.559517977001900135e+01
7.230701088815351341e+01
7.406522489296067135e+01
7.223261580773728951e+01
7.428916451096701223e+01
7.614699138464233386e+01
7.545931475803521948e+01
7.626670453827264851e+01
7.442063212618066359e+01
7.262046115574045757e+01
7.441941191534024824e+01
7.266703048868829740e+01
7.503456958383560504e+01
7.565326682318330143e+01
7.201774664705592954e+01
7.297399627692237800e+01
7.461493894178902053e+01
7.118717629179765538e+01
7.468500683990845346e+01
7.679463292990745060e+01
7.614051129678387042e+01
7.835601333615298358e+01
7.383641156000213357e+01
7.375304282770757425e+01
7.574636499934155154e+01
7.336101327325592081e+01
7.466572981225934313e+01
7.310393056904163700e+01
7.493902363440334113e+01
7.464769533991737660e+01
7.762884657628345053e+01
7.349856000448998827e+01
7.442766510433362726e+01
7.119475393742730773e+01
7.681980340862641299e+01
7.556490445613953000e+01
7.486446803863363186e+01
7.542834151006243815e+01
7.283445779486659433e+01
6.971161833720721290e+01
7.093674100045247144e+01
7.687328339040571734e+01
7.487235362973149222e+01
7.348069376265203800e+01
7.548840367297984244e+01
7.395878432548495596e+01
7.241725181691900559e+01
7.565014342646951206e+01
7.326927660720841118e+01
7.585004102422006156e+01
7.158041288678893466e+01
7.270549737101694632e+01
7.249400549690969342e+01
7.243780382897948300e+01
7.350246927297828847e+01
7.295395904090324279e+01
7.159022183332299960e+01
7.649004038887042611e+01
7.473569444343580415e+01
7.574638767709686249e+01
7.439630916839628583e+01
7.506954940305060120e+01
7.299950583123190029e+01
7.321358425990602825e+01
7.525856508838199943e+01
7.394152402130342239e+01
7.720790976681831808e+01
7.518903578522022713e+01
7.182469594019833892e+01
7.177029773247819833e+01
7.121980190422806345e+01
7.349753308796874762e+01
7.254674700541298193e+01
7.712655156346716012e+01
7.386148977769798307e+01
7.696768136333660948e+01
7.315200939380213185e+01
7.601755258856564978e+01
7.588421326825033475e+01
7.448882380323480845e+01
7.443722818112455286e+01
7.249609963272311575e+01
7.444687450215897684e+01
7.387618735343221488e+01
7.398659196341520783e+01
7.310088008885377064e+01
7.526941786985935323e+01
7.797921275669486363e+01
7.360774887195100291e+01
7.512129283957548864e+01
7.413648863117221310e+01
7.456098557780346425e+01
7.370480259771029807e+01
7.243842592972065120e+01
7.469804559411886657e+01
7.127639299174379062e+01
7.292084063640268710e+01
7.531049107401240406e+01
7.558428861282487787e+01
7.152701585813709073e+01
7.321141697135823279e+01
7.410302540314013697e+01
7.122690200997799082e+01
7.268835326631977978e+01
7.353536150940313121e+01
7.479366498140271347e+01
7.448827165100578895e+01
7.515735476476557153e+01
7.689587870075408205e+01
7.393681994787270639e+01
7.337910108724533131e+01
7.052594861348202926e+01
7.541161506064742071e+01
7.057871244755652640e+01
7.433609606231399880e+01
7.391862085092449774e+01
7.629122757242467401e+01
7.332815439024972193e+01
7.423069926543858799e+01
7.261461802757649764e+01
7.430636902832588930e+01
7.619538286392769066e+01
7.370984196886156781e+01
7.639368669296604253e+01
7.523711429218640490e+01
7.206757226717361675e+01
7.266691878186760789e+01
7.601306435461636113e+01
7.246574680282851944e+01
7.601954328710975517e+01
7.395716784626915796e+01
7.488109840442712084e+01
7.439971054779078941e+01
7.444046266926667954e+01
7.116886527793170103e+01
7.228875349328214384e+01
7.505596727042672001e+01
7.524965025841936495e+01
7.441224251577982329e+01
7.328140961724055558e+01
7.536889004746724652e+01
7.173789701481928205e+01
7.473296542796173014e+01
7.743863232567130694e+01
7.661946461066625602e+01
7.359154892112586310e+01
7.701075241107064073e+01
7.854865736561839640e+01
7.407993073133616235e+01
7.470409861722838230e+01
7.514662248089631191e+01
7.211031451181594321e+01
7.790126985953008898e+01
7.550786771422231425e+01
7.378142395827971711e+01
7.127830373810746778e+01
7.085515322858583431e+01
7.404361398656426729e+01
7.696339753531809436e+01
7.145250681794016145e+01
7.406009034628164045e+01
7.399584754141447718e+01
7.703934656740003106e+01
7.478686366421494824e+01
7.530844718480436484e+01
7.110483240607369737e+01
7.412564171425421478e+01
7.633521966397711367e+01
7.349626434105756800e+01
7.399416268941608621e+01
7.462565664248637631e+01
7.486390773534945708e+01
7.551707010888769389e+01
7.527244935527458836e+01
7.449636844679157832e+01
7.654777304306621488e+01
7.375590240941895104e+01
7.460953571595021572e+01
7.651715262704350096e+01
7.575393113113615584e+01
7.495449101222597221e+01
7.573971193430861604e+01
7.323278505544533346e+01
7.392999328313356955e+01
7.674049695999487142e+01
7.454631103480868148e+01
7.732953357839051023e+01
7.306888534190852624e+01
7.418339983234915280e+01
7.457930791827962480e+01
7.368746587962264982e+01
7.761245633661394550e+01
7.570470863135491868e+01
7.380628328385753889e+01
7.326602166396494908e+01
7.225395723544086479e+01
7.632690857907630289e+01
7.401261725260725655e+01
7.357034081691756455e+01
7.265749442244502632e+01
7.589811688418561175e+01
7.470871272772627947e+01
7.609449685554778853e+01
7.064924564669760798e+01
7.625882170602189092e+01
7.458784624015925147e+01
7.487154871947909385e+01
7.591440991350214063e+01
7.767665411166831291e+01
7.579147092627142968e+01
7.439522581057157424e+01
7.518441257969440983e+01
7.388715163225191418e+01
7.437144387425557568e+01
7.422366101456421461e+01
7.317322809330099176e+01
7.255048533200942984e+01
7.585121261176156793e+01
7.300703581560361499e+01
7.183640602924377561e+01
7.378162759303273788e+01
7.503459687705314707e+01
7.716658806774704260e+01
7.293515434551632381e+01
7.342086762824879997e+01
7.624758184872246147e+01
7.482145206016457450e+01
7.350239506085591756e+01
7.714210724753681347e+01
7.331359784224483178e+01
7.216958427423205080e+01
7.365451283089218748e+01
7.576984570288904308e+01
7.758224780659956821e+01
7.375851080705483298e+01
7.231382687902278406e+01
7.493819332876320516e+01
7.193378470106181055e+01
7.515673107718745882e+01
7.230309144794740916e+01
7.468206317792724747e+01
7.269592716373263386e+01
7.610536888580399761e+01
7.120107587053657028e+01
7.355673403633450391e+01
7.386588926686843593e+01
7.309835787035112276e+01
7.629778275038771085e+01
7.444758899467845481e+01
7.240808293230131198e+01
7.564126512006133396e+01
7.238536274356069100e+01
7.587557099820966755e+01
7.216401175758225861e+01
7.165956589141666200e+01
7.392307818584346535e+01
7.636890112508795880e+01
7.452731816369062301e+01
7.437585856468822954e+01
7.532107016232608032e+01
7.412180475404316837e+01
7.507428676070209406e+01
7.420241376591813776e+01
7.409729394017665527e+01
7.309372352633907610e+01
7.311249908752664339e+01
7.807830903713083615e+01
7.370801199702793838e+01
7.329215948645126844e+01
7.582418562530135375e+01
7.375826615966623478e+01
7.523737152130709660e+01
7.396214245357874972e+01
7.599542912444441356e+01
7.348143283813278970e+01
7.749977601752796375e+01
7.417675541500672409e+01
7.392222617038363808e+01
7.285639688920664980e+01
7.357133276791847720e+01
7.123814643541506086e+01
7.157056390217341857e+01
7.420648226590247987e+01
7.542627170618568755e+01
7.314789728467576424e+01
7.420984124336347065e+01
7.584687744911552443e+01
7.470789685529885560e+01
7.521731113602315588e+01
7.419392156587288412e+01
7.545801841902557783e+01
6.942125616311588487e+01
7.305209568451898861e+01
7.647544228154593782e+01
7.485705207097478819e+01
7.490392465421273016e+01
7.513959464159501067e+01
7.483406059878407746e+01
7.319222113329421120e+01
6.844384624065342848e+01
7.507772489656204584e+01
7.374321349756890243e+01
7.312764796116600508e+01
7.751793400041302107e+01
7.702107615724783329e+01
7.346602013493418326e+01
7.420934888332868695e+01
7.366011617909633458e+01
7.473400010400057170e+01
7.549197296277097280e+01
7.187037145558009854e+01
7.340877171440951088e+01
7.572103091636695638e+01
7.330734359877300221e+01
7.158301029996404452e+01
7.373059103944892456e+01
7.544694910731406878e+01
7.399160058140586216e+01
7.249752774887933526e+01
7.297668710958537019e+01
7.323907934786052465e+01
7.424296204188202353e+01
7.311283560597458120e+01
7.542035768186396183e+01
7.490782888983893884e+01
7.607320790132925481e+01
7.521433057624848573e+01
7.533951593466008489e+01
7.489342607879304126e+01
7.609629027581735272e+01
7.178669269850827561e+01
7.147969231992402683e+01
7.518784442862295236e+01
7.383612365630315821e+01
7.210782451878688448e+01
7.354548652664036013e+01
7.631001856933536942e+01
7.558273520944696600e+01
7.327030317565677819e+01
7.570797440187732263e+01
7.442642612105414912e+01
7.586570942317899835e+01
7.383890237885128727e+01
7.615002619324862110e+01
7.322779605899508226e+01
7.453180584977488365e+01
7.379712538847961412e+01
7.844941309188538980e+01
7.058330559620029021e+01
7.088211898724902937e+01
7.833054286553662848e+01
7.517063182587271797e+01
7.308627652700165811e+01
7.531856956667898828e+01
7.605466634388567115e+01
7.506680622330624431e+01
7.548182789835266249e+01
7.275397029670644145e+01
7.492578928325671939e+01
7.201852897030214251e+01
7.624898096656981750e+01
7.415070810022891123e+01
7.043341251572533679e+01
7.264453440165844711e+01
7.336264049088269701e+01
7.419784613539574991e+01
7.161539522440951089e+01
7.581336176734247090e+01
7.292282738702985512e+01
7.477207907203147386e+01
7.643626593549248582e+01
7.484644154089302504e+01
7.322774882658647755e+01
7.294285457544039275e+01
7.469223253534326545e+01
7.455805132142084801e+01
7.368434782133758176e+01
7.509605039166315521e+01
7.379980950009503715e+01
7.119597233868439901e+01
7.575893529528043757e+01
7.360806247059976215e+01
7.301900994339861484e+01
7.881624853330363578e+01
7.511053175584919472e+01
7.390530368814394535e+01
7.531308519186349315e+01
7.355688703898846370e+01
7.525594980061381989e+01
7.371301617318833621e+01
7.234285348997467224e+01
7.293706971403906891e+01
7.514435271959847285e+01
7.325659129687434756e+01
7.431839293631955456e+01
7.353483959602114339e+01
7.418675508628381010e+01
7.181050224757797196e+01
7.833124643106766882e+01
7.349822619757493669e+01
7.396737103896124665e+01
7.277347205901477878e+01
7.282231146160972912e+01
7.621738941798417954e+01
7.480340195351739396e+01
7.610996143870858077e+01
7.440763308867114745e+01
7.397476489409724820e+01
7.250593884671006606e+01
7.405836271298507256e+01
7.487678858907518986e+01
7.703238161990668686e+01
7.238097396475122025e+01
7.509631177706040717e+01
7.214012055758801978e+01
7.264685562566080534e+01
7.630167501386003437e+01
7.337128294084574520e+01
7.265895678223357379e+01
7.386589037568499805e+01
7.495785650577074932e+01
7.569375453354648187e+01
7.279067068412102515e+01
7.431285590560005971e+01
7.418898655008200649e+01
7.439180485580075697e+01
7.472555921483677821e+01
7.364778346422414756e+01
7.596736121547360199e+01
7.541900852715802728e+01
7.514104064183200649e+01
7.722971414877105190e+01
7.720398386010808167e+01
7.351456173511502357e+01
7.508796219093819957e+01
7.528787944515825359e+01
7.399572855676224492e+01
7.138828751586019905e+01
7.444494248343303866e+01
7.292719650350038307e+01
7.183607676206733572e+01
7.322447903502657596e+01
7.358317875510806516e+01
7.366007131330931657e+01
7.592613718962732605e+01
7.258032341360994621e+01
7.290176130722976211e+01
7.520298657728930891e+01
7.187288000043078284e+01
7.296621713523302333e+01
7.594920330322216273e+01
7.601033701651432750e+01
7.659177529797636907e+01
7.487958254803437796e+01
7.707346329535685925e+01
7.590869722908404071e+01
7.446876908127703132e+01
7.536895602731918586e+01
7.648751441504995796e+01
7.438961681838824802e+01
7.403691577140061497e+01
7.381307133166745871e+01
7.203201094976566310e+01
7.724468306388486383e+01
7.513409710119246654e+01
7.596496546586023157e+01
7.690915405060883359e+01
7.435588089609090900e+01
7.578027329664993772e+01
7.126843357317991945e+01
7.506823840104043200e+01
7.377524432807157950e+01
7.882227920989511460e+01
7.420173890066192257e+01
7.619433944807211390e+01
7.394486020383310176e+01
7.359854467968065705e+01
7.473796887235839392e+01
7.629797067251270448e+01
7.519622955151562849e+01
7.630691066794543076e+01
7.490759914635741268e+01
7.686831240145266975e+01
7.621846728725840592e+01
7.344582697354609024e+01
7.358117590401066366e+01
7.732832476700031066e+01
7.248134099621267978e+01
7.117228051780915621e+01
7.516920103840125478e+01
7.573984369744869127e+01
7.644976089741783198e+01
7.228010625680646228e+01
7.612271783705405426e+01
7.319281216500843357e+01
7.462109336330252063e+01
7.436312165060591894e+01
7.404802584918202513e+01
7.430353984418461266e+01
7.479457533382976919e+01
7.537015938530183234e+01
7.561530772764561448e+01
7.342893141844723459e+01
7.603333992121586959e+01
7.566134672877561229e+01
7.402191410964974239e+01
7.318566667624001809e+01
7.524179275349438001e+01
7.124064114847959672e+01
7.457337935108067484e+01
7.548224112713656098e+01
7.541264267815354572e+01
7.525703179962283684e+01
7.422256233005784054e+01
7.338773963882913165e+01
7.355698581184688578e+01
7.616914835310821275e+01
7.460331336163184801e+01
7.276660079769838774e+01
7.393372553934236180e+01
7.278806816912029376e+01
7.035502767295278659e+01
7.242383243545040727e+01
7.436139884101736186e+01
7.556672488454894676e+01
7.461023793630428713e+01
7.613230391397942753e+01
7.806914383703420413e+01
7.381522220473873119e+01
7.648189543721100847e+01
7.495345412731035140e+01
7.410145109665786833e+01
7.640679667064306102e+01
7.386944678755223492e+01
7.515141389838339592e+01
7.436703758129858954e+01
7.268144976852798322e+01
7.398861606217195686e+01
7.338560620943336232e+01
7.620466867666529254e+01
7.404639700502038124e+01
7.465251619384642368e+01
7.302685522136411578e+01
7.189071966163974992e+01
7.297647784059894605e+01
7.618619209156720729e+01
7.385050151120729822e+01
7.257358012652842660e+01
7.538990030998158431e+01
7.643623044499565822e+01
7.454696284866948019e+01
7.559911692413975004e+01
7.238898741659374991e+01
7.363926439810518332e+01
7.361853738654895096e+01
7.354941448254842840e+01
7.368201474196801826e+01
7.154460866373331385e+01
7.650670224035903288e+01
7.430547045773869286e+01
7.616697392406710776e+01
7.208657858466480661e+01
7.661534557511609478e+01
7.554729474763878727e+01
7.282433911795398274e+01
7.377248582592422110e+01
7.525094674984239873e+01
7.370051320844986265e+01
7.479212246154261834e+01
7.321864625555944883e+01
7.719355244408656347e+01
7.323930390966533821e+01
7.540582972214416202e+01
7.379779475435593383e+01
7.394208998709098069e+01
7.713521355639581145e+01
7.378290125338276084e+01
7.536163479894304373e+01
7.350310875729442728e+01
7.606274162754799306e+01
7.444556904382623941e+01
7.323454823341870679e+01
7.216892909298101699e+01
7.252255441076094655e+01
7.428129486359236466e+01
7.172142893715337664e+01
7.483974081436080894e+01
7.254983453801757776e+01
7.690082219366368577e+01
6.944179993106888560e+01
7.491786091751882282e+01
7.568805944375321815e+01
7.391420628874858778e+01
7.425548731853662332e+01
7.748331828973600466e+01
7.367990899652417625e+01
7.319060364431283006e+01
7.295553839802499851e+01
7.541412730720846014e+01
7.487491109098111508e+01
7.307169944858181054e+01
7.327256596976761216e+01
7.085170682793008723e+01
7.491056758615734168e+01
7.656524846458088973e+01
7.432875785136290858e+01
7.592258137249218919e+01
7.369672230571295302e+01
7.028537428686658473e+01
7.410566747402518217e+01
7.633072315459676815e+01
7.537160539253270031e+01
7.359280460747493180e+01
7.426660447551482491e+01
7.314329060081490752e+01
7.131404410007124284e+01
7.534912479327464041e+01
7.465593184500799850e+01
7.557369816308700194e+01
7.454889749238738261e+01
7.615782157032371913e+01
7.400642666589718033e+01
7.579120028015351807e+01
7.502748386788917401e+01
7.676389345665640462e+01
7.401746758109338487e+01
7.618775415551088770e+01
7.420139294769326455e+01
7.333815522808824028e+01
7.581131706295249728e+01
7.567906621158201119e+01
7.332232603461289955e+01
7.133881973528943377e+01
7.228182369532525797e+01
7.316352061413640229e+01
7.185008856484678574e+01
7.227753710157699629e+01
7.543777618286138420e+01
7.697791791075269430e+01
7.493321264991334374e+01
7.263151627943547339e+01
7.077708425404112802e+01
7.471984505562615198e+01
7.654753982655448397e+01
7.219767440602768716e+01
7.311777623994852604e+01
7.529744517536020965e+01
7.297447882409639419e+01
7.574328165741967211e+01
7.407910757552858172e+01
7.458117444869296264e+01
7.293000896119183096e+01
7.600608451707995528e+01
7.765783087961928288e+01
7.334414346377172933e+01
7.518877042466424143e+01
7.346663981202422633e+01
7.558010022428049979e+01
7.439825893634701970e+01
7.282504670447075057e+01
7.221781235286732681e+01
7.772256925896543578e+01
7.325724866535990998e+01
7.446096061350614548e+01
7.532349236856117614e+01
7.548169934135523818e+01
7.373140080636126470e+01
7.398556063959739504e+01
7.696063515064371074e+01
7.839216294813446950e+01
7.276446575085735446e+01
7.387695433659429511e+01
7.473359396342875982e+01
7.183385255714770778e+01
7.400470752833516030e+01
7.364325016248328382e+01
7.488429396410980132e+01
7.578793912094521090e+01
7.309571665077093883e+01
7.377330596488071990e+01
7.351568840658174508e+01
7.266298848176022318e+01
7.429197282825208504e+01
7.117943715586244480e+01
7.559302477074854210e+01
7.597042575391495234e+01
7.394898301120257145e+01
7.411590266053848097e+01
7.473918913405529452e+01
7.163581492545834806e+01
7.325608819883008493e+01
7.470236404196793956e+01
7.265170745793926699e+01
7.564781435370140628e+01
7.395612177494946593e+01
7.263621268390915020e+01
7.278003061338627333e+01
7.058399200028858900e+01
7.243481210456678809e+01
7.324980534707313495e+01
7.334639361672911662e+01
7.433108318394640435e+01
7.529868439270083513e+01
7.438420617748882080e+01
7.509382114928241947e+01
7.481970538705851936e+01
7.457026541256932717e+01
7.641846485489215013e+01
7.470612987336467370e+01
7.320434570148282205e+01
7.542723541527162467e+01
7.379585606579220780e+01
7.476432425595500320e+01
7.410363050216275838e+01
7.708855176596917147e+01
7.488787796784527018e+01
7.703847696771498477e+01
7.344312096520148714e+01
7.806825879715810856e+01
7.425267259347486970e+01
7.513150767287662291e+01
7.634900408423585816e+01
7.243768820390519636e+01
7.289649660930287212e+01
7.359829710713877660e+01
7.471794774303491238e+01
7.616463103109305166e+01
7.685498552253177706e+01
7.301861883290746391e+01
7.464357674115794339e+01
7.418704504901801045e+01
7.195003928206266153e+01
7.396066099730829535e+01
7.528712295516989172e+01
7.570994107188833766e+01
7.377767197626160112e+01
7.747299129309877230e+01
7.655605172964894223e+01
7.292780119827889962e+01
7.448767044084696920e+01
7.267630507515247018e+01
7.249268902406123516e+01
7.562711364621306132e+01
7.644161693160182836e+01
7.470964008061480399e+01
7.378086145029740806e+01
7.286235877503538916e+01
7.367814536978207229e+01
7.537568144768098932e+01
7.570413452693804857e+01
7.183075336509044462e+01
7.640151878093033133e+01
7.261834590756662067e+01
7.487612512532105313e+01
7.589899974283697759e+01
7.510016788162131718e+01
7.665901592539077569e+01
7.205464331536653333e+01
7.260732187659394299e+01
7.619647100790041350e+01
7.050752403798234980e+01
7.345188179373121784e+01
7.523151529989303299e+01
7.364210719726894183e+01
7.528987810749161724e+01
7.593845483556930276e+01
7.412874893863919112e+01
7.791545870183860245e+01
7.356520260398087885e+01
7.350374717665859237e+01
7.584953997522590896e+01
7.346950912199100969e+01
7.590667112307852449e+01
7.438580171824023068e+01
7.336711987961724901e+01
7.434765496136000706e+01
7.283952957094525971e+01
7.528126675947636670e+01
7.599173564784835833e+01
7.617107432063519923e+01
7.422691396321302193e+01
7.592147418691132543e+01
7.579992228599230941e+01
7.340337836303271501e+01
7.297296384739074426e+01
7.292575935809867360e+01
7.375794584533122134e+01
7.376070373973753647e+01
7.486754186230997732e+01
7.504196699993499919e+01
7.128164861692087584e+01
7.565572545589651554e+01
7.467736249231879242e+01
7.276646405696963882e+01
7.557788897467305844e+01
7.637765936571511816e+01
7.605666818564583309e+01
7.462252497235382975e+01
7.352925289050376989e+01
