8.728906253146494976e+01
9.025508686702815453e+01
8.984758618372428884e+01
9.180304476625867949e+01
8.782850523265523179e+01
8.475316180014540635e+01
8.690568960444574031e+01
8.873091514962995063e+01
9.152188521997121029e+01
8.820806871582271924e+01
8.388153527032314116e+01
8.757620431588374288e+01
9.237112543510079377e+01
8.880220902113909176e+01
8.900836994438898842e+01
9.283924206940125146e+01
8.521286444513341962e+01
9.011736828986526859e+01
8.706075562287526282e+01
9.261611226481636550e+01
8.980679805179055109e+01
8.905859780455445218e+01
9.038792145873176764e+01
9.108715123046815165e+01
8.850361863430894971e+01
8.732360323143021219e+01
8.748802562184219767e+01
8.599616693746466467e+01
9.365202603467793097e+01
8.800789718063839473e+01
9.048756726636452186e+01
8.489554857866555437e+01
8.952022456938722428e+01
8.717676746969456758e+01
8.848857099256753145e+01
8.955662442603272666e+01
9.145360858386588632e+01
8.731629603888245583e+01
8.924379859401543058e+01
8.889914706104285358e+01
8.736808945391925363e+01
8.501466089268390647e+01
9.178520346376842554e+01
8.768493620221420315e+01
9.138394760069098766e+01
8.658281226294343469e+01
8.893387226730119721e+01
8.868624986488578088e+01
8.819299517199097238e+01
9.134280034318840080e+01
8.435727716572750978e+01
9.253992190621541170e+01
8.519703118575502288e+01
8.876649467741047772e+01
8.763373530565785074e+01
8.714572891325737203e+01
8.850002302080621064e+01
8.771439138194399732e+01
8.500256755453763446e+01
9.232567208254113211e+01
9.014167190092315707e+01
8.143536589021776706e+01
8.974134912997057256e+01
8.958046138310217543e+01
9.044712723303538837e+01
8.798936366590481839e+01
9.088343630608723345e+01
9.253825163849293745e+01
9.099554262536008764e+01
8.723823550665059656e+01
8.740137319560666640e+01
8.658929600222548117e+01
8.683624354037780790e+01
8.884607337071587096e+01
8.699799610630650193e+01
8.714314103325068572e+01
8.882281675429983636e+01
8.579883570063780951e+01
8.543792447132068446e+01
9.055794593365428113e+01
8.975951151544657591e+01
8.754357693867966361e+01
8.990009629813503977e+01
8.719061467402703158e+01
8.629107427992678936e+01
8.587992189320428338e+01
8.697073418912182774e+01
9.200632531046362317e+01
9.029392611199534713e+01
8.854190882622050651e+01
8.669955548259783029e+01
8.472860211958730758e+01
9.128689463045168395e+01
8.824855710333463321e+01
8.479543939030040178e+01
8.726151891752807899e+01
8.480083452863200932e+01
8.755871832242600306e+01
9.228602034557708578e+01
8.178937600661016916e+01
9.283895614015973763e+01
8.893548777259350402e+01
9.287236209343849680e+01
8.511600017436047949e+01
9.215060087579105641e+01
9.257583626854682279e+01
8.761305506584943714e+01
9.060462843830485724e+01
8.763449048097477601e+01
8.314388766154932853e+01
8.871150703248284231e+01
9.209576372665226529e+01
8.895989015556658330e+01
8.917280218009270243e+01
9.039612511386459914e+01
8.829954833443446205e+01
9.246660284370348393e+01
8.675084698586672971e+01
8.748781856033370730e+01
8.865325098869686826e+01
8.972740931211852455e+01
8.294688362461012332e+01
9.104043360211765901e+01
8.846690770086695466e+01
9.164631241348014612e+01
9.444408913370079972e+01
9.224428596556043658e+01
8.436719522446165342e+01
8.815884738079938643e+01
8.649084409875516144e+01
8.984443720105605280e+01
9.085572820345974776e+01
8.724694430471279816e+01
9.196383645658913508e+01
8.922467396122632977e+01
8.914615765808672165e+01
8.895388138212058493e+01
8.702144979720134188e+01
8.466089773933994422e+01
8.905139724241404053e+01
8.654938059488806346e+01
8.611355570126346493e+01
8.576707027645213088e+01
8.904337823109474925e+01
8.855135968534756330e+01
8.649861784450725111e+01
8.542622062844245079e+01
8.645913523905684883e+01
8.727148344367230948e+01
9.156157197314041696e+01
9.654856287893825595e+01
8.793697073903040007e+01
8.417035831552372827e+01
9.344278452559400705e+01
8.905732265309957540e+01
8.844641718378450435e+01
9.108914422996541305e+01
8.512276218985807930e+01
8.987568577445301798e+01
8.973242460345191773e+01
8.615582348722730899e+01
8.481472848314443524e+01
8.644888202120297649e+01
8.604017474110823116e+01
9.213794629183455243e+01
8.956902680215642931e+01
8.591449977118443826e+01
8.291039915762047485e+01
8.943091849546949845e+01
8.571302702971078702e+01
9.135125551146700218e+01
8.920647999000917139e+01
9.281864987453928961e+01
9.000954545348417923e+01
8.213564303265681588e+01
8.755395488352039024e+01
8.759046393288957688e+01
9.062287749817198801e+01
8.614667502154452450e+01
9.329986606426233209e+01
9.358243441856458844e+01
8.910104114312350987e+01
8.560172619714050768e+01
9.136475158405113461e+01
8.962794233655966991e+01
8.974116835490907818e+01
9.070247833812797467e+01
9.231105385819165576e+01
8.927615062823051062e+01
8.962939156830213960e+01
9.038610101394273499e+01
8.434133723916744430e+01
8.911379688462680804e+01
9.050728120643080388e+01
9.046572069428000873e+01
8.537214480873484490e+01
9.084020477236029478e+01
8.898563864991552919e+01
8.736263136395568552e+01
8.729752160117449478e+01
9.461180935171219630e+01
9.029490209141094681e+01
8.384572213629193982e+01
9.394787691601641200e+01
9.069260924035751259e+01
8.550294697007356604e+01
8.886210960870158715e+01
8.700134884363436072e+01
8.675954526495283403e+01
8.277898056229679469e+01
8.989207169189158719e+01
8.529974703587977558e+01
9.241105786451612403e+01
9.006769435567700555e+01
8.811461034493503064e+01
9.016874058236852818e+01
8.745763657977960293e+01
9.036945856431567847e+01
9.125159319700061644e+01
8.986831941646555322e+01
8.860355828286736823e+01
8.806244962480184313e+01
8.539173057011431922e+01
8.326982911917865238e+01
9.184431261013970982e+01
8.638564268141202263e+01
8.630858075092511683e+01
9.048436610061609997e+01
8.792158394843499991e+01
8.877728297257793599e+01
8.835789048138053658e+01
8.698820500962546021e+01
8.590376922237916801e+01
8.709054946344173231e+01
9.080863855622538949e+01
8.659964368677880486e+01
8.362966128322516113e+01
9.594232722223080145e+01
9.122349965690814599e+01
9.308819204749168819e+01
8.821685045845021023e+01
8.694730028767241947e+01
8.574625084597178670e+01
8.656519340754195468e+01
9.086393662545914651e+01
8.977807986477745317e+01
8.838072238459329810e+01
8.651431961015826744e+01
8.578168862798810324e+01
8.961003251130271963e+01
9.356069185719347558e+01
9.346424640169230713e+01
9.033634698169636579e+01
8.784696918861216375e+01
8.707948636397604503e+01
8.728627236774752873e+01
8.670914952604306336e+01
8.802286586505468335e+01
8.595753571359048806e+01
8.865300426584025217e+01
9.210597654652704591e+01
8.780068164930631269e+01
8.866264316255653455e+01
8.547521879127701538e+01
8.233979679918716954e+01
8.854973388038143867e+01
9.494418402595431417e+01
8.443232985506413968e+01
9.412253693620819206e+01
8.668919584200537543e+01
8.987145645626129919e+01
8.860715772036245141e+01
9.167109163669022109e+01
8.672335758946664441e+01
9.252081974925471286e+01
8.902327577410409276e+01
9.453985375771584643e+01
9.122884804373461520e+01
8.528521307212946567e+01
9.048009537054346652e+01
8.521537152726135389e+01
8.611925304273248116e+01
8.763689036076584671e+01
9.024937725546749334e+01
8.805391332394624726e+01
9.327200940039382715e+01
8.793591059897465811e+01
9.044737977183352484e+01
8.827746661847390897e+01
8.792760757086972490e+01
8.505533850130434814e+01
8.426632263698084557e+01
8.275358742751899399e+01
8.771714664631745961e+01
8.420029756733063664e+01
8.358915872150153348e+01
8.724670198728647108e+01
8.069233977045627171e+01
8.954995237731267821e+01
8.689812246281205432e+01
8.502734709163553362e+01
8.886184919072121602e+01
8.794822373172432606e+01
8.794665722857028811e+01
8.552682530372382530e+01
8.948477958993048276e+01
8.952664448707344036e+01
8.903394873123311015e+01
8.606976116913249086e+01
8.626230977103281816e+01
9.193407379595809914e+01
8.961113001751077434e+01
9.366620608056247477e+01
9.083447791525503590e+01
9.622646767675172441e+01
9.625102751937936318e+01
9.071795791451157243e+01
8.964841078420707277e+01
8.715453526875052148e+01
8.371253694397559286e+01
9.285383927466729403e+01
8.639057396761585039e+01
9.166921769237855244e+01
8.513325354294332215e+01
8.945113406241451059e+01
9.136303580816839087e+01
9.143203276992291251e+01
8.950287297631938088e+01
9.092518527741469825e+01
9.025664266191975571e+01
8.840554799233615313e+01
8.530923513861793595e+01
8.918800029005352314e+01
9.149767843073492202e+01
8.883970754860820307e+01
9.014601740325937840e+01
8.972174298108379276e+01
8.444701465402853557e+01
9.061235214551211925e+01
8.722933580413244670e+01
8.493598480937475870e+01
8.839556559251968793e+01
9.303866377807008803e+01
8.687439007219060727e+01
8.284513937353361257e+01
8.461432285365501116e+01
8.847509594323624071e+01
9.031107690871469629e+01
8.775778809079007203e+01
8.389870825988487013e+01
9.063605353902306661e+01
9.211636720572114712e+01
8.459127203808587581e+01
8.856445611069908352e+01
8.879009407365360573e+01
8.968328974714393098e+01
8.876316645371588265e+01
8.326191980303261175e+01
9.009537666650082599e+01
9.061588461665820660e+01
8.707122160084534812e+01
9.188822682769607297e+01
8.764503568312089499e+01
8.649725462776603990e+01
9.236419273584382950e+01
8.650362966740179615e+01
8.893295484661308592e+01
8.844859543825371873e+01
8.978180586335001578e+01
8.976037225896077132e+01
8.794631307615360072e+01
8.841715521283428814e+01
8.457150000424778113e+01
8.364949137509410093e+01
9.184197416926433277e+01
8.549514677889651182e+01
9.403902224343201510e+01
9.123216311536025103e+01
8.540213309670124886e+01
8.701337025000991332e+01
8.722034538146920113e+01
8.925738363805412234e+01
8.874292891732463318e+01
8.830632217601902312e+01
9.161204129703361332e+01
8.661243952902472643e+01
8.578180950014898087e+01
8.728595413160408611e+01
8.732321580218176393e+01
9.460512841134422501e+01
8.921383422122843854e+01
8.806939471131590835e+01
8.618586286340251945e+01
8.863653289599668028e+01
8.806161981802797811e+01
8.858334245768408266e+01
8.884168984392542257e+01
8.644043844544759736e+01
9.234037903418906978e+01
8.514165673958174807e+01
8.853494897975870970e+01
8.668173554335896824e+01
9.180921301168190496e+01
8.961154066828088105e+01
8.635113446522025527e+01
9.101155567627139931e+01
9.165838663381818208e+01
8.566591132836575184e+01
8.488091558193993080e+01
8.933658338357736284e+01
8.488661185392635389e+01
8.443254433206304554e+01
8.981318202766198056e+01
8.686475126225224130e+01
9.057559875296345808e+01
8.572417939871057513e+01
8.647649982985697648e+01
8.557166150067135391e+01
8.492823140523405812e+01
8.504571941699762760e+01
8.768018480843817031e+01
8.970900586833433010e+01
8.755887504929509646e+01
8.398393579013661281e+01
8.823538189103419427e+01
8.843811903789577400e+01
8.603994244601774710e+01
9.026255870970683759e+01
8.530368980563872583e+01
8.632697103759696233e+01
8.731956211003000590e+01
8.634643069991813036e+01
9.268243520160817184e+01
8.891420220547344400e+01
9.045826821037267962e+01
8.961961186688708381e+01
9.012237872916095682e+01
8.909765388920212104e+01
9.038887804693438000e+01
8.371338227350582883e+01
9.083904436832534657e+01
9.068383262496526243e+01
8.754760960899966449e+01
9.152830264222555456e+01
9.080694225556598553e+01
9.023411640256492205e+01
8.660657275088753693e+01
9.293765700496857107e+01
9.218467026916454188e+01
8.191021698524301087e+01
8.712900471053461615e+01
8.968623578415510167e+01
9.004499359761365440e+01
8.904470778881791659e+01
9.316018633031760032e+01
8.768737578154720325e+01
9.022832039153234973e+01
9.425102452881881732e+01
9.274260170793101565e+01
9.123356881148457376e+01
8.893626139139290387e+01
9.014176288532229364e+01
8.809233485435974842e+01
8.357629464114545215e+01
8.885081405414089772e+01
8.865655143493157198e+01
8.291090572692843352e+01
8.791264828986962243e+01
8.982001721049984155e+01
8.171526284418276020e+01
8.714926650942771857e+01
8.539805037445388791e+01
9.083654324770920141e+01
8.585292136704794075e+01
9.001101079951918393e+01
9.218473664836794512e+01
8.282563608804250066e+01
9.156615909556187205e+01
9.114362426084446156e+01
8.993821303709067649e+01
8.753239571627376847e+01
8.803352902734491181e+01
8.378061014243759530e+01
9.045831359787580084e+01
9.108513243557638361e+01
9.003619501449051654e+01
8.515596509169741068e+01
8.598001156803270817e+01
9.060252314907350524e+01
8.950875975971922571e+01
8.576122027927969782e+01
8.530051511349871873e+01
8.599433637597425673e+01
9.228502872182775718e+01
8.999545658748617427e+01
8.433762274816491811e+01
9.000747065264515356e+01
9.064189544475087246e+01
9.023677474598626702e+01
8.753253397453551088e+01
8.652277348994168449e+01
8.714915543028521938e+01
8.998151983020585476e+01
8.535580028441006561e+01
8.787836923244466902e+01
8.827613142769119747e+01
8.954003878045568854e+01
8.708259594774123968e+01
8.999115018627884410e+01
8.327623696900512584e+01
8.623127520514556466e+01
8.766449522829246632e+01
9.197914373395462917e+01
8.519362441078189363e+01
8.425202507287838216e+01
8.509578940999254826e+01
8.622009185802237141e+01
8.906410601852408604e+01
8.667423096960300199e+01
8.358362531362327275e+01
9.058313658036432514e+01
8.537134658154099043e+01
8.691429680074742237e+01
9.152192901181777529e+01
8.985465292279714333e+01
9.178882921336118272e+01
8.515296456867187658e+01
8.637965723852768463e+01
9.380338244963763827e+01
9.136278807995952889e+01
8.736072477092392319e+01
8.572460127392955087e+01
8.843533069148062964e+01
8.555492445368587084e+01
8.873263315484307157e+01
8.940747182410618166e+01
8.641401788078211155e+01
9.213273715384130469e+01
8.876067375525967407e+01
8.455876211032214940e+01
9.542637053007261727e+01
8.780035816112489044e+01
8.609911134576861969e+01
8.547149442403775765e+01
9.540319467776492957e+01
8.445186378322749476e+01
8.714639532443649728e+01
8.778446411868678467e+01
9.363358216118066935e+01
8.965457071795782440e+01
8.807790821637284751e+01
8.507672058166880902e+01
9.474890937068039420e+01
8.739805503722672597e+01
8.774270239230401103e+01
9.111291799241398337e+01
9.445575286210593902e+01
9.204271026695776925e+01
9.076909424683172745e+01
8.921662869594844381e+01
8.887754758619982454e+01
8.689155331410061933e+01
9.223473350023822093e+01
8.591009094883187913e+01
8.865079949810105120e+01
8.850673570535028034e+01
8.702056318099955945e+01
9.168137620400953836e+01
8.739749476787144999e+01
8.477405253858681533e+01
9.708217656627110159e+01
8.490552937532235944e+01
9.137400127511922676e+01
8.756549090034616256e+01
9.316524559335044842e+01
9.036602722731228710e+01
9.269511117934415267e+01
8.759247414866071324e+01
8.833380525626554913e+01
9.117915637532462370e+01
8.924746726167947486e+01
8.644412666259994182e+01
8.403397609849777439e+01
8.464510125877940538e+01
9.323024963841722013e+01
8.674057571172075143e+01
8.657154838931707275e+01
8.789421619312719258e+01
9.064479609266641091e+01
9.188709354130577367e+01
9.132560470605807268e+01
8.387219166093053957e+01
8.805173413225764989e+01
8.711459712223216911e+01
8.535766631776166946e+01
8.591329648398411223e+01
8.934910243977432742e+01
8.679264052744574087e+01
8.803698937246399225e+01
8.914264936041296039e+01
8.919114468116018202e+01
8.998050127052071900e+01
8.586267104829545360e+01
8.481866359559964508e+01
8.497035116365229612e+01
8.639175042174287000e+01
9.422014191253089166e+01
9.224158042824844017e+01
8.806594410702895459e+01
8.789124452971942958e+01
8.464047545002765105e+01
8.793983783287620781e+01
8.609216957634428979e+01
9.407998996056031160e+01
9.082192185807815576e+01
8.756944498966032597e+01
8.584734289973512489e+01
8.472166063005850845e+01
9.391785843135340883e+01
8.499843108677846715e+01
9.147559812907178411e+01
8.884848632341223151e+01
9.169397277145309033e+01
9.154402003699661350e+01
8.728256904693037654e+01
9.023948131304923947e+01
9.691224493403107942e+01
8.536055879126077173e+01
9.167943224493762955e+01
9.081718193055498034e+01
8.413466506285513447e+01
9.041096551907506296e+01
9.084188057618332834e+01
8.753804859517454418e+01
7.953343072341448305e+01
9.150652181749813963e+01
8.722128512750209950e+01
8.785176328534294043e+01
9.047122490820571272e+01
8.641645234101881101e+01
8.527291532482556136e+01
8.642708470217183958e+01
8.684855948564373307e+01
9.073099791716376217e+01
8.392423681822455706e+01
9.484038941938240441e+01
9.010848866269581947e+01
9.051930269995592937e+01
9.254666739840308765e+01
9.031565081540617257e+01
8.790368019075718564e+01
8.983685296254263619e+01
8.435676374523012555e+01
9.019468371649909955e+01
8.875494822821252683e+01
9.021640344791755695e+01
8.653752604756193989e+01
8.802520255167890184e+01
8.896767124619925937e+01
8.906156212817816709e+01
8.906366294130710060e+01
9.279621354883938977e+01
8.977855779530565883e+01
8.840777121568790164e+01
8.786963375382215702e+01
9.430426012320396012e+01
8.714711446566194297e+01
8.682492205918778438e+01
8.643265470949285145e+01
9.249265618400900735e+01
8.726144754347915011e+01
8.384275625286147715e+01
9.190539381042711398e+01
8.769621210221663432e+01
8.975953153635862236e+01
8.706310731089671151e+01
9.069733032397049044e+01
8.262333604889543892e+01
9.041145244297652539e+01
8.833059201530949167e+01
8.923463336471475316e+01
8.647856641045851234e+01
9.061012483711574816e+01
9.445354224581390667e+01
8.666874496339491429e+01
8.943863167578153650e+01
8.727185219340782396e+01
8.880841852362956956e+01
8.667600362913643153e+01
8.269397785936611456e+01
9.191459831778765022e+01
9.426351865422502385e+01
9.076464815365773120e+01
8.880971105024416090e+01
8.860257645154710815e+01
9.082892645230745643e+01
8.682416249339907210e+01
9.178995777323149241e+01
8.722066398927199771e+01
8.574211492911751975e+01
8.773012550255951680e+01
8.680726544343188777e+01
9.449795294646104082e+01
8.912730041954189630e+01
8.088877585454481789e+01
9.209494623263796598e+01
8.089655577769477190e+01
8.542229803465164650e+01
8.614391492379286319e+01
9.248622019912116343e+01
8.598814974989656434e+01
8.491271039732474435e+01
8.293778401059599048e+01
8.870043052891941215e+01
8.949062428153466442e+01
8.408573888519856609e+01
8.874195496322946042e+01
8.847295740645120077e+01
8.912319917730211216e+01
8.751475491306409538e+01
8.429968783064697391e+01
8.677672159647795525e+01
9.081831468349764691e+01
9.156703712491076885e+01
9.077371898822886465e+01
9.020196466681353797e+01
9.065215837559405543e+01
9.286776170055905766e+01
9.066193200147213815e+01
8.678814377628526699e+01
9.154688233805734399e+01
8.964878635343106339e+01
9.495975903997832290e+01
8.944246975005263778e+01
9.223404157116529234e+01
8.389613186179397530e+01
7.770879653929425501e+01
8.833167772117296579e+01
9.088988745615571929e+01
8.419726512672897911e+01
8.683207848896554992e+01
8.891119924918658057e+01
8.883472544938074122e+01
8.757550169243143046e+01
8.924342084153576593e+01
8.704354926950610150e+01
8.801254038187911988e+01
9.106865975039109173e+01
9.256106562219163436e+01
8.987580868202782369e+01
8.158499034725093679e+01
8.927813170343266336e+01
8.940357137497103679e+01
9.379685922263826114e+01
9.019427402368657454e+01
8.985544354400447276e+01
8.947063954892772131e+01
8.882090982132037027e+01
8.709572614335412766e+01
9.344307216846524966e+01
8.789972344722120567e+01
8.455149484361311352e+01
9.171702672811333912e+01
9.094639144421481092e+01
8.362456955145850657e+01
8.845208697132451903e+01
8.987879487780961085e+01
8.991050312377275588e+01
8.971725656358030676e+01
9.132898391596204135e+01
9.216018313523763084e+01
9.341164997054549701e+01
8.785794002347188325e+01
8.798026175176369179e+01
9.020306159784071554e+01
8.802040992308046441e+01
9.266730279804714598e+01
8.662988003951836902e+01
8.371727450852993968e+01
8.321842725813259278e+01
9.408237817798371339e+01
8.750580378793399916e+01
9.095619110261729645e+01
8.756269468024973435e+01
9.137857245963215291e+01
8.735635193358878325e+01
9.103454013505130149e+01
9.003391906153179036e+01
8.844983811158679998e+01
8.661287164350450496e+01
8.967768970393744610e+01
9.300046643246076883e+01
8.813398443646218539e+01
9.203182717430603077e+01
9.208799553266916860e+01
8.592030441643711924e+01
8.945594839159520006e+01
8.792714428929980386e+01
8.557114536019315665e+01
9.110401164877363556e+01
8.993622410288428171e+01
8.994830326553875466e+01
8.834612232015720679e+01
9.521046480388976363e+01
9.489325033168346124e+01
9.092448015580818321e+01
8.726232340517368868e+01
8.780490676590940780e+01
8.982706379356766035e+01
8.895961050249813695e+01
9.181188677166117884e+01
8.855259550475726371e+01
8.254206133015459557e+01
8.500508006317255649e+01
8.468696570420293313e+01
8.642369172157889068e+01
9.116588138509759176e+01
8.509522245242513350e+01
8.571306619354537304e+01
8.875616741299793944e+01
9.063756959464852514e+01
8.793739560648721465e+01
9.265854779032542865e+01
8.931894157816147128e+01
8.612939015132565146e+01
8.819458811665055009e+01
9.044603489366419069e+01
9.322057842599653554e+01
8.655983625356387279e+01
8.505138098496657051e+01
9.003208520206395349e+01
9.023498856166963833e+01
9.176198037734164359e+01
8.815749984134984629e+01
8.712407507461669809e+01
9.104590194290651084e+01
8.861262102908632698e+01
9.234275997591699081e+01
8.600611585269633963e+01
9.231830206275094497e+01
8.841401900932062574e+01
8.817780765323857395e+01
9.158647460309443034e+01
9.270410211757742047e+01
8.854354311031869429e+01
8.763930275717490304e+01
9.140465645852506782e+01
9.239110652270525748e+01
8.718468066739912103e+01
8.913421838997128077e+01
9.161732307110918327e+01
8.244530008713272196e+01
9.031153621783751362e+01
8.957940062208754739e+01
9.420421781642579617e+01
8.842518951078317002e+01
8.927967174839058373e+01
8.796598375841050199e+01
8.942668615763346907e+01
8.896975975240368939e+01
8.954789884300348035e+01
8.722141926338390761e+01
8.615993632939891711e+01
8.466818212694798262e+01
8.814200291018306643e+01
9.042770692547875910e+01
9.551166256891578143e+01
8.810822484064995308e+01
9.366705477933180646e+01
8.801414974236980981e+01
8.779908039794398178e+01
8.860293573612926821e+01
8.732708480110574101e+01
8.746028514525785624e+01
9.101837955621337528e+01
8.821514827670058878e+01
9.429098224290260077e+01
8.335224746161294718e+01
8.558317714420105915e+01
9.347111070708628233e+01
9.236044965726016187e+01
9.204436657430672142e+01
8.649804515734675192e+01
9.147368682011585861e+01
9.262839538545846096e+01
8.824000534177457666e+01
8.878578155990911114e+01
9.170404889572586171e+01
8.799035102972895572e+01
8.803504454796308210e+01
8.681058034871614382e+01
8.554026593999310535e+01
8.816324540070064586e+01
9.209757783185891356e+01
8.928499258178577236e+01
8.932253898633121025e+01
8.558606150800993362e+01
8.616716166805858279e+01
8.760187258883273387e+01
8.905985695155045789e+01
8.938276162343753128e+01
8.803707344287168723e+01
9.281110611308407954e+01
8.719642105011131150e+01
9.161091674134871710e+01
9.419105714975805199e+01
8.862744611114918314e+01
8.879542825351155955e+01
8.847609729561122549e+01
9.049904018546148166e+01
8.911910949103564406e+01
8.730433444821879618e+01
8.543728765167365680e+01
9.072755532108199361e+01
9.519593193927164521e+01
8.946765699279363560e+01
8.985995288835667338e+01
9.147617224519323997e+01
8.718571052621155104e+01
8.420282124012436498e+01
8.752526984850588576e+01
8.942266248434019360e+01
8.925193651404308071e+01
8.713066558489551028e+01
8.744140275755768243e+01
8.433922991074894071e+01
8.819333427138055015e+01
8.880213752371277280e+01
9.015484908544333109e+01
8.982723793195251005e+01
8.134026154581661672e+01
8.806964614939543878e+01
8.483959273905068699e+01
9.203824661109996441e+01
9.409834326406689797e+01
9.025604931069548797e+01
8.994384270108470503e+01
8.913568140089320480e+01
8.932985747218168626e+01
9.169260984136276704e+01
9.008604869112475910e+01
9.089898070391754459e+01
8.731635302779130825e+01
9.259017998169635177e+01
8.550666463820273577e+01
9.233026212358885232e+01
9.030341901251472336e+01
8.591395947196068050e+01
8.369423634831865400e+01
8.583130097224484700e+01
9.395690411897030003e+01
9.386419532683150635e+01
9.111649142910184196e+01
8.269631127681833505e+01
9.111038187867343652e+01
9.045233430828103849e+01
9.190217216579969772e+01
9.245497460038956206e+01
9.039584150069870816e+01
8.719862218044417546e+01
8.802968784634271060e+01
8.994191842133569992e+01
8.601158407028313491e+01
8.636369457683353801e+01
8.880863884680397291e+01
8.947745712372876881e+01
9.240847423361185520e+01
8.963470302096426678e+01
9.080745429527598844e+01
9.022717569323796738e+01
8.754081136945623598e+01
8.745714898806588167e+01
9.077874774010270187e+01
8.478128254165784483e+01
8.934986498867259286e+01
8.687471209041949294e+01
8.773806878205154192e+01
9.088505614179597103e+01
9.298503434678332269e+01
8.700307560118847050e+01
8.952333780876287506e+01
8.527151810671026055e+01
9.461171710665203705e+01
9.126057241136430775e+01
8.754123970198455140e+01
8.796102144412149926e+01
8.759257904163926867e+01
8.919101595400488236e+01
9.470706570396244217e+01
9.246935004308807038e+01
9.000194921394599135e+01
8.275973818357955736e+01
8.734600633814243054e+01
9.044297542964800130e+01
8.892611982889374644e+01
9.164687321931170061e+01
8.868917134883132292e+01
8.960845958701024472e+01
8.657083604379491248e+01
9.470584586435940366e+01
