1.433720651901581675e+02
1.456456935625470805e+02
1.474067420220874851e+02
1.444170292303126075e+02
1.477106367205891218e+02
1.467947023590723745e+02
1.445783152856635070e+02
1.432406744021626253e+02
1.426481725288237214e+02
1.447948577185207171e+02
1.435656813924054234e+02
1.452674791557037111e+02
1.409583255158586610e+02
1.428177598228508032e+02
1.409811650991485976e+02
1.459863336505825941e+02
1.421025734080807297e+02
1.454520839991157857e+02
1.397694348162987410e+02
1.427453965388441475e+02
1.440554530579083519e+02
1.404977082254050060e+02
1.462121953928490825e+02
1.462331691329622743e+02
1.453713557332581559e+02
1.438786081649864173e+02
1.443670119165102506e+02
1.435463365636975652e+02
1.422299802386626482e+02
1.419552510451288470e+02
1.406179009629134953e+02
1.417902754701417791e+02
1.409325044566899976e+02
1.428156985721754495e+02
1.447680189151130605e+02
1.455414383383033794e+02
1.430470726537081987e+02
1.437373318659876418e+02
1.435261795718853932e+02
1.479564318977992343e+02
1.438500294787136511e+02
1.422330023188424377e+02
1.446128167918611496e+02
1.453587642231513257e+02
1.443989453155592741e+02
1.457869373357914640e+02
1.427993886999764470e+02
1.441592999415331064e+02
1.427539585585138582e+02
1.456171682311781410e+02
1.456426632360941085e+02
1.439509160040698532e+02
1.433938850731767047e+02
1.425745742873884012e+02
1.424948703097442717e+02
1.420602672996996034e+02
1.445469981420742158e+02
1.421666090862532030e+02
1.409903903323325096e+02
1.447435555251805681e+02
1.455313196842828063e+02
1.452613497384991490e+02
1.438494058175595569e+02
1.428392482466546483e+02
1.430169091924714735e+02
1.429852494656638555e+02
1.428204828010703693e+02
1.433755418751803177e+02
1.420670897297135866e+02
1.424724061671149684e+02
1.429344342343232483e+02
1.418777975443710488e+02
1.442981027483904768e+02
1.456433285763240519e+02
1.447168513772664653e+02
1.463003347291482612e+02
1.447641292725010942e+02
1.423098193359127492e+02
1.440117782288592139e+02
1.417929683444964439e+02
1.421405104641191315e+02
1.448330839888656385e+02
1.427055219904765977e+02
1.442715127488130236e+02
1.454989660957916726e+02
1.419143761072387804e+02
1.427541056394209988e+02
1.426036077772483566e+02
1.458561659700215216e+02
1.420235946689167008e+02
1.475303311233980139e+02
1.464101014565068795e+02
1.448409890624465390e+02
1.440985371343624593e+02
1.453213269088094250e+02
1.453608704749517244e+02
1.447822006299985276e+02
1.429569310649132206e+02
1.412959119025178438e+02
1.438065828669570863e+02
1.440057977136663396e+02
1.413625073897453603e+02
1.452076552896223802e+02
1.470312102087232802e+02
1.428301987549392322e+02
1.430314158914778773e+02
1.444760505992134085e+02
1.446506891237867762e+02
1.461700556179473267e+02
1.453419876336199081e+02
1.426901931617942410e+02
1.454799625952909423e+02
1.426990912924972577e+02
1.418466373831167857e+02
1.463422342721229086e+02
1.456942760747754448e+02
1.415505713216164452e+02
1.460136514123783513e+02
1.454686587611492143e+02
1.458042558560539703e+02
1.458903640053066795e+02
1.421444087208397775e+02
1.446255708170136813e+02
1.463273995597121768e+02
1.426695095084546097e+02
1.442696691841971699e+02
1.398743519726651812e+02
1.444134507930503162e+02
1.440062149406245737e+02
1.441006602892943533e+02
1.451989602481986026e+02
1.435352328263188610e+02
1.440806998587461010e+02
1.464829525533390040e+02
1.443696675028349148e+02
1.436082989091347883e+02
1.436566376850431652e+02
1.442474293087504122e+02
1.435703858774663217e+02
1.425715191852269470e+02
1.428193101245819321e+02
1.440371067258618041e+02
1.435132364901767517e+02
1.415215432791580952e+02
1.411629948203642471e+02
1.404809725535112364e+02
1.418166480930980242e+02
1.417422716311876911e+02
1.424127963979374556e+02
1.433539714231860103e+02
1.459386398084579355e+02
1.435333229258162362e+02
1.417217604687088510e+02
1.421950403920525901e+02
1.419342927182904646e+02
1.449826418424616747e+02
1.466375504369374312e+02
1.413920839848211983e+02
1.415564545483514678e+02
1.425268587738522399e+02
1.444465479772043182e+02
1.434313210932826337e+02
1.452675546758264034e+02
1.410684564956353029e+02
1.431207979272418527e+02
1.440877067471871555e+02
1.403344551798934390e+02
1.450893095271244420e+02
1.448872488505487297e+02
1.455449693248910137e+02
1.447971096975994953e+02
1.458764983600621576e+02
1.461358145243475803e+02
1.410627880822404165e+02
1.441946609953237157e+02
1.437392821250650456e+02
1.450777190962735119e+02
1.465992845630564716e+02
1.455829287915327939e+02
1.496677153086992860e+02
1.433708986019151723e+02
1.464739493947686242e+02
1.444091643797658548e+02
1.449808059241757405e+02
1.458875514887999998e+02
1.416933943543735666e+02
1.427235868544128721e+02
1.425242226800903325e+02
1.433378898803138384e+02
1.450233128097565611e+02
1.446162781849402847e+02
1.409143645578581925e+02
1.425794412395681547e+02
1.476833985478502314e+02
1.430548455428854595e+02
1.449214517521219818e+02
1.448697379335885387e+02
1.430296884638792392e+02
1.429917381858728334e+02
1.415799407424581204e+02
1.423741423947334681e+02
1.433560584953847297e+02
1.453413691609856926e+02
1.416037139769238138e+02
1.432973720139985403e+02
1.447616437446248483e+02
1.425777321222146554e+02
1.464280919554118725e+02
1.434909239701693764e+02
1.436235522572190177e+02
1.465549263094771675e+02
1.441055171991305883e+02
1.456991532680675618e+02
1.439620052225112374e+02
1.445215695296560909e+02
1.412874967907941652e+02
1.419444308993345487e+02
1.447964770913700079e+02
1.428747408063624107e+02
1.428961261189433571e+02
1.447351259017797247e+02
1.425244849206862909e+02
1.419975599760568343e+02
1.432618482280848013e+02
1.446693944608554148e+02
1.440367983263095368e+02
1.435111250395251261e+02
1.422436945499835588e+02
1.429773180938650228e+02
1.439336053941423188e+02
1.403503117484225413e+02
1.461121159665726452e+02
1.417580532922571024e+02
1.441699300147944882e+02
1.452078722888727782e+02
1.449347669223630533e+02
1.426058551112524242e+02
1.448629301698021834e+02
1.421922710352661170e+02
1.424484283467474484e+02
1.465826726304739793e+02
1.449823766566979373e+02
1.390260078074824150e+02
1.467828782158437377e+02
1.450649783901519356e+02
1.429264819700918849e+02
1.428399839836341130e+02
1.463271280544730644e+02
1.456350633505254848e+02
1.418974770736720643e+02
1.431272497955012284e+02
1.421474979554947993e+02
1.456489470940040860e+02
1.444188624698218462e+02
1.423635150371210898e+02
1.436248162349564836e+02
1.423614053943453257e+02
1.426807471009884694e+02
1.445146782244646602e+02
1.444255826021311293e+02
1.433355375369212084e+02
1.460027525364430119e+02
1.428511928706187462e+02
1.434897081760413755e+02
1.448809482432893674e+02
1.459288746301802746e+02
1.457404480092453127e+02
1.440218096162590484e+02
1.449643791017672640e+02
1.444911004680661506e+02
1.437661174640594766e+02
1.428416614235809732e+02
1.440999043589640110e+02
1.427205423583066590e+02
1.458120215647000180e+02
1.441482178297658550e+02
1.462297461592482080e+02
1.431576146194167336e+02
1.447571639998497517e+02
1.439759216675160758e+02
1.453237917531883170e+02
1.441320593052543018e+02
1.424757954750209308e+02
1.445724199590136720e+02
1.427119850483731227e+02
1.452924472278658357e+02
1.429010390489589497e+02
1.449372713365429490e+02
1.449992057946018917e+02
1.457846977097742638e+02
1.446972648703835489e+02
1.420793989498095868e+02
1.433942066019014874e+02
1.428318234388841574e+02
1.427624716072333797e+02
1.453038010156800794e+02
1.428655246356488533e+02
1.422045610712335133e+02
1.419707404358941290e+02
1.459253339676897667e+02
1.457251898979095586e+02
1.439537315468138274e+02
1.447881800524683626e+02
1.459247718116230033e+02
1.434543382786472421e+02
1.443669530719615466e+02
1.441989432123421295e+02
1.433747466783157165e+02
1.422765136872702953e+02
1.415663046202769237e+02
1.433630227767557415e+02
1.460299055443940404e+02
1.430158354409144863e+02
1.429080269056710222e+02
1.417434896948587379e+02
1.442478278743716942e+02
1.418630090668973764e+02
1.428936578672685869e+02
1.432764419064186825e+02
1.417154102460216052e+02
1.470602870792835688e+02
1.411350618147490081e+02
1.443724373661910363e+02
1.459228591940178887e+02
1.420445698662735765e+02
1.454893291717625061e+02
1.444893594927640663e+02
1.474354030637273638e+02
1.442642554988671577e+02
1.445754421941917371e+02
1.446088532462829335e+02
1.442038029327850666e+02
1.481848528744127975e+02
1.443657912570505175e+02
1.417055480836004620e+02
1.439275538922869657e+02
1.461042722443012281e+02
1.412153171882120546e+02
1.439786864577899337e+02
1.466462151621894350e+02
1.430049387354096666e+02
1.432224605360602538e+02
1.465061902693188642e+02
1.436320024514928093e+02
1.439099649605323634e+02
1.460682375177306085e+02
1.441720575409653406e+02
1.440235220190588734e+02
1.430669342736927945e+02
1.432547296026167203e+02
1.409837322288234702e+02
1.456721548673958182e+02
1.440734482347571372e+02
1.419997956799597034e+02
1.433161212193435290e+02
1.468331526298377412e+02
1.422366292998863457e+02
1.419572150243821795e+02
1.445964246758493346e+02
1.433491114596648117e+02
1.428918520630805915e+02
1.442035593327505012e+02
1.448421262348425671e+02
1.440987330980657930e+02
1.452820543807059153e+02
1.434593995219449880e+02
1.435594172592326174e+02
1.439939232450437316e+02
1.463268508397622156e+02
1.460197696760644988e+02
1.435494462436064680e+02
1.451193487991461666e+02
1.420104462798461213e+02
1.429329216317861722e+02
1.413673070912660137e+02
1.448162794149410786e+02
1.393937066998293801e+02
1.461979734111676237e+02
1.460756814448749310e+02
1.447117762882122634e+02
1.451006224707837475e+02
1.422866545456960239e+02
1.416184883566450310e+02
1.443313419079003097e+02
1.421690494881336804e+02
1.436634804307508659e+02
1.452500337400274191e+02
1.446906102895960089e+02
1.451664497033605983e+02
1.409759870377006621e+02
1.457136576355844966e+02
1.443099930142885228e+02
1.459134173212266319e+02
1.462453056132150948e+02
1.456063438328143036e+02
1.449532164106065579e+02
1.448280492092963243e+02
1.467276028110309198e+02
1.430478195551183660e+02
1.457544031977770942e+02
1.439181820898232900e+02
1.452734143872103516e+02
1.411470004954469459e+02
1.450171656336620742e+02
1.437273006748933426e+02
1.435060788653493944e+02
1.442719158934686732e+02
1.418401982897309495e+02
1.450191457876400705e+02
1.454956733770622179e+02
1.425482890707728814e+02
1.465208509302834443e+02
1.426883431346094824e+02
1.413472026273783229e+02
1.424731812386604588e+02
1.436932739395413705e+02
1.475348577483363783e+02
1.460299871132128828e+02
1.434288035692685810e+02
1.464751933893612943e+02
1.427764721461570616e+02
1.427588498207945236e+02
1.463776437691568901e+02
1.420566881804152217e+02
1.400865498652367478e+02
1.469037589983886107e+02
1.421475742403872857e+02
1.410963396809139283e+02
1.460555907248206609e+02
1.413157520506730975e+02
1.445110741615489189e+02
1.413578409623552261e+02
1.455432348316536775e+02
1.436453483027945879e+02
1.417073373366216913e+02
1.426845911705929097e+02
1.427656008050735181e+02
1.440761732428165658e+02
1.449116508915188035e+02
1.440131486392382385e+02
1.441405618523315297e+02
1.442702974247022212e+02
1.463246400966772569e+02
1.454054360740078380e+02
1.435045747607978797e+02
1.444425685688653687e+02
1.445769193770156562e+02
1.460968678417940509e+02
1.423724460881059883e+02
1.444897208296067959e+02
1.421823922959696347e+02
1.453719796344692554e+02
1.462593321072352524e+02
1.430260617701520118e+02
1.439757576170627260e+02
1.433356878427565277e+02
1.443439138270897786e+02
1.456956922511935772e+02
1.422628534666627900e+02
1.435578329705982128e+02
1.435408293211040416e+02
1.430535927991215317e+02
1.456218035953368428e+02
1.411518998001559169e+02
1.460470011429299859e+02
1.437672644477123640e+02
1.432370167856536796e+02
1.436151583580655711e+02
1.428701399805455594e+02
1.404919425234042478e+02
1.455669585264712680e+02
1.457758535766754164e+02
1.443358884685673900e+02
1.402642448695737016e+02
1.440452199595513605e+02
1.416118811305894098e+02
1.456321073877580261e+02
1.433348820522622589e+02
1.447623404609318811e+02
1.454561636499545330e+02
1.441087342381219116e+02
1.426766658199238691e+02
1.426361439448877775e+02
1.447600083280213425e+02
1.412742226761126005e+02
1.488995075313053746e+02
1.463257620348075250e+02
1.439310577644974387e+02
1.428384247890774361e+02
1.450471997515356293e+02
1.434084351524390399e+02
1.419379074799585112e+02
1.459959742882714977e+02
1.450167979535925156e+02
1.464135885267004369e+02
1.447017919398145409e+02
1.432680663819417646e+02
1.409379080356591771e+02
1.434689843562115641e+02
1.437087624153009813e+02
1.456067060174525807e+02
1.461861295253497417e+02
1.435028315804816543e+02
1.418691114007772285e+02
1.415120801521695171e+02
1.459284854748337921e+02
1.464562919119985054e+02
1.431948087456121925e+02
1.421466192748826529e+02
1.445204940557829616e+02
1.425834962424524974e+02
1.427744681749175868e+02
1.429497725541436353e+02
1.433558145381811642e+02
1.427213152892922778e+02
1.439101789788763028e+02
1.460624935182432580e+02
1.412621066816799953e+02
1.450072879254936424e+02
1.444374533635110538e+02
1.416022544246385166e+02
1.439700322212056847e+02
1.448212508851345035e+02
1.462371220142159132e+02
1.432752930038210479e+02
1.463730754040670377e+02
1.441206577132836912e+02
1.444889495550297340e+02
1.460775932686744909e+02
1.441916979032591826e+02
1.448761612244126411e+02
1.400526435847630182e+02
1.438397038050264598e+02
1.429456314446304646e+02
1.442873116939261138e+02
1.440756757940165187e+02
1.430033291181958077e+02
1.426826959043650618e+02
1.434000548012388663e+02
1.461191046002741132e+02
1.446967925666094175e+02
1.419612366323491983e+02
1.458084109029185811e+02
1.408923852964208550e+02
1.446473106567011371e+02
1.422403487563414046e+02
1.431077398987750371e+02
1.426562604654040172e+02
1.440799814771307865e+02
1.432541848797259547e+02
1.436285579626408833e+02
1.431263104573752685e+02
1.418676226031361125e+02
1.451256159958014393e+02
1.426508159633656589e+02
1.448350902947324244e+02
1.448966637337668999e+02
1.442634625026862238e+02
1.469929022441716597e+02
1.438533722156290651e+02
1.409920379271025865e+02
1.428562398006280318e+02
1.437248581486772991e+02
1.424270300299888845e+02
1.439554570014672947e+02
1.442902535186694877e+02
1.422286776515693703e+02
1.421537290359248971e+02
1.442630101040631132e+02
1.453067440228043665e+02
1.447451529298362516e+02
1.433187589983098178e+02
1.454288440850965287e+02
1.416695794285693637e+02
1.446402329232372210e+02
1.435357832313488586e+02
1.444876709529789878e+02
1.435964770931853707e+02
1.429601537426469520e+02
1.420522180383236162e+02
1.424411871593106866e+02
1.438811333417006040e+02
1.443975755783400530e+02
1.427489006118842951e+02
1.439881864799471316e+02
1.421800676408501261e+02
1.461838892501824034e+02
1.397969836425110941e+02
1.455952955418617591e+02
1.433567683044971375e+02
1.426110371152552148e+02
1.421160271978390597e+02
1.426419380343252499e+02
1.414880948839747248e+02
1.444739077249812453e+02
1.425181387583006938e+02
1.463395009818416383e+02
1.414861457985384163e+02
1.427345638310046354e+02
1.421639610345443998e+02
1.442642196446353182e+02
1.464447143412128867e+02
1.430790483780715476e+02
1.442737279838765403e+02
1.440531086876403322e+02
1.450518482680882073e+02
1.419589689000638089e+02
1.463356306380208878e+02
1.433153703485385506e+02
1.436786018272211152e+02
1.435227683302783248e+02
1.449252036074461785e+02
1.407289790647960785e+02
1.440765033889511528e+02
1.471524292103095490e+02
1.443854554641179675e+02
1.441814958505318884e+02
1.424851809832256890e+02
1.440188078585779863e+02
1.408775898701125868e+02
1.437105385685172223e+02
1.434276687438745910e+02
1.453806472053354923e+02
1.439166010817110646e+02
1.392204209348765005e+02
1.416709719276063311e+02
1.427287295889669849e+02
1.429903824151328706e+02
1.451084864945629818e+02
1.468033960076839435e+02
1.451822796759362575e+02
1.432717694490297617e+02
1.422530522204255305e+02
1.441899943519079557e+02
1.456104725360940222e+02
1.451269184382476283e+02
1.457945278915974257e+02
1.443309064020389769e+02
1.415084434582023789e+02
1.451940884518429300e+02
1.463185564527048257e+02
1.481151514840713048e+02
1.433278873955995891e+02
1.420552057340539704e+02
1.432444359942225276e+02
1.431857995534890335e+02
1.419518205503514707e+02
1.405381974777789935e+02
1.449668718660524860e+02
1.467990688855150552e+02
1.450945378282415561e+02
1.447625398479460443e+02
1.429422873546416497e+02
1.420204452696233375e+02
1.437937111499865068e+02
1.423532852473706214e+02
1.417486905272997433e+02
1.451548176586931334e+02
1.440599131309256222e+02
1.413501841835720256e+02
1.428282797622189833e+02
1.415340966671754757e+02
1.420962923123929329e+02
1.431778461843826733e+02
1.443374972575498703e+02
1.463835682567437857e+02
1.437746035294658782e+02
1.439457181619557105e+02
1.430646029267390702e+02
1.431487224853622706e+02
1.451030077707056876e+02
1.437650314554922772e+02
1.448747404317009568e+02
1.415218068955377078e+02
1.441916528918011693e+02
1.416120834042460217e+02
1.454852464370240455e+02
1.441539579591203335e+02
1.437243815720027840e+02
1.451760817719576835e+02
1.436900681204922989e+02
1.406420052691429134e+02
1.422941934659869503e+02
1.403655227266805525e+02
1.451569102434451395e+02
1.421579038185675756e+02
1.415513027982421193e+02
1.455332929035449752e+02
1.442213894453529122e+02
1.418782529531395369e+02
1.460751899188018115e+02
1.438205656642230394e+02
1.441320007511754397e+02
1.449004359274546516e+02
1.406231558557067274e+02
1.465904556690550464e+02
1.451856439955675171e+02
1.429811194259449394e+02
1.442067076856179995e+02
1.414194681190815288e+02
1.435683586657465867e+02
1.423708162746073640e+02
1.463854570336117433e+02
1.435701624720070129e+02
1.442011190366150686e+02
1.431932577032076779e+02
1.426504034829688976e+02
1.409527619577497433e+02
1.421707474808642075e+02
1.415074795275147039e+02
1.449479364244635349e+02
1.427012425968764546e+02
1.414751289765314652e+02
1.433883085745858352e+02
1.440570953075640830e+02
1.459432671059642814e+02
1.454279784256797257e+02
1.453664485883919895e+02
1.442764364614670569e+02
1.448759028248359186e+02
1.435610328822632766e+02
1.443099111177146199e+02
1.434316571933874229e+02
1.441069979603173294e+02
1.452229236360013260e+02
1.437596728817969165e+02
1.449418554238345394e+02
1.452670693843729453e+02
1.416650202707874087e+02
1.440445988346337458e+02
1.436842155896230793e+02
1.435175795383730133e+02
1.435389327365213035e+02
1.424607285169293789e+02
1.432187923703118884e+02
1.440799920420066655e+02
1.428760086314518105e+02
1.423341327965089249e+02
1.427956293566142278e+02
1.430859442772503769e+02
1.444471661102271867e+02
1.432703676832443307e+02
1.454581721167072601e+02
1.447044873321098066e+02
1.467739381524858686e+02
1.421116568455315701e+02
1.422748997240159667e+02
1.443656688087599207e+02
1.418409875836428853e+02
1.410097751141792912e+02
1.465167437190330588e+02
1.422599598990491359e+02
1.426484260062478882e+02
1.453516033636680618e+02
1.396473006696201935e+02
1.416861712649471770e+02
1.455277027681135280e+02
1.461629935733218133e+02
1.430210884198190229e+02
1.448915408116930905e+02
1.441532307029197284e+02
1.447950452966061334e+02
1.428519108018495558e+02
1.416468390611858297e+02
1.406792241618217645e+02
1.419216316753814056e+02
1.433510868365027306e+02
1.447046213336631695e+02
1.448520911927963937e+02
1.462401481607776930e+02
1.427445261745195069e+02
1.454216059982499587e+02
1.467086371614934137e+02
1.449406405700654830e+02
1.448052316973928555e+02
1.435817967753251878e+02
1.432522057441512686e+02
1.412569063438512273e+02
1.437447587791033925e+02
1.426173674816029688e+02
1.436504330966029670e+02
1.466639339409646539e+02
1.447347829453053123e+02
1.422483253341766840e+02
1.423845851976626875e+02
1.422434808934438308e+02
1.419915067620322020e+02
1.415640179646832735e+02
1.434477872442577393e+02
1.422225286696254614e+02
1.409464324102754347e+02
1.458501106011619584e+02
1.448622033286305566e+02
1.421848314800220976e+02
1.434905152054211044e+02
1.441512989270957235e+02
1.448785848543076327e+02
1.434992758696362785e+02
1.484255089081416372e+02
1.424125454661973151e+02
1.458704220928889868e+02
1.447531650427363559e+02
1.419112202406777783e+02
1.391832155384463761e+02
1.461784130967045598e+02
1.441384599877016797e+02
1.447762396597151451e+02
1.468030874615191124e+02
1.449533715064457908e+02
1.462347550912593306e+02
1.448594201919212026e+02
1.404126006805488771e+02
1.418706242841490734e+02
1.425159300664591910e+02
1.437535078183105668e+02
1.434708755819463022e+02
1.439185695781329457e+02
1.434800467551024781e+02
1.442024449899306262e+02
1.413837982562355364e+02
1.437961396128489753e+02
1.425822389172996338e+02
1.441211752378293340e+02
1.438060707124278679e+02
1.446943839719838536e+02
1.457086186547722093e+02
1.455897689937892210e+02
1.420083314102608085e+02
1.446670893572890009e+02
1.452868384926791521e+02
1.450820192968606648e+02
1.427763216584814927e+02
1.418518291934146021e+02
1.436206339625883572e+02
1.450171230087351830e+02
1.428838410473238980e+02
1.415488774199917827e+02
1.417249618353632457e+02
1.432749777015159509e+02
1.444628560137593354e+02
1.475262069085709982e+02
1.429429752325468712e+02
1.433861159884048675e+02
1.433467834344959897e+02
1.433001183730617925e+02
1.466422703114058379e+02
1.415395066535936905e+02
1.435940822303204243e+02
1.417057380596479845e+02
1.414748623049454750e+02
1.409153549137950279e+02
1.470625689891469676e+02
1.434952410748682610e+02
1.437657009720042822e+02
1.436133232375627244e+02
1.431663122587430905e+02
1.446676681593778540e+02
1.444552741774955678e+02
1.453501335365736225e+02
1.442044176897130114e+02
1.438296987120640438e+02
1.432258192602101872e+02
1.428788601152753870e+02
1.410571455844316517e+02
1.448409678463875991e+02
1.429788832295730856e+02
1.439902588796149416e+02
1.421216317235525821e+02
1.451834008510100205e+02
1.420769794142140938e+02
1.431546146466894243e+02
1.443325615034067937e+02
1.412934437764573374e+02
1.450973098326052195e+02
1.417367288680285355e+02
1.445537493661536246e+02
1.441125732761756240e+02
1.470144249370189016e+02
1.410378363740146312e+02
1.450025683533904441e+02
1.415481549549179761e+02
1.453691465853875115e+02
1.480490696820701260e+02
1.438846180852780776e+02
1.416989139185858733e+02
1.435260551992854516e+02
1.424972210817034863e+02
1.460283443878623757e+02
1.459377453165298846e+02
1.437796712602883815e+02
1.448357561268819040e+02
1.444121020036131711e+02
1.408636642084313735e+02
1.463798076319408779e+02
1.466405997719500931e+02
1.425876313131494726e+02
1.479704427582080370e+02
1.453851411723652234e+02
1.445301172068208189e+02
1.435595776751398489e+02
1.442646026571040068e+02
1.448870355631481459e+02
1.446917876447189428e+02
1.423382968315355299e+02
1.458706659949398556e+02
1.433816664936569794e+02
1.425835896795129543e+02
1.455001424722431977e+02
1.446298539368791296e+02
1.460943727336807569e+02
1.455425698342225473e+02
1.428461323448257474e+02
1.434242949903760973e+02
1.451960506591792068e+02
1.430883836600360439e+02
1.443443500427478057e+02
1.411780284265920216e+02
1.445281254513355123e+02
1.461470095064750296e+02
1.417911086027229146e+02
1.410066737537114250e+02
1.423131600156158640e+02
1.433313852505864645e+02
1.439588136307405364e+02
1.410378464561878218e+02
1.434995460219695360e+02
1.446974929494907940e+02
1.394066122789485291e+02
1.431434642954054937e+02
1.453890114143189862e+02
1.426483064835077528e+02
1.422159898168735594e+02
1.468007136699172008e+02
1.436846907935763227e+02
1.446160106496375590e+02
1.476909396202143228e+02
1.453497605220561582e+02
1.467828335516341838e+02
1.469039976555707767e+02
1.458839926052689293e+02
1.468293665403888610e+02
1.423423762628279690e+02
1.453496648323168188e+02
1.416451998216044501e+02
1.441734999821089502e+02
1.422072149480522398e+02
1.412652508910745439e+02
1.463767159439154284e+02
1.427950933294558808e+02
1.430837700390725615e+02
1.445943784891934456e+02
1.424419631850846883e+02
1.427535872220726958e+02
1.445002534547013511e+02
1.454345613343649291e+02
1.435024056411665470e+02
1.434669290692990558e+02
1.449654304186097136e+02
1.425049175929815704e+02
1.421733773229107385e+02
1.441431680323870808e+02
1.406190964510539914e+02
1.455197428430856519e+02
1.452655774448486170e+02
1.416981334007232078e+02
1.413129052608640279e+02
1.427714500705891112e+02
1.429157256184377900e+02
1.437790230908782121e+02
1.419973384428175791e+02
1.437986104187914975e+02
1.447581909854688718e+02
1.442579967599981785e+02
1.462895814059511679e+02
1.443450058385204500e+02
1.434183475488815702e+02
1.451592317151670670e+02
1.419529591857947821e+02
1.421520225336309693e+02
1.424187732960331232e+02
1.426879328505551712e+02
1.461712968571741555e+02
1.436385233141463118e+02
1.435902359096724865e+02
1.403318996990097389e+02
1.448609534608161766e+02
1.438099009911260850e+02
1.436151238206350342e+02
1.424976181763545355e+02
1.431750450666588392e+02
1.462160759998136257e+02
1.454022110945984991e+02
1.447989712701489395e+02
1.398655648370722417e+02
1.454488216349362517e+02
1.455159346651945782e+02
1.434629215167963707e+02
1.441583162412863999e+02
1.452516587994092561e+02
1.462203803467052410e+02
