1.353717366028836864e+02
1.201080618303688112e+02
1.295973572569047292e+02
1.279738700081585279e+02
1.319369948502077818e+02
1.339370409226822005e+02
1.313940463211207827e+02
1.357771271638763437e+02
1.282224002204115720e+02
1.340408644602856612e+02
1.281378311618059911e+02
1.331645552247964588e+02
1.293954668251419378e+02
1.358858454264949103e+02
1.325671773354410448e+02
1.358816987566494277e+02
1.237840001061264275e+02
1.262583084477070798e+02
1.324613202364634503e+02
1.312913905072762475e+02
1.259537486213905453e+02
1.237130520726252030e+02
1.356790262958537312e+02
1.395289794166207855e+02
1.283704299726422278e+02
1.307912182742728646e+02
1.320356418913594894e+02
1.218050059642258844e+02
1.280175436713144563e+02
1.336696940536029672e+02
1.374892067407773197e+02
1.328873738201497190e+02
1.253445216187907221e+02
1.295806119316396519e+02
1.277624304520400500e+02
1.315051338681617779e+02
1.292172038882919765e+02
1.366163500471375869e+02
1.312092104017667111e+02
1.363997387056661239e+02
1.268820681117924778e+02
1.265622233712154667e+02
1.290453857924395891e+02
1.312786234135604957e+02
1.340640204790346672e+02
1.260722763359428029e+02
1.304539481427928536e+02
1.301439762394583397e+02
1.317424131386546264e+02
1.388140735946404050e+02
1.334282181740127839e+02
1.251113835460508454e+02
1.309296638850564136e+02
1.300774481910553959e+02
1.260416057541515045e+02
1.258626165172267548e+02
1.345331098052923551e+02
1.265123207442615865e+02
1.340512751255185151e+02
1.319156302176947122e+02
1.289779232998787677e+02
1.292442599149908631e+02
1.310295327010968265e+02
1.312932350043248562e+02
1.339001349575119093e+02
1.367954270616666008e+02
1.380392666098023255e+02
1.277794183132699857e+02
1.287059076578485133e+02
1.318335168938170625e+02
1.253132357177848348e+02
1.336627468272431258e+02
1.286116583048271593e+02
1.318803348440742127e+02
1.373007060320315134e+02
1.218690538264564083e+02
1.368661309990494033e+02
1.291214965224693856e+02
1.305583628381064614e+02
1.346686493861060399e+02
1.336697118378508549e+02
1.267431303642681684e+02
1.346402573446102338e+02
1.300445625599878952e+02
1.309623781918535315e+02
1.288909145040465205e+02
1.391835584057567416e+02
1.297530179367377343e+02
1.278929006792939873e+02
1.296466374258608596e+02
1.255776336054812674e+02
1.341922590823137966e+02
1.309130680790788119e+02
1.254741586251578553e+02
1.352660046015336377e+02
1.238924128144053753e+02
1.301916839096479919e+02
1.362546015269485338e+02
1.268407931279622858e+02
1.321203539405750291e+02
1.255168070374577383e+02
1.281361141254861025e+02
1.299493258966350595e+02
1.321458316337487702e+02
1.365035000091578183e+02
1.381066551599797378e+02
1.350499478588579336e+02
1.348311799964837689e+02
1.313452134732092134e+02
1.418821990556429853e+02
1.342792985418148248e+02
1.340360036620205335e+02
1.399241283137232301e+02
1.335452298498901769e+02
1.276946623674639483e+02
1.370561143714524235e+02
1.238916391532001882e+02
1.328947771380972824e+02
1.345121464687717037e+02
1.361571678583340486e+02
1.345442651853817608e+02
1.360913884226614812e+02
1.301275499174407173e+02
1.276153875226584375e+02
1.259198159595801059e+02
1.384731850089906686e+02
1.348640291852349833e+02
1.268541667655638037e+02
1.263378946651881023e+02
1.287800683567654971e+02
1.391792870808648104e+02
1.371908553204822852e+02
1.276059587918017115e+02
1.283035350469379239e+02
1.271660884806887424e+02
1.316274466402417147e+02
1.316203819200687519e+02
1.320266020346211917e+02
1.335273733914505385e+02
1.305982147748502484e+02
1.242706457468792536e+02
1.280969766877681764e+02
1.344650141845485791e+02
1.405661702810490965e+02
1.291674119999523782e+02
1.370321329971997102e+02
1.268283169040746401e+02
1.309551929834373993e+02
1.277393810440075583e+02
1.312074773563364261e+02
1.316669206231768499e+02
1.316387161634336849e+02
1.256721326698988861e+02
1.349772078453564745e+02
1.321277348288344911e+02
1.240112209003881816e+02
1.359308788636444945e+02
1.358467709313749765e+02
1.373365337231806791e+02
1.285008991672659135e+02
1.330884219765109151e+02
1.257694958071325999e+02
1.260298678875843450e+02
1.326115355244163823e+02
1.270538750028037072e+02
1.338539698683082122e+02
1.331111377500307071e+02
1.388151650396924595e+02
1.359390222968130786e+02
1.333775945709473376e+02
1.324518417724104040e+02
1.289099144627968769e+02
1.317787097358909136e+02
1.257073480889794439e+02
1.294772985372045184e+02
1.328214902651447176e+02
1.278177480861095887e+02
1.384932342047424356e+02
1.362554209902503999e+02
1.275774585625324278e+02
1.230873627261628798e+02
1.243168194353963969e+02
1.368590294551553370e+02
1.354389650970259424e+02
1.327286903859827021e+02
1.331072194049708060e+02
1.334982979392266884e+02
1.335697227581910340e+02
1.324839619394476244e+02
1.297856891187926180e+02
1.423715550446030420e+02
1.228131494274819460e+02
1.340067889066489215e+02
1.325838382230748778e+02
1.320102069212656772e+02
1.342374270312409124e+02
1.357274217725448864e+02
1.315946157335887960e+02
1.349315071457626516e+02
1.260018316822662570e+02
1.222076023547283370e+02
1.360199837037353348e+02
1.267228293548300968e+02
1.313189145343135920e+02
1.353311592637444392e+02
1.270123063407669548e+02
1.282260166870110822e+02
1.308483557670271864e+02
1.376849438248863464e+02
1.305742813825749806e+02
1.306725071469495560e+02
1.259296972733131099e+02
1.343924020725238222e+02
1.345284713169213546e+02
1.277009632419615031e+02
1.246112529511481881e+02
1.313883547912202232e+02
1.302368011937411154e+02
1.300440385146202971e+02
1.275053312868600131e+02
1.247524269237257784e+02
1.342094094691096018e+02
1.364803243048162642e+02
1.278700163822858826e+02
1.352737631694805884e+02
1.322690645052086325e+02
1.335886116176965572e+02
1.314898811530505327e+02
1.263359861674502582e+02
1.324219151872431723e+02
1.357573934966731883e+02
1.284178191971999752e+02
1.348079953869497558e+02
1.331420373486917583e+02
1.265288318784324844e+02
1.253414302883698497e+02
1.283922462260381963e+02
1.277036298210252028e+02
1.353322703591216793e+02
1.283426137453158731e+02
1.266547438667648890e+02
1.302391014479379407e+02
1.278087805020719401e+02
1.282337156031747440e+02
1.246613729013412950e+02
1.289494333261767167e+02
1.336778112228977875e+02
1.325785020630193856e+02
1.330591404625364760e+02
1.240247011969468645e+02
1.310947817806466276e+02
1.337224406843878626e+02
1.359884860302037168e+02
1.402094764385477390e+02
1.294825202470357510e+02
1.306438736599264701e+02
1.345513288673938348e+02
1.252050357757753858e+02
1.318948333400351771e+02
1.274488796057490845e+02
1.334611995944148646e+02
1.381237180536562335e+02
1.318869287814830784e+02
1.395036432914826605e+02
1.315815644091393608e+02
1.288612053599951253e+02
1.355196024913300619e+02
1.369139846910220228e+02
1.299321548643242465e+02
1.301581537219920506e+02
1.276861608531569630e+02
1.294505900743947109e+02
1.309399751201148661e+02
1.298577090991693694e+02
1.327791428910836657e+02
1.347574952156410006e+02
1.235294702866776220e+02
1.363212428144657622e+02
1.339397407818481724e+02
1.264188359727391031e+02
1.315692226463738734e+02
1.236127655721141849e+02
1.349019676906122527e+02
1.314307394692685591e+02
1.341446571060749591e+02
1.339998354674295058e+02
1.319107673942262977e+02
1.316960818096907246e+02
1.327660020926807931e+02
1.321646670219633393e+02
1.290744213810516783e+02
1.334735656772105870e+02
1.340449424958882787e+02
1.227592139773277609e+02
1.292378354731895342e+02
1.272779231197798850e+02
1.361313470932564087e+02
1.298016013201617795e+02
1.305568464021172304e+02
1.361565003027061209e+02
1.276060319392980489e+02
1.306430945023057291e+02
1.337931565671651128e+02
1.252797760180602609e+02
1.330295024354927875e+02
1.321007930514259954e+02
1.299776965612429649e+02
1.405281225505605676e+02
1.278334131766797555e+02
1.316354168972661682e+02
1.357413341411148053e+02
1.365610512261708891e+02
1.325308113039855868e+02
1.324850317772217352e+02
1.345006080568512061e+02
1.288008004760531264e+02
1.330215953849615858e+02
1.401527143672670661e+02
1.367775471181358853e+02
1.343237987289655280e+02
1.267153667432167765e+02
1.328011758321948435e+02
1.371221628350426158e+02
1.270266188987576328e+02
1.288053482625487618e+02
1.313987712507545496e+02
1.378935080835961173e+02
1.301601245742145068e+02
1.252269893819060940e+02
1.244271154405131909e+02
1.337141230086051849e+02
1.267278593408999257e+02
1.284602047291179474e+02
1.382373217134690151e+02
1.221952600927558876e+02
1.367898959352122006e+02
1.277851457882750594e+02
1.375075381288643541e+02
1.293216212107611227e+02
1.285232841193601701e+02
1.306630341041143879e+02
1.278375915589192715e+02
1.348330249329787591e+02
1.269023424351386069e+02
1.318219600283732404e+02
1.271888576528036907e+02
1.307527248499797281e+02
1.275175297728069097e+02
1.273342757757570638e+02
1.296521530026096514e+02
1.406394535396109973e+02
1.269830396631920593e+02
1.359300805765939799e+02
1.292400232879276132e+02
1.357494924608129736e+02
1.334954862359255401e+02
1.239510549623866495e+02
1.236919947355680165e+02
1.297114436939643269e+02
1.274914233588356751e+02
1.352761924794739343e+02
1.278082003011683838e+02
1.314879626150421075e+02
1.264302162381150367e+02
1.294784430389004513e+02
1.386460215652602415e+02
1.251324757735229980e+02
1.370270915285165074e+02
1.327699014991206354e+02
1.362056019924130510e+02
1.325449402116225599e+02
1.270953139277457353e+02
1.405242852806257758e+02
1.311885544094755289e+02
1.355601455596959681e+02
1.286724304373574057e+02
1.371397051032096215e+02
1.302164057854971020e+02
1.326107759531043371e+02
1.335861628306346063e+02
1.348715066976855326e+02
1.305032011260242655e+02
1.334255475512647422e+02
1.283028600108113721e+02
1.302114932262906564e+02
1.378722813571577603e+02
1.304608532999572503e+02
1.309368350933586385e+02
1.352550603959419107e+02
1.396059608786829358e+02
1.324743165276025820e+02
1.328234491654500289e+02
1.368135010569537826e+02
1.316326147426068758e+02
1.361134943131641819e+02
1.335424682360714144e+02
1.342475602006140889e+02
1.316861224511146986e+02
1.326753939537732947e+02
1.301614975553329430e+02
1.378440771649088674e+02
1.281211526553460374e+02
1.310475336940029365e+02
1.383800282019604708e+02
1.344468728951635796e+02
1.283144807197279249e+02
1.370665784505066256e+02
1.262483785877748232e+02
1.317049697657949707e+02
1.318060491720659400e+02
1.358679656517360854e+02
1.293478314114741750e+02
1.252384284528740324e+02
1.285336649501797126e+02
1.300147205037522724e+02
1.328746626834678466e+02
1.334553803770823208e+02
1.291387114310999777e+02
1.317917282466040092e+02
1.319396963677977794e+02
1.370562778165312068e+02
1.381993788891462032e+02
1.337378595338351772e+02
1.317645073979196866e+02
1.264658597958401032e+02
1.305186249544471764e+02
1.313398353587336089e+02
1.344990016335846974e+02
1.278409554480108028e+02
1.295065144805355430e+02
1.326388687380925546e+02
1.331592644330408177e+02
1.319903376104094548e+02
1.324409349832278906e+02
1.338892258481141653e+02
1.245482554593765343e+02
1.321867859618049579e+02
1.371347430721675096e+02
1.291162982891514162e+02
1.346939709695212741e+02
1.298217811290414261e+02
1.356238095998277799e+02
1.312206397258803463e+02
1.224590908826220925e+02
1.310712613346565263e+02
1.283361258191664547e+02
1.356362188612234547e+02
1.295289295111011540e+02
1.349411544197963622e+02
1.316834222586528824e+02
1.323343121126619621e+02
1.243309044941035211e+02
1.294070072669935598e+02
1.305992382445563180e+02
1.371316607498571045e+02
1.287465291494792723e+02
1.330163672521567833e+02
1.310388878925717506e+02
1.331388175676356980e+02
1.314079864469154586e+02
1.342270941363584313e+02
1.395551899238289764e+02
1.205618799107124062e+02
1.323170523846915216e+02
1.344406011125597900e+02
1.318062491966837797e+02
1.213179174962600371e+02
1.329079050687861638e+02
1.303670578722365008e+02
1.320405814503652948e+02
1.376246930769620178e+02
1.277668611277241411e+02
1.290955592491345101e+02
1.268227053779603466e+02
1.331740958438795701e+02
1.246712966238768416e+02
1.266287951399926897e+02
1.294348956627039797e+02
1.319361628771588073e+02
1.311379688863163437e+02
1.323758398206512652e+02
1.327791903570254135e+02
1.394531450267909918e+02
1.276894093218185873e+02
1.409620647957936512e+02
1.366988188914280045e+02
1.307798444407672491e+02
1.305236891048133430e+02
1.346456852051721000e+02
1.318618841888500128e+02
1.276162224245658621e+02
1.268644131896801355e+02
1.280711056198659037e+02
1.413969387580598607e+02
1.351626692878245137e+02
1.313956815162111411e+02
1.377403323856908059e+02
1.366231457294080371e+02
1.289373136660253465e+02
1.268649611228175047e+02
1.342397565765212448e+02
1.338427014944994653e+02
1.289817403996080145e+02
1.334759921109677236e+02
1.247510646732178827e+02
1.361022064217780212e+02
1.294568543461902550e+02
1.311182988170116914e+02
1.313399823260061510e+02
1.311908718443137616e+02
1.367251626659085275e+02
1.313380505352666034e+02
1.388500260935769575e+02
1.318881662598666082e+02
1.223680077036341061e+02
1.261453709506262726e+02
1.269858717841510440e+02
1.410974464809396522e+02
1.264089492349798860e+02
1.291788636308359344e+02
1.330236599959228272e+02
1.214250734134680840e+02
1.340326856930115582e+02
1.310710467153144236e+02
1.282189436366593327e+02
1.284073120164248678e+02
1.328193413158789724e+02
1.330852879376447220e+02
1.345926191715828395e+02
1.346267774865549711e+02
1.348669430893974095e+02
1.241956576666405567e+02
1.353357603839372132e+02
1.257334056748260025e+02
1.317560222114994417e+02
1.267371279806721418e+02
1.335710117231109564e+02
1.377804853928028308e+02
1.307259207234399128e+02
1.235733655804085487e+02
1.401214872574768151e+02
1.336407246004941669e+02
1.394488779348907599e+02
1.370447783865065219e+02
1.266874250869044118e+02
1.273845619334113906e+02
1.254433700733000023e+02
1.339724647969241573e+02
1.308552668044892755e+02
1.352321071160412203e+02
1.300760846862666824e+02
1.225118692598442323e+02
1.338192944892863068e+02
1.255533707232458625e+02
1.285524497041399741e+02
1.334755239648200984e+02
1.327035921790501618e+02
1.286198061027785400e+02
1.313723999433917413e+02
1.322142293571628500e+02
1.324491261168688254e+02
1.292544133649172124e+02
1.353932059229485105e+02
1.372618116712933158e+02
1.407831033929659839e+02
1.319824559283587462e+02
1.316835006696483674e+02
1.276165956530339542e+02
1.298983680242575076e+02
1.325813529156121717e+02
1.349168310150399464e+02
1.255404735554701290e+02
1.346764118950230511e+02
1.336709396344667766e+02
1.290526082576525368e+02
1.303729004586471092e+02
1.346512466446247061e+02
1.363777662288847807e+02
1.290637708105245167e+02
1.342135238603700316e+02
1.315636407255802851e+02
1.356129374708091859e+02
1.250015971704401636e+02
1.323690351212413816e+02
1.300097209793909485e+02
1.313231989933481145e+02
1.265075770095662904e+02
1.327614784228885867e+02
1.311028185499645247e+02
1.320888414209230177e+02
1.315975704732101974e+02
1.281141950176586306e+02
1.358140781521668430e+02
1.381957889029154103e+02
1.395682645535889321e+02
1.301276359772661522e+02
1.335042029312927241e+02
1.309723430637789363e+02
1.326616679193934090e+02
1.341516136491829627e+02
1.320829440608333414e+02
1.334909120893840111e+02
1.257930107791993493e+02
1.344432503826856760e+02
1.299802432526094265e+02
1.330789881027947672e+02
1.387266309576324375e+02
1.332042155350532084e+02
1.294898470845475060e+02
1.329684410644494506e+02
1.351233551928548593e+02
1.294461850802930485e+02
1.226105507977069777e+02
1.274018464399510009e+02
1.301337415897883716e+02
1.392312758940084620e+02
1.332072335993360923e+02
1.317279702526022618e+02
1.317990028914108791e+02
1.315958316787085778e+02
1.319315451108708146e+02
1.316387716010514453e+02
1.297486275479637357e+02
1.289843552313836028e+02
1.304732615583298809e+02
1.301537817454099581e+02
1.263440409612306752e+02
1.201062402547198644e+02
1.320556949663082094e+02
1.249101848181509098e+02
1.318408902706359527e+02
1.300987470164277795e+02
1.381389479408417174e+02
1.342079308130020365e+02
1.323222132513644169e+02
1.313652704282463617e+02
1.253979829297606727e+02
1.263308545478132885e+02
1.326592353834128062e+02
1.251306944862936774e+02
1.380572355947298036e+02
1.207531570311214750e+02
1.339573267565464221e+02
1.318505534507292225e+02
1.352757549608338934e+02
1.294782623990757600e+02
1.316146362235650145e+02
1.335529386846313002e+02
1.289819932855751858e+02
1.416901494147811320e+02
1.308265814046974924e+02
1.335487332386408355e+02
1.342937849060234896e+02
1.348334515232527906e+02
1.319240573600721405e+02
1.389336391285009995e+02
1.404840987899094671e+02
1.274522968395459088e+02
1.333977492466264891e+02
1.322394719894739694e+02
1.267206170432912415e+02
1.258318419245671720e+02
1.258740319998455419e+02
1.321384172496443909e+02
1.278316895255626093e+02
1.306386214887123742e+02
1.277389516476869176e+02
1.320935634877842233e+02
1.247806189865784603e+02
1.284437222838263324e+02
1.345007247307850093e+02
1.303709775496423617e+02
1.340675459868535029e+02
1.371484378868281624e+02
1.306717936364059653e+02
1.358111157562306630e+02
1.371873617267147552e+02
1.283129014476863006e+02
1.319641555292900819e+02
1.331224400766927261e+02
1.389396616809940213e+02
1.338502006865437295e+02
1.260627716339736395e+02
1.313841104412989864e+02
1.365523372244799702e+02
1.259673227276440315e+02
1.266559117084529618e+02
1.279115546885641237e+02
1.332827311906835348e+02
1.298358478185176352e+02
1.296092797782667390e+02
1.360810768320793045e+02
1.400843019275569077e+02
1.350709326140510029e+02
1.349324879435475850e+02
1.301503253439986736e+02
1.314871991860037213e+02
1.308870215908839043e+02
1.249786838363513084e+02
1.262543672870640847e+02
1.387888468034385312e+02
1.226257418411559854e+02
1.328567223879636856e+02
1.333060637577195280e+02
1.293309236509324762e+02
1.365362049004512528e+02
1.270307578226854019e+02
1.275570869241862226e+02
1.301448777417203075e+02
1.298922516423073432e+02
1.307480136796114891e+02
1.306710580583409751e+02
1.361924327751108308e+02
1.294329454359726697e+02
1.362528000090714499e+02
1.300293979319237110e+02
1.382736693261498431e+02
1.310367168459825962e+02
1.344538879546095984e+02
1.335236450997973350e+02
1.301787499598837883e+02
1.284915790458460663e+02
1.286987629258815105e+02
1.264247046880556269e+02
1.315348428687065905e+02
1.275716525358769928e+02
1.410712729612893668e+02
1.270713223903855038e+02
1.341024006201203917e+02
1.330452951725249306e+02
1.305751554078919980e+02
1.210890671422655060e+02
1.294067446383175763e+02
1.382010241516491647e+02
1.216255268749418406e+02
1.326813093772634602e+02
1.293831903528944736e+02
1.318303877699362943e+02
1.339240518475233443e+02
1.263090266370870864e+02
1.364733851613935371e+02
1.361819887377574787e+02
1.230780690567005564e+02
1.310095852673757406e+02
1.303353986671768610e+02
1.285069496043647064e+02
1.337197237499096616e+02
1.259337703729130169e+02
1.359155824399542780e+02
1.348891869318110821e+02
1.319361352239730536e+02
1.268749444823483117e+02
1.318187412049256864e+02
1.272646202167897087e+02
1.331341902744963761e+02
1.316386870111630287e+02
1.296134238185738070e+02
1.340548883691816400e+02
1.353881958222515038e+02
1.272883676668719488e+02
1.311948668866467926e+02
1.298426870773977839e+02
1.311864711859848285e+02
1.370134097718656392e+02
1.318177639194192636e+02
1.328254004637121000e+02
1.314188866313396602e+02
1.250828159417134771e+02
1.392399039354908723e+02
1.364605669826069629e+02
1.307794579860881186e+02
1.295965820775141424e+02
1.370331706240866083e+02
1.281749765929187106e+02
1.305611572318404683e+02
1.292175017607256393e+02
1.301459838106282803e+02
1.358467997968126042e+02
1.269862869959490865e+02
1.306716055903445692e+02
1.296230201944028977e+02
1.350139034894215513e+02
1.333276726753053936e+02
1.278293285912849626e+02
1.318200193381649115e+02
1.324141853063242991e+02
1.226246754261128302e+02
1.288723411382967470e+02
1.283260544541488173e+02
1.322221462705323916e+02
1.318253027096775725e+02
1.379132418566809122e+02
1.319338086030208217e+02
1.318742104946675795e+02
1.295826454612546001e+02
1.410336237555997627e+02
1.254076803109105640e+02
1.294347111868210902e+02
1.328445215977591545e+02
1.289397346954522163e+02
1.328907990325774051e+02
1.344818795475090099e+02
1.278523129623116006e+02
1.257826711933938526e+02
1.329577400377997662e+02
1.297913426232525751e+02
1.361482299588278124e+02
1.286928422542273154e+02
1.318793102576135539e+02
1.343114083496293460e+02
1.309896548365578894e+02
1.341125437359670229e+02
1.284165567398417807e+02
1.236446843355475949e+02
1.335617850818129568e+02
1.292817410167726564e+02
1.258532195130987361e+02
1.281134020192288858e+02
1.335342994552090659e+02
1.291740495532050659e+02
1.342688860690249442e+02
1.348913067697066595e+02
1.350621335809461243e+02
1.424879108310595939e+02
1.237801218986970611e+02
1.355816053456574650e+02
1.272225348387268014e+02
1.292318247052853621e+02
1.360666347549961870e+02
1.340289016517616290e+02
1.331276455312746805e+02
1.241086619305565932e+02
1.258833703327167655e+02
1.406310246475652548e+02
1.258071834225030017e+02
1.299081009195943466e+02
1.342097511314738369e+02
1.278282173346480022e+02
1.290286902755645428e+02
1.375061587316092755e+02
1.341176473767988853e+02
1.370484385353520906e+02
1.258318696834350732e+02
1.281272736064329081e+02
1.392116608549254124e+02
1.374987817477346255e+02
1.279910278792551566e+02
1.325928258018261374e+02
1.310385842298258865e+02
1.301491284503061934e+02
1.275976746262341095e+02
1.316899553373221181e+02
1.304192975966924450e+02
1.357160519002119656e+02
1.329750403984526770e+02
1.302064714558028129e+02
1.308807088027222960e+02
1.229660993098133019e+02
1.241167006143980984e+02
1.359063055237713797e+02
1.289074388903982538e+02
1.316173075198278752e+02
1.307053015921206338e+02
1.253283112743946930e+02
1.336247562755882257e+02
1.372777522396299901e+02
1.334512895549056566e+02
1.324327223900170054e+02
1.343940925292945678e+02
1.333497483291577907e+02
1.285928809310865120e+02
1.288757616394382239e+02
1.254219767090956736e+02
1.344169573316273159e+02
1.341058867364248215e+02
1.299008009966109682e+02
1.291951504806222886e+02
1.331137968283776729e+02
1.357605426089226341e+02
1.331556035439649293e+02
1.261616778431997119e+02
1.337838216305671040e+02
1.303957087785882720e+02
1.365281644153716627e+02
1.368653688916332669e+02
1.387248471073436065e+02
1.399615522108877030e+02
1.254800105027497068e+02
1.247170206593436035e+02
1.311368254422057475e+02
1.369618693188633074e+02
1.254790319687278242e+02
1.252554171904622535e+02
1.340731574002643924e+02
1.323522358171155702e+02
1.321716846031074226e+02
1.327061001147524166e+02
1.363707151555110784e+02
1.352223984844677318e+02
1.344689154908431590e+02
1.347002985023498809e+02
1.253283437016669666e+02
1.325390920047321401e+02
1.235964021898527676e+02
1.277651389151678671e+02
1.281593239092803174e+02
1.308721502822084233e+02
1.261897101313991385e+02
1.320679746169076338e+02
1.335271492180798134e+02
1.259234263213389937e+02
1.294028112679966398e+02
1.245443290757679335e+02
1.341080324271777897e+02
1.324845322917835517e+02
1.357363810221948484e+02
1.337402651310653141e+02
1.277003865906751230e+02
1.293558413224363619e+02
1.348033992423960115e+02
1.347147373745338541e+02
1.253254835760461816e+02
1.342806722281100633e+02
1.294240489158850664e+02
1.319957312155307534e+02
1.379075963550540962e+02
1.325842332145849127e+02
1.316485548203895917e+02
1.326347008577904205e+02
1.186780605023715509e+02
1.365383664242095278e+02
1.263839992397140151e+02
1.326322185896300141e+02
1.324280804189980927e+02
1.311735289934415221e+02
1.324533824904241328e+02
1.319445319139892945e+02
1.300246036889662093e+02
1.314304589806180559e+02
1.274439580264226635e+02
1.376542027963213854e+02
1.315584022897842260e+02
1.295018999326526057e+02
1.285599915341740882e+02
1.298926494134083498e+02
1.373739020316893402e+02
1.276533086766576446e+02
1.475171211537368379e+02
1.330832496583633713e+02
1.354141205436916096e+02
1.351216753021837178e+02
1.327000549187650904e+02
1.297692919822885642e+02
1.262027865155730098e+02
1.307480096959070579e+02
1.277330315684434225e+02
1.277965733332123079e+02
1.277759078148606875e+02
1.307719935856521261e+02
1.215197668160360678e+02
1.230180226921747106e+02
1.339654560204338907e+02
1.332698808347556962e+02
1.293262658655223163e+02
1.295664210550644952e+02
1.314461791775667052e+02
1.293611009513870442e+02
1.326094745428211468e+02
1.281195733794612579e+02
1.358469021985555116e+02
1.319968826104499442e+02
1.264094170340754317e+02
1.342896105650979166e+02
1.330959963906098835e+02
1.253528407968290708e+02
1.276922475683525846e+02
1.333318515272201807e+02
1.293238006859708662e+02
1.270526447740272857e+02
1.361767118580612248e+02
1.351103593416704882e+02
1.302889282603291008e+02
1.289405692404324668e+02
1.422093658269494938e+02
1.273413486274490793e+02
1.287291237868829796e+02
1.307965284848989427e+02
1.335132313389853209e+02
1.314734549376317148e+02
1.327238850874524587e+02
1.295137300386740549e+02
1.311861752390382208e+02
1.306603634526350675e+02
1.339273374065143685e+02
1.308646051415959448e+02
1.296993563438175272e+02
1.287109388695054690e+02
1.290261253510468578e+02
1.405480924403569531e+02
1.309260158564301548e+02
