2.127091860518047781e+02
2.075732213488473121e+02
2.078674764691081691e+02
2.025309002401930911e+02
2.027441373172140970e+02
2.134491577393921489e+02
2.034002587375973121e+02
2.053295059481019393e+02
2.133969832757500456e+02
2.057452839527830974e+02
2.108642126966502985e+02
1.964884741238601578e+02
2.007316331548186668e+02
2.043570216351124316e+02
1.980104359965109779e+02
2.025600748212152098e+02
2.015126610684608011e+02
2.030756941192705369e+02
1.988015859507589767e+02
2.050715916732273456e+02
1.931705278452734547e+02
2.000154978119089719e+02
2.090894946589258723e+02
2.091199217533561807e+02
2.003818711445603640e+02
2.031433785291062009e+02
2.108524817573825487e+02
2.057972192578069439e+02
2.077126240421484340e+02
2.059429920326974752e+02
1.960940391493364814e+02
2.020553498320722099e+02
2.049996605439936275e+02
2.040451417006357815e+02
2.031093974571181491e+02
2.117999827699173636e+02
2.006140394772519642e+02
2.111888658370175733e+02
2.049565733599227144e+02
2.103106296938982496e+02
2.015116868667111589e+02
2.048141306281887353e+02
1.990473607139967953e+02
2.053499161101784125e+02
2.055957533027384727e+02
2.044870765634684346e+02
1.990604491327879089e+02
1.989343883987835966e+02
2.006087072433478227e+02
2.100123369077397513e+02
2.028856547338350822e+02
1.952772408927733920e+02
2.027893687553464872e+02
2.025753632849506403e+02
2.071833491249095118e+02
2.088635401704520405e+02
2.080764442266636820e+02
2.063495946812963098e+02
2.018130489656485906e+02
2.059652547549633539e+02
1.964898704314555289e+02
1.980929202654855601e+02
2.045839689116371574e+02
2.085249890477086581e+02
2.081218565101092963e+02
2.017268579454571977e+02
2.066218880930552757e+02
2.095928037033465898e+02
2.013757415007653435e+02
2.149853189217438398e+02
2.113207821162438051e+02
2.028506806588647464e+02
2.048531575128324391e+02
2.057258136521436995e+02
2.020755784401815731e+02
2.035808871664751791e+02
2.036938844747636495e+02
1.991971706395372053e+02
1.997037558747334458e+02
2.037273573951514436e+02
2.070281735258843412e+02
1.983672084062891372e+02
1.956506160345286958e+02
2.096733409702272866e+02
1.937840143319591562e+02
1.969426588674677419e+02
2.031483108137207410e+02
1.996336109033825323e+02
1.975762078960976567e+02
2.063038329654565644e+02
2.091082232726747350e+02
2.034415460883431876e+02
2.046100854992990605e+02
2.030636220730939954e+02
2.055257449938191598e+02
2.042370102803127736e+02
2.004237732041189304e+02
2.129842076247543048e+02
2.050198234754250279e+02
2.116673522008728980e+02
2.147123649930312865e+02
2.039527314097832686e+02
2.019093517806549585e+02
2.019055466338600127e+02
2.001815557051554890e+02
2.016330632910781446e+02
2.068944922265834521e+02
2.090084046596965379e+02
2.122891826552728674e+02
2.148652765106982940e+02
2.028222500466468432e+02
2.011821205027341080e+02
2.092678145047879354e+02
2.023076972621269931e+02
2.065647325018734080e+02
1.984688853188122835e+02
2.041083627680089876e+02
2.002137805998663111e+02
2.047816159549781787e+02
1.979726982208929087e+02
2.047787567814833096e+02
2.006442365161561554e+02
2.059445809542780523e+02
2.056574283387805337e+02
2.058639966503566257e+02
2.114149312032090222e+02
2.127909124578621913e+02
2.107139295683639091e+02
2.025016052361444281e+02
2.055037901329594945e+02
2.002440791127654904e+02
2.031144305276584419e+02
2.051261861906379238e+02
1.997751018429725605e+02
2.066501917708594078e+02
1.986086288687675676e+02
2.033738827259104198e+02
2.030648480767121669e+02
1.970421462371047028e+02
2.057680390182621011e+02
2.111945500896654835e+02
2.034034998394061518e+02
2.022068073972359059e+02
1.973197342292305905e+02
2.032832809575087083e+02
1.930905405367153946e+02
2.088470782259254861e+02
2.118221376461686987e+02
2.074118792884754328e+02
2.015468615608999698e+02
2.060661491498841542e+02
1.996382445193232797e+02
1.977647222791107424e+02
2.014493449337832089e+02
2.043904092917657067e+02
2.075431830690703805e+02
1.987189579842402907e+02
2.026704545839156140e+02
2.011072047692440492e+02
2.050723482797943973e+02
2.141922077576776644e+02
2.003779788182087032e+02
1.951970761678140036e+02
1.992325663616098268e+02
2.024329376550330721e+02
2.060579265051991911e+02
2.037623644434235928e+02
2.013315198321944024e+02
2.052627920915743971e+02
2.028300330884462142e+02
1.992365959002299292e+02
2.082518884807876702e+02
2.046553159910982913e+02
1.982655184479715160e+02
2.035424296811274303e+02
2.037621433911958491e+02
2.109944247346243742e+02
2.106961618076726097e+02
2.036053709684436228e+02
2.006469125392225124e+02
2.052625964877906029e+02
2.108813320707764376e+02
2.010713526334076278e+02
2.100154954765383479e+02
2.073451868985713418e+02
2.087901652061763684e+02
2.105250036473440218e+02
2.092322829846502259e+02
2.043082287439114566e+02
2.007375040218551590e+02
2.050659297498349360e+02
2.055676695518775716e+02
1.995440967171861928e+02
2.050951527901646614e+02
2.107686477555782858e+02
2.003457128515111378e+02
2.094694848340748479e+02
2.013518635010408389e+02
2.036716029380506257e+02
2.084498690482570566e+02
2.038988582165766559e+02
2.045841404997747759e+02
2.015625171175023240e+02
2.088401446701736290e+02
2.100369804614888096e+02
2.064589447895710919e+02
2.087620782967725290e+02
2.068969426362212971e+02
2.028893552244411751e+02
2.090485737778927273e+02
1.976743890603792977e+02
2.086156528244011383e+02
2.066250381981365365e+02
2.056620230536230736e+02
2.061147593781190039e+02
1.960977652250422523e+02
1.901734599560572576e+02
1.961742524446685252e+02
1.971150484996430237e+02
2.000247824608899805e+02
2.013447829938485825e+02
2.013463045888573220e+02
1.984687191705139639e+02
1.992043588564387164e+02
2.031346407746815999e+02
2.075936035705539950e+02
1.984109467248035799e+02
2.029886824424216059e+02
2.078226997611020295e+02
2.054357278396167032e+02
1.969015432007309983e+02
2.053398179096336662e+02
2.123067891495401796e+02
2.007616348626273464e+02
2.061829521993193737e+02
2.021291057205789627e+02
1.978377866290892086e+02
2.017332363631135195e+02
2.052676435383709759e+02
2.007237953333149392e+02
2.068025498129918276e+02
2.085072189673562377e+02
1.994083273162332546e+02
2.071078752705315651e+02
2.052077045301143414e+02
2.009530525511792121e+02
2.085919294387254865e+02
2.158930531881071033e+02
1.967620805399204187e+02
2.103201189217684544e+02
2.093027047259704432e+02
2.021960867545140275e+02
2.073819396737346779e+02
2.095735096242659097e+02
2.046850542792639658e+02
2.023880873702371161e+02
2.073910896564802329e+02
2.055784068872659986e+02
2.038623472901165030e+02
2.018424060549517094e+02
2.010323709380789410e+02
1.995116145719438521e+02
2.139655879389356983e+02
2.054626621167824396e+02
1.935099940747239771e+02
1.925998196395552213e+02
2.001565075463507242e+02
2.001444210823637775e+02
1.983808002169650422e+02
1.990705825898104990e+02
1.964885957404819692e+02
2.140594178494139328e+02
2.121543535453728566e+02
2.004168595225723379e+02
1.971461387783353985e+02
2.080077350189066863e+02
2.015908675691168526e+02
2.133401608938191316e+02
2.029590984910359737e+02
2.086014522057489557e+02
2.142631819254523577e+02
2.028013889948726955e+02
2.065256354745466183e+02
2.014607335911421160e+02
2.109637799230714563e+02
2.067746234426858507e+02
2.014409504579023178e+02
2.011912588183857338e+02
2.073908310528317713e+02
1.949093956313153626e+02
2.018572072514626825e+02
2.107570557176662476e+02
1.994162948394381374e+02
2.025891034475403387e+02
2.042036845819829693e+02
1.936797899251819501e+02
2.061241717094069941e+02
2.089111481198470699e+02
2.059767424758712480e+02
2.068064849543806645e+02
2.040918372039060102e+02
2.060413519466376329e+02
1.979276555163801845e+02
2.019278282281125030e+02
2.108862062116071456e+02
2.027968299184532839e+02
2.059359015770819497e+02
1.993056705634888601e+02
1.997344590597211607e+02
2.066687356859397653e+02
2.115154025074401147e+02
2.040586123629111341e+02
1.978350708439984373e+02
2.038415894625086082e+02
2.049744710574541671e+02
2.059164049938607093e+02
2.070519107345424743e+02
2.089903410475362762e+02
2.101798898045704789e+02
2.116194837343768711e+02
1.967872191190816693e+02
2.061269634895901959e+02
2.068357980179662832e+02
2.111552947868116803e+02
2.041521622515945467e+02
2.156838718569441085e+02
2.052191731843476532e+02
1.994538361244809721e+02
1.969509243357269384e+02
2.076232919288592313e+02
2.050249764459272512e+02
1.985039111959649745e+02
2.051302834528067365e+02
2.008388701518288713e+02
2.027602879805717180e+02
2.082723369473812056e+02
1.996862862158283463e+02
2.042439419359770341e+02
2.065938511569499951e+02
2.013605268896475025e+02
2.029465171163897708e+02
2.066436076689853678e+02
2.092088343874185625e+02
2.006913881473901426e+02
1.991150053928461148e+02
2.110203211128708176e+02
2.016767263055486694e+02
2.087365344850040856e+02
2.055720778389520831e+02
1.983495299898897883e+02
1.997247561955012429e+02
2.056707435269315738e+02
2.026709777161988768e+02
2.075618723834385264e+02
2.019359515116069872e+02
2.047494081501150447e+02
2.018180326988200193e+02
2.069197201667285242e+02
2.016172996840534779e+02
2.011428643561080776e+02
2.173678123032306075e+02
2.087191295237068402e+02
1.941860171480729491e+02
1.958955062187589249e+02
1.986214725565114634e+02
2.053391959782671847e+02
2.061346355997317801e+02
2.058345765611725255e+02
2.032253659743804519e+02
2.073059022123310911e+02
2.077451694334617400e+02
2.048105775969123670e+02
1.982173811763936158e+02
2.074478332749557694e+02
2.038495132874011233e+02
2.119445650902490570e+02
2.024799669903284212e+02
2.038101707930988766e+02
2.022741015881688895e+02
2.036088073976214332e+02
1.992307669808242849e+02
2.005030922535195543e+02
1.965047142391220234e+02
2.005488154214152132e+02
2.036273021735931934e+02
2.041500176762733645e+02
2.040246445896376315e+02
2.049135804430569863e+02
2.140368846118659008e+02
2.071290088414955051e+02
2.151197738835224982e+02
2.025520603237390560e+02
2.097107923538506213e+02
2.148589104977392878e+02
1.969170456678384937e+02
2.177588742168258875e+02
1.996778014798875915e+02
2.010409534732880559e+02
1.980482286307350535e+02
1.860247028334835022e+02
2.006591148949818546e+02
1.993428272478848271e+02
2.023689228919839138e+02
2.078473571810240230e+02
2.034467261576583894e+02
2.035158539176956936e+02
2.094221200593681260e+02
2.035058491459785728e+02
2.049201202451756956e+02
2.009721854210544052e+02
2.023087376864707778e+02
2.083296781894431149e+02
2.077020985071905557e+02
2.070791725536827528e+02
2.080151198510131962e+02
2.052250471631711832e+02
2.028250145400343172e+02
2.012850266580179834e+02
2.052058019620081382e+02
2.054979416144043682e+02
2.009665469707255454e+02
2.043572969504381831e+02
2.032258040006599344e+02
2.007905416111336194e+02
2.022654120829084832e+02
2.180464635185414579e+02
1.936061255852464740e+02
2.006555398336584233e+02
2.074707056727988004e+02
1.977033473075439360e+02
2.036899543533102417e+02
2.057471727749315562e+02
2.111157766449848907e+02
2.022914194170289477e+02
2.016500622364358435e+02
2.092001774755855479e+02
2.136571521841795231e+02
1.976966974064896476e+02
2.033502590012658402e+02
2.015532601571775615e+02
2.073195720551450165e+02
2.030751934674322570e+02
2.057620452648185960e+02
2.009449119378416526e+02
2.002773144638441067e+02
2.030489013195808354e+02
1.993007681701793672e+02
2.009067375333814880e+02
1.995924409950092979e+02
2.095132032153330215e+02
2.060957284904560822e+02
1.959254546109283694e+02
1.968290991680402158e+02
1.984737087806156808e+02
2.083173309604859185e+02
1.973788571168155386e+02
2.052618087688816786e+02
2.007942146647235120e+02
2.062266634054078338e+02
2.092674016550925558e+02
2.006005665905432522e+02
1.980323016925908632e+02
2.023358781300757983e+02
1.997793000250228204e+02
2.046345682662702927e+02
2.008822295104191937e+02
2.011157712162986684e+02
2.037639801157809814e+02
2.086309945707343729e+02
2.029986189918289483e+02
2.021003997643611285e+02
2.054479462853182667e+02
2.008871515898726159e+02
2.022379048840527389e+02
2.069886524781086052e+02
2.018157463197129573e+02
1.993851381007389421e+02
2.020959269841847288e+02
2.166809576340138506e+02
2.000226113021076060e+02
2.021576148184093427e+02
1.996375207757592136e+02
2.034952614869791319e+02
2.096927375513896266e+02
1.961730879191008228e+02
2.078834197935712780e+02
2.000389374565012872e+02
1.924138890651798590e+02
2.065540424727829816e+02
2.046922606184896551e+02
2.023039292789022738e+02
1.964068917927737630e+02
2.075707017185183076e+02
2.060769850222730781e+02
1.981053964211962182e+02
2.027986552464564625e+02
1.967033498337281401e+02
2.023279886956709674e+02
2.103501952549657972e+02
2.010992096639293436e+02
2.038232007403384500e+02
2.144752482194899983e+02
2.050473703874871489e+02
1.972937406493349783e+02
1.981605807738667409e+02
2.033596303215101955e+02
2.000256813651460561e+02
2.001936249542477526e+02
2.130480490143193322e+02
2.064680747582101219e+02
1.958819543553256040e+02
2.213471342785585136e+02
2.103066078892265978e+02
2.121122089209882802e+02
2.052715481608817925e+02
1.982368118070019420e+02
2.013530874242012203e+02
1.972233941560794506e+02
2.013103485965023083e+02
2.080292427769757069e+02
2.125228990126096278e+02
1.952468827423028301e+02
2.089747644653138821e+02
2.049082110028621173e+02
2.043758662137502711e+02
2.063471164670339704e+02
2.041972352773678949e+02
2.034289060243784206e+02
2.084190692140441286e+02
2.013905437880480349e+02
2.037564051693188389e+02
2.026403438592151929e+02
2.011251710056351101e+02
2.092573571584201488e+02
1.935292588844489217e+02
2.050721657980032262e+02
2.074242304242890214e+02
1.976965654585121399e+02
2.050203064823190573e+02
2.062132846128431254e+02
2.087957769413339406e+02
2.045887075622362090e+02
2.036437219063188877e+02
2.068016519713223431e+02
2.094821486755941748e+02
2.020182376818080172e+02
1.973860159971814596e+02
2.024663960050978915e+02
2.112592889390055859e+02
2.083783142725035873e+02
2.042689756229660532e+02
1.997868301853178252e+02
1.981894161489340433e+02
2.020723587108146546e+02
2.099810265413537422e+02
2.096817944734125376e+02
1.943702190270430776e+02
1.993871108327241473e+02
1.994540196901193951e+02
2.037936215472819015e+02
2.005899857808198306e+02
1.919073256946093977e+02
2.103214897044283020e+02
2.030190761200020404e+02
2.014374540612157034e+02
2.063498216684384374e+02
2.078393025394954918e+02
1.914342099633454097e+02
1.995824049876162007e+02
2.063848191007131447e+02
2.029212084105647591e+02
2.025703579500160458e+02
1.997683353631457521e+02
2.025390364563435526e+02
2.015683974889283263e+02
2.027351201264237375e+02
2.006675213193286140e+02
2.012696171006166139e+02
2.054552432774305544e+02
2.051716376018028427e+02
2.072767282078912956e+02
2.112143558794126363e+02
2.047234035712842513e+02
1.999998750126031268e+02
2.047694997315278727e+02
2.051976244397413893e+02
2.059279407908109363e+02
2.000172330423730500e+02
2.122630916624479767e+02
2.017630882037653350e+02
2.032673648970535112e+02
1.963940015768741603e+02
2.076202101849571307e+02
1.981204031800945415e+02
2.085176902878412761e+02
2.047819493705808327e+02
2.014059171210822115e+02
2.005647238243343224e+02
2.022315109472241375e+02
2.040878338122742832e+02
2.070939605885201331e+02
2.083634280424461735e+02
2.026680483189865640e+02
2.043228481458120598e+02
2.011054794032767745e+02
2.035896741363526985e+02
2.036448752170070691e+02
1.975387647699599825e+02
2.026516711483117774e+02
2.003956486653910645e+02
1.951755374717907898e+02
2.062380251204337753e+02
2.023945610403328317e+02
1.977223437353812017e+02
2.076878498190572770e+02
2.030427496250546824e+02
2.065200602104463030e+02
2.058903999388520845e+02
2.019426309600062268e+02
2.088546412894106652e+02
2.051967070663470167e+02
2.008758428225329169e+02
2.019828952084935452e+02
2.042042565821217295e+02
2.103137523231510499e+02
2.113921600842597854e+02
2.046826272543050038e+02
1.973828299281344130e+02
2.032924169090684927e+02
2.102700433960212933e+02
2.041549168598801884e+02
2.006377233052397457e+02
1.982530758491654126e+02
2.082433388649841959e+02
2.055900709802607196e+02
2.065048661471822982e+02
2.034593277691086826e+02
1.999483181117716981e+02
1.921415917731562217e+02
1.982219611073652175e+02
2.075461299116857958e+02
2.042371850858175719e+02
2.022480795196053123e+02
2.103693639498902428e+02
2.007450457990080963e+02
1.991068245344897889e+02
1.987407612400762105e+02
2.021153133369302850e+02
2.033324986516836930e+02
2.042916213380571548e+02
2.075850955214595501e+02
1.982357426777184628e+02
2.061638466059570760e+02
2.117892040687304984e+02
2.053563954037037149e+02
2.038380454130852684e+02
1.980214707800118106e+02
2.023386119581253979e+02
2.028364803134875558e+02
2.102476678064909947e+02
2.108504637371463843e+02
2.094927704737544047e+02
1.978248053611087585e+02
2.021471744312927115e+02
1.995845184288670282e+02
2.031174166207054839e+02
2.049273292184862783e+02
2.049977631377521163e+02
2.077201103843197814e+02
2.036753202733371495e+02
2.064029915363996963e+02
2.002657032168456794e+02
2.066804336777087769e+02
2.027924251597762009e+02
1.945738525090624762e+02
2.062110515415691623e+02
2.024406922714561574e+02
2.029606182456599015e+02
1.973116645217517942e+02
1.988142257236712283e+02
1.899776235149265631e+02
2.009820079635786669e+02
2.071116504778486558e+02
2.054421718034798801e+02
2.029406817176142965e+02
1.930534032133117819e+02
2.046745117719045197e+02
2.034787740627075436e+02
2.046637317221340311e+02
2.037096544590647227e+02
2.039153986582214770e+02
2.084794510570575028e+02
1.994655250350176914e+02
1.980951309690369442e+02
2.083121992407862706e+02
2.037164522538969038e+02
2.077552199949173257e+02
2.052976285118083126e+02
1.981571145415666706e+02
2.092425148545453908e+02
1.980111262162446053e+02
2.111528002942264379e+02
1.980790807828789468e+02
1.976059923147823838e+02
1.995629870818846427e+02
1.988978743077552167e+02
1.988186574819619068e+02
2.035867221910525302e+02
2.006236570563912380e+02
1.989580229080036702e+02
2.036522668066907613e+02
2.167253864592211130e+02
1.969606016807212825e+02
2.069661829264760229e+02
1.981250293845070587e+02
2.016764091058729775e+02
2.106294838709885937e+02
1.945175973289232161e+02
2.086445312650405413e+02
2.017185279545654453e+02
2.056721727472591965e+02
2.071109803356962402e+02
2.038710899620423334e+02
2.096739836675046149e+02
2.066106275812290392e+02
2.056075729124335112e+02
1.923313396354262466e+02
2.018335543856979655e+02
2.178160650903472515e+02
2.035410872183988999e+02
1.987824592230348912e+02
2.047819945360624558e+02
2.005834315904145910e+02
2.081229749929818524e+02
2.037749626507150538e+02
2.103282440061523744e+02
2.020656363683520169e+02
2.106917360930216319e+02
2.082656126400510459e+02
2.022480628936519338e+02
1.998371029361964872e+02
2.138435385307618333e+02
1.988549031238287341e+02
2.102759686080601398e+02
2.065160359569361788e+02
2.011622217882505765e+02
2.078070791381029210e+02
2.094262922573940386e+02
2.006400844672086237e+02
2.066736412124429307e+02
2.010574498354885975e+02
1.982603230693002843e+02
2.005345872082129119e+02
2.040726149759315149e+02
2.025074646167370815e+02
1.937540550334711611e+02
2.146571401526705358e+02
1.941048048021535237e+02
2.067425170437802819e+02
2.081343054273555140e+02
2.094176663912448930e+02
2.104848277907196064e+02
2.027263783815595843e+02
1.993608125769293338e+02
2.027533237869272114e+02
2.143800425710609829e+02
1.977606951372500248e+02
2.068560077896489986e+02
1.988221640487785180e+02
2.063894203032073449e+02
2.057274231076379181e+02
2.012415365672101757e+02
2.056503286279170197e+02
2.034952209993150802e+02
1.942905358191664220e+02
2.097444569872551767e+02
1.992326741772577918e+02
2.009619820572773392e+02
2.015918257081016236e+02
2.117019240369829731e+02
2.011355470422349185e+02
1.974433553122604792e+02
2.008138697991580557e+02
2.040443743628599123e+02
2.077421338432984612e+02
2.028686092448865281e+02
2.024046862470649444e+02
1.994843793389672726e+02
2.047727452233490908e+02
2.086396291783469508e+02
2.046007197504816304e+02
2.055039845689881304e+02
2.150540111586573744e+02
2.071882528493459290e+02
2.003576132037082402e+02
2.082783983296214672e+02
2.041696709721899765e+02
2.126875666380645384e+02
2.024740684314453745e+02
2.080824574213221752e+02
2.054670661034245711e+02
2.051896346499879087e+02
2.069783808206519495e+02
1.997328814018196681e+02
2.003223020964004775e+02
2.088760609812070754e+02
1.926350396997735004e+02
2.087622981096197066e+02
2.042304319802438499e+02
2.001423680123374425e+02
2.025082003414502765e+02
2.037092976542266456e+02
2.094794934760731735e+02
2.091737757110709595e+02
2.069682334902767593e+02
2.035117905673255621e+02
1.999210289791786579e+02
2.027750865615444980e+02
1.936267412387709896e+02
1.976310306511887234e+02
2.080369469356034529e+02
2.034817054087191650e+02
2.097885823348326539e+02
2.037036479108866445e+02
2.016967314495240942e+02
2.081070507852960816e+02
2.003202267994405190e+02
2.032515409679696461e+02
2.099511168414875897e+02
2.039378750317738707e+02
1.987113864078336576e+02
2.063906557803043711e+02
2.074989306708745005e+02
1.997135874403670357e+02
2.010536237245053428e+02
2.010009066563338536e+02
1.925800012848702352e+02
2.071866755939137761e+02
2.033782449098403333e+02
2.089629162386081589e+02
2.034537580481936345e+02
2.046345850207653143e+02
1.992616613013363747e+02
1.951552432780337085e+02
2.111094075889212434e+02
2.002643980901487453e+02
2.067840281450319253e+02
2.013985612594321140e+02
2.046087799676942609e+02
2.133656959128354060e+02
2.083924513647523895e+02
2.039435446964359357e+02
2.046563311215869305e+02
2.015388433489619899e+02
2.095581548588023111e+02
2.023707821531902198e+02
2.109267720601917802e+02
2.104572557220462556e+02
2.043163398262161934e+02
2.148306942348131088e+02
1.968174411283675340e+02
2.012121067537474630e+02
2.054278366875877566e+02
2.087585584118273232e+02
2.032240856438495200e+02
2.037747711983525107e+02
2.053588904780985160e+02
2.052482247969150535e+02
2.098983169475744432e+02
2.061612151765868646e+02
1.980568300460543583e+02
2.039394704676009269e+02
2.054853952353906550e+02
1.967213931799401223e+02
2.015264567533512832e+02
2.040922660305996317e+02
1.988980158257131450e+02
2.006846241488065914e+02
2.020408523407871826e+02
2.011235936583277635e+02
2.028873661471783976e+02
2.049600266393627237e+02
2.067144041320736960e+02
2.068892142109466192e+02
2.084769265073407496e+02
2.018237760167217800e+02
2.139034163228956800e+02
2.012560779552463828e+02
2.023290523342188294e+02
2.028625651505093117e+02
2.001732161255771132e+02
1.983013121862623223e+02
2.049131011883946201e+02
2.024837455997205780e+02
2.074037088468674881e+02
2.093394327807365016e+02
2.090645318555560834e+02
2.084958317906514651e+02
2.008973334203186312e+02
2.055598105729891074e+02
2.062608799034180151e+02
2.135681712333776261e+02
2.075497785712729524e+02
2.124120155174328488e+02
2.041386266653751420e+02
2.104807618687651996e+02
1.997147546694838240e+02
2.018145859278715477e+02
2.117368468499164749e+02
1.975617700607692200e+02
2.096934191911856544e+02
2.024233731175729645e+02
2.031958181325638861e+02
2.008314158291983347e+02
2.098411573035593563e+02
1.972139621205287199e+02
2.060397599552030670e+02
2.010644810461760699e+02
2.029851389472028416e+02
2.032499154995821584e+02
2.108170379825320708e+02
2.011464289496129538e+02
2.092290958398804719e+02
2.090112963560794128e+02
2.027314746006291557e+02
2.065318946389898542e+02
1.993687128685835717e+02
2.066219076643664039e+02
2.094151067413896499e+02
2.024202794821205771e+02
2.028842614205216250e+02
2.045804098622226661e+02
1.972898006535164939e+02
2.044031803769381668e+02
2.022864188478652920e+02
2.047518035505155751e+02
2.016611215442108289e+02
2.026178185459960162e+02
2.000792434991053597e+02
2.074329685938505747e+02
1.977399515864545378e+02
2.093607923003771702e+02
2.070376616874050910e+02
2.070115426412548345e+02
1.957698462886942821e+02
2.005952857195323418e+02
2.056339608432188868e+02
2.092011912941480603e+02
2.088008927193291697e+02
2.149660659844790871e+02
2.101373343795478945e+02
2.100913608088673925e+02
2.013572122842658416e+02
2.129153184073674083e+02
2.103046697770929256e+02
1.947852697806672495e+02
2.029635461301244845e+02
2.148543697063131219e+02
2.090349828515206241e+02
2.136843323712648157e+02
2.020745140771006447e+02
2.009917921923887150e+02
2.153090200819061977e+02
2.106169812058408581e+02
2.130540993385199897e+02
2.040194801753178524e+02
2.054861869369638043e+02
1.978887905567285941e+02
1.974634472860411449e+02
2.071034787264703141e+02
1.976183291232241572e+02
2.014186280432808189e+02
2.038967531736027468e+02
2.060814088694392865e+02
2.060001239245995919e+02
2.028923611487235235e+02
2.118933634646078303e+02
2.000448331521648697e+02
2.065892892576146096e+02
2.034872822843905169e+02
2.000700582338169795e+02
2.083576316669825133e+02
2.083938768702670927e+02
1.972224072858608110e+02
2.075215827665060999e+02
2.120860373611626528e+02
2.037290374569888058e+02
2.072871334808691586e+02
1.984073310537118289e+02
2.139097139731820789e+02
1.963826740507724082e+02
2.045142276305935241e+02
2.064900020235319857e+02
2.001197896627468822e+02
2.060058888823685948e+02
2.076741973730536870e+02
2.070757978073842196e+02
1.972335051546400848e+02
2.021660817017114482e+02
2.029274458092516227e+02
