7.249549505451632569e+01
7.151895506269836744e+01
6.517542792232467264e+01
7.025097972149339398e+01
6.727325555402899226e+01
7.056989521543475519e+01
7.228493579589105877e+01
6.756327810294317260e+01
6.192525401436142829e+01
7.127417024625063391e+01
7.189002455547706916e+01
6.927836452514561927e+01
6.822962286987493030e+01
7.025322553306001794e+01
6.922373346041919717e+01
6.325658693168846014e+01
7.430092647888574220e+01
6.961942612895074944e+01
6.631167860035614581e+01
6.854448244127449641e+01
7.087506450034709360e+01
6.398020437712657582e+01
7.409621147793406237e+01
6.747336371355595475e+01
6.594969628047549293e+01
6.841247037112655960e+01
6.863341385798806016e+01
7.215818509308768114e+01
6.942831146236655115e+01
6.908413268530415507e+01
6.932795159198911961e+01
6.336380543147679134e+01
7.024235121080756983e+01
6.479057699230934020e+01
6.857169244456974866e+01
6.694778175831793021e+01
7.086705329852200919e+01
6.930216784669134711e+01
6.959772460474991362e+01
6.770171177386814065e+01
6.870843451529728441e+01
7.272876660886274180e+01
6.550569254485330362e+01
7.170888000138182861e+01
7.143322921545103554e+01
6.911400356841872394e+01
6.867640990745201179e+01
7.174524412094235970e+01
7.027875683744548496e+01
6.757990393992876932e+01
6.881888005000641328e+01
7.000324839430159329e+01
6.297289505946594801e+01
6.632051363712703562e+01
6.934093945450530327e+01
6.777419362561090566e+01
6.562679703110876517e+01
6.790786517140220724e+01
7.017978506903673974e+01
7.271254888227240087e+01
7.143197401285834758e+01
6.973902765335020604e+01
6.841394051325448800e+01
6.329290730906739526e+01
6.911282975719296928e+01
7.053424511995852697e+01
6.514570734728980028e+01
7.140832010331887147e+01
6.813834394313558107e+01
6.691463693743433794e+01
6.864174212729442104e+01
6.511461674606418626e+01
7.080301511272682546e+01
7.213022581952807855e+01
6.886845602169132974e+01
6.511402989982686051e+01
7.069001369645425825e+01
6.746951304695011231e+01
6.806130545110079311e+01
6.916784790467714572e+01
7.346763512434630172e+01
6.729122345346331713e+01
6.878325793786912357e+01
7.222948919103875198e+01
7.070229580434930483e+01
6.896623559271512249e+01
7.132953816137504077e+01
6.904412535632816628e+01
6.872614777018742416e+01
7.004682865208927467e+01
6.899392993294685539e+01
6.595154628371689398e+01
6.679827875971943740e+01
6.890233043993501383e+01
6.541002427622896676e+01
7.026313019036814467e+01
6.664707651404518174e+01
6.700415697448974583e+01
7.233318285183989360e+01
7.178534593979516387e+01
7.099952566289402967e+01
6.551232939306318315e+01
6.652772338499919158e+01
6.752329748482009109e+01
7.084628770683424648e+01
6.808345236776246168e+01
6.526213663422046807e+01
7.132010907832763280e+01
6.826289731736683564e+01
7.036631801524738705e+01
6.993304216938837214e+01
6.558719228292473247e+01
6.963678907155237141e+01
6.834954468141019390e+01
6.931982761299043716e+01
7.194690048215261413e+01
7.162390748047813815e+01
6.966179788025219466e+01
6.719158262449035135e+01
6.570340871756043555e+01
6.773371473481975613e+01
6.742795460821267284e+01
7.254704445099743282e+01
6.749134958769066372e+01
6.684725359015642709e+01
6.954709409036821910e+01
6.879031369036327703e+01
7.002307775559589231e+01
6.836894412972179680e+01
6.696382167952970121e+01
6.877894404923291916e+01
6.673717810395847039e+01
7.078998621277013115e+01
7.162083777966896037e+01
7.286168052204052970e+01
7.092130030669983398e+01
6.965237597986309481e+01
7.170309709806420528e+01
6.465883279816269180e+01
6.735093222479628139e+01
6.842969799119427421e+01
6.501874440797668342e+01
6.662010726403771343e+01
6.738266451781704802e+01
7.035527828757018654e+01
6.878523762637350103e+01
6.940624350383441765e+01
7.026198511091152454e+01
6.558074842908808932e+01
6.810000452265987292e+01
6.851050440437614952e+01
6.665536521555412719e+01
6.935514058505704327e+01
6.752778355492826279e+01
6.661664312589000758e+01
6.597355351809517288e+01
6.378178216816904467e+01
6.803381665720178262e+01
6.646127859910562563e+01
6.469380130447433430e+01
6.481513860118575110e+01
6.557051073706801958e+01
6.547165250281354076e+01
6.703589572657509166e+01
7.161199004305899507e+01
7.037663627417548184e+01
7.003716280257586391e+01
7.073252403820239920e+01
6.370001808363397799e+01
6.973195867072691101e+01
7.061125122664766707e+01
6.766428814144040871e+01
6.384871117990729061e+01
6.719553092695120711e+01
6.986802664656852357e+01
6.725736370672794351e+01
6.747226461536101283e+01
6.543092259613328565e+01
6.734318179744808219e+01
7.139381622849168707e+01
6.838306888908084602e+01
6.629458393411249517e+01
6.857294445988107157e+01
6.479678684977857017e+01
6.628472248689278956e+01
6.810604021267700148e+01
6.990666818561848572e+01
6.892142323787146552e+01
7.159685232228740404e+01
6.578773711499414389e+01
7.236955303478789858e+01
6.720272562555588536e+01
6.806765466068230808e+01
6.988563126917949830e+01
6.856607486333774659e+01
7.324155743856496770e+01
7.072207828303145050e+01
6.816025869400630199e+01
6.885599580449454038e+01
6.745160712883819087e+01
6.905103184131009186e+01
6.967831685683275111e+01
6.340705938904495298e+01
6.178304051122110963e+01
7.191322712960737817e+01
6.446993805383516474e+01
6.717982284308902763e+01
6.318995673746783126e+01
6.826266038059220875e+01
6.924136428038050894e+01
6.946801877794931102e+01
6.777230302379663840e+01
6.827879574148016673e+01
7.108206289491215557e+01
7.155565101976941378e+01
6.817545442999738725e+01
7.078234077728419038e+01
6.670643950239262665e+01
6.839916350247666799e+01
6.831425227699686786e+01
6.624444427121370893e+01
6.356828201658061062e+01
6.740246454783316210e+01
7.045019045230084487e+01
6.641491783260880766e+01
6.978674656607766735e+01
7.102368661962840690e+01
6.782610745209269965e+01
6.795843312624913324e+01
6.970067741975141473e+01
7.206226698588343993e+01
6.648988108012362375e+01
6.853808762448039715e+01
6.669891607523264554e+01
6.422251638464244650e+01
6.464206900314648863e+01
7.101494316949711560e+01
6.479582640812469663e+01
7.422348579936465285e+01
6.912871046431949651e+01
6.585465819248975095e+01
6.793121111824490299e+01
7.011282273117238617e+01
6.966692200750281927e+01
6.594934949254243861e+01
7.051024115947132032e+01
6.842241636553843875e+01
6.903435122980039296e+01
6.748465971277887832e+01
6.597541311918695328e+01
6.720512490121188875e+01
6.775395699641123315e+01
6.109771011637901950e+01
7.155068302369051025e+01
7.262550358553014007e+01
6.380191483854605394e+01
7.042959653505633355e+01
6.511452975207531324e+01
6.688908549125200409e+01
7.671015591706301961e+01
6.649011678311158846e+01
6.534816758370266143e+01
7.396456946940746491e+01
6.826110538942887729e+01
7.546993745972585543e+01
6.681602324663978720e+01
6.483317019017036387e+01
6.526812910403020851e+01
6.352721445947103973e+01
6.702430189072785538e+01
7.031401265370296016e+01
6.974929234390435795e+01
6.569405762317549602e+01
7.033252404523854295e+01
6.919306792760754377e+01
7.216199092537465276e+01
7.476448991288586399e+01
7.559590696038635826e+01
6.852821121822933037e+01
7.364968246190485957e+01
6.763466197630847887e+01
6.354936723062182580e+01
6.903949348842256484e+01
7.262194316028394780e+01
7.126265804747842481e+01
6.448438112269008116e+01
6.503041560694202872e+01
7.369095004760842471e+01
7.177048879244468083e+01
6.577944913743118605e+01
6.728036643925626947e+01
7.147278376576528558e+01
6.894219077053655553e+01
6.572449228002197685e+01
6.947329198155118490e+01
6.737943788157240022e+01
6.906706077377070585e+01
6.341115039821048072e+01
7.180764010313379231e+01
6.982858470000361706e+01
7.415456789297714124e+01
6.680313323701382444e+01
6.966084962609130571e+01
7.049529888447972326e+01
6.459264126767095604e+01
6.670465919251064690e+01
6.724880728294310472e+01
6.826811806026087481e+01
6.799324796535221083e+01
6.812417736104738708e+01
7.008265875093464103e+01
6.739196278053979938e+01
6.586239704937935358e+01
6.871043506738284634e+01
6.856147399205134718e+01
6.812587930532487235e+01
6.740015462444098659e+01
6.951969338497369222e+01
6.634332940547945157e+01
6.600918560745441255e+01
6.474046634653581123e+01
6.937874928346258230e+01
6.291409959660126106e+01
7.351892306473968119e+01
6.539989164935249732e+01
6.516540526433878711e+01
6.910675273539706609e+01
6.776765822375369908e+01
6.842663896101224452e+01
7.019640827488241541e+01
7.134404522553832351e+01
6.791643070287757666e+01
6.930646670929024822e+01
6.908411369907332755e+01
7.116157203241846219e+01
7.182909684598425315e+01
7.000349451650470201e+01
7.054268327592986054e+01
7.233892845739632094e+01
6.692121872003970395e+01
6.428556170026485006e+01
6.657287586724665118e+01
6.594333670572085282e+01
6.664803855792297327e+01
6.925149564089944931e+01
6.489605592520928212e+01
7.065084141434023479e+01
6.477756870424802571e+01
6.763129265074225316e+01
6.899273057628315087e+01
7.462886588980570934e+01
6.482601019984365109e+01
6.867152793601044891e+01
6.970657029100428304e+01
6.827879990177817149e+01
6.837442353204922085e+01
7.060878909648205592e+01
7.050517813791206834e+01
7.144359051267353777e+01
6.865896660757442760e+01
6.659173897903511374e+01
6.763939462410475301e+01
6.695159501631586352e+01
6.669775726474817645e+01
6.876841486735251863e+01
6.009458717240077164e+01
6.198826428714791348e+01
7.071936410535465711e+01
6.995531811570619141e+01
6.613405121690166766e+01
7.084533466621006426e+01
6.512982947966308700e+01
6.971129338574017709e+01
6.943591879691904012e+01
6.950962600623284970e+01
6.921795436882037222e+01
6.725056158560718700e+01
7.054712614081569200e+01
6.990214116531323896e+01
6.973200039168477815e+01
7.211318111601748626e+01
6.526244425708044616e+01
6.854652104590631723e+01
6.875819546277907079e+01
7.298687208698096640e+01
7.075587949103801577e+01
6.933032194489869937e+01
6.744548354023528702e+01
6.506677449081361431e+01
6.904904729073065539e+01
6.658337684725975691e+01
6.842850443715953190e+01
7.317334576518170763e+01
6.959988357874878773e+01
6.543641050999451636e+01
7.193600744075672537e+01
6.923343108657770983e+01
6.691097746869513685e+01
7.133803894438798920e+01
7.037676861789712746e+01
6.514851648716458499e+01
6.885941166350806952e+01
6.912850826253850300e+01
6.598781422109006201e+01
7.127556185089422058e+01
6.680464858002042661e+01
7.207261678489561518e+01
7.093052110802044297e+01
7.089725258433875865e+01
7.228439463993335323e+01
6.590509887054365379e+01
6.470450243291176662e+01
6.589577039620054677e+01
6.730833902892560161e+01
7.129785962293766488e+01
7.292797970934202567e+01
6.328460266850026983e+01
6.470994388957043952e+01
7.094736534899934099e+01
6.827752820042320536e+01
6.685098315195001817e+01
6.821880331124242502e+01
6.985144784730262302e+01
6.943591338592193551e+01
7.297042691213437138e+01
7.126944977025743810e+01
6.977205347584455808e+01
6.650054286927469605e+01
6.971652148022387507e+01
6.739457376885154360e+01
6.460466991335260900e+01
6.931489114577826172e+01
6.876790720609751872e+01
7.258973650727976690e+01
6.637458375547650746e+01
6.982927613663336786e+01
6.630529146029907395e+01
6.857297304069740562e+01
7.056068648824859224e+01
6.631891340001072876e+01
6.017731142989767079e+01
6.875703813563170286e+01
6.797121986477172584e+01
6.582072446552831479e+01
6.321110541427312057e+01
6.785620406064744259e+01
6.877017131306151043e+01
6.887867868336851984e+01
6.865118085025612515e+01
6.618495832865640693e+01
6.603764542561985706e+01
7.153884850915088123e+01
6.952562767711098957e+01
6.372894115184283947e+01
6.765629784913777200e+01
6.767273956045976036e+01
7.274918296198794110e+01
6.667338317098506195e+01
6.568524036204321703e+01
6.807211352917906311e+01
6.625095408322849266e+01
6.839575808384580569e+01
7.194092877978015110e+01
6.634747546845316890e+01
6.723945786135736569e+01
7.234899720585519844e+01
6.796485604001804859e+01
7.310911129564425437e+01
6.816451523827794290e+01
6.819411189609681401e+01
6.860004981138781943e+01
6.377101647315863886e+01
7.363957381329265672e+01
7.053166386976937474e+01
6.512906778008461117e+01
7.033743727457837736e+01
7.207361633310698323e+01
6.642093036177183762e+01
6.894061958699711568e+01
6.816195979504320235e+01
7.044919969988571040e+01
6.733431033928872012e+01
7.337465151464951418e+01
7.394845402353958264e+01
6.886279669270460602e+01
6.767841487036976389e+01
6.716697796309003365e+01
6.552973665394674185e+01
7.025411721780464802e+01
7.097584397771689169e+01
7.140345239645151310e+01
6.827776579846776883e+01
6.780441911250005660e+01
6.463806306246803501e+01
6.887507100187166031e+01
6.899247874548065340e+01
6.877013075269509557e+01
6.674553769569044448e+01
6.552564382086018213e+01
6.920336880248605382e+01
7.093447399130292297e+01
6.492467792795298465e+01
7.040583719596723711e+01
6.481726175049470839e+01
7.008735778686607887e+01
6.603033148086285564e+01
6.871973742450244060e+01
6.839404213505696362e+01
7.022576479404227712e+01
7.256066673775266906e+01
6.868410155735860201e+01
6.442607826375953550e+01
6.517893484261649917e+01
6.829949323650200199e+01
7.195007993979638172e+01
6.967191086638743514e+01
6.939086175860730066e+01
7.214994167073417941e+01
7.039335435106212913e+01
6.982384751311087712e+01
7.288485932741545525e+01
6.719644672919770301e+01
6.664529689872661322e+01
6.312365113905865854e+01
7.042827964849250577e+01
6.982379513413522432e+01
6.950579920046430971e+01
6.906808656427325843e+01
7.203276185929107100e+01
7.305781297053434287e+01
6.872737183736275313e+01
6.453621056772878717e+01
6.626877341556074441e+01
6.792884876530050065e+01
7.057947245736529851e+01
6.695127437847442309e+01
6.597654657882550566e+01
6.491352186040157335e+01
7.051550694286363807e+01
6.505427400681185190e+01
6.889882239602336256e+01
6.565483482513748470e+01
7.038789698105782122e+01
6.700739110112675689e+01
6.711109661758324307e+01
6.443304435106549022e+01
7.336611909498871853e+01
6.714449908380198906e+01
7.137197730421432595e+01
7.237268165902305839e+01
7.019894761375186931e+01
6.987315704766118074e+01
7.115868994154016036e+01
7.187483731198454961e+01
6.964970242706841930e+01
6.959942886210330926e+01
7.000049480810926639e+01
7.223402993902041658e+01
6.668043443156881267e+01
6.982487049435454196e+01
6.777203567317008037e+01
7.095836229835366282e+01
6.701483859094160778e+01
7.028731147590671924e+01
7.248482772519588480e+01
6.932649385538260844e+01
6.754554596861414950e+01
6.794173283710370015e+01
6.779658569758517217e+01
6.375279893529169328e+01
6.632007027369787977e+01
7.040295666887401183e+01
7.020443833209216677e+01
6.890934345224096091e+01
6.771464353227763411e+01
6.763501657675533352e+01
6.864768843198079651e+01
6.611435575766287798e+01
6.784453709886918205e+01
6.815598257187474474e+01
6.657721310640553725e+01
6.890384440758950291e+01
7.072391296456127918e+01
6.916327489093282566e+01
6.611856234362241480e+01
6.562581252321479042e+01
6.973928765127715224e+01
7.224393112986903986e+01
6.739710946187329910e+01
6.380176980443551571e+01
6.552124593086392679e+01
6.471993449741401605e+01
6.726620724956782738e+01
6.924431062328567066e+01
7.099445276048260212e+01
7.167972360508569807e+01
7.179207556103254717e+01
7.137388098744091280e+01
7.164718999320783155e+01
7.084810232989279655e+01
6.800930786255491967e+01
6.917083915955863915e+01
6.913045871773934437e+01
7.122209380269660528e+01
6.846443586737160558e+01
6.719438063068326983e+01
7.130144562880799697e+01
6.827531125971644599e+01
6.199614304443856128e+01
6.914948310958460809e+01
6.723973264242938797e+01
6.826235644849199957e+01
6.405721063065072940e+01
7.008621415899791884e+01
6.679542991388413498e+01
6.990816129823430458e+01
6.932179529856011868e+01
7.079597154093917766e+01
7.341605115623904965e+01
6.648641781073492041e+01
6.892861751082885746e+01
7.013622644259959316e+01
6.433370299166644202e+01
6.753744008525518439e+01
6.587728677768309637e+01
7.274915739897564038e+01
6.865205987043528069e+01
6.835650314217907919e+01
7.077294643485632264e+01
7.075095649657329488e+01
7.054704636915801075e+01
6.639128438636282681e+01
6.976119112382519916e+01
6.460111965859292127e+01
7.188419118287615106e+01
6.706319703611497118e+01
6.943187294048971125e+01
6.950665520710003875e+01
7.331737109863213675e+01
6.589914168658654603e+01
6.591066445937747176e+01
6.399449827117704359e+01
7.230823475467441597e+01
7.123143139106285560e+01
7.079075802395711037e+01
6.710304882469492327e+01
6.393133719491181921e+01
7.079147241412897529e+01
6.672147854149054069e+01
6.760296034701926260e+01
6.842967117984483139e+01
6.474758828411533784e+01
6.889435553392885936e+01
7.146678972660089357e+01
7.050569156011984262e+01
6.711420923861808774e+01
7.376029516754681481e+01
7.180590734370103689e+01
7.226184458646861231e+01
6.556557975985306541e+01
6.658257113135033478e+01
7.120534337258348501e+01
6.916996327989708959e+01
7.009161555341515282e+01
6.711404508905506816e+01
7.204628059793027717e+01
6.745529810129632153e+01
6.432961927661538937e+01
6.816498354924193848e+01
6.605689218980404576e+01
6.669792132481214253e+01
6.655018072395120043e+01
6.668008796759401946e+01
6.637025130995635891e+01
6.948626392302240617e+01
6.866106344229477543e+01
7.366689202960712635e+01
7.193255868276582987e+01
7.387355052254019938e+01
6.791953668730941729e+01
7.150356618467698411e+01
7.079143607222988521e+01
6.456736227525703953e+01
6.320008440726050480e+01
6.765125453561164193e+01
6.642690707232689817e+01
6.682916111265183190e+01
7.313318003593779792e+01
7.060606886852268360e+01
6.832697706812685112e+01
6.731962756623660482e+01
6.850964908915879903e+01
6.703365502475527649e+01
7.391000214470614083e+01
6.967712061109224919e+01
6.899809878676465758e+01
7.063031433137386728e+01
7.252086341360214305e+01
6.629636645414588259e+01
6.997319776858689977e+01
6.598108707653398142e+01
7.052527101027163781e+01
6.201354726215754454e+01
6.473183198626519186e+01
6.442902460820739918e+01
7.142800831942751927e+01
6.945517834935726853e+01
7.226496464169171929e+01
6.530758238335258170e+01
6.737396720041513731e+01
7.019156213085986451e+01
7.272566825187529105e+01
6.981239683223795112e+01
6.932590952339924684e+01
7.228902873449058575e+01
7.213839503320167523e+01
6.639363754108569537e+01
7.325238654084625978e+01
6.916608277913840652e+01
6.908726722043699908e+01
7.161428254439789498e+01
6.429898668732214162e+01
6.492777972398940278e+01
7.028065161865944788e+01
6.731347050902662943e+01
6.808886175169897115e+01
7.120638339754145818e+01
7.186766741276137793e+01
7.199819021267906294e+01
7.065734772940854214e+01
6.310935165353133414e+01
6.708929208896789476e+01
6.560542046737450050e+01
6.852104430198947682e+01
6.732693162065031345e+01
6.941874476053432375e+01
6.647626520885451384e+01
7.390905015704494474e+01
6.836735301914927732e+01
6.507350696117164546e+01
7.087709516199261373e+01
6.482362100903843327e+01
6.881170749690568300e+01
6.697659571603895756e+01
6.818113763502722691e+01
6.849706675686260837e+01
6.709303739313460824e+01
7.225633130129635617e+01
7.053487702287132777e+01
6.946011299651732429e+01
7.147216925015571576e+01
6.668816578715498622e+01
6.702008259398421330e+01
7.306978954690892181e+01
7.017921814663503710e+01
7.176565801563347691e+01
7.040236487314963654e+01
7.389922437131590982e+01
6.991782834301092464e+01
6.669923832056397828e+01
6.329342879020981627e+01
7.105003247698607538e+01
7.052823091727492510e+01
6.841834311629614263e+01
6.582524813810434239e+01
6.738135789224584471e+01
6.834836376883039577e+01
7.064931517722840226e+01
6.833279266343872393e+01
6.780099286251822832e+01
6.312282855277049975e+01
6.916216030668847736e+01
6.768160489577518035e+01
6.357624225138236795e+01
6.783603911134315467e+01
6.780922209626386632e+01
6.761747163266943517e+01
6.878460853953590970e+01
6.965345432614232379e+01
7.007205276601685284e+01
7.033548444223687568e+01
6.702741282861059346e+01
6.802630524292013092e+01
6.866108782762415785e+01
6.926310042107368758e+01
6.842118419731681911e+01
6.731410095022982887e+01
6.985805217818547419e+01
6.698703229919323121e+01
6.749583781415034878e+01
6.866308199811588509e+01
6.804727174496322561e+01
6.685116377475029026e+01
6.651166705798225109e+01
6.974486132779775005e+01
6.576729207001740463e+01
6.693667867540324323e+01
6.468654329668103742e+01
7.184026880724785258e+01
6.674013702419091487e+01
6.963918486975734368e+01
6.667464480375326730e+01
7.097607229349675606e+01
7.307405419196082619e+01
6.711674525675257996e+01
7.208366539383054317e+01
6.970734332444448000e+01
7.160591978581693695e+01
6.826596058305403858e+01
6.987055585179206219e+01
7.238753224867119229e+01
6.714057546557567946e+01
7.242811517841624891e+01
6.557915786389705204e+01
7.010382997182625786e+01
6.748278854605126753e+01
7.061700410712103348e+01
7.089921878971547642e+01
7.044258493717698855e+01
6.703563836400843456e+01
7.362367026764471234e+01
7.133584666830249432e+01
7.116689892917699467e+01
6.799126245757096854e+01
6.797823817986756012e+01
7.075197345766100909e+01
6.815149845802991990e+01
7.110071333649703718e+01
6.856551207164933714e+01
6.485416574369895670e+01
7.007032919157104800e+01
7.175562189485785325e+01
6.586024642903785775e+01
7.070789443339802460e+01
7.226289976464855158e+01
6.422259617057135017e+01
6.773829609371463789e+01
6.853611903168742003e+01
6.617478765605694946e+01
6.774457326660778733e+01
7.027818561325315727e+01
6.911862507338524608e+01
6.994096332194463628e+01
7.103838035477126311e+01
6.836396116119053090e+01
7.178930127206760403e+01
6.669454333729609630e+01
6.921291599781515913e+01
7.325713409264648135e+01
6.742509949293980753e+01
6.566804590154666244e+01
6.715237511313982566e+01
6.628364268181326224e+01
7.190253908372491765e+01
6.496763026940966768e+01
6.932420882025736830e+01
7.217878767929346395e+01
6.957620713737355800e+01
6.614424560305825196e+01
7.119787023960545014e+01
6.306615343418533115e+01
7.064042436908418665e+01
7.220914842828022984e+01
6.968192442200196979e+01
6.847405852389832148e+01
6.485335152484151422e+01
7.007683776674298315e+01
7.042305316831345863e+01
6.762031488810946200e+01
6.620929960861852237e+01
7.214185830675639011e+01
7.349095142609320419e+01
6.892210686594226843e+01
6.753911937892647188e+01
6.917309635571864135e+01
7.027252959802289922e+01
7.100789025272476351e+01
7.007583404742975119e+01
6.569385132872106681e+01
6.896078992291519683e+01
6.579235372470765242e+01
6.758282583982855840e+01
7.209270862214663111e+01
7.114350118331547890e+01
6.779933403096396205e+01
7.007530781626235239e+01
6.651049325941802692e+01
6.838243704723255689e+01
6.964050895846514777e+01
6.791201995761089449e+01
6.965448673159764326e+01
6.834330522517922191e+01
6.966725585765674111e+01
6.745366882681952347e+01
6.619711221612033114e+01
7.541022236389345323e+01
6.909648945539422016e+01
6.836525359149054282e+01
7.027658127130507637e+01
6.759225289023852667e+01
6.218332221522248915e+01
7.053783933363862957e+01
6.218024548638034332e+01
7.048792262956921206e+01
6.858459171171605817e+01
6.986801605459432096e+01
6.706179215457382270e+01
6.948380437845098356e+01
7.108299428010367649e+01
6.879396393063309745e+01
6.861852544714436419e+01
7.165119599543307061e+01
6.597666293732173415e+01
6.916597349309336096e+01
7.005850224468630927e+01
6.923711925629724817e+01
6.689008665263526154e+01
7.102995613426155330e+01
6.826195661211586696e+01
6.656484152358973461e+01
7.129212135551964025e+01
7.300985924010294070e+01
7.446410111155921641e+01
6.929933449856009986e+01
7.325440604638635023e+01
7.256486560092437799e+01
6.928085667556582905e+01
6.341079809354988583e+01
7.296293882612928883e+01
6.864434867138102447e+01
6.871600741255932121e+01
7.651369852196152976e+01
6.968571358872775079e+01
6.618303477876649765e+01
6.567204312138629518e+01
6.858242100527515106e+01
7.044383905570356319e+01
7.141617541643292100e+01
7.012187288185762668e+01
6.825475436034287213e+01
6.486341531960913187e+01
6.685293895987889812e+01
6.933922809313087043e+01
6.817710896758343608e+01
6.947588823712369788e+01
7.351118542926090527e+01
6.855820468389198652e+01
6.495532710435301738e+01
7.191355782872891211e+01
6.770112148135255836e+01
7.315956626013498010e+01
6.583013175722601318e+01
6.466935269280855891e+01
6.284856410913370439e+01
7.121022990325747060e+01
6.507844821001589253e+01
6.654692069222019768e+01
7.020362876133643226e+01
7.020270395260719454e+01
6.834499055274650914e+01
6.664446095880576593e+01
6.955106368289813190e+01
6.771690048666653183e+01
6.991592367111131523e+01
6.762666463942713335e+01
7.018541617852706338e+01
6.714975613052939707e+01
7.052003411088314522e+01
7.150308518045227402e+01
7.274400499718693425e+01
7.191291501794768237e+01
7.245896088844487792e+01
6.792658854771848098e+01
6.962783212336542249e+01
6.580419845883795915e+01
6.997080997499355703e+01
6.822907693648870975e+01
6.751143064900811908e+01
6.679851858206964721e+01
7.089476776232552879e+01
6.132668478157841463e+01
7.006790841506781931e+01
7.052126222394524291e+01
6.840950376940695321e+01
7.207746441483563160e+01
6.801252071513387421e+01
6.925221600129920319e+01
6.539532714180103312e+01
6.764003798568536752e+01
6.321608683711037457e+01
6.743092816692156077e+01
6.642064090703932777e+01
6.567487443915403844e+01
7.332858370016847971e+01
6.829528212557639222e+01
7.144144642401433032e+01
6.612537919009258758e+01
6.832024393027460007e+01
7.030038761963216132e+01
6.802923655584967833e+01
