1.143133016225095560e+02
1.191432214983030349e+02
1.176614460369380453e+02
1.166750015717776421e+02
1.156164627053226184e+02
1.265063427672180723e+02
1.192803798957053090e+02
1.171629187160506120e+02
1.150825245992263461e+02
1.216784187421610000e+02
1.183745183637088729e+02
1.167277288378529363e+02
1.202669327670966908e+02
1.154378496721165988e+02
1.239131947638242224e+02
1.168781270719732817e+02
1.186924516411960155e+02
1.154460637046468321e+02
1.121083873213422635e+02
1.234503109255712303e+02
1.188339760973677386e+02
1.121793423579602944e+02
1.206649580362080627e+02
1.218369742424881110e+02
1.172501532247679847e+02
1.143338959610130985e+02
1.159770617684241643e+02
1.167927769398800990e+02
1.168165953450747736e+02
1.172833538016202795e+02
1.106365344531993316e+02
1.189373228732914782e+02
1.211946597265304177e+02
1.231352411598043375e+02
1.151701737910490806e+02
1.179863323200907246e+02
1.166414396253667149e+02
1.119823979538835772e+02
1.204961262654361747e+02
1.196021148254536399e+02
1.199304625333563763e+02
1.103464167939913381e+02
1.173706714765999095e+02
1.175915479677733373e+02
1.179764909346916539e+02
1.164739125761535945e+02
1.137032918106516917e+02
1.153308722934255002e+02
1.108240161472952821e+02
1.192063219525163902e+02
1.144990950404283154e+02
1.161288777340141252e+02
1.201154474920046908e+02
1.253480499187891155e+02
1.163709763844939999e+02
1.213716332020057393e+02
1.172800887544954804e+02
1.175695157851764066e+02
1.109880500605213030e+02
1.194698757483490112e+02
1.153366946034942515e+02
1.184767996924257574e+02
1.162891584061915751e+02
1.202482009227513942e+02
1.097562271031137158e+02
1.172096771333531251e+02
1.157058981575678729e+02
1.213357893335530520e+02
1.129049859534642906e+02
1.106766185428794529e+02
1.187094761053730423e+02
1.139421099489283904e+02
1.171523371677159986e+02
1.202987494908122699e+02
1.150188960121028003e+02
1.170054912482653151e+02
1.126755899078603278e+02
1.163075193499277589e+02
1.182848363017780855e+02
1.121035739303274426e+02
1.229086724379293543e+02
1.184588280180813911e+02
1.183767380916057022e+02
1.146246198414681459e+02
1.218750397441997535e+02
1.114862854240548558e+02
1.167692760874317628e+02
1.209305080396195251e+02
1.155116210102787875e+02
1.104347344875145467e+02
1.169878832628832015e+02
1.096775923256036123e+02
1.146303878087647519e+02
1.214234261503889201e+02
1.164749581586193159e+02
1.210586538950985300e+02
1.219219799943073212e+02
1.206351232041844810e+02
1.153576514674826115e+02
1.170861774289772796e+02
1.163437763033510777e+02
1.241307641111857407e+02
1.143519060008655970e+02
1.230284061390595980e+02
1.167234094879584916e+02
1.117909625718792626e+02
1.156455226022794278e+02
1.180367320934416284e+02
1.163922444142815493e+02
1.189572240585917200e+02
1.169970868153555870e+02
1.160425155134063715e+02
1.130201954785363228e+02
1.199743303627765272e+02
1.199611414232538920e+02
1.177963814919124701e+02
1.185047623689463308e+02
1.174069775695928115e+02
1.187745084222127758e+02
1.162787045985002123e+02
1.244975307945313858e+02
1.170526202004849807e+02
1.214080437406039295e+02
1.108728224002624358e+02
1.179131956776540591e+02
1.189980754100991334e+02
1.178532797096577127e+02
1.154348292957944153e+02
1.167189605602533646e+02
1.203045362421476483e+02
1.145222013757773851e+02
1.237485795536776010e+02
1.130349031001386635e+02
1.150964421148430716e+02
1.140362592155914143e+02
1.141330455123774641e+02
1.200782370287901841e+02
1.165036948496435798e+02
1.215660138232511542e+02
1.143756228256054612e+02
1.249313938026388513e+02
1.178351578049480679e+02
1.127689307802672118e+02
1.139178062616283000e+02
1.189603166365249081e+02
1.118609435571151209e+02
1.133491324605737134e+02
1.265802092865475004e+02
1.166677473264797271e+02
1.209329460490915551e+02
1.201917749283819745e+02
1.227349880434219500e+02
1.193536665812486603e+02
1.190085626662404081e+02
1.063496613773714898e+02
1.211079761171772162e+02
1.073645475011934280e+02
1.151342301146819977e+02
1.189260673462337792e+02
1.067693986331361060e+02
1.124323776290217012e+02
1.175829421780329653e+02
1.127453323703212504e+02
1.160434771311935265e+02
1.178090436124881109e+02
1.203214850879174094e+02
1.096648688780061036e+02
1.232792877232395483e+02
1.145566814446098363e+02
1.198355138976526746e+02
1.117546890170977889e+02
1.146538300949090683e+02
1.117086001915368172e+02
1.110649620542547353e+02
1.160978854135625369e+02
1.207009647250373092e+02
1.185980705689079144e+02
1.160646644559539453e+02
1.165417724713431511e+02
1.117778906802774515e+02
1.199528434685544340e+02
1.176156232177345373e+02
1.183146122029005198e+02
1.187126851593773296e+02
1.184431912939594440e+02
1.203550639613528688e+02
1.175196207005738103e+02
1.131261908521021695e+02
1.149410400592736181e+02
1.172734874634950017e+02
1.211666252650753535e+02
1.143447271274284702e+02
1.180320179543189170e+02
1.224058816753962020e+02
1.151012187637675908e+02
1.112315927311290267e+02
1.154614213387881705e+02
1.186795575300574228e+02
1.215213295082898526e+02
1.137049163790745325e+02
1.183340664651432377e+02
1.147715672171630956e+02
1.100442799048572908e+02
1.212693677931563627e+02
1.154533883536672647e+02
1.099700413093045910e+02
1.153252341336452531e+02
1.180948036799358363e+02
1.211339363315965159e+02
1.148722670637175725e+02
1.174748959165168003e+02
1.188668026430042630e+02
1.162233553886458139e+02
1.202907075461350246e+02
1.152124827786617232e+02
1.160552260973115466e+02
1.180665184495647537e+02
1.217662319290331681e+02
1.194284721897115702e+02
1.159285240217665631e+02
1.152861071749769764e+02
1.137965484922191735e+02
1.184764596052655179e+02
1.203173891633155392e+02
1.266363953026522040e+02
1.151013754057082537e+02
1.220723973881946023e+02
1.134733563307239450e+02
1.222179572705195199e+02
1.192191531467154562e+02
1.171802104552153310e+02
1.151084524103126654e+02
1.120407366304161343e+02
1.163289917338943980e+02
1.199397632406154344e+02
1.164539680683483027e+02
1.203492229275910717e+02
1.257834369402545036e+02
1.134470619731721825e+02
1.183165368308129359e+02
1.161842483814092759e+02
1.162681246928254666e+02
1.136790353065144927e+02
1.148404724285604175e+02
1.175867030149132120e+02
1.147184350771194516e+02
1.206221055312326200e+02
1.214753740607889227e+02
1.190919978563252926e+02
1.204752325716542032e+02
1.207395393301236908e+02
1.178257449552980489e+02
1.171183568556467520e+02
1.108965409499882782e+02
1.125208581626180404e+02
1.267945170620863848e+02
1.173301950702378349e+02
1.111797565595412323e+02
1.130987861416460589e+02
1.135679268337555357e+02
1.175036693705797859e+02
1.222968814554854760e+02
1.119805868292748272e+02
1.197683043530478955e+02
1.206952144320158027e+02
1.186096137289335530e+02
1.232977774236260871e+02
1.174789992247761035e+02
1.202370308589430579e+02
1.183216185057041230e+02
1.166064739812515683e+02
1.109608280849246285e+02
1.123611851021245229e+02
1.180946003715734776e+02
1.184642999642938861e+02
1.174691057741720073e+02
1.199468559403182724e+02
1.163848062541148636e+02
1.167352909741427567e+02
1.121246548497062321e+02
1.157189889300851036e+02
1.143004102435412790e+02
1.152947659048819276e+02
1.179752665751656338e+02
1.128210830753038181e+02
1.213118228127447509e+02
1.071368363386569342e+02
1.191674576106230035e+02
1.253969079302958676e+02
1.260899195430327921e+02
1.226212067314578604e+02
1.118823713898677710e+02
1.210970641797071465e+02
1.223018658458659473e+02
1.131038442122889620e+02
1.142003074509017893e+02
1.150880726916872163e+02
1.254057616842182767e+02
1.192357698951127247e+02
1.261940822427757780e+02
1.202692141698249060e+02
1.164928366215408033e+02
1.167149976344467888e+02
1.134215635780698790e+02
1.120186789479847107e+02
1.185612725574449087e+02
1.137394422952172590e+02
1.174961400466138883e+02
1.122597156491949164e+02
1.158262063220578426e+02
1.101964829729063240e+02
1.169055144686098942e+02
1.187118796451131004e+02
1.128636378978126658e+02
1.218570393111292134e+02
1.187062028215217424e+02
1.243611409942788271e+02
1.154258804044876996e+02
1.172986981575931935e+02
1.223177558680048520e+02
1.202609636937959152e+02
1.163814076041572179e+02
1.252918754782794082e+02
1.208478792083537172e+02
1.212469926212350657e+02
1.218031249084054792e+02
1.125114161515170679e+02
1.179134375594656632e+02
1.244902492677225609e+02
1.141851607660911014e+02
1.200010871253882243e+02
1.136110087076646096e+02
1.097536517887298686e+02
1.197152748206470960e+02
1.109454069737778354e+02
1.160860075563379468e+02
1.195972578420771981e+02
1.194331755310316936e+02
1.176525465925600713e+02
1.145914450339692223e+02
1.143733124417866520e+02
1.161366482541910443e+02
1.146803378877193467e+02
1.196622474249106034e+02
1.112707281207317322e+02
1.084404249711237469e+02
1.241360137374435055e+02
1.222692011787475650e+02
1.127707081294615108e+02
1.134616712128255216e+02
1.188415837875466252e+02
1.206110668773202406e+02
1.188476954777981405e+02
1.147466183980128704e+02
1.198264870959706485e+02
1.180839222649498197e+02
1.268093583281040821e+02
1.181821037599236632e+02
1.153742651324272259e+02
1.260589495789594565e+02
1.154284922486441189e+02
1.161121480111430628e+02
1.156839539445604856e+02
1.217384736259378997e+02
1.104406690370854278e+02
1.165063252849633244e+02
1.188021252876363576e+02
1.157940013096779097e+02
1.109952673444161633e+02
1.240074545681665228e+02
1.219821729065859586e+02
1.150973269869660527e+02
1.185103732719585423e+02
1.167588506867582510e+02
1.124161899460357859e+02
1.181540785736976602e+02
1.238157258874237527e+02
1.131998998493132689e+02
1.183788925134416985e+02
1.197156321070222447e+02
1.144392814964679275e+02
1.177257316912013039e+02
1.121672471762159518e+02
1.193718778159324501e+02
1.152899661441429089e+02
1.118467127709036646e+02
1.106982223422577505e+02
1.191252217267686291e+02
1.192129394642248030e+02
1.177186330232917300e+02
1.209000485858013860e+02
1.152839906628468185e+02
1.134039803082795288e+02
1.144161046650816189e+02
1.198987101421993202e+02
1.161044151560204227e+02
1.164298382795844873e+02
1.160068845369606407e+02
1.147330844859758230e+02
1.252920231456368469e+02
1.112298857740104978e+02
1.168476851792119788e+02
1.131545968618828795e+02
1.199585080094406635e+02
1.149469534813784151e+02
1.180571740420840854e+02
1.133382209532709481e+02
1.152920685917055721e+02
1.220150544815297167e+02
1.192711455984674274e+02
1.275409627706554687e+02
1.143532598106853015e+02
1.246233123467240773e+02
1.197806252691724609e+02
1.131142746665900347e+02
1.172671165298556275e+02
1.173426619639669752e+02
1.101912851413161434e+02
1.158454304985263121e+02
1.139034374171773436e+02
1.189388006101136881e+02
1.183522367916159652e+02
1.187298988755035367e+02
1.183079383215363123e+02
1.225195655170879405e+02
1.200116131943276514e+02
1.152582258541798836e+02
1.172762423720404570e+02
1.252835019036284052e+02
1.179904810743712176e+02
1.168266923710121148e+02
1.220418391248321939e+02
1.209206435915351676e+02
1.163990565112340363e+02
1.215062377305377055e+02
1.196244288527283004e+02
1.142487848497244158e+02
1.122491204342886988e+02
1.174885694891336101e+02
1.187307261898334758e+02
1.174095848488304341e+02
1.235860178159895355e+02
1.209125110252342807e+02
1.113780165432765017e+02
1.168151121767220246e+02
1.132023597686521015e+02
1.163756640059103233e+02
1.192139443679861870e+02
1.154489678271826847e+02
1.199992936951633737e+02
1.103164829214690315e+02
1.162548563322641968e+02
1.201557985596479909e+02
1.154697013588968701e+02
1.182400145280313666e+02
1.157505163239580526e+02
1.113357591028067191e+02
1.139793696140823727e+02
1.165229626366557483e+02
1.216560490499755076e+02
1.189854287762940999e+02
1.176675516679348448e+02
1.211177388826870924e+02
1.163560907577153216e+02
1.231794530241684669e+02
1.181831736184661992e+02
1.130951920103768060e+02
1.206870960999098514e+02
1.108062729673879971e+02
1.133627933327663868e+02
1.176357493856091025e+02
1.150177208546290331e+02
1.146911074748679766e+02
1.190714136731868678e+02
1.138585653996353528e+02
1.168447569902522645e+02
1.178943955668647021e+02
1.168854446936279317e+02
1.210783225920452111e+02
1.152999243546490646e+02
1.163891887227741222e+02
1.163238137918563382e+02
1.159089435606036886e+02
1.138243169287461996e+02
1.204652490615031724e+02
1.194531183678509052e+02
1.149868802169725370e+02
1.187928773352159482e+02
1.075614576756730827e+02
1.132588159633646541e+02
1.134279421598242266e+02
1.160508153349013725e+02
1.107037153390720192e+02
1.191978240793402790e+02
1.161106975723918708e+02
1.183409725827581411e+02
1.195797845584839223e+02
1.211841732621500967e+02
1.214304042242273312e+02
1.185175256880842198e+02
1.141350900934948243e+02
1.176861118494182534e+02
1.146559508947776749e+02
1.197106296058729669e+02
1.174029946435455685e+02
1.147878468164927881e+02
1.192327806128927534e+02
1.143388058668385412e+02
1.189265735857599822e+02
1.156926863586426180e+02
1.139687374397702087e+02
1.206824979444345161e+02
1.168694225958280981e+02
1.164051434993052681e+02
1.130097786332153618e+02
1.125677376574597730e+02
1.143539873311493835e+02
1.212881998514886419e+02
1.148796242105136542e+02
1.226374208174135703e+02
1.177439254545059839e+02
1.119842177332171644e+02
1.155287983402386658e+02
1.150599165756068203e+02
1.183690629693429059e+02
1.175998902975255760e+02
1.271834082264201982e+02
1.202087602868221836e+02
1.132065130843784573e+02
1.136560068975123841e+02
1.222510716239712281e+02
1.124937192018918068e+02
1.132383556746568303e+02
1.172606905641593329e+02
1.129667221966451081e+02
1.073919152610459662e+02
1.166834701714310540e+02
1.150445062168901984e+02
1.174108241262302101e+02
1.229765216994305206e+02
1.116907301517393449e+02
1.197767319876013374e+02
1.207310364686926789e+02
1.148862899245454940e+02
1.240904019599418859e+02
1.146821571714370407e+02
1.226229398247700146e+02
1.175654683307013642e+02
1.188368710432539928e+02
1.068064305116504187e+02
1.221514818574220982e+02
1.220347414995704725e+02
1.190620568940175019e+02
1.254698291885929393e+02
1.142810561058608272e+02
1.193458757396133052e+02
1.223796504717205522e+02
1.107848570375229826e+02
1.194552106629073478e+02
1.154060091819283542e+02
1.185368561264334062e+02
1.198248769475866737e+02
1.178845303575668879e+02
1.202859162415678895e+02
1.149571170984882400e+02
1.211239676265394962e+02
1.157770460366014191e+02
1.166222128292775722e+02
1.123041781031801349e+02
1.155230050116975633e+02
1.180548224883498989e+02
1.208309326861154460e+02
1.155430717396979361e+02
1.166038859868030357e+02
1.134192140424121220e+02
1.235156486341887216e+02
1.147802148554062427e+02
1.203580028526719587e+02
1.177465586422404584e+02
1.140401353459425025e+02
1.174704041297567585e+02
1.115082667992443959e+02
1.199703141195076057e+02
1.178576134203098036e+02
1.189427453502123910e+02
1.127600087340658206e+02
1.159954475328460575e+02
1.168133005744599302e+02
1.221238572145913110e+02
1.146429217580459721e+02
1.239661784314426853e+02
1.086990243805489058e+02
1.177599943821880970e+02
1.206204729135278058e+02
1.052984733692297965e+02
1.191557923077317156e+02
1.218877127903539304e+02
1.159408442495731606e+02
1.144974974994716206e+02
1.184899320509684060e+02
1.247603474923033531e+02
1.110817185153448321e+02
1.260042388050506332e+02
1.186527197507924996e+02
1.167064666484269111e+02
1.190084987414659707e+02
1.118714167898496470e+02
1.200831772006683309e+02
1.252506857348702596e+02
1.171812591369222361e+02
1.183703689120664961e+02
1.149121304566313597e+02
1.170809446418270596e+02
1.165616840005066592e+02
1.128206643033763754e+02
1.196343793989467059e+02
1.191407995019706050e+02
1.222771346813331803e+02
1.206036405320367351e+02
1.190831276410437312e+02
1.151558789600091899e+02
1.197204595246557943e+02
1.134850713797401198e+02
1.179936548111255661e+02
1.198305430210284044e+02
1.127531423553077161e+02
1.182596079372284521e+02
1.177647877095516407e+02
1.185172060278164565e+02
1.153574944128987596e+02
1.075537462957510968e+02
1.174964076186825679e+02
1.203180165852176771e+02
1.198483051370936749e+02
1.110162225462977119e+02
1.254090341771729271e+02
1.195100713480105981e+02
1.121347169942936262e+02
1.179957305086383315e+02
1.179203548134527892e+02
1.157853549358655982e+02
1.151768505513182959e+02
1.182634597943475256e+02
1.179470858521013952e+02
1.192620103978594557e+02
1.152129177221931968e+02
1.208378835640763498e+02
1.190288273384850584e+02
1.194277815681365666e+02
1.199406676257688389e+02
1.098981964228772767e+02
1.187700047092196343e+02
1.090145729039237779e+02
1.229327625246010314e+02
1.202009362991468180e+02
1.199617638978283480e+02
1.208236064708936510e+02
1.110001602003543155e+02
1.197170522340334173e+02
1.202734446976129590e+02
1.222287525043730199e+02
1.157061383541069972e+02
1.255494059342333202e+02
1.123194571407378390e+02
1.176987031109016186e+02
1.155243468291650402e+02
1.278176805843117165e+02
1.164390955723129082e+02
1.219635847783533080e+02
1.264065136239012190e+02
1.175494013356016296e+02
1.244107604293807299e+02
1.112335976756714331e+02
1.146202761612873360e+02
1.110936543306120541e+02
1.176772831645863420e+02
1.142288283124237012e+02
1.182381061031980352e+02
1.207185072333710849e+02
1.206314213551158332e+02
1.172890598951853462e+02
1.176249142112017267e+02
1.125541038659270612e+02
1.179892077983658965e+02
1.194879985697864129e+02
1.179152047709887086e+02
1.167652504909716953e+02
1.155563960446160081e+02
1.106542865600859642e+02
1.179370371048615453e+02
1.209790630381182268e+02
1.168916672807362005e+02
1.227743439957414751e+02
1.188708446005851727e+02
1.161257400745665080e+02
1.123752521128151756e+02
1.194157117026164201e+02
1.136838847711716198e+02
1.171509911239095629e+02
1.216046301549386612e+02
1.185885789533238608e+02
1.063071538876445317e+02
1.175890684846781369e+02
1.129313875380392602e+02
1.227987803588903972e+02
1.145927073760777120e+02
1.119883961152779221e+02
1.150991005466505044e+02
1.209397436774639374e+02
1.177228237074981365e+02
1.157425877318467400e+02
1.178759236577986655e+02
1.242470084404383215e+02
1.180163321292196912e+02
1.164245061044511402e+02
1.176990127539649791e+02
1.134515726497821930e+02
1.128851742218498515e+02
1.164189295008451239e+02
1.083755023559509993e+02
1.251560930844398314e+02
1.222035483849984132e+02
1.138151389493391861e+02
1.157475787497597395e+02
1.158722230188600406e+02
1.189048551533827407e+02
1.103297795159578669e+02
1.200185994487940775e+02
1.196646453006748914e+02
1.131348382076228205e+02
1.167168860959571930e+02
1.161812152344576958e+02
1.141543212172965127e+02
1.146203870770301876e+02
1.167176189336940126e+02
1.110819423421145586e+02
1.135314253410006415e+02
1.175277023714886582e+02
1.120977890586995898e+02
1.206264930307849852e+02
1.185268706715081208e+02
1.160534903916626348e+02
1.115969088662914146e+02
1.121699975639872804e+02
1.108549588313577345e+02
1.128729710992750483e+02
1.191945595006649938e+02
1.210683917899437034e+02
1.188403789836418127e+02
1.159806080038280243e+02
1.180480758467508480e+02
1.132789631520412854e+02
1.144342545264580622e+02
1.161701859643185202e+02
1.113598783791702544e+02
1.162419485272921662e+02
1.179547738601348499e+02
1.179946925571697420e+02
1.120008462594934002e+02
1.157419862500071446e+02
1.170035542410856095e+02
1.137342718899850240e+02
1.149766586511226336e+02
1.124943619478938643e+02
1.143231611832479047e+02
1.184776641706670688e+02
1.245024555981325278e+02
1.176775080198502224e+02
1.247909998390527306e+02
1.193382604721229256e+02
1.184516523786919322e+02
1.216886771971505681e+02
1.167548984247888484e+02
1.164519854806956971e+02
1.178148343016462860e+02
1.188733616687288759e+02
1.218254503436510987e+02
1.221901897680686773e+02
1.165074717790055274e+02
1.173431767564421051e+02
1.127925350425475131e+02
1.120303883956574680e+02
1.209003098920349544e+02
1.141751028195167663e+02
1.174572334166346650e+02
1.135115037775433535e+02
1.206945548191485216e+02
1.186621392236981194e+02
1.180193602655325833e+02
1.153744667868582212e+02
1.215265423369853863e+02
1.157880985414195436e+02
1.185577471396746603e+02
1.147086954260457787e+02
1.114208361136454926e+02
1.179577040352498187e+02
1.119245750897771643e+02
1.144108708040826059e+02
1.235186648159958622e+02
1.210395823842088419e+02
1.187555032817922012e+02
1.142681481507787282e+02
1.159265221169977735e+02
1.190042213770715023e+02
1.244682787977507417e+02
1.146140599476333648e+02
1.171689250049040680e+02
1.214003892083459988e+02
1.191715856471870438e+02
1.193519519072311397e+02
1.179043212250242192e+02
1.168521232453110628e+02
1.167285481102722429e+02
1.163118679799404021e+02
1.128954951044544259e+02
1.257328635031160644e+02
1.182605234113848383e+02
1.175961339746738901e+02
1.160412795044770888e+02
1.168991858819854883e+02
1.124789711712868439e+02
1.169497396553894504e+02
1.196578951561755417e+02
1.146265372630173971e+02
1.185280609421161415e+02
1.192977203610674763e+02
1.138970414806694436e+02
1.148310560390472688e+02
1.177584562387548459e+02
1.204315487967615610e+02
1.179690740348241320e+02
1.169754547942349916e+02
1.179020461186729989e+02
1.194171836219847194e+02
1.180141147367789500e+02
1.118981503012498422e+02
1.142072639569099266e+02
1.186641276831011140e+02
1.196606357674554886e+02
1.144388242330993393e+02
1.209914165582990506e+02
1.175414304884839680e+02
1.170331397571829370e+02
1.109943976825591534e+02
1.210226294304363250e+02
1.193398287145718939e+02
1.131128780191835830e+02
1.250802177267527355e+02
1.216259663071579098e+02
1.146987587563917259e+02
1.172857636373322094e+02
1.203072997826845949e+02
1.092522442051857468e+02
1.131739008440964795e+02
1.204513367254117924e+02
1.190543279906158602e+02
1.124378609430154938e+02
1.136801702963841194e+02
1.126321573425737910e+02
1.130162878397016897e+02
1.206119972389754764e+02
1.135694689563488566e+02
1.212193450545016020e+02
1.144273503864792332e+02
1.225899101621886871e+02
1.156980946585971424e+02
1.143034518078159181e+02
1.114342937674300202e+02
1.123459166237278026e+02
1.181771628569685788e+02
1.138466821767962216e+02
1.197490065959884191e+02
1.145499758719424506e+02
1.132708733797309435e+02
1.185905902544390784e+02
1.159602318923051740e+02
1.160022983962196435e+02
1.169485056670169172e+02
1.176082787937596947e+02
1.167224683032036694e+02
1.202457298371536041e+02
1.144210723343806251e+02
1.223655880025440013e+02
1.205305895215388006e+02
1.119250458856496664e+02
1.175889379887683219e+02
1.273934057174056420e+02
1.185470789804880525e+02
1.101885532700854213e+02
1.193934790678149511e+02
1.219129858155639994e+02
1.199746511545582166e+02
1.143844387061037651e+02
1.196288728534354959e+02
1.068326271709256474e+02
1.194574209631234538e+02
1.126686116129040158e+02
1.165898492185311852e+02
1.196819619000028894e+02
1.152525826926688950e+02
1.155474914076356043e+02
1.176008231056292459e+02
1.150891034653116805e+02
1.125103230172622091e+02
1.097852622284783166e+02
1.176436220708753524e+02
1.154808157354460292e+02
1.232462619360522638e+02
1.175773182105961752e+02
1.177776349881262092e+02
1.163196683319948335e+02
1.121235807510335576e+02
1.120913525399343058e+02
1.236788827253038647e+02
1.172534061374698808e+02
1.161444620304399251e+02
1.159933880908314734e+02
1.165542831855335351e+02
1.154199082931048821e+02
1.234174022449168149e+02
1.133548888730239099e+02
1.196284298008297924e+02
1.139565174544469244e+02
1.216945049115208519e+02
1.196380195212375668e+02
1.228574650233645826e+02
1.164550154963363156e+02
1.198309590721142399e+02
1.185593798152154363e+02
1.200704350198683983e+02
1.170378319911745706e+02
1.203816817511297756e+02
1.197194211753522239e+02
1.177794817818217865e+02
1.194429439313576751e+02
1.160714107634083661e+02
1.130663865192175024e+02
1.213142037897578689e+02
1.162259049126476071e+02
1.142308169629969399e+02
1.125352794170359232e+02
1.221534474085594724e+02
1.168129174788144553e+02
1.110970696029938978e+02
1.199792915168799254e+02
1.200111760375910563e+02
1.119555633639001400e+02
1.259325738690296959e+02
1.169930662357806170e+02
1.189952455020646056e+02
1.163375225322061084e+02
1.161954266541121683e+02
1.108745646417535795e+02
1.119418356642308225e+02
1.147589805382707198e+02
1.129546213958476244e+02
1.173600710171714638e+02
1.119663602089673873e+02
1.178025267258728519e+02
1.159934837266757199e+02
1.143728142370601120e+02
1.183594037706512410e+02
1.226432252536188372e+02
1.184907648529118092e+02
1.145988682502607219e+02
1.145067146030458076e+02
1.195453743937795110e+02
1.200863899415260931e+02
1.191189839057953321e+02
1.192493546571263749e+02
1.209735800999473696e+02
1.167279895927780444e+02
1.156863261217344956e+02
1.155140558463561717e+02
1.198896684842374896e+02
1.181988895807840123e+02
1.200835376316704810e+02
1.186138947749167727e+02
1.163373428991917251e+02
1.179766950659655720e+02
1.187515891348063235e+02
1.192376953672840187e+02
1.154534413044312515e+02
1.150906156186761677e+02
1.134174039776971767e+02
1.174617231604209877e+02
1.162887909712212178e+02
1.152807004933474246e+02
1.207985456939895954e+02
1.181003759357089962e+02
1.114994973586487674e+02
1.206996238707772875e+02
1.150077446824665657e+02
1.187436577611243678e+02
1.208310023089138383e+02
1.161268143640957220e+02
1.161355987754559180e+02
1.133991603328535973e+02
1.066640016833673315e+02
1.156759704576085142e+02
