7.771038375106824958e+01
7.786091115930348394e+01
7.837102332936902371e+01
7.757308673295953838e+01
8.036708848057301680e+01
7.825658398755486189e+01
7.652225043875564836e+01
7.765792077765036083e+01
7.772448320277835876e+01
7.857396749473765851e+01
7.605098256215555352e+01
7.545207153781386467e+01
7.775745698639579473e+01
7.847255727601060471e+01
7.730557261090005738e+01
7.540476624313443210e+01
7.630629657746742112e+01
7.706259970090680156e+01
7.473918337699765857e+01
7.801177520668683485e+01
7.869469843324017688e+01
7.797448668202414979e+01
7.774027416414318736e+01
7.913833301646621976e+01
7.672966542960429592e+01
7.685503743579165814e+01
7.740854453610891994e+01
7.535143245272655577e+01
7.795372408557589949e+01
7.794820274768019885e+01
7.514189104281049936e+01
7.710109272744817588e+01
7.820116469053874653e+01
7.784630399706571779e+01
7.677882723772738416e+01
7.600521095370541502e+01
7.941144756243181746e+01
7.866195529862379487e+01
7.688442130911100492e+01
7.832242944206291213e+01
7.855892174979940989e+01
7.613753192827016392e+01
7.619754716704949260e+01
7.636637049382612474e+01
7.722216306648226691e+01
7.760250160620691418e+01
7.609000692074349104e+01
7.968573388854608197e+01
7.843087135827546774e+01
7.694849440967814758e+01
7.730444831933010619e+01
7.690445630194601279e+01
7.836796820510129180e+01
7.894349236230810618e+01
7.746607974622268955e+01
7.650937166445706339e+01
7.758749925932062297e+01
7.707575429906658826e+01
7.969743121492832927e+01
7.792072608063163841e+01
7.798064586832994394e+01
7.733736560222439493e+01
7.827805691622526751e+01
7.796026912417845267e+01
7.670757835148808113e+01
8.065777333233226898e+01
7.728490959409744221e+01
7.613620919813837418e+01
7.535385179287401058e+01
7.675864112454237898e+01
7.762386235914208044e+01
7.849595137208241624e+01
7.910606185153393710e+01
7.643471636229698163e+01
7.742181528534730717e+01
7.706693515375349079e+01
7.723943856179232625e+01
7.612359088419266584e+01
7.791470258316097386e+01
7.853522649614846785e+01
7.577239343773463531e+01
7.779465973102624332e+01
7.780687028120229343e+01
7.693348288174809113e+01
7.831832769215556311e+01
7.847611093741735999e+01
7.806023954321281622e+01
7.711504920726139289e+01
7.905379535489312559e+01
7.746247311304254879e+01
7.763930353068184331e+01
7.747750603819332582e+01
7.740504220066038954e+01
7.639957186244444642e+01
7.708435025116708061e+01
7.939497764311522587e+01
7.927232492205811809e+01
7.732748289013019871e+01
7.630019186723684754e+01
7.687004371337719988e+01
7.927902791302403784e+01
7.671400713397650861e+01
7.801302276251806234e+01
7.717478594639219125e+01
7.658187032852032416e+01
7.631200171374982233e+01
7.748249046097683390e+01
7.622269662474263896e+01
7.949232038316132787e+01
7.570978614504633697e+01
7.633613364532723722e+01
7.620663768855480669e+01
7.986774399118341705e+01
7.651408874461507992e+01
7.594790901686458540e+01
7.783102102151215718e+01
7.739866107579456411e+01
7.708068305755750771e+01
7.769755378098957976e+01
7.638125787720858284e+01
7.880850968888955776e+01
7.689766638815004285e+01
7.609492169000598949e+01
7.682104959663195132e+01
7.747796848743921316e+01
7.802173943234764408e+01
7.616262261509999121e+01
7.977322014659659999e+01
7.637581977670681965e+01
7.899366171943752590e+01
7.880870281830293322e+01
7.760749820643589203e+01
7.580654047201427659e+01
7.830415526198649445e+01
7.800149873159216440e+01
7.722035801153641899e+01
7.758912435068296531e+01
7.848473786797198670e+01
7.787094251052710092e+01
7.953166539612178099e+01
7.644921360637545149e+01
7.753410300548965495e+01
7.914281959000146571e+01
7.740232093222313381e+01
7.810045494180714343e+01
7.664935519219460502e+01
7.694863564500113284e+01
7.752246453775934754e+01
7.902141350433467437e+01
7.863794032201870721e+01
7.622023589846131131e+01
7.980131894549694493e+01
7.826889375593465559e+01
7.629423242307221642e+01
7.698288569156609640e+01
7.746424584215051823e+01
7.546775371740724836e+01
7.467603673787670004e+01
7.592624265593926225e+01
7.763055242218847241e+01
7.782996749700480166e+01
7.764174597669881450e+01
7.669759083810961897e+01
7.841957009096066145e+01
7.802351055958085624e+01
7.841925535981484074e+01
7.662173939017748125e+01
7.720235121616387630e+01
7.767720680280687873e+01
7.695772577467735687e+01
7.823763329834957858e+01
7.737094883853602312e+01
7.753726683387736784e+01
7.812735651252629054e+01
7.912501501828049300e+01
7.684340679099686611e+01
7.920979180626555660e+01
7.730938469746583053e+01
7.717973821981536275e+01
7.785558295821030583e+01
7.703361511124725780e+01
7.697526384742160133e+01
7.662504148131000647e+01
7.716482776676384958e+01
7.968967761329062682e+01
7.816884072667463101e+01
7.928353666774988540e+01
7.705054642746954130e+01
7.856530143963736634e+01
7.619243727724213500e+01
7.764907888915884371e+01
7.741144123482456507e+01
7.796897062756775654e+01
7.897482932467453054e+01
7.718660545997185807e+01
7.728124759402261645e+01
7.849018331178127994e+01
7.901583145610463532e+01
7.799617127472801315e+01
7.716039550291517912e+01
7.861595194120975805e+01
7.674415298715101130e+01
7.599871549807834015e+01
7.524116202159112277e+01
7.899790508859679505e+01
7.740843087745656703e+01
7.664125213180513185e+01
7.901736262482292261e+01
7.794552581644998668e+01
7.762415453093494477e+01
7.826058228785228721e+01
7.754435857962654666e+01
7.621887908890569463e+01
7.739483849074029820e+01
7.800827850813750786e+01
7.652126410317130478e+01
7.708082902071292608e+01
7.739420862121804134e+01
7.619415720988141061e+01
7.810138490792057553e+01
7.668250756436145821e+01
7.633093258598823638e+01
7.681314960672914083e+01
7.658112684752180144e+01
7.870820507815565747e+01
7.911815263180309898e+01
7.896417741257414491e+01
7.722465045793488514e+01
7.661102148912929977e+01
7.968086939006815328e+01
7.809154577348273563e+01
7.819951294322164870e+01
7.757078318005275719e+01
7.620693083025167880e+01
7.681171290749161074e+01
7.715249514285409305e+01
7.856893260075290186e+01
7.902658998274399949e+01
7.966860786612750189e+01
7.785379790216238405e+01
7.885023281082577284e+01
7.437592694168120033e+01
7.775438332778213635e+01
7.751374370027062355e+01
7.605589462361032815e+01
7.791568049126814799e+01
7.756758827466369155e+01
7.732151237206451810e+01
7.802861989978471513e+01
7.574396349214140400e+01
7.736053412630774062e+01
7.707734460781423991e+01
7.712911667922517722e+01
7.843812119132979888e+01
7.604752490868347081e+01
7.651928669400619754e+01
7.586502053425533632e+01
7.829077154320843590e+01
7.846956236363929804e+01
7.830984982996783117e+01
7.968305595365009708e+01
7.838897033957285032e+01
7.847843870941188982e+01
7.594496823172124778e+01
7.708297450713180865e+01
7.806488305597066812e+01
7.789925209830478536e+01
7.579220089741528454e+01
7.795787787637041788e+01
7.701947984329822816e+01
7.726741590330880172e+01
7.861391912838435303e+01
7.854342313859308433e+01
7.622270188744623454e+01
7.765653283322468781e+01
7.899864103002666127e+01
7.532440274284537907e+01
7.655861685505450964e+01
7.647239709385999618e+01
7.726221120058008296e+01
7.699793340296076849e+01
7.711663911449343800e+01
7.878066629644827401e+01
7.852745020933552667e+01
7.842364768576894107e+01
8.060989164313046729e+01
7.831362583250015064e+01
7.564759298824201039e+01
7.793500935498916249e+01
7.945398464957722240e+01
7.753894587972942531e+01
7.770875036297744032e+01
8.008688631691120463e+01
8.000586418535222322e+01
7.772201364801037471e+01
7.877968404231285149e+01
7.668352177711678053e+01
7.812264924000584188e+01
7.850232971186639475e+01
7.592295443976675529e+01
7.519058450804639904e+01
7.855503436283935059e+01
7.961644386670266726e+01
7.747577826627035336e+01
7.759116133874950094e+01
7.726668895884351684e+01
7.772815416088916152e+01
7.783150725601670672e+01
7.791521696597081359e+01
7.727363400632110313e+01
7.649826348640355889e+01
7.745417288104208353e+01
7.836243566615769396e+01
7.808320860208327474e+01
7.778527227428773472e+01
7.878202253194598370e+01
7.795939952277292662e+01
7.979231353940710392e+01
7.637187858375106941e+01
7.692048478668556299e+01
7.711278638936052232e+01
7.657414554217879754e+01
7.858715834162416058e+01
7.970055633968971165e+01
7.615706116167154960e+01
7.809351824695467315e+01
7.767815544134292338e+01
7.756115887974442558e+01
7.649881755459229282e+01
7.726112246551814167e+01
7.804795847204725590e+01
7.808164097558238836e+01
7.746168309596772872e+01
7.815444998783235064e+01
7.795507899467237678e+01
7.785791740633096936e+01
7.843843187511637893e+01
7.842761878732369496e+01
7.831873663730316082e+01
7.744294180823160900e+01
7.916590282664306244e+01
7.791933915502843888e+01
7.705133323566062131e+01
7.695980938741394084e+01
7.777868671288366897e+01
7.671804026588905856e+01
7.684013022277595439e+01
7.820400468598776911e+01
7.756838759277420081e+01
7.780283141300085958e+01
7.747513525170197113e+01
7.559519560573818353e+01
7.868817343093640204e+01
7.685124341385174773e+01
7.794969236967243376e+01
7.859002246353003329e+01
7.877326666141294709e+01
7.614884390328451502e+01
7.817154174315950854e+01
7.817869145464118219e+01
7.590524218531392364e+01
7.831749838835521871e+01
7.679088366727116011e+01
7.654590952148349459e+01
7.794818346491744876e+01
7.612680451890271627e+01
7.879489837418491049e+01
7.602054262157820119e+01
7.813915143427676924e+01
7.638504167865400518e+01
7.740268539955887661e+01
7.774019809184372320e+01
7.706483567932579604e+01
7.695970179265809463e+01
7.973583036835414362e+01
7.692338025035519422e+01
7.815130562818029603e+01
7.644797201075954263e+01
7.934662559745633814e+01
7.821351985795551798e+01
7.737057169157934311e+01
7.763256170894393904e+01
7.883211627353718143e+01
7.910685643461948757e+01
7.853920262518116147e+01
7.760120551870696204e+01
7.785886241498842253e+01
7.640865383694512047e+01
7.576954396776793033e+01
7.825656033578769666e+01
7.903010546155645955e+01
7.831051140791466025e+01
7.742907302323294516e+01
7.663008880915909060e+01
7.615197050542651880e+01
7.630116663158885615e+01
7.731610624373701057e+01
7.694460266806288473e+01
7.874478328351572998e+01
7.716355819557932705e+01
7.921702066648717278e+01
7.686747287232705617e+01
7.721212837975163268e+01
7.724887075736332065e+01
7.691299661880589156e+01
7.700327656216219907e+01
7.598272321468837731e+01
7.751685661965927920e+01
7.653475940140751277e+01
7.773580476859019939e+01
7.828439471377573966e+01
7.703099803315733141e+01
7.904057880886007581e+01
7.597054554482316746e+01
7.830973371804802241e+01
7.819426233391996561e+01
7.712502510107684373e+01
7.697701197379416271e+01
7.688538075513740466e+01
7.599209943080992957e+01
7.767103283088810883e+01
7.866192954650178137e+01
7.751383704557058252e+01
7.699618361067636840e+01
7.588674438035954495e+01
7.791661564439799292e+01
7.547060889393796401e+01
7.772103664099812192e+01
7.865259134738852254e+01
7.909225739906578667e+01
7.991925294907242971e+01
7.776559366749037849e+01
7.705937596601879136e+01
7.478332799077588788e+01
7.818037401897416316e+01
7.780740905344589464e+01
7.791018531475319264e+01
7.660310062157631705e+01
7.599386648009823375e+01
7.642084168587452098e+01
7.791190050755437824e+01
7.476731457230489752e+01
7.600573640901716033e+01
7.542133272279519929e+01
7.651191024979586075e+01
7.575775604463203194e+01
7.634351413594373525e+01
7.670422384730498777e+01
7.726065100791734608e+01
7.666774351012244892e+01
7.885185900478543886e+01
7.755425729396752388e+01
7.845887370885415635e+01
7.741179575891551679e+01
7.775847719505748046e+01
7.870674852125684140e+01
7.746094042101698562e+01
8.077048778707876409e+01
7.792913377770180716e+01
7.939054866594536009e+01
7.892391707159654857e+01
7.765380240004702728e+01
7.940874510976699696e+01
7.677916361191749672e+01
7.627178680570578706e+01
7.782452798646653491e+01
7.666403687571157377e+01
7.880127864118783521e+01
7.792243403244441424e+01
7.726868120317617183e+01
7.941290410403482269e+01
8.125003158731080077e+01
7.930500423059727666e+01
7.872407625629014660e+01
7.656506132502535422e+01
7.668214357659273617e+01
7.773220135502604933e+01
7.736197793324234340e+01
7.876174927838442841e+01
7.898520882888671224e+01
7.905415540298233168e+01
7.637417672261432244e+01
7.773744566026961422e+01
7.709864845824472468e+01
7.826420035413524090e+01
7.627004370662019994e+01
7.790639686830468236e+01
7.757130572025954507e+01
7.748983473942610090e+01
7.688822332789254688e+01
7.842569360422159264e+01
7.892261989190964755e+01
7.685144452349699407e+01
7.721161011007166053e+01
7.860798874869283281e+01
7.829675184031792412e+01
7.816356389455945930e+01
7.670399494104361793e+01
7.545443445003786564e+01
7.814806185969590047e+01
7.773815798550602096e+01
7.690371994019452018e+01
7.614458485285038591e+01
7.660809450177146118e+01
7.680607344534836045e+01
7.768254402445106166e+01
7.699040132776138989e+01
7.745072137858032590e+01
7.708649017010513660e+01
7.927564379628961433e+01
7.845103917241881675e+01
7.705268065565877578e+01
7.822751703413524638e+01
7.809090398276393330e+01
7.547815102784787200e+01
7.724854921429066223e+01
7.528886799215707981e+01
7.623465218487152129e+01
7.803787338520585593e+01
7.786100029169935510e+01
7.723527427725473160e+01
7.777018562380519029e+01
7.845252937198159771e+01
7.645612955654048903e+01
7.867126889783857280e+01
7.773516250699913144e+01
7.796826031933866830e+01
7.563704636410544424e+01
7.983238503162851885e+01
7.536690628887846799e+01
7.647811697107381690e+01
7.872994602587615987e+01
7.618024597046832014e+01
7.679652499023477219e+01
7.978378872208321582e+01
7.777979321794661871e+01
7.700198242200889354e+01
7.832814100848209193e+01
7.689126019121577826e+01
7.716989062664491428e+01
7.804585254746582734e+01
7.523526403195407397e+01
7.700247188954958233e+01
7.601841737895735207e+01
7.793827317366879015e+01
7.932241568743457094e+01
7.700339224800173099e+01
7.852922994287634140e+01
7.826964220713921350e+01
7.635063546552751745e+01
7.680728217998886009e+01
7.847428450586652104e+01
7.938937670078450992e+01
7.940936526052915667e+01
7.828904865761205656e+01
7.473001118309849744e+01
7.657470536566711417e+01
7.910857005913472051e+01
7.878065752831282964e+01
7.806017160748193362e+01
7.561651522287731098e+01
7.944304497892829886e+01
7.829681054222912451e+01
7.787489903451174200e+01
7.695332916202639240e+01
7.822187750782461535e+01
7.791913203001779209e+01
7.759260048559320921e+01
7.763350424557218332e+01
7.645256007529295061e+01
7.779291610592831319e+01
7.717583120954144249e+01
8.032673611706279360e+01
7.636151636023224398e+01
7.944607638165796004e+01
7.854734735581922678e+01
7.780111954497958493e+01
7.665115856573444830e+01
7.687511419764106790e+01
7.870572229599252978e+01
7.528743254015192576e+01
7.667089338125992981e+01
7.636738559873795396e+01
7.725370015454157624e+01
7.780377233025724593e+01
7.754520157406874148e+01
7.771790156319310938e+01
7.724988511261224744e+01
7.695135133954481432e+01
7.738740365156279211e+01
7.715135866258067665e+01
7.725564919386542329e+01
7.530967889656203340e+01
7.724900326338591583e+01
7.617086761476238621e+01
7.655896357415093689e+01
7.664907995591848078e+01
7.749798061068042898e+01
7.725010463338833233e+01
7.624167506075228573e+01
7.659715461158809546e+01
7.775423975543299093e+01
7.967308298979720860e+01
7.758110052820359215e+01
7.663516086925915261e+01
7.769577150978058455e+01
7.635000932486015301e+01
8.076911658263396987e+01
7.634778449983376447e+01
7.686408912399490134e+01
7.784539044989359979e+01
7.715764904342682939e+01
7.680681702330579697e+01
7.743951324950576520e+01
7.719226083702871222e+01
7.621174520661267593e+01
7.914505904245677925e+01
7.685163926155107106e+01
7.731662757796783580e+01
7.835607220952489627e+01
7.649520531097510911e+01
7.824633048834193971e+01
7.695418095848792461e+01
7.915338533400060328e+01
7.602033318779993465e+01
7.836796771682512031e+01
7.727476396344682996e+01
7.500733748443349214e+01
7.806652499137969414e+01
7.761980249232453843e+01
7.844723663711982908e+01
7.725375868854499117e+01
7.735760907198107361e+01
7.820568254411247722e+01
7.925695549421071462e+01
7.858198311984648399e+01
7.852652502638457577e+01
7.682851131492924424e+01
7.867381819007427168e+01
7.869348092215803092e+01
7.664013046426489950e+01
7.853745883434103803e+01
7.917430922928829773e+01
7.675296653515529499e+01
7.618534029789226736e+01
7.845457841146328803e+01
7.753295259310560539e+01
7.777763689144241255e+01
7.547526644789351735e+01
7.746565697084911051e+01
7.724551486677908940e+01
7.757197815737363555e+01
7.606920848469520990e+01
7.906527322167296745e+01
7.648944900283170512e+01
7.848129923511734773e+01
7.703771030242954510e+01
7.808220301899186211e+01
7.719551540928661382e+01
7.672476398875788561e+01
7.793292925146964478e+01
7.788891109547137148e+01
7.885197954567803436e+01
7.728112200585101732e+01
7.673930698821163787e+01
7.808435860356057390e+01
7.654309365580702718e+01
7.584011090788908405e+01
7.689269100527451428e+01
7.862527600001398298e+01
7.826492130023386551e+01
7.780209413121922069e+01
7.808252641737742294e+01
7.652531493422313247e+01
7.865004081682180015e+01
7.888527181394921683e+01
7.885838977939900474e+01
7.811408011171575083e+01
7.791763351166586915e+01
7.584676276907345027e+01
7.740274297355948363e+01
7.744541898266216151e+01
7.896283606707322633e+01
7.617431736319957736e+01
7.775426103248939569e+01
7.786139143200698243e+01
7.871286326600898064e+01
7.795503468622500520e+01
7.716540921930133834e+01
7.579295168553259998e+01
7.794727543840760120e+01
7.824898105103171986e+01
7.579260186119969944e+01
7.926197108906826827e+01
7.755964022117245804e+01
7.863221415608477116e+01
7.641321496021761561e+01
7.777634647391383282e+01
7.802776672048165096e+01
7.486219276233296682e+01
7.646720232765648007e+01
7.897706148417185545e+01
7.894634592803578244e+01
7.848159205999617427e+01
7.671902739481515709e+01
7.721271021001447821e+01
7.672935406101207434e+01
7.679155560014127957e+01
7.784882595921096993e+01
7.795433523093940664e+01
7.620526822980367854e+01
7.631555769166396885e+01
7.578601560836563067e+01
7.745143220172391807e+01
7.660578733754135783e+01
7.797854456736675388e+01
7.657359598599128958e+01
7.737933892017419168e+01
7.714337655327838661e+01
7.953429529334526649e+01
7.908993950309184129e+01
7.775582405579228862e+01
7.576163550263595425e+01
7.637286480640206321e+01
7.907741639182134463e+01
7.713508076522509782e+01
7.672735518019771916e+01
7.628215895158423621e+01
7.720920325265221607e+01
7.783910781669617052e+01
8.028881422311773974e+01
7.926019658134649148e+01
7.683601282120197595e+01
7.787679077023331331e+01
7.703222842550319172e+01
7.721558703004352253e+01
7.765512447216021030e+01
7.922932411951008191e+01
7.635191487561840518e+01
7.695273027769454188e+01
7.685409219789065105e+01
7.767812532226120936e+01
7.983687997823948024e+01
7.873454683705915613e+01
7.778929736697710950e+01
7.783319598594371769e+01
7.887203509244508837e+01
7.784834204650461231e+01
7.625704524579687416e+01
7.663675947810796174e+01
7.736456212390763199e+01
7.718926132958330300e+01
7.819983610941669383e+01
7.674103718935946006e+01
7.956529877343157864e+01
7.554062944216518360e+01
7.718635303384330371e+01
7.796090297661928048e+01
7.528875713050069862e+01
7.641415652464647223e+01
7.640367262066882859e+01
7.945931973930964887e+01
7.813951765918754688e+01
7.801092281484842772e+01
7.755251922479206428e+01
7.834274126498492308e+01
7.404098709757265340e+01
7.646617318015512410e+01
7.820251407340727212e+01
7.937375330151266439e+01
7.960504695481972703e+01
7.980008874248044037e+01
7.696683112720157283e+01
7.731624143396194881e+01
7.874465876175781887e+01
7.814710990456659090e+01
7.872821679587694632e+01
7.892700199376947978e+01
7.731482295264741822e+01
7.798966906516284325e+01
7.833002067398680879e+01
7.682381392222060867e+01
7.767792849394545840e+01
7.751956065164858956e+01
7.731096763517973613e+01
7.853669741693700246e+01
7.674546606432731721e+01
7.773491623068890988e+01
7.651256992920367850e+01
7.909032481608383591e+01
7.512633487504480456e+01
7.573572301748237123e+01
7.837925754174477788e+01
7.741430835314206149e+01
7.712576194111430539e+01
7.953093745131894821e+01
7.858003145488238772e+01
7.683790327744650028e+01
7.813470687353179756e+01
7.945506847714990784e+01
7.719746870285973728e+01
7.758787893727185292e+01
7.887143991168929347e+01
7.764151972552161851e+01
7.615311372266543799e+01
7.832993215519191210e+01
7.677452340764824612e+01
7.637724862128945347e+01
7.668249371245664747e+01
7.424018498195371762e+01
7.717377124270738875e+01
7.429669143236318973e+01
7.570536922866135399e+01
7.800783560281709583e+01
7.672141979881121188e+01
7.769594810695951992e+01
7.843640930484176010e+01
7.875473898546594853e+01
7.787447915339835447e+01
7.682027984161629774e+01
7.765461317871553604e+01
7.790318693945140183e+01
7.610232695728329588e+01
7.810622200687578243e+01
7.799339222096904223e+01
7.698784940041294078e+01
7.703361908333403107e+01
7.834654792243269128e+01
7.864084641794367769e+01
7.575299424126126269e+01
7.737792780784963043e+01
7.736305494083195811e+01
7.757347693554609691e+01
7.590408283473300344e+01
7.779474028244116823e+01
7.559676354770698481e+01
7.543587535057982052e+01
7.667525745638755552e+01
7.873731323729813880e+01
7.704927414734333979e+01
7.769549829696913434e+01
7.918886882834046048e+01
7.715321071284317611e+01
7.836900717126599147e+01
7.571366215103297748e+01
7.790058422381916614e+01
7.960731823305789590e+01
7.758479239525121329e+01
7.618037439030665325e+01
7.707068491167770219e+01
7.776607568686031868e+01
7.767811615220378485e+01
7.697422213928675205e+01
7.996154287065246535e+01
7.622902638445611956e+01
7.578630542298398609e+01
7.634828669266279633e+01
7.701287547452540139e+01
7.806932243184782294e+01
7.933259691853965023e+01
7.812927146694175917e+01
7.967701834614841516e+01
7.810306627121255474e+01
7.901468520979175025e+01
7.789355559318899225e+01
7.680108867371883719e+01
7.729550379968824814e+01
7.732920340336559661e+01
7.839158794875169178e+01
7.730388024846033090e+01
7.920643600868544354e+01
7.800131928900619016e+01
7.699560494904704910e+01
7.833921980527360063e+01
7.655861175110344163e+01
7.760446084023108426e+01
7.904558173994553272e+01
7.778542606424105088e+01
7.865215404170938029e+01
7.611251125427146746e+01
7.833720064703196329e+01
7.656426770880634081e+01
7.622608608774815764e+01
7.759659331298831830e+01
7.961853838902123925e+01
7.815323714946450195e+01
7.751984304104006185e+01
7.700518802366066495e+01
7.588633380903800685e+01
7.735398511520476461e+01
7.566713848993785518e+01
7.587002801966949050e+01
7.662416581939693572e+01
7.796062273389172503e+01
7.770212350320576888e+01
7.672227658291424746e+01
7.880338575609499685e+01
7.470847211431302526e+01
7.766602091786398887e+01
7.727806635736861551e+01
7.846100764709734676e+01
7.627405272871942543e+01
7.669975630811555334e+01
7.879976148394734992e+01
7.878153857424764794e+01
7.966116788244364955e+01
7.702182452996311213e+01
7.913436710709247279e+01
7.852363021832384504e+01
7.833110574824250705e+01
7.877719239191341671e+01
7.733907337553800687e+01
7.936925140163559433e+01
7.793473379570758652e+01
7.698156419619162705e+01
7.822591417437106998e+01
7.627742252795263767e+01
7.722422789987059843e+01
7.646086738031786467e+01
7.843847671741927741e+01
7.786433481778209398e+01
7.793960539490642248e+01
7.684607142882398989e+01
7.823817228667830648e+01
7.672299597537264049e+01
7.729924097277051942e+01
7.562338147599405147e+01
7.794302061072285426e+01
7.634476663648145234e+01
7.685553254305682458e+01
7.750992170013505245e+01
7.713885131499631598e+01
7.547645409126366189e+01
7.870885223897593619e+01
7.801857379145410221e+01
7.929895093134841488e+01
7.814120273915622761e+01
7.802196494157736595e+01
7.766010195955041695e+01
7.629641005701810741e+01
7.867600985340675379e+01
7.715929496589131986e+01
7.690652640737860679e+01
7.649676875848876989e+01
7.648486010617563124e+01
7.775239118911986225e+01
7.875840265874909107e+01
7.890009911112363739e+01
7.729000893983644005e+01
7.934903465816768176e+01
7.658643017003430487e+01
7.873294045458052892e+01
7.903162172793351203e+01
7.744564463433144397e+01
7.867199769759872652e+01
7.790751203463376839e+01
7.843790451016748477e+01
7.797551129164210693e+01
7.810043020442218165e+01
7.755230658025314483e+01
7.689834857569650239e+01
7.748279301102498096e+01
7.732625773854680062e+01
7.869192926182918768e+01
7.645416138338447354e+01
7.620681585539847447e+01
7.739855576033578188e+01
7.891059116817628194e+01
7.550451462505827749e+01
7.764631244591224402e+01
7.681820587447030846e+01
7.743074915777604872e+01
7.926049204437519791e+01
7.678858424541645888e+01
7.732427738437567655e+01
7.774778799075750157e+01
7.772163591058124155e+01
7.683759039887746667e+01
7.715164999669109136e+01
7.673819410853137413e+01
7.730277455658233521e+01
7.919886205636913701e+01
7.758177717462457679e+01
7.808437557076321411e+01
7.749147855793610518e+01
7.765825530563741097e+01
7.789980785902083937e+01
7.850376405036435301e+01
7.656349530560787287e+01
7.817643577165212321e+01
7.685350680259855949e+01
7.851891631356011203e+01
7.611712168634683451e+01
7.823507587653109852e+01
7.843567006811380793e+01
7.741209164220025229e+01
7.771427950711803589e+01
7.879933829582896010e+01
7.895684048415510858e+01
8.126183205342726978e+01
