7.698523705103126247e+01
7.680201898713492881e+01
7.515503269866725589e+01
7.883792582570210072e+01
7.715491929547957284e+01
7.913193581566694945e+01
7.790085241828651874e+01
7.693779017193584480e+01
7.971932524996654479e+01
7.853884823424181150e+01
7.997349789306250045e+01
7.483303663726472621e+01
7.953344028131688503e+01
7.926964747588600346e+01
7.952913018434506398e+01
7.959474389035031550e+01
7.671483141583362908e+01
7.818705883045984706e+01
7.669068255132205536e+01
7.945965934443023571e+01
7.702163969621912543e+01
7.612469379981378381e+01
7.742198754384649817e+01
7.596844551734255901e+01
7.931896884955962435e+01
7.337776622894807588e+01
7.831333943439626921e+01
7.239592684954283186e+01
7.628661575583456056e+01
7.768147674213301457e+01
7.843768706978445948e+01
7.667814742510036297e+01
7.559158640292454834e+01
7.872410704754358335e+01
7.544192362692731990e+01
7.579303286923439487e+01
7.581171662243311005e+01
7.740836505752326957e+01
7.881704163403955476e+01
7.755090204210871718e+01
7.784843537360880816e+01
7.506224350288094627e+01
7.908197775596556767e+01
7.643794671116866368e+01
7.883733266956147645e+01
7.614124467587755873e+01
7.774404165139372935e+01
7.480864677730770040e+01
7.376906709184008548e+01
7.849824893136762682e+01
7.733569739042327740e+01
8.222573223289307975e+01
7.890901747264402388e+01
7.726361095275272817e+01
7.449662778467224200e+01
7.557683815406069527e+01
7.797364669265861892e+01
7.844373042390034811e+01
7.778001186090169483e+01
7.441700677930283803e+01
8.252872222188133833e+01
7.742237561145198299e+01
7.508734672695457846e+01
7.862689026756008559e+01
7.255642687019411596e+01
7.788912629524173781e+01
7.538894196402709724e+01
7.794839171812316181e+01
7.493966284542412382e+01
7.801626699391718489e+01
7.667682535894270757e+01
7.615246989029289182e+01
7.744434084815503638e+01
7.811154590273858389e+01
7.554335036374079948e+01
8.008010525713919492e+01
7.445258381883166976e+01
7.685647788909923861e+01
7.727807449793898797e+01
8.070232145400571255e+01
7.551769985906153693e+01
7.683107618309907139e+01
7.757025862397617288e+01
7.710043324203542170e+01
7.450675668976631982e+01
7.806719085037907746e+01
7.716996718557068391e+01
7.720318304428005263e+01
7.747926365485268718e+01
7.727490960017578914e+01
7.197727013856035683e+01
7.894894777647586182e+01
7.765205609723159341e+01
7.939126766828918846e+01
7.740282381710150617e+01
7.702974400405024369e+01
7.753011425836155013e+01
7.589895909957117226e+01
7.451614182576216194e+01
7.910049403701908943e+01
7.754926095067961000e+01
7.696275046408435117e+01
7.571697176983477107e+01
7.540594064426736054e+01
7.521443271043892764e+01
7.882483788138668501e+01
7.869749989386397715e+01
7.979305620395659560e+01
7.821703360355904522e+01
7.541133182406827018e+01
7.672266181944378616e+01
7.506065768453258613e+01
7.428959456115481430e+01
8.136429483450916678e+01
7.575040260081610199e+01
7.552237996083515270e+01
7.629787046374976001e+01
7.783353933033291128e+01
7.481434747473764446e+01
7.841379810020184493e+01
7.788215652433855496e+01
7.033313697422575217e+01
7.648986055565339370e+01
7.709925475769681213e+01
7.718944497888529099e+01
7.869463403172609617e+01
7.714912046458833572e+01
7.660348528107795119e+01
7.781912036285618228e+01
7.635488450535106608e+01
7.553119583285166527e+01
7.883686539804709525e+01
7.463128265458446720e+01
7.340351474984534264e+01
7.566340749498233720e+01
7.551247984624275489e+01
7.568434965018337834e+01
7.427569892741387036e+01
7.621266830511758883e+01
7.745240746828913814e+01
7.880350847342344878e+01
7.566410825614534019e+01
7.834891811060393252e+01
7.437064242386585988e+01
7.580312754683349397e+01
7.691695378258317817e+01
7.771049531805518029e+01
7.578884347641894692e+01
7.746446328723989438e+01
7.491890138364404095e+01
7.772430504195185108e+01
7.790966806858074278e+01
7.588621354934859653e+01
7.698240675007426148e+01
7.701795780119839208e+01
7.690631706106202614e+01
7.557285841888709399e+01
7.738015199448027204e+01
7.909620789085043668e+01
7.836848074090644900e+01
7.798472460104218840e+01
7.718993072528468247e+01
7.733630806469284380e+01
7.872430931165438039e+01
7.958717894253349812e+01
7.738295452818908871e+01
7.626539468936952915e+01
7.855544401492682027e+01
7.599270825444632749e+01
7.756185842551867893e+01
7.735477816334085333e+01
7.748665898447393374e+01
7.509726963466434313e+01
7.748720211839575711e+01
7.801071456577444962e+01
7.595774988225512914e+01
7.856112268053924197e+01
7.624000704839473030e+01
7.523060403699075493e+01
7.532108704741456506e+01
7.762845920974045555e+01
7.877080382918248347e+01
8.015757540046840290e+01
7.422167613007367493e+01
7.750900477804567856e+01
8.317461958723289683e+01
7.928443656564182618e+01
7.740676693577441370e+01
7.379245132476701485e+01
7.911972069389922524e+01
7.570426564123145852e+01
7.648325179737558699e+01
7.977892259415651210e+01
7.562531380012484306e+01
7.650658900675507823e+01
7.664694799787892521e+01
7.616201979085772678e+01
7.954042297103990222e+01
7.605358393594516997e+01
7.878716107847610317e+01
7.735659613338752649e+01
7.647332172171857678e+01
7.795426257940439996e+01
7.719078667614562050e+01
7.743161888682729455e+01
7.998071898450493222e+01
7.618666322539851876e+01
7.694547515243783664e+01
7.709585405099548439e+01
7.632070792968633555e+01
7.441446269360876897e+01
7.407659292466894385e+01
7.676474463509207169e+01
7.673955016046447497e+01
7.636191405500180451e+01
7.649687434190695967e+01
7.552616657376989906e+01
7.838228444715899457e+01
7.794170895792262854e+01
7.565541287607732102e+01
7.709519585520507690e+01
7.780988490614539899e+01
7.776366356939348634e+01
7.807760034048854436e+01
7.866341695526442379e+01
8.053368512370127519e+01
8.132697640408188988e+01
7.513964438504842747e+01
7.937704840103600645e+01
7.796147053243041114e+01
7.608404877341384065e+01
7.494661517153372188e+01
7.653727980949936693e+01
7.592727082358075563e+01
7.597667902497582304e+01
7.573018808820570769e+01
7.804466139423803384e+01
7.497510335521631930e+01
8.061284812818723822e+01
7.417998762673218494e+01
7.414989007499323748e+01
7.461108155303104184e+01
7.789990585671283441e+01
7.803484248262047629e+01
7.523764779738920083e+01
7.726976554790255136e+01
7.558219049034858017e+01
7.922215282450095231e+01
7.804175663583167477e+01
7.735953392122068806e+01
7.800433469311566625e+01
7.704601782725511327e+01
7.682697053089007966e+01
7.741947812724255584e+01
7.883137294387435645e+01
7.536351339323375953e+01
7.439550699100891507e+01
8.009324918019056838e+01
8.237207140298201580e+01
7.876193550393456633e+01
7.399299933550194908e+01
7.838328563471351629e+01
8.326105088290417200e+01
7.971844448619170009e+01
7.725344010526652028e+01
7.527326039970199645e+01
7.421205492849391305e+01
7.679448397135314508e+01
7.813721582839946223e+01
7.756551405936340871e+01
7.789360566909627437e+01
7.446566588126552233e+01
7.619774970331171460e+01
7.732166046588066877e+01
7.844330630506065916e+01
7.433124168705454338e+01
7.946720324086686560e+01
7.447724466076336114e+01
7.431500114271361213e+01
7.597033885080831794e+01
7.718021770171996820e+01
7.605865690214807273e+01
8.211354816138339174e+01
7.889477016667004250e+01
7.457376808061418672e+01
7.826851417020364465e+01
8.029790193940091569e+01
8.070569091304977860e+01
7.809851756102203524e+01
8.088088108089019101e+01
7.828517075460246133e+01
7.885785571443526010e+01
7.947524731543465748e+01
7.802068110589243588e+01
7.606041539712680333e+01
7.472065974797560273e+01
7.831685957366838124e+01
7.819765901304005240e+01
7.493457065048788479e+01
7.769187415528536178e+01
7.531667235468493971e+01
7.774000882477642449e+01
7.621078061791213543e+01
7.571640924677861051e+01
7.947394140717874222e+01
7.872019024784079022e+01
8.041447513830995319e+01
8.075499037960408089e+01
8.006556872787406576e+01
7.451757559616564208e+01
7.978509900635761198e+01
7.453891586246329837e+01
7.492092937792719454e+01
7.356831530584555878e+01
7.711687695569287371e+01
8.024331114407567611e+01
7.472036516696775266e+01
7.473543303069439503e+01
7.846934276035666755e+01
7.745242736740911482e+01
8.011714268043064635e+01
7.336349221731094872e+01
7.876167709647930337e+01
7.665973031277374616e+01
7.735410319661006895e+01
7.968797983340702729e+01
8.009279970974483831e+01
7.579139463463579318e+01
7.864912931181308409e+01
7.434768481398485562e+01
7.927911626798730538e+01
7.657494915242868672e+01
7.941176103044631418e+01
7.540342853986413729e+01
7.791500787103773007e+01
7.691687015447529063e+01
7.522244522249012277e+01
7.766154791232649757e+01
7.812138344219358999e+01
7.460610778978760038e+01
7.699165325602623966e+01
7.435140646947894538e+01
7.592835991284378849e+01
7.633986819475548202e+01
7.302513181276806620e+01
7.404829090280227888e+01
7.191401307732627401e+01
7.554163990179095833e+01
7.723857336794307571e+01
7.502780523177538896e+01
7.601915442686781432e+01
7.743055013631536099e+01
7.797403421467703311e+01
7.697341274583476434e+01
7.893092975076278606e+01
7.936927456976759743e+01
7.926526047109132378e+01
7.648123203720138008e+01
7.177804722069920729e+01
7.491317366858542925e+01
7.711197906282527015e+01
7.642265669672983108e+01
7.441674918216834556e+01
7.582664273764140717e+01
7.693292327944932651e+01
7.938180484500568923e+01
7.903406811311907632e+01
7.655670473470703996e+01
7.479369550323771421e+01
7.871878346099937573e+01
7.788511834905153819e+01
7.510552090798694280e+01
7.450003900082249686e+01
7.911192617492761769e+01
7.835966025888842523e+01
8.043159556223734796e+01
7.679457941052514514e+01
7.640455232367023086e+01
7.778398372404319616e+01
7.938799861217361808e+01
7.858571284957787384e+01
7.733877808626621686e+01
7.800649734521267931e+01
7.516138762897770675e+01
7.423180531229620271e+01
7.704664226802852056e+01
7.240956406523213218e+01
7.803068370311041235e+01
7.627713750620415567e+01
7.581064594730177930e+01
7.978335718208214189e+01
7.600464264268259740e+01
7.945178295171258753e+01
7.495690073954850163e+01
7.631643168069831518e+01
7.493622402943724126e+01
8.112269066517316674e+01
7.575258943680582036e+01
7.692831275060983387e+01
7.693448605576494970e+01
7.814715179583167526e+01
7.924742376624713813e+01
8.028919857569731278e+01
8.025081303791466780e+01
7.402966685074166264e+01
7.443091312719981545e+01
7.886212811486517182e+01
7.488058249946311662e+01
7.762569941941546858e+01
7.751579304271503190e+01
7.855826274859003888e+01
7.510116953993606614e+01
7.573232829499141872e+01
7.535475715215767423e+01
7.823348356451843699e+01
7.785647665433758391e+01
7.574876438891675434e+01
7.712084882686895071e+01
7.623139807725719663e+01
7.717779060057296192e+01
7.681387231055376219e+01
7.566092782459972454e+01
7.601308423392936220e+01
7.741953783403002376e+01
8.129350465743063126e+01
7.733412154557098006e+01
7.572463071841202975e+01
7.717811637560104998e+01
7.780166025217086201e+01
7.475092591805659481e+01
7.485588050324820131e+01
7.864570809644904159e+01
7.706916621697942560e+01
7.563273503836057898e+01
7.616931964262001031e+01
7.790740800681456335e+01
7.632459264801858012e+01
7.693043305209657490e+01
7.969798997025331744e+01
7.602695719247184059e+01
7.636558294829112015e+01
7.915270572441150421e+01
7.441662751704068057e+01
7.601865927257561850e+01
7.567543708982920236e+01
7.978659961085473640e+01
7.612654816444729988e+01
7.602327443448891131e+01
7.522533800294183948e+01
7.732960540487113121e+01
7.567376079573848813e+01
7.474645612944955531e+01
7.664392572539209425e+01
7.797903175497313555e+01
7.556337702098062437e+01
7.685575358483967534e+01
7.565325076098639556e+01
7.774372160490462136e+01
7.648031020041723593e+01
7.771912904101073138e+01
7.942307198143726055e+01
7.637566106977571678e+01
7.891261619058880683e+01
7.570016564190072472e+01
7.806667366536819941e+01
7.191076949312491706e+01
7.874307025118378078e+01
7.947391119345718380e+01
7.947170141736413029e+01
7.668274122355259692e+01
7.760420151959024793e+01
7.792053441385520784e+01
7.722779905718331861e+01
7.986134004976612744e+01
7.772883703754408202e+01
7.816386132810137610e+01
7.761191597017646870e+01
7.968441701451151005e+01
7.852452285038826574e+01
7.649104309378249411e+01
7.957679269711796621e+01
7.351800192571825221e+01
7.342723848838716094e+01
7.823985956762352600e+01
7.644119786963095464e+01
7.848461711497543547e+01
7.595811616388449750e+01
7.634564535242522254e+01
7.915642144734482599e+01
7.976839761162223397e+01
7.851130542994360439e+01
7.368118862381999179e+01
7.638754477294736489e+01
7.615815074084476066e+01
7.751848015146303794e+01
7.872273999634856523e+01
7.916832467355528991e+01
7.527495781726102564e+01
7.647368261928987465e+01
7.718214965050891863e+01
7.903375231619560282e+01
7.867556518295386070e+01
8.243607928339150703e+01
7.895153787303294735e+01
7.456563497017074837e+01
7.686392712966458873e+01
7.564055410412416336e+01
7.725133480955230425e+01
8.314393494967427500e+01
7.567022909759231197e+01
7.618248606111259846e+01
7.905386730433468756e+01
7.313468918846234601e+01
7.684452805137924258e+01
7.772094917236789513e+01
7.935575337820826292e+01
7.876680652350928824e+01
7.703068845685120891e+01
7.902045514791166170e+01
7.685292261618964460e+01
7.430459464040814055e+01
7.818606022000591338e+01
7.629311872233274983e+01
7.859211458105416170e+01
7.551694391348966917e+01
7.648601954898565225e+01
7.744669906972306705e+01
7.522908783088944062e+01
7.457136806945776186e+01
7.769544441912790944e+01
8.038346307061908647e+01
7.680454772965427424e+01
7.691785390433257419e+01
8.104605942405926555e+01
7.741297444499234359e+01
7.600706052822012282e+01
7.899685795147475176e+01
7.692463221585350652e+01
7.824176108722141976e+01
7.523388753007024832e+01
7.702427010580926492e+01
7.796425709765999557e+01
7.314641265776347723e+01
7.310078602821180027e+01
7.957385314485345873e+01
7.413121140364354744e+01
7.656308124569171980e+01
7.678978369063665355e+01
7.534533343586166154e+01
7.857793805205245974e+01
7.787272046706695505e+01
8.008664449604940216e+01
7.817432331694367065e+01
7.912033737334792249e+01
7.856133472588204825e+01
7.566640168834908309e+01
7.953582754424297718e+01
7.615820198106951011e+01
7.460179350799984377e+01
7.417431492218950950e+01
7.892455030155572615e+01
7.709534339661567515e+01
7.761812310259990966e+01
7.581607686132859669e+01
7.611421920536579933e+01
7.953381692886435417e+01
7.358103579270414230e+01
7.690823366361563274e+01
7.598515698313502753e+01
7.472643704067222359e+01
7.825268008051369861e+01
7.554167787973244685e+01
7.796439319641557120e+01
7.804536668907422836e+01
7.804207114775512366e+01
7.657569671875053530e+01
7.439445271536349935e+01
7.480365461215157552e+01
7.844951427396411248e+01
7.588847888902735406e+01
7.582523431359102517e+01
7.794429819114986913e+01
7.380568137992544564e+01
7.751315971648088521e+01
7.934768593874825626e+01
7.561957325409814246e+01
7.691820511405779826e+01
7.244509646109862899e+01
7.448087559851872186e+01
7.549854638849943456e+01
7.853336131062464176e+01
7.875997050971140823e+01
7.611057985136818616e+01
7.785333702389894484e+01
7.746439242947732851e+01
7.589680812533866572e+01
7.728655206770655184e+01
7.638892073578286102e+01
7.654853568729319591e+01
7.708369084809554295e+01
7.949007873361918541e+01
7.606991586070300571e+01
7.913254674602045213e+01
7.736003404447838250e+01
8.039466513986424445e+01
8.017226260283463546e+01
7.557498998701164794e+01
7.473681167872162234e+01
7.747209839904462569e+01
7.450369653023095395e+01
8.006123630698263582e+01
7.867791958817247178e+01
7.892383952038466077e+01
7.533850344910374019e+01
7.794853705925712006e+01
7.672511277503502924e+01
7.673723742430503592e+01
7.910687038410634386e+01
7.631974252188058472e+01
7.553922145723163339e+01
7.705030738641680443e+01
7.578819222302183789e+01
8.101279816190897520e+01
7.995446321156397573e+01
7.438481672802569733e+01
7.564437835872408300e+01
7.561193088462552225e+01
7.877757630113543996e+01
7.576725591490581735e+01
7.747336947745489510e+01
7.678121267975141961e+01
7.626446546436069696e+01
7.354223473224868712e+01
7.669116374594536012e+01
7.463719784955061698e+01
7.822989120587648415e+01
7.640019599819827079e+01
7.831803299998225043e+01
7.684191881919885247e+01
7.573158347715241234e+01
7.641626854178349504e+01
7.708093735676180813e+01
7.830476455712509676e+01
7.605570743121981536e+01
7.559833393671080159e+01
7.748003808074390975e+01
7.865898848894271111e+01
7.941978897533091697e+01
7.339754506422737279e+01
7.433068558353913602e+01
7.447484200667271637e+01
7.654794122286008928e+01
7.486783939269137989e+01
7.725669563555970853e+01
7.526908132882768143e+01
7.618447781608776381e+01
7.449541392392050909e+01
7.852442440092995923e+01
7.411705895599709493e+01
7.604290710985895885e+01
7.780953814367776999e+01
7.874833637008013909e+01
7.640232540351358637e+01
7.519971933586465695e+01
7.755900301117831930e+01
7.632035834960625209e+01
7.752601940387826573e+01
7.717370378088338612e+01
8.060164040138978692e+01
7.884033334434057849e+01
7.555196618484846738e+01
7.612448339844482348e+01
7.705209855413539799e+01
7.726537042993240334e+01
7.779477344318992493e+01
7.600707109804159245e+01
7.988576274852776749e+01
8.068101521536766541e+01
7.394176601708103647e+01
7.875027742418478738e+01
7.690973380098367329e+01
7.625024025235525471e+01
7.359805380106229222e+01
7.965732181044283777e+01
7.392726026767041958e+01
7.547987366444985469e+01
7.548247010354056385e+01
7.727053320653504898e+01
7.684734375109475479e+01
7.738953582803428333e+01
7.597224755281558828e+01
7.647265002964118707e+01
7.846553416466274200e+01
7.728317823356620409e+01
7.862354447654200840e+01
7.683087934236759509e+01
7.767873151600083759e+01
7.716170159736340395e+01
8.049385016256911740e+01
7.747860819637016050e+01
7.937610924776701893e+01
8.063782976290588067e+01
7.552239111806328253e+01
7.734723253990526359e+01
7.723549309021748854e+01
7.973092067456873622e+01
7.984428449477535139e+01
7.662676253692943362e+01
7.316522520295347931e+01
7.828930713082968396e+01
7.775489984148599376e+01
7.633338772927771743e+01
7.818328597133191238e+01
7.150506186582587986e+01
7.508787414217196954e+01
7.396523280867710071e+01
7.418760171841157103e+01
7.731634734519633412e+01
7.645487957645636357e+01
7.726388290940971615e+01
7.452089218563455120e+01
7.545677305188330308e+01
7.529039273306497648e+01
7.479655288191027296e+01
7.991414050951912884e+01
7.985447238176917040e+01
7.563316607764659238e+01
7.686499163101166232e+01
7.895329102862379500e+01
7.426771850386006690e+01
7.365579667305672729e+01
7.602396658690665276e+01
7.746266659468082594e+01
7.556916041339711398e+01
7.842033384007707753e+01
7.965387468436993856e+01
7.861873051610857033e+01
7.632806958923892182e+01
7.791658244842740544e+01
7.898041875738644535e+01
7.747139927606519905e+01
7.423489619967085673e+01
7.727523402014008980e+01
7.722704380061347251e+01
7.727250025713138371e+01
8.020964265041740759e+01
7.445301153168117025e+01
8.228533339929022361e+01
7.557430542848950950e+01
7.684172296697308013e+01
8.109540452131237487e+01
7.899553114890203176e+01
7.596482325892355902e+01
7.957880656044453360e+01
7.725074762391311367e+01
7.417512288196256520e+01
7.914417553456924281e+01
7.867563884555563902e+01
7.899126860539317363e+01
7.531401386135338782e+01
7.361983265205719817e+01
7.926907591130762398e+01
7.415811994349294878e+01
7.721314153077189246e+01
7.511227518625331356e+01
8.128155886801928887e+01
7.697744073656569697e+01
7.503427425905684345e+01
7.673529501101272388e+01
7.590309132244718171e+01
7.471881721387777020e+01
7.689824990921637493e+01
7.799985472498867978e+01
7.738379335825393923e+01
7.853330595481065757e+01
7.775073333133440201e+01
7.833198189388528476e+01
7.266572054107321321e+01
7.472401901332077045e+01
7.799226395874461559e+01
7.625162634446601828e+01
7.624165783759572435e+01
7.574827789164008607e+01
7.914240084694586130e+01
7.669658018792941334e+01
7.912291915030826317e+01
7.825408236760580394e+01
7.824401715960236459e+01
7.326835753831834097e+01
7.626979900172847238e+01
7.887129480230130696e+01
7.376780539750689059e+01
7.768441303823364308e+01
7.626530825816898584e+01
7.446705029967903045e+01
7.683035528502196598e+01
8.018045128187127091e+01
7.624765197027139152e+01
7.906278180024894198e+01
7.750475589523637154e+01
7.483368885233294066e+01
8.042084496291322182e+01
7.835774285555886820e+01
7.820650611741935165e+01
7.698966021869379972e+01
7.622786876583660387e+01
7.729709432017098436e+01
7.602088087117225257e+01
7.579628972572761825e+01
7.544756939469934309e+01
7.777184422752004878e+01
7.611168558068843026e+01
7.725204462142897910e+01
7.934833356283456851e+01
7.986657924028210687e+01
8.073209882168741558e+01
7.531703340343541697e+01
7.848518511841081136e+01
7.542717706742321582e+01
8.087637952351838067e+01
7.546624092363175862e+01
7.515036095222153278e+01
7.788242377170011821e+01
7.543116356198375172e+01
8.083393723011788268e+01
7.590987680419976869e+01
7.860686201737901513e+01
8.063849039962229881e+01
7.481929651965818096e+01
7.581876217365757498e+01
7.488578086134977241e+01
7.559260263014351722e+01
7.612403482804681687e+01
7.355927297832195677e+01
7.370428855247979527e+01
7.731202387158649003e+01
7.595024640804675187e+01
7.788063322447798953e+01
7.651461261514849355e+01
7.152861257878095103e+01
7.449707447565299390e+01
7.670781112736129614e+01
7.678589779473520593e+01
7.716123980795293846e+01
7.996382479189111336e+01
7.618742354344723822e+01
7.714132611314846599e+01
7.798561382381224405e+01
7.789754521127200348e+01
7.389450613202120621e+01
7.871029343522857857e+01
7.864011211716379535e+01
7.745915320808947513e+01
7.281912276299297559e+01
8.060581623969096654e+01
8.325651719559043329e+01
7.679503662290461818e+01
7.693583838407694486e+01
7.615088192641395892e+01
7.625937771160462830e+01
7.766877055593550949e+01
7.415202297528080067e+01
7.513715543662448226e+01
8.054932533641321868e+01
7.595584969585408430e+01
7.592876047322762645e+01
7.897600093920787856e+01
7.615744045900281378e+01
7.717341949373377474e+01
7.870938351916439046e+01
7.967936548543845277e+01
7.475056459375282714e+01
7.753248839450931484e+01
7.653158862648450622e+01
7.781367896816911411e+01
7.681430323287365525e+01
8.207572279191910525e+01
7.332182777983435074e+01
7.731978693938620495e+01
7.702948674358057701e+01
7.577210693756552473e+01
7.591458966562852595e+01
7.851940389679685950e+01
7.829162165021412534e+01
7.487332558813768912e+01
7.526097797915116416e+01
7.631155186486583375e+01
7.864652324988909982e+01
7.752253960237057129e+01
7.591558715536061186e+01
7.584931696470167140e+01
7.822276298329747135e+01
7.535683707370836260e+01
7.632408470020875768e+01
7.480280514507916223e+01
7.421270765499468780e+01
7.643908401415845333e+01
7.844343213786227409e+01
7.323890926865978201e+01
7.704579084486715601e+01
7.788719660601807959e+01
7.404201777459236666e+01
7.760056447406461189e+01
7.530010154397305655e+01
7.568297822868065339e+01
8.052326847673293742e+01
7.789480502054152566e+01
7.417853693831536077e+01
7.652767275087521170e+01
7.592348924741496319e+01
7.770669285283881322e+01
7.947579978630702158e+01
7.740345910897617898e+01
7.952339052279643283e+01
7.460243857566246106e+01
7.458086045318411550e+01
7.865269182408960091e+01
7.710487469070980637e+01
7.753168649328283379e+01
7.888165458662324170e+01
7.322085330801523639e+01
7.345334268796806043e+01
7.751976094457957345e+01
7.647996242887563767e+01
7.560807332919075918e+01
7.842252595410539584e+01
7.798124527836037601e+01
7.815140065825899285e+01
7.853384249718195065e+01
7.709211338570219141e+01
7.958286244829383804e+01
7.357247840142586881e+01
7.680137702629501462e+01
7.544246903439757546e+01
7.585542705399005570e+01
7.698616208455976562e+01
7.971093610391451989e+01
7.858829066038076405e+01
7.635828126710984520e+01
7.923157675887350138e+01
7.992112392789168496e+01
7.723668848728468106e+01
7.606919880094675079e+01
7.660927320590305101e+01
7.781388233359832896e+01
7.897948136103046579e+01
7.756771124275070406e+01
7.799873811078551000e+01
7.635388485779090217e+01
7.309592032202839107e+01
7.651353084977645835e+01
7.942610839446919613e+01
7.502273525996977810e+01
7.805943298743292758e+01
7.505344513298317111e+01
7.929129251870773487e+01
7.304675999493768757e+01
7.905063337706764059e+01
7.970722343185148873e+01
7.659924725198615647e+01
7.573516622527807840e+01
7.884114305925886867e+01
7.315000537086697818e+01
7.726623720915775095e+01
7.308006410290965960e+01
7.481707531574704717e+01
7.494863644280032133e+01
7.383328844362171139e+01
7.532572376196176833e+01
7.646023937859985153e+01
7.922444415753999181e+01
7.662547333291117013e+01
7.503606911342065189e+01
7.593573408752158116e+01
7.772320024286524642e+01
7.652405844722927952e+01
7.828443420158912147e+01
7.820784892969827240e+01
7.339093293354028447e+01
7.453970650886772376e+01
7.864098525639779780e+01
7.441111491121201027e+01
8.084277881673082788e+01
7.500968255996082235e+01
7.663779282763778156e+01
7.948570437751838824e+01
7.641133213548934577e+01
7.553544289999940986e+01
7.751277855222693347e+01
7.344878657061239835e+01
7.713031080793071226e+01
7.586221114809342225e+01
7.458613794218589987e+01
7.803352961262990561e+01
7.751215884209449314e+01
7.602789234206443325e+01
7.861085125693477949e+01
7.733627987517930080e+01
7.849745089857299263e+01
7.763059545378798987e+01
