2.023411310375193466e+02
2.021293610038186159e+02
2.028502012055658099e+02
1.997934190922453581e+02
2.023449794353264792e+02
2.040493583595765870e+02
2.015740748585638187e+02
2.039473579383467836e+02
2.018013843726105847e+02
2.048255233053733662e+02
2.024526508318893718e+02
2.019708904949527266e+02
2.018550678902683444e+02
2.017207204827439853e+02
2.021052041673044926e+02
2.041940650011207197e+02
2.039597635954464181e+02
2.032269032051947022e+02
2.033318828076746740e+02
2.022838402037232015e+02
2.049561596509216201e+02
2.040476932287633645e+02
2.035876259298034938e+02
2.027464831599405386e+02
2.037219282691430067e+02
1.999892972987400981e+02
2.017434358294346737e+02
2.010844322283228962e+02
2.019577796732316983e+02
2.006073599999258192e+02
2.022050015980366027e+02
2.011307385997656638e+02
2.025902784814600750e+02
2.023568879714419779e+02
2.017853432058664680e+02
2.025657732516196177e+02
2.004017856088176188e+02
2.026635295399921972e+02
2.020940878782018046e+02
2.045394262294605880e+02
2.017304852596604121e+02
2.033619085210513333e+02
2.042368270973147730e+02
2.060946822770443703e+02
2.010126139985502789e+02
2.016411830134397007e+02
2.018722833025069860e+02
2.009181901335751661e+02
2.045411474939901950e+02
2.021904574996824238e+02
2.007760697093976603e+02
2.016189963767477309e+02
2.023600743732505975e+02
2.021627257664469255e+02
2.032375869531807666e+02
2.048493007878093124e+02
2.010120341945719531e+02
1.997150285085304517e+02
2.012021541642239981e+02
2.019642104098332140e+02
2.019800591784506310e+02
2.008030249448140978e+02
2.023163997988065432e+02
2.032637934672822553e+02
2.004522351148842745e+02
2.037043697507129423e+02
2.026902796505237347e+02
2.033059550080107840e+02
2.009407491062342501e+02
2.007894350721266790e+02
2.047930511903355182e+02
2.041629329675628526e+02
2.025451321145761767e+02
2.012735763939342348e+02
2.024169247950065937e+02
2.013339426420520226e+02
2.033052474394435194e+02
2.028701291126318438e+02
2.038384834188125296e+02
2.041285204918554257e+02
2.024570901595810426e+02
2.021001618206196895e+02
2.027577090663898502e+02
2.023784008437573618e+02
2.026123387310446446e+02
2.034677987494537206e+02
2.036333515077357674e+02
2.014466404266202915e+02
2.027495419703361677e+02
2.025513684608876872e+02
2.029962931052401416e+02
2.029448952463141893e+02
2.026312947618524163e+02
2.035173570965767453e+02
2.049249815909295478e+02
2.015093169882658799e+02
1.999720021676544377e+02
2.037095261971738296e+02
2.038700160052927970e+02
2.004057558118662996e+02
2.016024872495402747e+02
1.998835356682758118e+02
2.016346330186250384e+02
2.002357576197472326e+02
2.027236985867250496e+02
2.013514399462991946e+02
2.024579026844629652e+02
2.018205762150739702e+02
2.009465493698862986e+02
2.007410976619181611e+02
2.020262514925646826e+02
2.005706331348049787e+02
2.030247503049471902e+02
2.022210518850104108e+02
2.011889131481540574e+02
2.026734808164657977e+02
2.021274434224529557e+02
2.033395075220116439e+02
1.997026995828508120e+02
2.036577008698597808e+02
2.035478007983842872e+02
2.017694856331383448e+02
2.068156299550562949e+02
2.011504005355690765e+02
2.015468720816842847e+02
2.020937181811501375e+02
2.011447336907788497e+02
2.031455654537552107e+02
2.017693381058225839e+02
2.007207309755922324e+02
2.049239203639218658e+02
2.035694212008772297e+02
2.028264137403659504e+02
2.014181131111982381e+02
2.025340739904800955e+02
2.018130617340125070e+02
2.036580559742435526e+02
2.025685401305284756e+02
2.023634173114971020e+02
2.037209281922658590e+02
2.036607793843889169e+02
2.005790931621865525e+02
2.026575750182481102e+02
2.010408447551960478e+02
2.025259982730768513e+02
2.024248353274111594e+02
2.020524379497014422e+02
2.019616993573281718e+02
2.019237157425131102e+02
2.019593561923170455e+02
2.003537880711174068e+02
2.033006064588667527e+02
2.030472056133314993e+02
2.010074495709988582e+02
2.033820773845748988e+02
2.018442495021301681e+02
2.017435656988222661e+02
2.012741918279644153e+02
2.028405383314793937e+02
2.046616596266353554e+02
2.027648946797123415e+02
2.031850147626325906e+02
2.043199067858714670e+02
2.008689556415584150e+02
2.008681993213880617e+02
2.022303715187861712e+02
2.021605346545409532e+02
2.008203723076855169e+02
2.020490527872322275e+02
2.016617148132025932e+02
2.018076562912353324e+02
2.045290647550312713e+02
2.018146561526077676e+02
2.044098180237689917e+02
2.028635857540855056e+02
2.040116488725576573e+02
2.009029519959646564e+02
2.045982792069793277e+02
2.038661666129705452e+02
2.020869277891626155e+02
2.038347192615290737e+02
2.035860085646316122e+02
2.035824542360891769e+02
2.036783674657366134e+02
2.022402580759883506e+02
2.008023010406031972e+02
2.020807207744521463e+02
2.020439554343098791e+02
2.029127686584243406e+02
2.032793162872286530e+02
2.004302283710617019e+02
2.039515677190848635e+02
2.040359503268436185e+02
2.011376664213664469e+02
2.009729790591517258e+02
2.023576330232762075e+02
2.022811845766031524e+02
2.032427924887050210e+02
2.020941485711346104e+02
2.040624170889743709e+02
1.997351419272832231e+02
2.008147978508845313e+02
2.034800632975618839e+02
2.029302875741797152e+02
2.009717551896163457e+02
2.021386851654552288e+02
2.021162505615274085e+02
2.025320116674440385e+02
2.031544298474230743e+02
1.985801460530221902e+02
2.017597522443243747e+02
2.018436627143985049e+02
2.027271933369875399e+02
2.010222593576129952e+02
2.023241621034920854e+02
2.014393370500958156e+02
2.025403831723656936e+02
2.036242771612238300e+02
1.990681105588911350e+02
2.026028141516940195e+02
2.028556355396405309e+02
2.030960270992150640e+02
2.010774321845631221e+02
2.002878142310669318e+02
2.002266333634679256e+02
2.026561837228371417e+02
2.046716511571910928e+02
2.046069129948548380e+02
2.020175362590815098e+02
2.021696972117330517e+02
2.015410815466188126e+02
2.040845194029477057e+02
2.015731018417248492e+02
2.036356622476183134e+02
2.018332645072034950e+02
2.039784115273728844e+02
2.000829475781994233e+02
2.030901516651503869e+02
2.027008237186308577e+02
1.999602985696508028e+02
2.026231994529142071e+02
2.037322344597808126e+02
2.029281254565153176e+02
2.006128835850983876e+02
2.029614764227833064e+02
2.034184476237051058e+02
2.044557444409064715e+02
2.004106291648547824e+02
2.029642552072401429e+02
2.018759738363929728e+02
2.028689151531359016e+02
1.992243137975005141e+02
2.041285063604804861e+02
2.032956025691391062e+02
2.011947608347256278e+02
2.019616814977282218e+02
2.006060983011331587e+02
2.046465447873723917e+02
2.039192354926646829e+02
2.034968868442020380e+02
2.018765894633212099e+02
2.003881973069543960e+02
2.019719673384770999e+02
2.013525369897692769e+02
2.028070633529083580e+02
2.013276882139187194e+02
2.021825345523829753e+02
2.028763305645308321e+02
2.010675382252730117e+02
2.009752305848801939e+02
2.030272212960858838e+02
2.016498841135939699e+02
2.014996992463265144e+02
2.019677307357654286e+02
2.014450680693536810e+02
2.022254965624582894e+02
2.046442603629286907e+02
2.023159878065111741e+02
2.017914167318286900e+02
2.030507354104241813e+02
2.017159980892808733e+02
2.009685835390802993e+02
2.025253544135685786e+02
2.004741784212636162e+02
2.014855136763206076e+02
2.010330725525812170e+02
2.021692145439443209e+02
2.040648413930308607e+02
2.038279209843136073e+02
2.018792041236458488e+02
2.016601904408659323e+02
2.020677836454434839e+02
2.023284237398173957e+02
2.026450379909988442e+02
2.042114658322962839e+02
2.041624299604734745e+02
2.036158331768178300e+02
1.998695101317436524e+02
2.015962194368650557e+02
2.034461113459275055e+02
2.033608694115084461e+02
2.050435552315554446e+02
1.994374719759958055e+02
2.036822698614306546e+02
2.043532028732724655e+02
2.038594851131215933e+02
2.052039175861547164e+02
2.016422315691492315e+02
2.041533382864774637e+02
1.999149161926138731e+02
2.025140336408194059e+02
2.006137853540705009e+02
2.015139972666576114e+02
2.025144838008341708e+02
2.020424539662205348e+02
2.011418853956325563e+02
2.072293047531615571e+02
1.985078372854133590e+02
2.023512283524777047e+02
1.985541614521015958e+02
2.006552479499294463e+02
2.025307459893096791e+02
2.031501057359188565e+02
2.013782013311458456e+02
2.024583207654202965e+02
2.041189152375734466e+02
2.037528739525986339e+02
2.026793529355444150e+02
2.003808355936196222e+02
2.024154503324108703e+02
2.049023440454510023e+02
2.025736323745404945e+02
2.011883273423360379e+02
2.033500472525477392e+02
2.027301267682204866e+02
2.027960517133394376e+02
2.023535774624214696e+02
2.042203990172847341e+02
2.024303128655405999e+02
2.010122891712755688e+02
2.035377806199099666e+02
2.021622784909822315e+02
2.019102088576536858e+02
2.027632192628284997e+02
2.008996153018224788e+02
2.049153564864597001e+02
2.021393328444140138e+02
2.058684332993026942e+02
2.013869633698282655e+02
2.009837620648360144e+02
2.026855961307507528e+02
2.029238824733549791e+02
2.016995131741072385e+02
2.011856244744414255e+02
2.019207022199210257e+02
2.013123589962485767e+02
2.044213197901644321e+02
2.029759539813575486e+02
2.006572378858904244e+02
2.007663299972533935e+02
2.032978870722079705e+02
2.007477462786923752e+02
2.006348273900041477e+02
2.004306221172926428e+02
2.014199338833741137e+02
2.022152184162068522e+02
2.022424176460095566e+02
2.013784060968328902e+02
2.034510016664221723e+02
2.026063099358808302e+02
2.023765103465686934e+02
2.028451153755305825e+02
2.043615102539032762e+02
2.018847913866824797e+02
2.013671332344026439e+02
2.036232940353077367e+02
2.020390631315662233e+02
2.046337236473790426e+02
2.018993015798006354e+02
2.020378452062579413e+02
2.001866324358655049e+02
2.021037742092705685e+02
2.017688194597783422e+02
2.018683218263449533e+02
2.032142878483463733e+02
2.014122150887322391e+02
2.013183710560987265e+02
2.024700957948301152e+02
2.002900882667764506e+02
2.013413075427408785e+02
2.053398987003936895e+02
2.038725254655379047e+02
2.017624230645442083e+02
2.034574897101545616e+02
2.009067397182898276e+02
2.023995503558647329e+02
2.007493228052335041e+02
2.015122590859593288e+02
2.023853893461062512e+02
2.025112888497662880e+02
2.030381715138263701e+02
2.032728342944642463e+02
2.040451192510833209e+02
2.034492980086633622e+02
2.039491303664283350e+02
2.012859086446653123e+02
2.043055742788821760e+02
2.028879376424722238e+02
2.034066047600126979e+02
2.037210571726436115e+02
2.024096750798897233e+02
2.029103493654352803e+02
2.037241564704070242e+02
2.024555705492858806e+02
2.013186492652028221e+02
2.022351467979073050e+02
2.043406682554346787e+02
2.019900352519264004e+02
2.000768833036575813e+02
2.047019838717403104e+02
2.017729576148628041e+02
2.017080603759294775e+02
2.030616424725553770e+02
2.038438905284780560e+02
2.006544851518166013e+02
2.003659136342027978e+02
2.022958519390423646e+02
2.053454807905125676e+02
2.028244825959810953e+02
2.048165736367076022e+02
1.996023090800097179e+02
2.041537265651841153e+02
2.044849700462456781e+02
1.992123438199133147e+02
2.022671269948117185e+02
2.008530922984176357e+02
2.021055328328966425e+02
2.039409589034945327e+02
2.033921617716651440e+02
2.026676903995912937e+02
2.026052496957653091e+02
2.012782461879127709e+02
2.011302683743126636e+02
2.025115536782179788e+02
2.013943962190398906e+02
2.024605827515436545e+02
2.020484815140387411e+02
2.023206533539079146e+02
2.032419134958681468e+02
2.045887598640504734e+02
2.016508101085039755e+02
2.022685659409263224e+02
2.020790892741741800e+02
2.032353433203463737e+02
2.029378784500872825e+02
2.042711836076568375e+02
2.019717090008624609e+02
2.041072327389794339e+02
2.031203968281803327e+02
2.037663788163340541e+02
2.039003478826949447e+02
2.008004160311238593e+02
2.011422786392099056e+02
2.008615012793864025e+02
2.026412530779980159e+02
2.023182295572038640e+02
2.022592777725152189e+02
2.005992751534251397e+02
2.041742596660013191e+02
2.017934783421636666e+02
2.018165875465485328e+02
2.043039958076067535e+02
2.002063596117524185e+02
2.005204687396777672e+02
2.020664911838863134e+02
2.053049055687797591e+02
2.000354277556536999e+02
2.042438453862254164e+02
2.034058834291444100e+02
2.034264342685079896e+02
2.024520453815239591e+02
2.023714886035578502e+02
2.056457120628682560e+02
2.025187490627237992e+02
2.052572018543282582e+02
2.024886685826699306e+02
2.030509690898574604e+02
2.035830204869907902e+02
2.025565082567629531e+02
2.034623456990823627e+02
2.029619146045087348e+02
2.015362825533159423e+02
2.034054285291782946e+02
1.999499291451867862e+02
2.029381800285041777e+02
2.007905518844561357e+02
2.028539943853473630e+02
2.023669672527019543e+02
2.033527434377223244e+02
2.002303504410463972e+02
2.042742124335848928e+02
2.040118902080453438e+02
2.021503625108490496e+02
2.027605722418606433e+02
2.014183062221408989e+02
2.032754683441052919e+02
1.999451029028738560e+02
2.006216014623045680e+02
2.020164401325259860e+02
2.021550416733799693e+02
2.020710566434595137e+02
2.039600325698066001e+02
2.026960947084536997e+02
2.038001023504481566e+02
2.045687475898074297e+02
2.023401236755341870e+02
2.023686884727973734e+02
2.033430344771996374e+02
2.004411107066235900e+02
2.011911338016151092e+02
2.028645699668210227e+02
2.018837790226351672e+02
2.010776582500865004e+02
2.021220566504901512e+02
2.034575332129651315e+02
2.021255331103079698e+02
1.993973343934624722e+02
2.010551868234377082e+02
2.034296487395669715e+02
2.030614411460900897e+02
2.033462899046675147e+02
2.013731731668819123e+02
2.021552705931615037e+02
2.043506997358768160e+02
2.014003488515467097e+02
2.011587014567033691e+02
2.032608415277122447e+02
2.044600157961446882e+02
2.003336802298946395e+02
2.016493845106364802e+02
2.030857553121999501e+02
2.026623708751706090e+02
2.025729029378063046e+02
2.034870278195317042e+02
2.026272535435599025e+02
2.043601315142786632e+02
2.041549559505230889e+02
2.020369522863357190e+02
2.032183620065009961e+02
2.009344616400410928e+02
2.029095716657160153e+02
2.025329353276419795e+02
2.011917329752784269e+02
2.015181606563032517e+02
2.028735325585676037e+02
2.026599676528215355e+02
2.032274436133359075e+02
1.999171279095684213e+02
2.022320651022976961e+02
2.011195501407947859e+02
2.036707128749838773e+02
2.006610016533151395e+02
2.022027836370747593e+02
2.018774094579500229e+02
1.991422442110462043e+02
2.029692615643789679e+02
2.037003805719042759e+02
2.026883365745902665e+02
2.040475790422997591e+02
2.021703096601383436e+02
2.018303282133233552e+02
2.011220574338428264e+02
2.027557126078021383e+02
2.017967843414035656e+02
2.038817889533968071e+02
2.015011643759002595e+02
1.996581955991352118e+02
2.019232372797592063e+02
2.021111552633380768e+02
2.053487789045189800e+02
2.029876489347975621e+02
2.024960869076141705e+02
2.061229541456755499e+02
2.033618794126856244e+02
2.025041448608230326e+02
2.039858203076044560e+02
2.065809912798272308e+02
2.016860193180096132e+02
2.026955665248811158e+02
2.020719117133021712e+02
2.019437163854151436e+02
2.001401002285081177e+02
2.045018395010502843e+02
2.036969285332762070e+02
2.054635747995803570e+02
2.012808169269475229e+02
2.015891154017081988e+02
2.043561230022067718e+02
2.024609000115481194e+02
2.023902903615689581e+02
2.021496697251793080e+02
2.004760078826905385e+02
2.036406758286651950e+02
2.047977751008120322e+02
2.049304356933015470e+02
1.996120867071427654e+02
2.034294072524972137e+02
2.028654102189850903e+02
2.034522743496540329e+02
2.043492851463389286e+02
2.018344803245004755e+02
2.020457732796059815e+02
1.986839619329450102e+02
2.014778057016050354e+02
2.032100832274302604e+02
2.049472880912355777e+02
2.033282696857265819e+02
2.011084923572763898e+02
2.012460911228434099e+02
1.993726200273253824e+02
2.018187834024954270e+02
2.025766746790212949e+02
2.021674739091600941e+02
2.025538578724839738e+02
2.036871934491541083e+02
2.018426030801107061e+02
1.992435478231653576e+02
2.013068537872549086e+02
2.016547123778484547e+02
1.991456721092158659e+02
2.012858492773316641e+02
2.022590965695949592e+02
2.013677058958436135e+02
2.030935078434268632e+02
2.008012765027374655e+02
2.021096227120758897e+02
2.011229173553697933e+02
2.010105578610991586e+02
2.023166899540487123e+02
2.004394377180630897e+02
2.035353255588176182e+02
2.022832865686143009e+02
2.017201084743051922e+02
2.038028670941609732e+02
2.016815088314766626e+02
2.035994861694904898e+02
1.992532752831067739e+02
2.027668615949396838e+02
2.010776576075018340e+02
2.051716526087591035e+02
2.042619996365806117e+02
2.009294544849504973e+02
2.051122929535578123e+02
2.016797800648258772e+02
2.018066226634516624e+02
2.018598798058659156e+02
2.039440996178394983e+02
2.021285137573653117e+02
2.001647530256833534e+02
2.020798259462186479e+02
2.015781954299240226e+02
2.038552314812586417e+02
2.008814724551578479e+02
2.039844560815557486e+02
2.046886142679362592e+02
2.019803674411730867e+02
2.019442477428151506e+02
2.018979717017613780e+02
2.013845809033373371e+02
2.040373473737314782e+02
2.026328469551240516e+02
2.013516405121208948e+02
2.027702963082542453e+02
2.038168001603605433e+02
2.008838352732159080e+02
1.994996217304734785e+02
2.016774963475292850e+02
2.031659258340366421e+02
2.018885302321082236e+02
2.028744771539689395e+02
2.028050178601439484e+02
2.019343470687055344e+02
2.037909509979506879e+02
2.029912012059676556e+02
2.032204483722616715e+02
2.039323514077445623e+02
2.012693268941714848e+02
2.060672046035125220e+02
2.006012564490997931e+02
2.028300607595573126e+02
2.030930768506186723e+02
2.020247826469209258e+02
2.034633053245249243e+02
2.019590518839734727e+02
2.010770397757481476e+02
2.013260300707816839e+02
2.037822812695268624e+02
2.022383292979868372e+02
2.006057062871410608e+02
1.995086195531261524e+02
2.045138257398022859e+02
2.035637802229744580e+02
2.038157019913743113e+02
2.003603194149633282e+02
2.008765683283359920e+02
2.029319778914492076e+02
2.042326888847534860e+02
2.044403695506609040e+02
2.010981450782735180e+02
2.024591240648120447e+02
2.015713127731879126e+02
2.031277972096885094e+02
2.033391035398715587e+02
2.022319134181758216e+02
2.046318349746495926e+02
2.029457038742782800e+02
2.049931159003475898e+02
2.046958095799723196e+02
2.037643225452836759e+02
2.003638814873241643e+02
2.009524715703828974e+02
2.024628101161741256e+02
2.038453487739297998e+02
2.003744062599751601e+02
2.025747988669624817e+02
2.034358409644277970e+02
2.040007963488463076e+02
2.011993578903761772e+02
2.018767762697315504e+02
2.028813452831259099e+02
2.004511028798863208e+02
2.004882493333058164e+02
2.030269232102086505e+02
2.056341286539891371e+02
2.001324474753394043e+02
2.024035287975390531e+02
2.034837540931812612e+02
2.028354844962376831e+02
2.007508273895677178e+02
2.038592425730842024e+02
2.020412363984216597e+02
2.037287779198781834e+02
2.031888869773971464e+02
2.032174295966398745e+02
2.027459340605064426e+02
2.034681318187658974e+02
2.030194744333188339e+02
2.047000964352624806e+02
1.987090892731270344e+02
2.024625899759203094e+02
2.026335980224334889e+02
2.031132598956849620e+02
2.024607172171801324e+02
2.006086302401488695e+02
2.012250094514016041e+02
2.019076240485055109e+02
2.025512647529964738e+02
2.021341241171020044e+02
2.028060089029816311e+02
2.004825476467024714e+02
2.021215579560655726e+02
1.999931768683911741e+02
2.033744347696975296e+02
2.051862195443609664e+02
2.013924852140904704e+02
2.034727580666976507e+02
2.040615772712891101e+02
2.039907881670007441e+02
2.011066450236329501e+02
2.021412597058201470e+02
2.013685052583196011e+02
1.999582727304321281e+02
2.008645503268134291e+02
2.029823550644357226e+02
2.006789820711025811e+02
2.044717330930542971e+02
2.010826841031549463e+02
1.998422831763492979e+02
2.028908107034753243e+02
2.033256381792828336e+02
2.024397055458794057e+02
2.018180310140185156e+02
2.011405401210468540e+02
2.016194943983658163e+02
2.045161932238591191e+02
2.045427857271962750e+02
2.029828324148718082e+02
2.014545928649152984e+02
2.031152406209695016e+02
2.040161676319911237e+02
2.020493241663735660e+02
2.006143488838464748e+02
1.998398733607893405e+02
2.022389893161042380e+02
2.013637096501193753e+02
2.020544142360424757e+02
2.054329234127253017e+02
2.034556881488054216e+02
2.037688625781442511e+02
2.025940086823952129e+02
2.036592104767359785e+02
2.023939162876563103e+02
2.034523711455107104e+02
2.044794955260596794e+02
2.030325345658058040e+02
2.022755941689053429e+02
2.010895693828254025e+02
2.004760309024379126e+02
2.033824298535630248e+02
2.016969771608990811e+02
2.028865824272653242e+02
2.030589055301896622e+02
2.010059503431651251e+02
2.004018646497324028e+02
2.040308194845701735e+02
2.012379222591619623e+02
2.020976698320741036e+02
2.029511425613980009e+02
2.043167003591265143e+02
2.022722744015558760e+02
2.025229210681513052e+02
1.993777948086237473e+02
2.035413420694376612e+02
2.006472805913092827e+02
2.042373611406131602e+02
2.039828269026636747e+02
2.041445096997271662e+02
2.010482317298815929e+02
2.059246116679903764e+02
2.009944475101529520e+02
2.024390513383960126e+02
2.023165806823413675e+02
2.028768774457302584e+02
2.032991660262971720e+02
2.035652691162615326e+02
2.005861983625259768e+02
2.019135828705700533e+02
2.017384411938730580e+02
2.053538766865807190e+02
2.026303429095447939e+02
2.038172847996455062e+02
2.039331104625238709e+02
2.029326519548291685e+02
2.015050635908138474e+02
2.027148837306965561e+02
2.021275355941051828e+02
2.026502953981319877e+02
2.021628400334937794e+02
2.039161141102665056e+02
2.043714071167427164e+02
2.004629052550841095e+02
2.015937218133315127e+02
2.014438482700826683e+02
2.019827523697778986e+02
2.034578741358505170e+02
2.030416030217106140e+02
2.029160476656716412e+02
2.021518153468898333e+02
2.022718184010271045e+02
2.036282530548960210e+02
2.034242519656013428e+02
2.031890312121306010e+02
2.025341903565145856e+02
2.016988764364348583e+02
2.025016454301037356e+02
2.016454880726247154e+02
2.012246115589188946e+02
2.037488647333031508e+02
2.010934110824297818e+02
2.011856650557102171e+02
2.022111111816081461e+02
2.018959943235916512e+02
2.029224214277786587e+02
2.013166605937904876e+02
2.030488746889475351e+02
1.999395952844759847e+02
2.025773469166083487e+02
2.006017519785582692e+02
2.027957038310539986e+02
2.017099801786833950e+02
2.037048891676273001e+02
2.027136555338282449e+02
2.031374941694612630e+02
2.041572333363351675e+02
2.007360926740723528e+02
2.052339566239089663e+02
2.036855560219214567e+02
2.005476253403477926e+02
2.014843212837351984e+02
2.027556683003924434e+02
2.021111403824311594e+02
2.034648375825714766e+02
2.013791554082502273e+02
2.026764711841386202e+02
2.031125945993285598e+02
2.023010866992299839e+02
2.020002853594818077e+02
2.036403006927813806e+02
2.015247685969293343e+02
2.017594548145399642e+02
2.023369788939539262e+02
2.007042865124517732e+02
2.030615535527320219e+02
2.002905192474939895e+02
1.995702902586565699e+02
2.015390600440464084e+02
2.016190658512638265e+02
2.022754558933233113e+02
2.021815235978425278e+02
2.004695841632106692e+02
2.024695895343053849e+02
2.025820426594475521e+02
2.035321465568668202e+02
2.014296234596051818e+02
2.038165498941484088e+02
2.033459244788236333e+02
2.018278071615853833e+02
2.039804321405607936e+02
2.024717903170435989e+02
2.006871017731776305e+02
2.020906844531589286e+02
2.020467741683845588e+02
2.021454146468824717e+02
2.038006873029704309e+02
2.028490030003811739e+02
2.032827466755956607e+02
1.997316654895227543e+02
2.040468357014059393e+02
2.018668245729009527e+02
2.018042148166630625e+02
2.010448833874696106e+02
2.002496078186571538e+02
2.034696967675623114e+02
2.047124514049002926e+02
2.013469705136214145e+02
1.998933381896502510e+02
2.012936338995975518e+02
2.010127509499349401e+02
2.024640103124843051e+02
2.003539725907884019e+02
2.025658794204492779e+02
2.051337418114979982e+02
2.032434169141013456e+02
2.019720717604389790e+02
2.015391606557645332e+02
1.995785416641185179e+02
2.012055972216144539e+02
2.025923840555265656e+02
2.023967502850442770e+02
2.023553700687388641e+02
2.002445877889699659e+02
2.031878752425698167e+02
2.025823011559069187e+02
2.035552170515489081e+02
2.035686884688132636e+02
2.046403264827028465e+02
2.027575095653288599e+02
1.998691425560924984e+02
2.020502673821029020e+02
2.020905066118473883e+02
2.017392003929660120e+02
2.009266609606098655e+02
2.046130795682438190e+02
2.021128432161723367e+02
2.016447540081594525e+02
2.007293619988538751e+02
2.004134611469160063e+02
2.030008355774686208e+02
2.023931447104708639e+02
2.019297629136928265e+02
2.016928756054669520e+02
2.017068680278719910e+02
2.019110059232330343e+02
2.017266681625938247e+02
2.008384628281968105e+02
2.043626950016300725e+02
2.019832798062458039e+02
2.034868249816115622e+02
2.026034921948213423e+02
2.009133914260111737e+02
1.997146235027924774e+02
2.013746678331222881e+02
2.018764646899838056e+02
2.030903234852350749e+02
2.019529692501359648e+02
1.997652617504915042e+02
2.046792405631066174e+02
2.013872529410582501e+02
2.025555572906704356e+02
2.025399241218802615e+02
2.035099867569809078e+02
2.015228594346957891e+02
2.024842510422138560e+02
2.015851511021883766e+02
2.047081574191529967e+02
2.022336964812831752e+02
2.013267468974260908e+02
2.039499011225607319e+02
2.023259270390731785e+02
2.033545724993578574e+02
