1.253933610616411158e+02
1.253414403949079343e+02
1.248001674564280705e+02
1.234384132129806630e+02
1.246771090896832277e+02
1.282506194542522451e+02
1.241727679309891670e+02
1.259895712635757832e+02
1.262105847233386839e+02
1.250619309597126687e+02
1.256731581967948586e+02
1.252312847341883781e+02
1.234950065715100749e+02
1.232141956482903709e+02
1.247724644020452587e+02
1.235304989104664060e+02
1.243133721253014414e+02
1.261788313086482418e+02
1.252887694079390855e+02
1.268003254742103394e+02
1.231302571202454885e+02
1.241807297709437563e+02
1.254521267979845618e+02
1.257440125443096122e+02
1.246064462179489851e+02
1.246515156562487618e+02
1.259167098542761210e+02
1.261759749000840145e+02
1.248923316161782111e+02
1.245585407768077317e+02
1.260055272373908934e+02
1.257082160391229166e+02
1.238201755552791781e+02
1.239456989889313121e+02
1.256436347766232728e+02
1.251687251193473998e+02
1.253979587643631675e+02
1.245371898473805317e+02
1.247573995668998208e+02
1.284533979479183188e+02
1.241103119083379767e+02
1.236732733085639211e+02
1.261397990822979693e+02
1.240739493524892083e+02
1.246768259253405517e+02
1.244919383234594505e+02
1.256286215277487202e+02
1.269003933418276233e+02
1.238982245690572341e+02
1.244382367338931203e+02
1.247957548479056555e+02
1.258572773309401924e+02
1.247035220806326237e+02
1.269105144790770510e+02
1.232870389087998859e+02
1.238127906569058752e+02
1.256493909056129183e+02
1.257219037458778388e+02
1.250213892757215177e+02
1.248826700890515582e+02
1.258152745249440585e+02
1.249271349299952192e+02
1.238902211767486250e+02
1.242341068393520089e+02
1.241352906155326821e+02
1.242690633840088026e+02
1.256289561246835262e+02
1.266204802964043949e+02
1.261793900111626243e+02
1.251277121339469431e+02
1.239428286738958320e+02
1.248298987565622724e+02
1.248275052107286740e+02
1.230849770560763261e+02
1.260487362755284551e+02
1.251636846382295118e+02
1.240507725834528543e+02
1.253994472588846065e+02
1.259878015053175773e+02
1.249465432156663383e+02
1.246045240867607617e+02
1.244174781395165894e+02
1.241531812445324476e+02
1.260279040422945940e+02
1.257015507270363059e+02
1.258951910378033858e+02
1.263896003995794786e+02
1.239264513327405837e+02
1.230463704965706029e+02
1.251193493574085807e+02
1.231947937357525404e+02
1.274509669165960162e+02
1.249157942720397472e+02
1.252676228129889324e+02
1.264647930301823493e+02
1.249618986164543628e+02
1.240089307358351363e+02
1.250853721038134836e+02
1.260538256475456507e+02
1.270366681721282873e+02
1.251597416057427381e+02
1.261727857119267071e+02
1.242943011577439592e+02
1.262354409246463689e+02
1.271014875506772057e+02
1.247738066448785332e+02
1.257067106970590373e+02
1.235736328755440070e+02
1.243445952045630207e+02
1.240548114498286481e+02
1.250789259144949170e+02
1.245163373590013407e+02
1.243002013963650825e+02
1.253981967015442649e+02
1.241379407950761049e+02
1.231836438163227996e+02
1.260072891637148729e+02
1.230688033870177094e+02
1.260640926121658936e+02
1.258192075925775981e+02
1.231146250610379553e+02
1.275164461426678457e+02
1.248144572457702139e+02
1.251684590034016225e+02
1.241920281365174361e+02
1.254968447918702594e+02
1.247744779423163095e+02
1.245531653069739519e+02
1.247594767707972210e+02
1.235621288043972186e+02
1.244515385577630582e+02
1.231354704429429887e+02
1.220458472170494275e+02
1.256783852949226343e+02
1.250733764346950068e+02
1.245275239211892568e+02
1.258297973501508835e+02
1.266953155564941369e+02
1.239947799576554104e+02
1.252140735251958432e+02
1.238135951370706636e+02
1.249197505411578391e+02
1.257117323968248428e+02
1.265027523764109958e+02
1.247379900757006510e+02
1.233813931114833480e+02
1.245976182940125767e+02
1.279827596343275928e+02
1.239753890576629090e+02
1.246286550651428797e+02
1.245359251927239512e+02
1.231875485882751491e+02
1.249847554386055748e+02
1.250863438941013612e+02
1.245634498521008879e+02
1.258475262220147357e+02
1.254204298782678677e+02
1.243625570598179024e+02
1.256323467582918738e+02
1.255138714956704717e+02
1.237994303682041703e+02
1.263263609229677371e+02
1.263342254561109570e+02
1.239958124050642709e+02
1.267508431205025801e+02
1.251726846230816790e+02
1.264105007025075764e+02
1.229283258725686210e+02
1.243822600735030761e+02
1.238024677149169008e+02
1.255510709110961471e+02
1.237202683033152084e+02
1.241833549103192809e+02
1.259483573870483042e+02
1.254217921662645097e+02
1.244134782428978667e+02
1.238327282152902455e+02
1.252585648796604119e+02
1.250068004653806923e+02
1.245158277766444428e+02
1.266108146165048538e+02
1.249453248353326416e+02
1.229550659123747920e+02
1.234235106521227863e+02
1.240978046349813724e+02
1.238726555501269218e+02
1.242845440455001977e+02
1.264735955951232853e+02
1.236122397869508660e+02
1.241976221610096474e+02
1.264956196983083174e+02
1.236035648994792098e+02
1.239453241065530449e+02
1.248277398472518058e+02
1.237780430621545378e+02
1.254538231251758447e+02
1.234025219412891943e+02
1.246248019641146954e+02
1.242343048020284897e+02
1.246598202049609796e+02
1.234678334495115735e+02
1.262474265559142026e+02
1.247298112740648577e+02
1.275993550723705425e+02
1.253770126056351870e+02
1.239069325450435599e+02
1.228810816020691874e+02
1.258005198395392057e+02
1.245587298170556210e+02
1.235781385675801403e+02
1.242520994330273254e+02
1.276982678174105104e+02
1.238185339041080368e+02
1.242367339209338724e+02
1.258193550921229473e+02
1.257302995890530326e+02
1.251547250940951983e+02
1.255365821718797434e+02
1.224141880116269903e+02
1.249127235406621281e+02
1.224224241484098599e+02
1.253421345595208294e+02
1.240754528730709723e+02
1.236621247393091778e+02
1.257455761304638600e+02
1.228391555017173005e+02
1.251103370077166943e+02
1.242851909709320921e+02
1.237481578986053989e+02
1.260998138684900880e+02
1.243195957881724070e+02
1.236459687388224040e+02
1.220339825009753270e+02
1.258857360174609710e+02
1.259044507191228348e+02
1.258438544632962817e+02
1.233595528633553045e+02
1.272657123961959087e+02
1.241469740545490339e+02
1.245649812752200063e+02
1.248788362541560986e+02
1.245505395617830828e+02
1.259829389348522284e+02
1.253078414769270239e+02
1.261434109597200290e+02
1.241759582334289718e+02
1.234319681931994381e+02
1.232241929412332411e+02
1.239607993647536119e+02
1.246183341367651565e+02
1.250165491594340068e+02
1.251902261051067171e+02
1.246499037014591948e+02
1.252176381556101035e+02
1.232488292266913277e+02
1.258392052113435682e+02
1.263987626384070637e+02
1.252803168169974271e+02
1.236436314611763976e+02
1.273178358635999956e+02
1.257795434343999261e+02
1.255466375138509392e+02
1.255570218493494821e+02
1.259464207697853624e+02
1.272741860793313577e+02
1.251490639329513783e+02
1.255708617982413813e+02
1.243028494241713418e+02
1.243770943876356085e+02
1.251333874314237420e+02
1.253606277860451996e+02
1.252007237514856115e+02
1.249684116921886528e+02
1.254890561896282719e+02
1.279976966169842854e+02
1.260057057334297212e+02
1.244550578043372298e+02
1.248599391687593680e+02
1.245036901509205762e+02
1.280814859217787500e+02
1.266913127216102168e+02
1.245261035510791743e+02
1.255129951323389292e+02
1.255253178111013455e+02
1.262063949000363579e+02
1.264054760979630174e+02
1.224839582184621349e+02
1.226992340922151925e+02
1.228384157723843089e+02
1.264227811009234728e+02
1.250499222040146350e+02
1.248471602922105461e+02
1.245814058112671034e+02
1.267094542896779501e+02
1.242643365853921296e+02
1.245930090012432601e+02
1.254403546149873989e+02
1.240850807772575166e+02
1.259051445878133677e+02
1.249339371699306724e+02
1.234134103605594390e+02
1.259173508930217196e+02
1.241182407900588345e+02
1.237024337931034097e+02
1.254225315115800896e+02
1.244028541464504229e+02
1.246664772122664857e+02
1.252358658397242124e+02
1.265506416332760864e+02
1.239719213136257707e+02
1.242015503527718323e+02
1.233070617150701054e+02
1.263515756126199676e+02
1.264872033142308680e+02
1.236644227736007480e+02
1.240460371042338465e+02
1.256602258173495699e+02
1.251444448780077039e+02
1.240467157976832056e+02
1.246222790705771786e+02
1.248991531558625638e+02
1.257936815351387878e+02
1.253143282405128218e+02
1.251535529939365432e+02
1.258482995698546603e+02
1.238314515119445502e+02
1.266493689071066910e+02
1.258339104120613285e+02
1.268224407542732024e+02
1.237611598674914575e+02
1.239435638792158869e+02
1.253756819520189936e+02
1.252855446086923052e+02
1.241210357065143910e+02
1.237302427334054613e+02
1.226373882308211591e+02
1.248957095218064097e+02
1.262785951255424663e+02
1.262956688771215283e+02
1.254988133082512434e+02
1.247393801741776826e+02
1.253703285707566550e+02
1.239651325111886564e+02
1.251244382272109164e+02
1.261516181917618837e+02
1.244547174877484252e+02
1.243832990869421167e+02
1.235102663221585289e+02
1.236112453010824623e+02
1.238732958692417867e+02
1.240516146382369413e+02
1.256532116619009827e+02
1.244928219102472866e+02
1.240694130142949945e+02
1.242556567746637484e+02
1.264190053212583962e+02
1.248943598600759799e+02
1.237824004831318234e+02
1.268906866136709084e+02
1.259645399077129326e+02
1.250280790871656222e+02
1.274023907768071240e+02
1.232556284189566753e+02
1.244893970376888177e+02
1.254583395366976504e+02
1.236682208934205107e+02
1.258223808949852582e+02
1.266808241960799535e+02
1.230647584043483107e+02
1.244290128255990169e+02
1.233348837373497702e+02
1.239530350337286819e+02
1.248614086244178907e+02
1.247683859987792090e+02
1.257453645486770455e+02
1.235875221373881203e+02
1.276795125986943447e+02
1.251667579705923714e+02
1.252110153755349984e+02
1.236994664734101406e+02
1.251392552192943981e+02
1.258509528397568005e+02
1.258755512156266008e+02
1.259459369419288066e+02
1.267685235530999108e+02
1.265173096989986021e+02
1.252074773177735523e+02
1.224002927480632508e+02
1.290847506140160306e+02
1.242053526582999297e+02
1.227355663337744573e+02
1.237097490744945389e+02
1.257270080252770299e+02
1.252633659217442670e+02
1.237525928234053652e+02
1.263679859506424066e+02
1.230483520408993741e+02
1.249896726655112928e+02
1.260531599129213163e+02
1.240112139490846488e+02
1.253849160695605605e+02
1.245567547423448502e+02
1.261037657660429119e+02
1.254667946092201873e+02
1.261385161289414611e+02
1.230321329091313487e+02
1.243854202275736327e+02
1.261177211655124637e+02
1.271983870035770110e+02
1.226465426369604899e+02
1.257665222712964948e+02
1.254965980003134831e+02
1.240806098901037871e+02
1.252901103612517630e+02
1.248904971122962024e+02
1.245674211065262540e+02
1.239776103068498969e+02
1.257428952674827940e+02
1.253232618487598558e+02
1.242663561749411656e+02
1.243426242595018749e+02
1.237397827401402850e+02
1.259472915023590218e+02
1.240300665700001019e+02
1.246705017120915642e+02
1.272765065466460612e+02
1.250877810289798475e+02
1.257373811320619694e+02
1.233312960079329486e+02
1.271609598858505308e+02
1.254242073540120401e+02
1.219229555791523723e+02
1.233496599203357817e+02
1.220933298065257873e+02
1.250662000291459464e+02
1.234947593185767687e+02
1.242844599978853211e+02
1.258371114661376708e+02
1.221561242558763070e+02
1.256673706573361784e+02
1.233718537274749991e+02
1.251271952594754424e+02
1.241515978917472722e+02
1.278969268019740468e+02
1.253911417074472041e+02
1.250223084221596395e+02
1.252385254630995490e+02
1.251889400667221111e+02
1.240790096204213597e+02
1.258724771866657619e+02
1.267011891150048370e+02
1.244710723957942662e+02
1.244487069880357097e+02
1.236353877831282659e+02
1.232982530978988791e+02
1.241346050287000224e+02
1.253331801384428701e+02
1.241152403306071079e+02
1.272265168188155258e+02
1.257211435838474500e+02
1.268027631360066607e+02
1.255800122119811988e+02
1.221197795226006946e+02
1.230828133884202913e+02
1.263938494910317587e+02
1.248776435888534735e+02
1.259126320699586898e+02
1.257669532017413161e+02
1.236275350569444527e+02
1.258609446776749792e+02
1.242207598387849998e+02
1.257725940862978860e+02
1.236591228196703867e+02
1.241838088173103216e+02
1.243979451328142716e+02
1.247542621820336990e+02
1.273382597673385987e+02
1.239343448719031500e+02
1.251180311404279593e+02
1.242465559155624391e+02
1.256131008714313140e+02
1.272581740069280585e+02
1.258657391915183581e+02
1.238323886532919573e+02
1.255963115329563067e+02
1.265773179637133410e+02
1.259114614649162007e+02
1.230664737975885430e+02
1.228064531149519496e+02
1.230676353788189061e+02
1.233632234725588575e+02
1.235929324802079776e+02
1.255527371849457552e+02
1.252655510991748713e+02
1.260195322287663089e+02
1.247505250629448881e+02
1.279476848920832879e+02
1.255844251781461622e+02
1.254363775938780776e+02
1.238265012278341004e+02
1.235729320178431152e+02
1.255960160387451907e+02
1.272779885261137878e+02
1.242726388290337241e+02
1.247326266194436073e+02
1.244451218382198050e+02
1.241325425583561071e+02
1.246643311238120475e+02
1.255543396386004247e+02
1.267014623337109214e+02
1.242599115010405342e+02
1.265021601646346454e+02
1.235211378119581553e+02
1.220716678178900167e+02
1.235672589065475364e+02
1.230972492374604599e+02
1.247762500155647700e+02
1.260411349405028574e+02
1.243123155341356920e+02
1.231554833572085954e+02
1.234492604677021603e+02
1.253235488545162042e+02
1.247463500872898408e+02
1.263381590266410512e+02
1.242546326601501221e+02
1.275018909493383745e+02
1.243979862659408440e+02
1.271618830818164980e+02
1.245576957447071038e+02
1.246799083143726676e+02
1.242677499058924440e+02
1.239701542602443709e+02
1.252332832509280394e+02
1.252378529277229688e+02
1.278342422001135077e+02
1.247797162471605930e+02
1.243371916922747857e+02
1.265504119512735599e+02
1.255934041571114648e+02
1.254329660789153280e+02
1.261336861368445170e+02
1.248655415063522724e+02
1.243270969798451091e+02
1.231117161167613432e+02
1.247041375975284296e+02
1.246419309802617335e+02
1.225993446701719876e+02
1.235833810021709667e+02
1.247621562331297298e+02
1.237358528628083576e+02
1.254958332348317924e+02
1.244540002030983317e+02
1.237728572938342921e+02
1.259108947481826419e+02
1.249145343061271660e+02
1.245416725420690085e+02
1.261907377722093742e+02
1.240762901579517177e+02
1.258082939354247145e+02
1.268406004452395592e+02
1.252836215051578250e+02
1.250594551906894196e+02
1.247183186261075463e+02
1.242033960077022243e+02
1.253521808125256030e+02
1.263311372485280799e+02
1.227991992273544923e+02
1.267997139641635727e+02
1.245661932394399400e+02
1.241726790835157601e+02
1.239805783793472074e+02
1.253980300957946525e+02
1.254473886448003128e+02
1.239806786349781333e+02
1.254191457494572433e+02
1.232397998873952787e+02
1.249940034406730547e+02
1.243497249226794139e+02
1.238797122006689762e+02
1.262962338310657202e+02
1.233952835210845791e+02
1.245756544204618166e+02
1.278301505023810734e+02
1.256298324563796029e+02
1.257484260501282307e+02
1.265668524016126213e+02
1.253476316512752362e+02
1.258704541628384561e+02
1.263471008724190057e+02
1.244240685711001504e+02
1.279524576515119918e+02
1.238432483003970930e+02
1.234351104817823455e+02
1.240614047828819224e+02
1.209873873341031896e+02
1.275328444645629418e+02
1.242666690588226857e+02
1.235357060292344471e+02
1.256206442184349754e+02
1.240904916375020832e+02
1.254244816216158114e+02
1.237219371627852951e+02
1.265350798414936833e+02
1.239245496090751715e+02
1.249276182722825013e+02
1.260682884554292258e+02
1.248303675420930574e+02
1.234115896055152035e+02
1.250405228853701090e+02
1.253553740345262497e+02
1.242111636859892627e+02
1.242679922067481755e+02
1.249129867371446352e+02
1.250899285006226052e+02
1.244405865967957538e+02
1.262217701939830903e+02
1.248337837805073320e+02
1.257605935830844572e+02
1.255343573018027428e+02
1.273215488157401154e+02
1.263088799926110539e+02
1.245616875653617797e+02
1.245052567883011108e+02
1.285889976990087291e+02
1.269972669432187473e+02
1.262568937231157236e+02
1.250076151548933865e+02
1.258170640840387762e+02
1.263457725008021981e+02
1.249567014056581513e+02
1.252828751956371889e+02
1.250586540321238687e+02
1.244250278939364307e+02
1.265432498237099850e+02
1.241849247939258021e+02
1.255816136903164590e+02
1.246218285597319806e+02
1.245420498733819983e+02
1.260250048895769623e+02
1.242099707991870048e+02
1.246506477730832643e+02
1.261739227909053085e+02
1.256634032519031479e+02
1.225555882358989521e+02
1.249003733112380132e+02
1.262936655103699621e+02
1.248302487581475901e+02
1.241355750503096402e+02
1.256441852634819867e+02
1.229023461982913830e+02
1.256535011846522139e+02
1.248346740527486816e+02
1.274966456040145317e+02
1.239256754259149318e+02
1.248943896674140177e+02
1.276402176984339860e+02
1.254982248108985488e+02
1.263509872245244310e+02
1.231626090222137577e+02
1.255348632334282968e+02
1.231924350142121654e+02
1.265168870973806321e+02
1.255369591645179099e+02
1.237537792740440068e+02
1.250966453940064440e+02
1.266481708582624890e+02
1.244142781320433642e+02
1.251722288068669968e+02
1.242853481300632978e+02
1.258772768412692500e+02
1.254632356901473713e+02
1.262817502219919277e+02
1.257928812286727833e+02
1.255298744622090368e+02
1.257692357647310502e+02
1.266262866040928543e+02
1.268031297769398691e+02
1.251931651355539543e+02
1.263272668395819380e+02
1.259643665842682054e+02
1.237654848131104472e+02
1.228410835376226657e+02
1.262226598267066890e+02
1.232671792199521690e+02
1.257735922833037421e+02
1.237835973965659662e+02
1.237472271276046882e+02
1.237071974008586324e+02
1.247940615170465151e+02
1.255058208525374113e+02
1.243673927645985913e+02
1.239248237788521010e+02
1.264286130199890579e+02
1.231239203963387467e+02
1.258518932438336435e+02
1.240280786664645518e+02
1.245248119195631773e+02
1.255684630157924175e+02
1.262067586761620390e+02
1.258479953265968874e+02
1.244043076989187142e+02
1.270983584104927786e+02
1.246769526154248240e+02
1.234089534477218137e+02
1.238914550451702752e+02
1.261459553282619765e+02
1.264545521816306604e+02
1.265020580877822454e+02
1.237677276918269342e+02
1.258190554550509859e+02
1.277215564624040240e+02
1.282744185498072795e+02
1.252028234218304874e+02
1.251549681413480073e+02
1.241494313139725136e+02
1.241210465777545551e+02
1.260433820297771916e+02
1.256020884396606192e+02
1.234235844909747755e+02
1.243014711304411293e+02
1.257184475748037471e+02
1.236140671701833185e+02
1.250427821067217025e+02
1.266887365236449625e+02
1.237920467775941802e+02
1.262866952988782998e+02
1.237831724335561461e+02
1.256224059926678365e+02
1.224024856933672822e+02
1.247782936799107318e+02
1.238715238634945166e+02
1.247949016454216320e+02
1.266342986156613222e+02
1.234112988086771026e+02
1.255379782147246317e+02
1.250639959928708009e+02
1.261269144395430288e+02
1.229519121535985420e+02
1.256210741315454271e+02
1.256889496596643454e+02
1.245264082501881830e+02
1.254282793417178539e+02
1.257251000971996717e+02
1.242723873851231815e+02
1.266726187413553220e+02
1.250471018415651230e+02
1.253420110295663079e+02
1.262306387903771423e+02
1.241811905594233139e+02
1.261090539223691565e+02
1.252392189169612777e+02
1.230046308325923263e+02
1.263037457337125886e+02
1.243592859514850915e+02
1.234234958847640655e+02
1.249686855960565453e+02
1.264783467173664349e+02
1.248665983298855764e+02
1.246310098049462169e+02
1.243718355347357658e+02
1.260888943373134055e+02
1.252884697757614134e+02
1.252448948779921380e+02
1.262888969914600636e+02
1.237389766734584384e+02
1.237056652954318139e+02
1.230641586328059986e+02
1.271503088022025736e+02
1.235412196218652099e+02
1.270870635190809992e+02
1.251029262822247148e+02
1.245815555944266748e+02
1.256978281483923610e+02
1.262265254059591086e+02
1.250621396402216163e+02
1.239091623254327317e+02
1.260783679329830420e+02
1.265190196350159511e+02
1.244379271574507584e+02
1.228955263473423969e+02
1.267540525690445179e+02
1.248822708502479628e+02
1.264350130704926016e+02
1.230168259570377671e+02
1.248230717319224681e+02
1.251040597368895391e+02
1.243817490057021473e+02
1.260753696713155136e+02
1.265269985188549100e+02
1.248858291674708312e+02
1.237610640134714828e+02
1.247817526068158998e+02
1.261323466736719467e+02
1.249402626851353233e+02
1.255483616340501953e+02
1.237876757841805500e+02
1.226090379226541103e+02
1.243286095921929189e+02
1.231977853211850515e+02
1.251790932104114376e+02
1.245733426987917767e+02
1.272953768157106964e+02
1.232245559800214636e+02
1.257053915161758368e+02
1.248249513802751096e+02
1.250139155616989370e+02
1.258584575222843114e+02
1.260993698631193780e+02
1.228086708137249872e+02
1.248012702278533510e+02
1.253437079292953911e+02
1.253503181029363134e+02
1.257702151332808427e+02
1.228489925465507184e+02
1.251365031748460126e+02
1.244520816028785646e+02
1.257586552030592344e+02
1.252747242832903254e+02
1.232006296568020218e+02
1.246244878438692751e+02
1.246753578607092265e+02
1.256835067319128143e+02
1.256429405006460343e+02
1.268379174798159426e+02
1.235489975272592318e+02
1.255805940873698887e+02
1.252073745525063089e+02
1.247263439821047655e+02
1.250766004060227772e+02
1.234458777468800434e+02
1.239041508869643167e+02
1.250215134735237967e+02
1.270248722990367014e+02
1.240611423384640659e+02
1.254139945220429553e+02
1.242981660450684132e+02
1.262192369632753923e+02
1.247050166922154943e+02
1.245152980597028431e+02
1.250147184426386673e+02
1.265449394597188331e+02
1.278697034296775428e+02
1.251809947098847857e+02
1.237656275988098145e+02
1.247944769860236391e+02
1.249614505933216009e+02
1.254686864251275153e+02
1.247231121280383803e+02
1.234806243615333727e+02
1.253175659222123670e+02
1.261208301629236672e+02
1.251370018412795986e+02
1.260997024535057136e+02
1.259904821946594637e+02
1.248711963968345202e+02
1.250330362453043591e+02
1.252336080838696262e+02
1.258914469580899294e+02
1.262582267593481902e+02
1.255008354651415061e+02
1.236562573230993110e+02
1.248431339791386421e+02
1.244668523677502066e+02
1.266414690944160100e+02
1.250838778302442620e+02
1.268233227283242570e+02
1.234122608332793050e+02
1.248082565108772002e+02
1.237457376097593453e+02
1.266046834963891285e+02
1.247671063054055480e+02
1.253285646590896505e+02
1.249483680150147649e+02
1.243519182923879072e+02
1.266141189031471157e+02
1.230583553362434373e+02
1.286316428391425575e+02
1.249012759555058096e+02
1.281275536486388660e+02
1.262764254713350880e+02
1.253233497445429379e+02
1.225293134696437960e+02
1.257478412027333405e+02
1.245946570391662220e+02
1.249269613831811512e+02
1.269616660093977600e+02
1.266015407302179483e+02
1.266053775194590116e+02
1.231203991167996321e+02
1.231686163183861282e+02
1.263795990227661434e+02
1.252933016970903282e+02
1.241069462052049914e+02
1.229580065475552004e+02
1.240657810461331678e+02
1.250032556679445293e+02
1.242734209369519220e+02
1.222952196250493984e+02
1.242449496444854020e+02
1.260972191016171564e+02
1.239938690285965350e+02
1.275999044491286725e+02
1.242067588740661392e+02
1.264458025774728895e+02
1.244993776057467159e+02
1.248320768774161706e+02
1.234381289076515742e+02
1.265887859004958216e+02
1.245301798524121608e+02
1.258961543203760414e+02
1.237425634900715750e+02
1.243974602298860646e+02
1.244136703687571810e+02
1.244860914603626014e+02
1.229260440864059518e+02
1.237512989369794667e+02
1.252302867686131549e+02
1.254956638566931986e+02
1.252368750975500120e+02
1.241186855715352948e+02
1.223695073675134353e+02
1.255755714899358821e+02
1.225483899223310260e+02
1.247596556959396565e+02
1.265056162821843770e+02
1.244883060618899719e+02
1.261855226986096739e+02
1.271955252245121528e+02
1.235053123031584335e+02
1.237821637987931211e+02
1.241905103325652249e+02
1.257441926646208543e+02
1.257777899765453071e+02
1.252050506715885518e+02
1.271404508197474428e+02
1.253162290700787338e+02
1.242102184730677408e+02
1.243347539559192398e+02
1.245217978956651734e+02
1.249955520454145699e+02
1.265043778402187939e+02
1.260896456004614379e+02
1.233997013734334871e+02
1.253957854118991122e+02
1.242190561335086159e+02
1.249277434339056470e+02
1.236264412463248448e+02
1.265595976122374395e+02
1.255058134159673102e+02
1.248025089092904523e+02
1.233920758504687569e+02
1.236891427672147330e+02
1.239623959251383241e+02
1.248749469648387134e+02
1.254815790899707650e+02
1.261098963717837904e+02
1.231128960911031385e+02
1.258408370014307565e+02
1.258877371946365145e+02
1.240777029200842634e+02
1.250827818309327597e+02
1.265295777523766532e+02
1.257130773127520058e+02
1.235885433087239704e+02
1.248082712769881084e+02
1.245323368337466121e+02
1.252318615149275018e+02
1.252739515267707162e+02
1.230170658602892644e+02
1.250634824088000840e+02
1.263936660294202454e+02
1.257792884643586575e+02
1.240839724313454582e+02
1.219542924396846217e+02
1.251490574287983577e+02
1.261380340461865472e+02
1.250416426357487154e+02
1.247004330833512711e+02
1.226784037834654839e+02
1.237999992653301859e+02
1.237727306606806223e+02
1.263547023560134761e+02
1.215215590040877203e+02
1.251350782369289192e+02
1.257475657676850744e+02
1.224163527941952339e+02
1.243300435789133900e+02
1.232597423058729191e+02
1.260408512203475766e+02
1.263262644784932007e+02
1.276504325583998281e+02
1.267216223774364465e+02
1.242381361891281557e+02
1.257281412580049249e+02
1.264193450265366465e+02
1.247547196856911569e+02
1.251124723997123738e+02
1.264201336544035144e+02
1.260321465731223327e+02
1.229731404695714332e+02
