1.987111721926797259e+02
2.016147456527641282e+02
2.002095943510550171e+02
2.017810980618714893e+02
2.016645538547929277e+02
2.009395198483354648e+02
1.996555692468737391e+02
2.009417856800977233e+02
2.013156932263742931e+02
2.003871521278232422e+02
2.011272976647048552e+02
1.990606827229067051e+02
2.005918074605599770e+02
1.987984678257273288e+02
1.990546103250000840e+02
2.017232712148185669e+02
1.984559656408849833e+02
1.999237691422046623e+02
1.998935175280295198e+02
2.019982072340069124e+02
1.957056966863374612e+02
2.019160817961908378e+02
2.024862250176919360e+02
1.991481844083403701e+02
2.003290991803614816e+02
2.013036322434080034e+02
2.016476610296324736e+02
1.993477243317270222e+02
1.990873311318922561e+02
2.037667367999423789e+02
1.990550162319983940e+02
2.041628927346108355e+02
1.999036545600971806e+02
2.005536323788858795e+02
2.006047431443142273e+02
2.030831862676884043e+02
2.007988285922682223e+02
1.993211350725020168e+02
1.991890102725639906e+02
2.014561014940999826e+02
2.047948967750163263e+02
2.002336335991463159e+02
2.006710203324646784e+02
1.988738767354691106e+02
2.030817748063181227e+02
2.001610360127889123e+02
2.016081183506942693e+02
2.031836849857878065e+02
2.040379795983031670e+02
2.029036506753415665e+02
1.968299182082674861e+02
2.056516811554924402e+02
2.028901281226063702e+02
2.009859862593285129e+02
1.967164874706839441e+02
2.009482124347431977e+02
1.991260294598145322e+02
2.023130402903476011e+02
2.029022130377735209e+02
1.992930504067018376e+02
2.010153285846255358e+02
2.018574494365720113e+02
1.994834203346431707e+02
2.034075443836204329e+02
1.998108201530936867e+02
2.035244768445126908e+02
2.022589603670699034e+02
2.002960146957951793e+02
1.986144073750428447e+02
2.020133957811647178e+02
2.003877427415420414e+02
2.012739399216781635e+02
1.995833561704004069e+02
2.003027256535919207e+02
2.027123617427904492e+02
1.987519120505777721e+02
2.050133222609286179e+02
2.004685865592335290e+02
2.001409020205698255e+02
2.042227307985745028e+02
2.006243318861582736e+02
2.000157754945302031e+02
1.973823813724364697e+02
2.012549051610075423e+02
2.006283339294133157e+02
2.013155026372687644e+02
1.980708999901210348e+02
2.029432416134414439e+02
2.037713119423024182e+02
2.051083533522145501e+02
2.032152847616520717e+02
1.973990265252479901e+02
2.016487740748511612e+02
1.990590002712057469e+02
2.016365082689493136e+02
2.008548348231907994e+02
2.011871752250601446e+02
2.013121446400667764e+02
2.021308095591294034e+02
2.004220984172564499e+02
1.974282862971848260e+02
2.024432422946214842e+02
2.009256948438524830e+02
2.041913128311695402e+02
1.997228049451746301e+02
2.015688356520882110e+02
1.988831022574346719e+02
1.981156327902396868e+02
2.041237036591105038e+02
2.024805470811627970e+02
2.030269141226754641e+02
1.999218718639941414e+02
2.002682139349417980e+02
2.001357583433521654e+02
2.026006549488088524e+02
2.041021411413122166e+02
2.019486061250050852e+02
1.998236306351492999e+02
1.945907891774134839e+02
2.025729403370859529e+02
1.994382901364492682e+02
2.010082719023202458e+02
2.032144466580770370e+02
1.994213729105409811e+02
2.018798081909708628e+02
1.995927592831298796e+02
2.008582368890961902e+02
2.002871363079269713e+02
2.036484590067425700e+02
2.006602879803441226e+02
2.006565087010763762e+02
2.017118277940118389e+02
1.988859607569409889e+02
2.015862452736415094e+02
1.999094693942631693e+02
1.995381847775983601e+02
2.001747848685043039e+02
2.008924616300087393e+02
2.002742076789277235e+02
2.007810356970427677e+02
2.032404360804295322e+02
1.996645846747877044e+02
1.991741820170940969e+02
2.032715182739466968e+02
2.002840288188299951e+02
1.983495422044034626e+02
1.984075247411900023e+02
2.001122402583689279e+02
2.042124237342488300e+02
1.999157294800014597e+02
1.993220496570109219e+02
1.971815771458723816e+02
2.027653902161931398e+02
1.996333683009324886e+02
1.957334681450460323e+02
2.021490291150012126e+02
2.002290243105699403e+02
2.017783097783027131e+02
2.004743679051057939e+02
2.034679778367144820e+02
2.035889966959398123e+02
2.018461818095240687e+02
1.995666025552241649e+02
1.993006936095438846e+02
2.007834464835403594e+02
2.017164642245155335e+02
2.034881554309123999e+02
2.002193133034216714e+02
2.014217874060097699e+02
1.957560935328321818e+02
1.978979454144587464e+02
2.018269410926226612e+02
2.032646813387686677e+02
1.989122759213514655e+02
2.009652211082986923e+02
2.023667224215675162e+02
2.006775019109166465e+02
2.022958395916342340e+02
2.016954180251098023e+02
2.001247934933066688e+02
2.012868240866509097e+02
1.998950839959863401e+02
1.989983232956981283e+02
1.981964330277305066e+02
1.996181530990120905e+02
2.022899806012875104e+02
2.017083296449409033e+02
1.989931653667467799e+02
2.027359547391466208e+02
1.971180853777737525e+02
2.003030506735219660e+02
1.978122044304542158e+02
2.019669959660061238e+02
2.011648536025894884e+02
2.023184769040046262e+02
1.962273943889460952e+02
2.037126543010074897e+02
1.983413449297390230e+02
2.023291112158797773e+02
2.007128971674881939e+02
2.001184177753250140e+02
2.025645330011527960e+02
2.014759963831299672e+02
1.997981170374476960e+02
2.035675935356277648e+02
2.043764926055692399e+02
2.000266341810855693e+02
1.999861014309917095e+02
1.970663075415770606e+02
2.027722343983316762e+02
1.999981295522719336e+02
2.027941121903563726e+02
2.036785094375418339e+02
1.988131126604375538e+02
1.976366535987707209e+02
2.020856758523582926e+02
2.031174011933632926e+02
1.982113585640799442e+02
2.006937578973801237e+02
2.021950344294769479e+02
2.015823291855716946e+02
2.017494448230856960e+02
1.979555457356011630e+02
1.998949347485965404e+02
2.017657711175063184e+02
1.979984046630351315e+02
1.995019071910179775e+02
2.009282125899255220e+02
2.009983109638175733e+02
1.991469795594498180e+02
2.041482700254691451e+02
2.023908466246871569e+02
2.029009805536357476e+02
1.993515320755369089e+02
1.996428381218877917e+02
2.010525640691580520e+02
2.010880268075669619e+02
2.034458663680761674e+02
2.012666240118373651e+02
2.012740188696326129e+02
1.991596150652128756e+02
2.004676057829341573e+02
1.989328831544755474e+02
2.009118830597660121e+02
2.015908631737192138e+02
2.009834628540457402e+02
1.996391997474121922e+02
2.001690253710499974e+02
2.006571758062413835e+02
1.987218408809641232e+02
2.032746770176679831e+02
2.031666052158700779e+02
2.008000904293108420e+02
2.000850069636464070e+02
2.023986990864115967e+02
2.015910310346910421e+02
1.999918921417495028e+02
2.017915410559961060e+02
1.991655939819531795e+02
1.984822375187083594e+02
1.994299185138354744e+02
2.033961691376182159e+02
2.009504814370784800e+02
1.997727515995105136e+02
1.984779823857401482e+02
2.000591847545087205e+02
2.025132752555883542e+02
2.013497591831629734e+02
1.976511075422809824e+02
1.971804523745705069e+02
1.990601751715159367e+02
1.996121297584548415e+02
2.024684196781212790e+02
2.033590630346754438e+02
2.010906230931388166e+02
2.024489536031272792e+02
2.028052100717751216e+02
2.021436497945598774e+02
2.011080975614086697e+02
2.004424307490957631e+02
2.014016937436051364e+02
1.979220259384352687e+02
1.998742162160085911e+02
2.014112785779328192e+02
1.983535641280838036e+02
2.030055288674977021e+02
1.991657022780707678e+02
2.016581318197054884e+02
2.057232505550097414e+02
2.017978177993392137e+02
2.006368216357906249e+02
2.014787248745904549e+02
2.026222435474570602e+02
2.036831286850702440e+02
2.029607175556975562e+02
2.026768551571621799e+02
1.994228836125623729e+02
1.978969047823399592e+02
1.992513808375259714e+02
2.033748847269551163e+02
2.014224201108334285e+02
1.997743556498803628e+02
2.017622887986910598e+02
2.016083775309619170e+02
2.001033587100709212e+02
2.001140932292015293e+02
2.001554317759061803e+02
2.005158044969009552e+02
2.006906917724174093e+02
2.014139708917755343e+02
2.004179717169352273e+02
2.021664059253089647e+02
2.033685931208152908e+02
2.011608302265525197e+02
1.995543049227102017e+02
1.991167572747199586e+02
2.015464627470357755e+02
2.046358782650806063e+02
1.979779884487379320e+02
2.009336195045966917e+02
1.984636862113450491e+02
2.043238332042752177e+02
1.977368613740351293e+02
2.012943913582429900e+02
2.022902240769788875e+02
1.998309158999547037e+02
2.008203015011386015e+02
1.971341720863261173e+02
1.999501507504748758e+02
2.012279622696171941e+02
2.013235734274852859e+02
2.050396935948392922e+02
1.972253283742721521e+02
1.957384075782540265e+02
2.039943659461413574e+02
2.009588800022231396e+02
2.023485648042234004e+02
1.979473712325840040e+02
1.991280336109672930e+02
1.989604482800463927e+02
1.997473329556418093e+02
2.023024409267645751e+02
2.022390704266129262e+02
2.004176816407333206e+02
1.997262050040248482e+02
1.975189869187967417e+02
2.005935262137073494e+02
1.980763286567692774e+02
2.005337380160765122e+02
2.050145227750147683e+02
2.039680703761310099e+02
2.010488610472380628e+02
1.990628050891406531e+02
2.003643968127625783e+02
1.983657707711700766e+02
2.046047236221067180e+02
2.011046895519868087e+02
2.021944303548220319e+02
2.008508448985312782e+02
2.006797923991866810e+02
2.003698468809905364e+02
2.009918513258279233e+02
2.006392298173170445e+02
2.008883922128580082e+02
2.011519535964476972e+02
1.956469969653709313e+02
1.962293968983530021e+02
2.006520608075109635e+02
2.025519784427361287e+02
1.999822411979853030e+02
1.978958399350801187e+02
2.032673736679368233e+02
2.017116819905239140e+02
2.031993844659041031e+02
2.016522795845635585e+02
2.024533402493315748e+02
2.045470926726878531e+02
2.010285593673507378e+02
1.989562364433873256e+02
1.995090210945521108e+02
1.975308689825978377e+02
1.998520787652001900e+02
2.005302898881870419e+02
1.982088724903475168e+02
1.990608895472817892e+02
2.009256623203216918e+02
2.028347627608933692e+02
1.988789386794644258e+02
1.978671471592735713e+02
2.031231415005365761e+02
2.055604850884037091e+02
2.011012697779259213e+02
1.981845100322504152e+02
1.995405681883648015e+02
2.002524839174677425e+02
2.038153979909877478e+02
2.030080321652482667e+02
2.000455602269276199e+02
2.060855995990346514e+02
1.985451855253797646e+02
2.022665622527225082e+02
1.998032507584242126e+02
1.998201205590721941e+02
2.002269319223388209e+02
1.989202369667686412e+02
2.013366046952987176e+02
2.019475870103790385e+02
2.013629876272113961e+02
2.008896070543002566e+02
1.983075958949282267e+02
1.999951575845090588e+02
2.002769817049201322e+02
2.020480411770658691e+02
2.033262866844348480e+02
2.025413663343961161e+02
2.042323112064028408e+02
2.028927726688744997e+02
2.010507019011050431e+02
1.998590458810102461e+02
2.004097994318995006e+02
1.974186358768272669e+02
2.008009220831410175e+02
1.980951735306190642e+02
1.980338712629092299e+02
1.982594883735027906e+02
2.005411105526262929e+02
2.057552779879152922e+02
1.966047956050589391e+02
1.984720833075419648e+02
1.993207048892231228e+02
2.012798086186342630e+02
2.012222349397151220e+02
2.045767323509537903e+02
2.020119767927554904e+02
1.994537045092295102e+02
2.001482355929394714e+02
2.030926026257025967e+02
2.007030530293048685e+02
2.013093960117223560e+02
2.025330239547497797e+02
2.033175404000327262e+02
1.980457225166379374e+02
2.015888985157381228e+02
2.009444821218301058e+02
1.995394679785492258e+02
1.992490659184642539e+02
1.987899934315369705e+02
2.023679735546565439e+02
1.991021497767706023e+02
2.002291129597470558e+02
2.019315072932615180e+02
1.999076779375479589e+02
2.018743861396416435e+02
1.990322454945417405e+02
1.986349477955391478e+02
2.006800164378638556e+02
1.989974702883160091e+02
1.988199598692781933e+02
2.024423009687593549e+02
2.006935072040756438e+02
2.002881693456197638e+02
1.982329089411955465e+02
2.025279304007594305e+02
2.008145858147582885e+02
2.008641926620283868e+02
1.993653476616896967e+02
1.990963150176911540e+02
2.033894532870984051e+02
2.004193535904861108e+02
2.003922247075866778e+02
2.007151330554798108e+02
1.990456798190742518e+02
2.003263775842609675e+02
2.005501055616500139e+02
2.009505551719597634e+02
1.951453483039096284e+02
2.023710952691197065e+02
2.011633835434673188e+02
1.986397158051198062e+02
2.010911281545937754e+02
1.992799401345803005e+02
2.043247666953562600e+02
2.027921221425663134e+02
2.001785476102271844e+02
1.999990369155010228e+02
1.984852609408494004e+02
1.996136901448115850e+02
1.994267818586765770e+02
1.994076264353379599e+02
1.996986681895364200e+02
2.008045531724512216e+02
2.023198262279251480e+02
1.979339056097291234e+02
1.989693495865204227e+02
1.985069094880263094e+02
2.007458437075380004e+02
2.012049107049901124e+02
1.993521572761663947e+02
2.013722761526604756e+02
2.042770534977242960e+02
2.025661363395308001e+02
2.018071219673472285e+02
2.004884235140937960e+02
2.005937821217248427e+02
2.034953878867844139e+02
2.020277918234729100e+02
2.053367381647798879e+02
2.003708663683937914e+02
2.010986755899332081e+02
2.002035736327534039e+02
2.009422904301252402e+02
1.988102489758360889e+02
2.010977312807805504e+02
2.010953687755173291e+02
2.013593889156707064e+02
2.007853592323105261e+02
2.001026643460258470e+02
1.998549941176983111e+02
2.009038250379202850e+02
1.986525578669975971e+02
2.024162188579773556e+02
2.018343904195747598e+02
2.034205555566787211e+02
2.011602147562348932e+02
1.982747124082945618e+02
1.973280031449486671e+02
1.998112953560546146e+02
2.005715696106678649e+02
1.997658044603756196e+02
2.006159154514252805e+02
1.957014514898309301e+02
1.961581987461217693e+02
1.977313262265098501e+02
2.008310873562155336e+02
2.026621388267900272e+02
2.024204534666393727e+02
2.029661402259363001e+02
2.023348668465589526e+02
1.980600050190131753e+02
2.024789465348467274e+02
2.013947961516350915e+02
2.026698774856300815e+02
2.000943834995989903e+02
1.989620049912375919e+02
2.024710614857705195e+02
2.009018283210901075e+02
1.993827948335985241e+02
2.002802202923573986e+02
2.046050819634114077e+02
1.950956098299590167e+02
2.001679829574441385e+02
1.988236404290829853e+02
1.991402634536244705e+02
1.993688303707332352e+02
2.021860736988794827e+02
1.995886345340178707e+02
2.009373242364922305e+02
2.022637958832530671e+02
1.990939756923825996e+02
1.996145148508452678e+02
1.992440072235341688e+02
2.005125223316225913e+02
1.990168286550538994e+02
2.033602491911171910e+02
2.035986197652652265e+02
1.994912064954932589e+02
2.004244289420992402e+02
2.004193385332996513e+02
2.029870864869231752e+02
2.002807067994409636e+02
2.024876811285329836e+02
2.012804977501921257e+02
2.030811187158805637e+02
2.040020785699364865e+02
2.022094763281949099e+02
1.998693773969714016e+02
1.979771127836405071e+02
2.011594184816719633e+02
2.026382226463535687e+02
2.011941410514886570e+02
2.023822365289418030e+02
2.018246555987176407e+02
1.993666470958614525e+02
1.988500956590163753e+02
2.009903568839529839e+02
2.007320411935724565e+02
1.977754640404890836e+02
2.001222836275102281e+02
2.014336090456302770e+02
2.011800778476700486e+02
1.979823756714753529e+02
1.990137578139454320e+02
1.988570846474362384e+02
1.975089975850358144e+02
2.012311678743524794e+02
1.978024980278821374e+02
2.001974027497200268e+02
2.031347517749837266e+02
2.021219710314059341e+02
1.964468946794474391e+02
2.020947448193565208e+02
2.020356596859889464e+02
2.024019319891514215e+02
2.009199720949468144e+02
1.969259476626681646e+02
1.994228289858735081e+02
2.016223059432771265e+02
2.036444192663803108e+02
1.983043532992839744e+02
2.005160870025068789e+02
1.971113232153992385e+02
2.037452160508729264e+02
1.999070439123517815e+02
1.984776275422391052e+02
1.988887515566213722e+02
2.008796169974781947e+02
1.993438980185121920e+02
2.024978880460795949e+02
2.004170953432283682e+02
2.003000555727135463e+02
2.040073539474645656e+02
2.012413175215859269e+02
2.024670470787934278e+02
2.010397702234598967e+02
2.025233500802531523e+02
2.068760675308608654e+02
1.984127442353995718e+02
2.014682281878147307e+02
1.994365488455102593e+02
2.023338894737021860e+02
2.015183740310852158e+02
2.019207797018531778e+02
2.012997456259712976e+02
2.040267610891494883e+02
1.994386758268003348e+02
2.021406048254117138e+02
1.998954720190406533e+02
1.996561144481097472e+02
1.995661051211019696e+02
1.976722252128533057e+02
2.023502962859720640e+02
2.045824552130775373e+02
2.038463133792558324e+02
1.994043220129738359e+02
2.015814350891885454e+02
2.024420653023635737e+02
1.992751917501835806e+02
2.006544268513058853e+02
2.020585292461512665e+02
2.025473639180465000e+02
2.022333840659452733e+02
2.026673786151448553e+02
1.996880787655506140e+02
1.990025415260689670e+02
1.991226981444150965e+02
2.000732254973812587e+02
2.011694189747412906e+02
1.998804602940667223e+02
2.002206366896062946e+02
2.046585134791587564e+02
2.021266628855843521e+02
2.039349023056950045e+02
2.019165648068261874e+02
1.989276372347497670e+02
1.992286578570890185e+02
2.011626368150796793e+02
1.995590904030370041e+02
2.025950743682330426e+02
2.018976915441835160e+02
2.027826914071368094e+02
2.028332574103110346e+02
1.981666748113279652e+02
2.000284256331052006e+02
1.987597618687029808e+02
2.032249723838372404e+02
2.025958686770727866e+02
2.000317609054488344e+02
1.986448100844579869e+02
1.987508452417855835e+02
2.026979660118412596e+02
1.942675810236199254e+02
2.018604904534339255e+02
1.987026674788923799e+02
1.991519577889004609e+02
1.991274626390109006e+02
1.982807656435873866e+02
1.972940264663794494e+02
2.013806768670798988e+02
1.990009113425486191e+02
2.000016241566802364e+02
1.999944171801478205e+02
1.996719823545983559e+02
1.997820134405322676e+02
1.998477860401522435e+02
2.014455111041179691e+02
2.016339055291843465e+02
2.054731258462016115e+02
2.032001753968046671e+02
1.997191377096678480e+02
2.007043172643784033e+02
2.006279878648062436e+02
1.971250378897692315e+02
1.986938359590909613e+02
2.003745445259889664e+02
1.995223739750040579e+02
2.018630577946668438e+02
1.998260801756429146e+02
1.991047862481730135e+02
2.004504623017048459e+02
2.004322710142543826e+02
1.995005819921026955e+02
2.029394839445227490e+02
1.981812260891059339e+02
2.029581572757062702e+02
1.996269062215985173e+02
2.002302231380714090e+02
2.009372927971084550e+02
2.050374848141255200e+02
1.999044248961682513e+02
2.012283571955289005e+02
2.005424198542269494e+02
1.988076043880991506e+02
1.997464654147158285e+02
1.989902928701446285e+02
2.001679983111103240e+02
2.022282062606570605e+02
1.976010713497990707e+02
2.006366199587084793e+02
2.008278889899083595e+02
2.001074562584623777e+02
2.023144826277695927e+02
1.979848408345857536e+02
2.001186611200646155e+02
2.012891975831451248e+02
2.002925606141888295e+02
2.009158302694374925e+02
2.016996758444652755e+02
1.994701730592092019e+02
2.007562279125799023e+02
2.012668100668968236e+02
2.034584142307270156e+02
1.991416567904480814e+02
2.013234023359549099e+02
2.014434926183930656e+02
2.050062498915365836e+02
1.959504755265496669e+02
1.988760157156547166e+02
2.002260759838146100e+02
2.009211466034734030e+02
2.035064102802096784e+02
2.012942735426421450e+02
1.979874365431076058e+02
2.004097672992442085e+02
2.002330365225423066e+02
1.990841681101638017e+02
1.998110951504250750e+02
2.026522444276929775e+02
2.005960167226519957e+02
2.049020787803601138e+02
2.000030250007169172e+02
2.026096861548398351e+02
1.952710412540686207e+02
2.016935861054382428e+02
2.017313588770896047e+02
2.020090495617320983e+02
1.992791485466118786e+02
2.032697225073662253e+02
2.009167103750257013e+02
2.010003766608308240e+02
2.035421395783491789e+02
2.027232153078776662e+02
2.020892094276396165e+02
2.040490921060596463e+02
2.001128374634645013e+02
2.018825914968396944e+02
2.009580024035873578e+02
2.041879243045377450e+02
1.997165828201943327e+02
1.984490265229036652e+02
2.005846796185943788e+02
2.033278789595038347e+02
2.003817227642272769e+02
2.011901204102580607e+02
2.026232039463368721e+02
2.028104446069994822e+02
1.997382786049588503e+02
1.978389314032424409e+02
2.013465305779888297e+02
2.022824776127770576e+02
1.977009686133613116e+02
2.017232233667480443e+02
2.016108573438882274e+02
2.048021982993444396e+02
2.019703287586009424e+02
1.976985623796282709e+02
1.983073453970322930e+02
1.977795364040032098e+02
2.012982472412361972e+02
2.020822189376774247e+02
2.019634719387830444e+02
2.002889099140780900e+02
1.997185406722422272e+02
1.996911177025522761e+02
2.013809376019635806e+02
2.026611458679847146e+02
2.036393136359421021e+02
1.968247258267727204e+02
2.007669230725057332e+02
2.009095405860121275e+02
2.014512632013549194e+02
2.022131784144038704e+02
1.980677639650371020e+02
2.038678469127983703e+02
2.019692637629364071e+02
1.978352776074304700e+02
2.006858067316883876e+02
2.026246960484787962e+02
1.985418927080204128e+02
2.082353410233512250e+02
2.014603895058437502e+02
1.978910850858370054e+02
2.014943458320188086e+02
2.037577179024635825e+02
2.019528525557369392e+02
1.993933092458644580e+02
2.033581303472675756e+02
1.966894880629166096e+02
1.986684686823844856e+02
2.041010265014300842e+02
2.002625443439797550e+02
2.022508409832388452e+02
1.978699249790102783e+02
2.008817612129262500e+02
2.009519386010900064e+02
1.987767727359371577e+02
1.989026800614128092e+02
2.004615813204153767e+02
1.993500869320477307e+02
2.003233978624724045e+02
1.966614560633355211e+02
1.993239172651029207e+02
1.997601453473114930e+02
1.992750432976764614e+02
2.018973462352924457e+02
2.038760927305402788e+02
2.023696223083072425e+02
1.983987645610242225e+02
2.017274888647499154e+02
1.980054518038352001e+02
2.061182813204474087e+02
2.043052031294988069e+02
1.992867741360212790e+02
1.999291699813889807e+02
2.008263044120191125e+02
1.996184388720852780e+02
2.014705180826034621e+02
1.979523786773335985e+02
1.991233528468599729e+02
2.027881644815283835e+02
2.005839306297558267e+02
1.986777721203440876e+02
2.006006044921724936e+02
2.004830709874157719e+02
1.993042711609001572e+02
2.015616464766782485e+02
1.987441665414102090e+02
2.009726965290042244e+02
1.989917322250408631e+02
2.053604655128082186e+02
1.988263491638001312e+02
2.001549612337158806e+02
1.999758649070477077e+02
1.993782593110163646e+02
2.004986439495730508e+02
2.011794023665086115e+02
2.002008519019753976e+02
2.022343620837759772e+02
2.052917881081033897e+02
2.026889241820612142e+02
1.990916067362700232e+02
2.016543540580456124e+02
2.022618092661687399e+02
1.994583029458432293e+02
2.007381154913315129e+02
2.030571301494049408e+02
2.006305086740796071e+02
1.997844167819364998e+02
1.970992417530629268e+02
2.000022696552728405e+02
2.002049122874113891e+02
2.028225831674950825e+02
1.990631481662126419e+02
2.005005804947302011e+02
1.997697946126999966e+02
1.995827599203266800e+02
2.022690749511199044e+02
2.003167384721708402e+02
1.992930868965704860e+02
2.001967172959308812e+02
1.994782343796026396e+02
1.999180309649201206e+02
1.990071054832694131e+02
2.002176246498795251e+02
1.961001116024110047e+02
2.033491081579609272e+02
2.000528058409749406e+02
2.023941284792102806e+02
2.002035489701929123e+02
1.998224868323277121e+02
2.034829811025118431e+02
2.011941273429740136e+02
1.995312721574705961e+02
2.040554184165088998e+02
2.027801699344901181e+02
2.000412829837481183e+02
1.972587660558589846e+02
2.005287585948273659e+02
1.981149909546120682e+02
1.997042210634984940e+02
1.995890406184817607e+02
2.018052965783649029e+02
2.025870082686888907e+02
2.021604949199012538e+02
2.037282399504370858e+02
1.998085427357949015e+02
1.992938315581866675e+02
2.035844400022867262e+02
2.023158678050272101e+02
2.000744849756938208e+02
1.986884681441599412e+02
2.000973394904156919e+02
2.019382523207645477e+02
2.023623310822602832e+02
1.989361761233603261e+02
2.007688562357414810e+02
2.037928056645339439e+02
2.018515843888582708e+02
1.985982221664039571e+02
1.995236077944232420e+02
2.033975369889292040e+02
2.017287354108152044e+02
1.976685091650884374e+02
2.044815860440851907e+02
2.030990056527338368e+02
2.011117229947069518e+02
2.015834703569930753e+02
2.014010371059350177e+02
2.017985969209394739e+02
1.979462470251786499e+02
1.993549126824254358e+02
2.067769213281333123e+02
1.986841432903947862e+02
2.005771310427411152e+02
2.009707160589625516e+02
1.999402728374726053e+02
2.024590201861180390e+02
2.002812496208146626e+02
1.970369173728098247e+02
2.019082953404478076e+02
2.013593027175045620e+02
2.014840660420235849e+02
2.010572080020224348e+02
2.003793705857925715e+02
2.002159793720101959e+02
2.015137774698490318e+02
1.983689169126188858e+02
2.049529231393179884e+02
2.004099152783014119e+02
1.999942331083535976e+02
1.981894000552673276e+02
2.007135892564752737e+02
2.007802571542438557e+02
1.968495544472251595e+02
2.011777928311297217e+02
2.027585745875059047e+02
1.964646134213905100e+02
2.006494179259601935e+02
2.023492405103308158e+02
1.963979123984539115e+02
2.014380132562447159e+02
1.995477138012392686e+02
2.009933267218326591e+02
2.009520002760349371e+02
2.055539910823472098e+02
2.023520368614353231e+02
2.020003901769074162e+02
2.014221940811973184e+02
1.998981605686374223e+02
2.019116072705139686e+02
1.991065266064080674e+02
2.011424557143210166e+02
2.031539368039818783e+02
2.029024618005573473e+02
1.984133513807155111e+02
2.007671482150263103e+02
1.965591403525872920e+02
1.998195545610667807e+02
1.983971555719752473e+02
1.998437807368524943e+02
2.042009421056710607e+02
