1.936941451542118955e+02
1.960625016847243955e+02
1.976970956504588344e+02
1.992693473267308661e+02
1.967650947047859518e+02
1.945660463131090978e+02
1.996452553538532300e+02
1.991243092556503029e+02
1.978759206237797343e+02
1.984484756454676244e+02
1.943563028498512892e+02
1.986072013717322591e+02
1.982844675617626535e+02
1.947371242990762710e+02
1.989882723082669713e+02
1.957320450745059759e+02
1.973681350449390948e+02
1.953561584009140404e+02
1.929433654757188776e+02
1.972226029167909473e+02
1.964964483845290886e+02
1.962820323828894402e+02
2.004576395744853130e+02
1.904090797716462760e+02
1.975487463430677906e+02
1.955036296889657876e+02
1.983542174067578969e+02
1.947915103194832795e+02
1.992306301943286257e+02
1.936664322361575614e+02
1.963743839179138604e+02
1.968339152075027414e+02
1.970978349098260196e+02
1.982549397080184406e+02
2.010850856397978816e+02
1.950097084520818953e+02
1.963391219049200629e+02
2.005808958648820806e+02
1.959964699673002144e+02
1.974033809115903750e+02
1.977727259897091585e+02
1.944766032797804485e+02
1.971539973603291571e+02
1.980482699875435344e+02
1.986178997930027492e+02
1.911800572913295753e+02
1.968137897578741331e+02
1.958183432627860157e+02
1.950893812381516454e+02
1.937083276267690053e+02
1.970721898462964248e+02
1.945039580649093125e+02
1.967575287593629980e+02
1.939304374858713231e+02
1.939562514953277912e+02
1.928098775760961416e+02
1.972637020527983225e+02
1.952518520189456979e+02
1.944631709993484208e+02
1.944893384500009574e+02
1.953823042335453977e+02
2.009017802051647834e+02
1.964927191774416713e+02
1.973188123844705046e+02
1.984505920573946867e+02
1.989203980133549692e+02
2.025204994762760577e+02
1.947493965041284696e+02
1.973370111052743709e+02
2.004706465832183540e+02
1.957231980803269380e+02
1.931930869474170436e+02
1.967010989761181747e+02
1.939167444892527215e+02
2.014701600730477935e+02
1.920274725690892126e+02
2.027899761366527684e+02
1.950569001193351539e+02
1.986994440716098893e+02
1.941176625012288071e+02
1.969428878783801906e+02
1.979061247208358623e+02
1.954331536940242700e+02
1.942799203159321166e+02
1.965831996244213826e+02
1.996035252557512649e+02
1.983543831313048713e+02
1.941376553773154967e+02
1.989638286090822135e+02
1.962886546647513910e+02
1.969498777314116182e+02
1.945903153079434276e+02
1.987297034611039521e+02
1.969145042448654976e+02
2.008378923523537480e+02
1.949723491559356603e+02
1.946807056975414980e+02
1.994442453899182794e+02
1.946698708697933284e+02
1.999480365508166813e+02
1.960436191431298880e+02
1.946420709355797385e+02
1.996602015260311020e+02
2.013678348922337591e+02
1.948922473802227273e+02
1.970903740956958643e+02
1.950503024006356725e+02
1.986170208563718802e+02
1.948336166486605237e+02
1.889734143102832036e+02
1.969046047887353552e+02
1.949859555435141090e+02
1.999886806414653222e+02
1.964176349924409521e+02
1.950197581246889627e+02
1.944869350424425818e+02
1.935276275746899728e+02
2.000280278196263737e+02
1.973808742596937975e+02
2.019979325595653563e+02
2.027104147345461911e+02
1.997016909749959268e+02
2.002011824195012650e+02
2.018711247634854828e+02
1.976558036663568032e+02
1.937011501733294097e+02
1.949669159394207725e+02
1.998926304402202732e+02
1.951494588160775834e+02
1.934393359548904527e+02
1.979346161683898799e+02
1.977351952704356108e+02
1.984421974337511188e+02
1.970468123268220779e+02
1.969858564073485354e+02
2.013188593922616292e+02
1.979369519071284458e+02
1.967245509730745425e+02
1.966386695962582110e+02
1.973129318122883262e+02
1.997797077988927299e+02
1.939620786310596543e+02
2.035562676872071108e+02
1.972477416398920980e+02
1.918442880882892609e+02
1.928184187539506240e+02
1.935546322773070358e+02
1.971404628443062563e+02
1.992568664026570957e+02
1.937985075809167768e+02
1.960117679330571718e+02
1.975686499255095896e+02
1.916567818158725913e+02
1.958151296228833758e+02
1.966484570841389541e+02
1.995044139058830979e+02
1.973180347548765781e+02
1.989242248084103721e+02
1.974589254506847738e+02
1.953100349662270219e+02
1.950369892384353818e+02
1.966341325828055631e+02
1.942044906342704564e+02
1.988487512218255233e+02
1.926535857046835076e+02
2.026268844265224800e+02
2.031144719541357802e+02
1.982561829917603973e+02
1.977312836867935744e+02
1.994691097680509415e+02
1.978102965117744816e+02
1.987485667584757039e+02
1.946663541601794236e+02
1.967411946882762663e+02
1.945749838670149359e+02
1.964472004792544624e+02
1.937463158171985071e+02
1.932129998500847137e+02
1.937113899979289044e+02
2.031641592076018696e+02
1.983646568496541818e+02
1.944859179070129755e+02
1.960628422775744752e+02
1.988177717205460908e+02
1.971109731763055777e+02
1.930612790487423069e+02
1.942055759020817618e+02
1.998607074222996687e+02
1.969864462678674215e+02
1.976372809256041876e+02
2.009784188971298136e+02
1.990734010403405136e+02
1.935506718304010292e+02
1.961230700114821559e+02
1.948230127172971606e+02
1.970857517594887724e+02
1.950296854142297036e+02
2.004506306083026743e+02
2.022190352187611211e+02
1.959139687791958409e+02
1.995315978355432947e+02
1.987991867463098856e+02
1.958960072834874779e+02
1.960895085656439676e+02
1.990270998672406790e+02
1.934964482895414903e+02
1.987301181820864144e+02
1.964863353216101700e+02
1.983444566469768802e+02
1.938990992442934669e+02
1.976438046409424203e+02
2.016452369279651009e+02
2.001415963653321626e+02
2.007991438245466327e+02
1.985681877511769073e+02
1.967594042876400522e+02
1.928120995893464737e+02
1.938912186344082897e+02
1.994914929453075558e+02
1.969730044845434236e+02
1.998107870414774538e+02
1.976806579795191112e+02
1.997152430926268210e+02
1.979490298650943885e+02
1.956634211484843604e+02
1.940618579471496616e+02
1.997867339997543752e+02
1.920436142668622495e+02
1.967429166282254016e+02
1.928325460534548483e+02
1.984688983562573981e+02
1.944817128980796781e+02
1.965465451431997792e+02
1.961974540767376709e+02
1.989071397282688167e+02
1.982603217802929123e+02
1.970733755182512255e+02
1.933379161997547726e+02
2.003576988787733910e+02
1.959511981803715628e+02
1.928351674193581573e+02
1.970613847711338167e+02
1.962650781249163572e+02
1.911600245909629336e+02
1.976414428450675587e+02
1.951364107617127104e+02
1.994531675867224578e+02
2.020902818340358635e+02
1.993203884676001394e+02
1.959496693711153057e+02
1.982037111585117941e+02
1.965593439709228107e+02
2.013883704491822755e+02
1.959052922438445137e+02
1.994028345554004602e+02
1.968482291041368626e+02
1.976737876880756346e+02
1.931405632677539757e+02
1.985724361198693089e+02
1.991209206947006578e+02
1.999594119084714237e+02
1.905645957898147458e+02
1.977671262559367449e+02
1.931464052294737428e+02
2.013048546645588033e+02
1.957647933016643833e+02
1.944585242905429254e+02
1.943837374303971615e+02
1.959232284262010921e+02
1.978657005245481173e+02
1.953467265028704105e+02
1.970887667368859582e+02
1.947293289754362036e+02
1.931696418912570437e+02
1.973890611242019020e+02
1.934628181371967912e+02
2.008071777928225572e+02
1.955034227171347538e+02
1.953553318084508703e+02
1.994348457963537555e+02
2.004814018875715931e+02
1.909644461656879173e+02
1.994180146531055868e+02
1.973078840949825974e+02
1.937768664503974492e+02
1.971990396489469504e+02
1.942442244213639810e+02
2.001435025285591109e+02
1.960056903906531147e+02
1.943385618257923397e+02
1.977861160495142485e+02
2.011141233982476422e+02
1.980117433060924554e+02
1.982212215049017061e+02
1.958091743474356861e+02
1.976807485136097000e+02
1.967993073787625349e+02
1.963055704430618675e+02
1.981676584724608858e+02
1.959814918209716268e+02
1.933313219964666985e+02
1.939564565653149373e+02
1.949780301460485248e+02
1.983919823565842080e+02
1.957648157434167899e+02
1.951773352614953012e+02
1.990935154699067482e+02
1.945715056571336845e+02
1.984718563293071156e+02
1.949483059641793830e+02
1.954688789847908481e+02
1.979472984873984842e+02
1.981195467947247835e+02
1.945805331449421089e+02
1.955269110708152027e+02
1.949703917495295968e+02
1.953726370131493866e+02
1.960250419943635336e+02
1.993210380370977362e+02
1.994003524295566194e+02
1.948589444835013467e+02
1.962556647064334072e+02
1.913848921742662981e+02
1.934571146059974751e+02
1.961479546753961074e+02
1.969800105346039913e+02
1.988446268882075572e+02
2.044500523727840005e+02
1.945202962004693461e+02
1.954890866697945739e+02
1.951679834982660964e+02
1.985860363217412043e+02
1.962994620464420450e+02
1.965478808203689880e+02
1.985590966752492363e+02
1.939234303365976189e+02
1.944391247051086111e+02
1.999214138888863488e+02
1.977240485898609847e+02
1.938048234324638486e+02
1.979649003060158066e+02
1.978003974584861169e+02
1.966694942476508743e+02
1.968567926854828443e+02
1.994364955957294399e+02
1.991334702795280407e+02
2.014164244028818871e+02
1.955847048008359366e+02
1.992989334616022745e+02
1.980117873702212421e+02
1.962974912706360158e+02
1.980595265047105897e+02
2.010747152286405708e+02
1.967374221234910863e+02
1.963270412744401767e+02
1.972387212385062014e+02
1.967285828821846110e+02
1.989432140192963345e+02
1.976939672220152602e+02
1.931032713535185223e+02
1.959562085465463497e+02
2.030774202481260886e+02
1.968272225845970524e+02
1.977549417501924154e+02
1.945776573252365722e+02
1.988567394232752576e+02
1.948485401644372530e+02
2.021557735006969381e+02
1.995108125271413826e+02
1.980791477931623490e+02
1.979707180807486679e+02
2.013766029447315589e+02
1.982408073737543646e+02
1.965781603438469176e+02
1.952076104463371280e+02
1.994182169597787890e+02
1.996219281198135604e+02
1.919691876283412739e+02
1.962886436082932278e+02
1.922401759988380832e+02
1.983169849417070623e+02
1.977672366310798679e+02
1.980263059148394404e+02
1.964680643165995662e+02
1.930523194811861174e+02
1.996227296131282571e+02
1.949354741420040966e+02
1.994726743965227342e+02
1.975705883287091353e+02
1.932001772639504225e+02
1.948311208417672162e+02
1.910014690460082818e+02
2.000395373041074834e+02
1.948021188660258645e+02
1.960213742468618818e+02
1.984842304693914343e+02
1.980163528936416526e+02
1.976131306071372933e+02
1.917408047601237229e+02
1.947413792828212138e+02
1.990258059847244283e+02
1.960469068275932614e+02
1.956783329518621599e+02
1.924326582503836107e+02
1.966160984015971280e+02
1.985366996620526834e+02
1.962441202938809681e+02
1.972657471783779499e+02
1.973891063841833216e+02
1.930114167542629957e+02
2.011602358065581200e+02
1.992177142362487245e+02
1.977010378569922864e+02
1.951670847950890675e+02
1.985132982156190451e+02
1.998717753754300759e+02
2.003061052600430685e+02
1.915728962650321705e+02
1.999715564666780097e+02
1.982747840024397874e+02
1.979367148735906881e+02
1.959695506795780204e+02
1.985163770815773603e+02
1.960928690147380564e+02
2.002606138304934120e+02
1.942905732828154726e+02
1.954345838361853964e+02
1.939179540666448531e+02
1.949736652673833248e+02
1.941210095204257868e+02
1.973157308096799056e+02
1.963325364687924548e+02
1.950999937618698539e+02
1.932411657598200350e+02
1.974707055344647415e+02
1.925345666243187566e+02
1.968710214911974390e+02
2.008233851754992827e+02
1.919979504602194140e+02
1.987035064562141997e+02
1.981523751755036926e+02
1.946422348109449558e+02
1.990546111614992810e+02
1.986318562546691169e+02
1.998833654411684790e+02
1.947628181869329467e+02
1.971811954899908415e+02
1.976819718656072098e+02
1.937599324301960735e+02
1.941834058467033515e+02
1.930885814326417460e+02
1.943369010536304131e+02
2.023738952385031666e+02
1.960906823381938864e+02
1.951438235856653591e+02
1.981245746830449264e+02
1.955159010914767919e+02
1.988330836849199841e+02
1.942602406667969888e+02
1.940431369360979659e+02
1.938977084647699201e+02
1.988514864034252980e+02
1.963141897535666374e+02
1.962557070506965431e+02
2.001053792834169371e+02
1.941178391129260206e+02
1.995494185670819718e+02
1.944773716764036919e+02
1.911809074652190645e+02
1.932528735341899448e+02
1.953475697141574017e+02
1.983631962278523133e+02
1.953218314606947956e+02
1.980602151012618322e+02
1.961958380086412035e+02
1.957459270801436730e+02
1.993462160806921588e+02
1.960275690084611142e+02
2.019464400994585276e+02
1.977693743859076108e+02
1.981488767676368639e+02
1.964159668206222875e+02
1.953155020911488862e+02
2.021485492782069286e+02
1.954975640402388990e+02
2.004061809579673366e+02
1.955579045362094632e+02
1.955075215463068332e+02
1.947623347047310176e+02
1.965080514500238564e+02
1.938436746928303762e+02
1.910286790360602538e+02
1.957601244388683313e+02
1.997626097100085474e+02
1.954232782834928912e+02
1.946495960976719743e+02
1.981929032927403398e+02
1.994651893679977377e+02
1.981342740778698612e+02
1.964571836249826049e+02
1.966148056744694657e+02
1.965306932764546559e+02
1.960266594711293635e+02
1.935572666788915228e+02
1.970462150781592072e+02
1.953231507822066817e+02
1.950008521312196024e+02
1.913937525737404997e+02
1.931839288340786425e+02
1.926614521904357105e+02
2.000465853530637901e+02
1.915560040362751124e+02
1.975572119987909048e+02
1.966277618524442516e+02
1.961578165917124750e+02
1.962965476572794330e+02
1.962223015723790240e+02
1.988759926778312206e+02
1.938684698291819188e+02
1.948984450248510143e+02
1.952761849613148399e+02
1.942501037478117212e+02
2.031809648023186128e+02
1.972158453785349366e+02
1.897415260523834775e+02
1.967265859562803314e+02
1.963385819381630881e+02
1.961703084616662807e+02
1.949598259218279281e+02
1.960052308441789251e+02
2.007878672594023044e+02
1.952245539575915529e+02
1.973703183240698138e+02
1.945623440576711971e+02
1.970381000200588062e+02
1.982675690536196669e+02
1.969285107285115544e+02
1.961880198506745501e+02
1.974187661728199146e+02
1.977443374691905262e+02
1.968300067481885662e+02
1.950914199047064415e+02
1.942166806817455154e+02
2.005155586725574892e+02
1.979576263948849260e+02
1.978782240093913458e+02
1.978730821641435966e+02
1.965696510616824355e+02
2.063611454121872555e+02
1.955189459794095796e+02
1.944879895507904166e+02
1.990106950598506614e+02
1.970129619217316019e+02
1.972360489953441629e+02
1.914281799255416843e+02
1.991211421096190861e+02
1.980266603098380642e+02
1.937833912763168769e+02
1.931852534627919056e+02
1.969799227598458629e+02
1.955662671816140232e+02
1.979141431770530630e+02
1.964773185920780065e+02
1.995065116790750892e+02
1.941573154640580583e+02
2.003019834382839974e+02
1.962495634556657365e+02
1.976356474772584590e+02
2.004787252151236316e+02
1.956388045001102682e+02
1.954436391519188305e+02
1.984174146950873023e+02
1.944768755167871177e+02
1.962986195131664147e+02
2.015046835229403257e+02
1.962757240252964550e+02
1.926970661350576677e+02
1.994656510696926546e+02
1.990565428704926205e+02
1.954473258446684838e+02
1.988227854772635510e+02
1.997061216170397415e+02
2.000248749960251473e+02
1.934293397167067781e+02
1.992700545742122245e+02
1.929719985840164611e+02
1.937568401164686236e+02
1.980503874230689121e+02
1.977998710394202533e+02
1.952064219282862325e+02
1.977136226231138778e+02
1.990788985668265809e+02
2.016740499553186794e+02
1.961911087200562065e+02
2.004502618897329285e+02
1.930615687233636777e+02
1.929858879684760780e+02
1.949010391794214172e+02
1.991588214310369551e+02
1.958444075079216020e+02
1.923072181157860427e+02
1.998654646263502173e+02
1.951760235539433666e+02
1.960856876203683896e+02
1.936921105034752202e+02
1.918022900876217420e+02
1.979058647244543465e+02
1.947412379718329021e+02
1.969065538770960586e+02
1.971049761277709536e+02
1.997559720761325650e+02
1.977258838750937571e+02
1.968805734264732621e+02
2.004980402041143464e+02
1.961690607724023891e+02
1.982700458319996244e+02
1.933408892187418644e+02
1.966964867346995050e+02
1.995062742165856662e+02
1.935821400726424883e+02
1.957934607493131693e+02
1.978756300805331136e+02
1.958662115535132102e+02
1.987306887794563295e+02
1.988512873908093184e+02
2.007560878932557671e+02
1.941877542964415682e+02
1.947736180819977392e+02
1.997058518835271457e+02
1.947706232739387815e+02
2.007655150767086809e+02
1.963523879737338689e+02
1.955619428546545180e+02
1.997159784962701679e+02
1.964368870632926303e+02
2.011828112367033441e+02
1.977824090786912166e+02
1.977312390929436106e+02
2.009810910973273224e+02
1.999951484581464740e+02
2.003589412430559662e+02
1.962661699017199908e+02
1.966939366847375652e+02
2.006085355773477090e+02
1.951126703080646223e+02
1.934429723034766937e+02
1.952049998101804533e+02
1.974467300340078282e+02
2.019829067240717393e+02
1.965126540824876145e+02
1.966610750108412162e+02
1.969955981140672918e+02
2.008275288815480053e+02
1.957435146817337568e+02
2.005505503693900380e+02
1.917940326119206418e+02
1.993978102771992837e+02
1.962802969342252482e+02
1.977183536845692231e+02
1.935591813496058649e+02
1.981857042356877798e+02
1.982138342226430154e+02
1.926534244991722744e+02
1.983083876421737557e+02
1.945249073645656210e+02
2.016302522446986245e+02
2.025792771853398619e+02
1.977483443762813806e+02
2.009087600645713110e+02
1.966287421294557589e+02
1.950611686934788054e+02
1.974268670868914626e+02
1.918316793956991262e+02
1.916358349807119055e+02
1.950190525529000638e+02
1.974829950525465847e+02
1.921440976345102456e+02
1.994659396653131012e+02
1.983936838556774660e+02
1.915539691232593213e+02
1.900331331835614890e+02
1.991153570917924753e+02
1.976498731340844301e+02
1.943849006810052344e+02
1.975407463425484309e+02
1.954677928252587833e+02
1.960332558616844381e+02
1.970591947920857478e+02
1.992532110948305899e+02
1.974351618930162999e+02
1.961132945325748835e+02
1.941810078175866181e+02
1.922279946198309517e+02
1.958902484898852663e+02
1.951691094090780894e+02
1.951549963849661253e+02
1.995001430458481479e+02
2.001331270382850676e+02
2.003911031342059630e+02
1.946147698100791104e+02
1.945896906803831996e+02
1.960303481381079962e+02
1.941065187025296837e+02
2.005231372561447074e+02
1.951813255609750115e+02
1.991273239946050921e+02
1.972579811017424163e+02
1.976936026279687724e+02
1.955526691556711967e+02
1.949029761610336493e+02
2.037444949605888951e+02
1.937323479436097671e+02
1.956680946619605947e+02
1.980783478546153731e+02
1.982994856658770004e+02
1.954132095082341323e+02
1.968087957691612360e+02
1.954769240206577763e+02
1.980454237741248562e+02
2.006172719491358691e+02
1.941945673671631880e+02
2.011190136341245989e+02
2.007086336871696801e+02
1.949442511393482960e+02
1.957804890877445132e+02
1.966851167985675772e+02
1.968910323918795200e+02
1.949448640116014815e+02
1.982448906564737285e+02
1.994445372467352797e+02
2.006521888904996445e+02
1.970515376306279336e+02
1.947969842235717977e+02
1.978839613117889087e+02
1.944270254505529465e+02
1.980900216823145001e+02
1.987261155146107399e+02
1.942052929661918199e+02
1.970020404633614817e+02
1.945604600605813062e+02
1.981548057162803786e+02
1.968678804563071765e+02
1.927511120181090689e+02
1.969262242398421563e+02
1.966238538188783878e+02
1.940122400434476049e+02
1.945756197851931972e+02
1.968459121310872035e+02
1.946910791885269703e+02
1.985507049024269008e+02
1.950287235026703740e+02
2.013883186782279324e+02
1.920238817292223530e+02
1.941287704660625764e+02
1.974353880128094261e+02
1.953815859247710591e+02
1.974173913716129221e+02
1.967181652906743636e+02
1.951299530468220951e+02
2.019164520296199896e+02
1.957299708751781679e+02
1.954517679558415750e+02
1.935589522160335889e+02
1.940221256794277735e+02
1.977403639881074184e+02
1.940476440944507885e+02
1.981165116311211420e+02
1.990435045676446748e+02
1.987057652836845136e+02
1.965339059613663437e+02
1.966953781519543440e+02
1.944719888960462129e+02
1.952717982611155776e+02
1.999417034643239504e+02
1.944518515581652309e+02
1.954951840155509046e+02
1.973694866019522181e+02
1.982791929568800811e+02
2.014936517186302183e+02
1.969752002881318447e+02
1.956395842643337346e+02
1.942808773254874382e+02
1.968564603609805204e+02
1.952249148745539742e+02
1.959279646619085327e+02
1.907720763201535590e+02
2.011872216804434572e+02
1.958524112048363008e+02
1.999922868096538764e+02
1.955069739364443535e+02
1.996170002329571389e+02
1.985673867787521658e+02
1.991204141465816235e+02
1.953728603376850970e+02
2.000923250900673622e+02
1.966566048659391299e+02
2.003456451535747931e+02
1.973131641430403818e+02
1.950118012476365266e+02
1.930724778504746268e+02
1.968712024923592878e+02
1.980640479245383858e+02
1.945939444807828806e+02
1.978481674407188393e+02
1.945819840332468402e+02
1.928616160815425360e+02
1.935239798215785640e+02
1.966557091387560092e+02
1.957002615797545104e+02
1.962424651915442269e+02
1.992141986707900685e+02
1.975960017377606732e+02
2.008559067281310035e+02
1.945638112095152792e+02
1.990001252528879832e+02
1.933763864766057168e+02
2.008568889617264972e+02
1.994486443486569556e+02
1.998649517723628719e+02
2.015735431248026828e+02
2.000263731095195681e+02
1.944887283098459250e+02
1.999291082066249601e+02
2.005092411252283284e+02
1.948636633927058881e+02
1.954883923615637400e+02
1.975815196446467041e+02
1.979114846192539119e+02
1.955262838568146435e+02
1.922740012308388486e+02
2.011788047138488196e+02
1.960280788975656776e+02
2.016795930952562514e+02
1.961456968682732906e+02
1.977917908829709006e+02
2.020516100728317781e+02
2.008102960093147829e+02
2.026941328512951372e+02
2.001446503477984038e+02
1.960084452274685702e+02
1.978270771758140540e+02
2.001245735563605308e+02
1.969128185530081794e+02
1.983761158564659013e+02
1.927488136177242382e+02
1.928338998709209307e+02
1.983886132612747417e+02
1.983475002779186696e+02
1.975661015956942492e+02
1.988343100199373623e+02
1.926213671107167329e+02
1.975422890225844412e+02
1.987867497118062659e+02
1.957256505378008455e+02
2.002932659295879319e+02
1.958351764308357303e+02
1.949927379947966983e+02
1.963059258564852030e+02
1.951249109291810555e+02
2.018180958644665566e+02
1.956658452045110721e+02
1.921310888793280753e+02
1.956954368872821135e+02
1.929230215098272083e+02
1.951934195252940185e+02
1.942171878327523586e+02
1.937612387552792086e+02
1.934776592579167414e+02
1.972072352603243530e+02
1.999860546569514952e+02
1.941706581678940040e+02
1.968648592510499782e+02
1.954557030510890172e+02
1.987827493873989795e+02
1.942211857465605647e+02
1.982934174252809783e+02
1.974216635788266672e+02
1.949422716734979701e+02
2.004246051707915228e+02
1.974414655068145237e+02
2.001486952381526976e+02
1.925557679731873577e+02
2.008127198473174815e+02
1.937565920358377980e+02
1.994372781150043750e+02
1.966641945589812224e+02
1.923197098975081474e+02
1.970056085731285123e+02
1.953470174748654813e+02
1.943290613722355147e+02
1.947247004110068360e+02
1.981652377442826491e+02
2.006175356810256574e+02
2.016711606021553393e+02
1.959354745869655403e+02
1.954194353895174743e+02
1.980439413168083433e+02
1.945269980542883275e+02
1.998839974671924438e+02
1.985562524169573351e+02
2.013575437832031980e+02
1.926523372322792227e+02
2.026825709754644436e+02
1.992600737924653629e+02
1.954960786531916597e+02
1.952377403771238278e+02
1.933078948964943891e+02
1.951095536783195143e+02
1.969584334783769748e+02
1.987719712108908823e+02
1.980929615071229364e+02
1.960481813770502129e+02
1.940220460731819117e+02
1.954710483316090119e+02
1.982059945085531467e+02
1.967502087819347594e+02
1.979101385157489972e+02
2.037183512843983806e+02
2.025362424787167868e+02
1.993110965379983668e+02
1.982103293711276706e+02
2.001334468282624357e+02
1.961783712854336841e+02
1.989315789496006914e+02
1.952333670447123097e+02
1.940175560971091784e+02
1.973833156889949407e+02
1.934638695058341966e+02
1.966219653222493378e+02
1.941981906701543892e+02
1.965606131356194908e+02
1.952991658658187930e+02
2.037071546175986896e+02
1.979998075708391241e+02
1.953206614713054421e+02
1.996421845158598671e+02
1.969480186964253505e+02
1.962508430627567293e+02
1.954711070634856185e+02
1.959825092059043641e+02
1.937086234685665431e+02
1.990732494338523679e+02
1.950346478914265163e+02
1.997852744483802780e+02
1.932240275045611781e+02
1.946502572228631607e+02
1.975739747439527321e+02
1.998946122840252428e+02
1.972501415287510724e+02
1.922788946308348841e+02
2.013915932331046861e+02
1.982864225718311673e+02
1.976733517893209182e+02
1.928652373340143811e+02
1.973737224888057256e+02
1.961932584041244354e+02
1.964797485115966822e+02
1.944476080192649476e+02
1.993382961229305010e+02
1.947809769052808804e+02
1.938571954442363676e+02
1.929154901984327068e+02
1.996840621135592073e+02
1.983249996467038159e+02
1.917459985779027818e+02
1.964792458944727400e+02
1.974680378934342855e+02
1.965454353096255602e+02
1.938758453373280020e+02
1.985819438712545377e+02
1.982381774655503932e+02
1.958413155995588397e+02
1.963037921518827886e+02
1.987133222207327776e+02
1.984453877104440096e+02
1.965507760102531734e+02
1.951930198426764491e+02
1.969092474114223137e+02
1.967930411396667409e+02
1.969090800440754663e+02
1.980904724232746617e+02
1.984975112130394734e+02
1.963308786585270980e+02
1.987238196979176621e+02
1.974015213286796779e+02
1.963240746992513266e+02
1.948249505774344925e+02
1.977029259051389545e+02
1.978487128197490961e+02
1.968992272140173156e+02
1.975601620748913945e+02
1.975969270185913160e+02
1.914900932131886293e+02
2.007802561862093285e+02
1.990670755812001858e+02
1.986615931320873187e+02
1.932210298730381908e+02
1.943516232947102935e+02
1.972685514960206774e+02
1.946408894814344137e+02
