2.513230684155397512e+02
2.449537820170649525e+02
2.514088111799762260e+02
2.428754677561891810e+02
2.513379428750148179e+02
2.503776345653583917e+02
2.482200216939501161e+02
2.499254742353707854e+02
2.454477818402000082e+02
2.517531168405449193e+02
2.529686307505294280e+02
2.459009370259329330e+02
2.473461369816325544e+02
2.547369233663014825e+02
2.433615920096621608e+02
2.473980632630479022e+02
2.533928271475764120e+02
2.413897067552613009e+02
2.478217064547232553e+02
2.513644804835282400e+02
2.447003752439900381e+02
2.571403343023982302e+02
2.542773961611498521e+02
2.440527004683558800e+02
2.492426472448225070e+02
2.519392493868014640e+02
2.457780974134946632e+02
2.473522056995183505e+02
2.503385661506837323e+02
2.448530985785859286e+02
2.466051375794147589e+02
2.564225422059725474e+02
2.456164296100839692e+02
2.536079931465220341e+02
2.452980321285763523e+02
2.494800786041077458e+02
2.520248216591387234e+02
2.526323524823338573e+02
2.540606125078134880e+02
2.432283732457043470e+02
2.591744675456666300e+02
2.441684135420753705e+02
2.408967128936804727e+02
2.556224842284799763e+02
2.470465979731619655e+02
2.426040911435978273e+02
2.558793525212549014e+02
2.535853641015378059e+02
2.468692293190973430e+02
2.543607238333279952e+02
2.491147936511402179e+02
2.445145183758635028e+02
2.429335720898318414e+02
2.506628815871968925e+02
2.514206627974953676e+02
2.446386463380532348e+02
2.523264819262001595e+02
2.533962036136152278e+02
2.501059437389290565e+02
2.463082524190842264e+02
2.529860709465952482e+02
2.504338003253410534e+02
2.506247769301411097e+02
2.564676211990303614e+02
2.540466579458315550e+02
2.475336824268586042e+02
2.491425249833536668e+02
2.507279294154715785e+02
2.518234676349891288e+02
2.510577263015904066e+02
2.422065252280251286e+02
2.518199751517177276e+02
2.592070229903541758e+02
2.525268526774829354e+02
2.462110901741424698e+02
2.411430958070500594e+02
2.485499285541350787e+02
2.557624738281560894e+02
2.565912967834165102e+02
2.502271296897188222e+02
2.524675754727914807e+02
2.578082882573440315e+02
2.580051364716553621e+02
2.501018411778051416e+02
2.458155305320372577e+02
2.479698342427545583e+02
2.484367625355423854e+02
2.517376990514488000e+02
2.491257971907037074e+02
2.482020737966200841e+02
2.443120998534309649e+02
2.457027345152742157e+02
2.539012393539459822e+02
2.489463622897511073e+02
2.505219997111523469e+02
2.523965173580443491e+02
2.510218981918557972e+02
2.419849311414332931e+02
2.521485670136443673e+02
2.500216248784302024e+02
2.371041543557399791e+02
2.405079050627452091e+02
2.502353510273251516e+02
2.463889358232881648e+02
2.485913958588178900e+02
2.551709564268891768e+02
2.440849467074908432e+02
2.424233196887884105e+02
2.553783962421508136e+02
2.486294932538906437e+02
2.543689911067653497e+02
2.423907728340836911e+02
2.496098822932918040e+02
2.484667539813539747e+02
2.508796124023599248e+02
2.488458443114010663e+02
2.441183899009594995e+02
2.511739652758858767e+02
2.449205009809565752e+02
2.469440207829028964e+02
2.513598800414155789e+02
2.494634860656142905e+02
2.514548819996911107e+02
2.518137249770719848e+02
2.542469710710650475e+02
2.560787274614551734e+02
2.472412758978707643e+02
2.509430745667625899e+02
2.561409986684957971e+02
2.487042615834192247e+02
2.494225804977758685e+02
2.578162806904334161e+02
2.481432026112313451e+02
2.452034710641139839e+02
2.542125540962051957e+02
2.467636852046404385e+02
2.498943810337677007e+02
2.478777524170164668e+02
2.543338607894902168e+02
2.527835471185390759e+02
2.529854006027944138e+02
2.449408938865307448e+02
2.561870747024086654e+02
2.442249224926226816e+02
2.474612873722137749e+02
2.529306501289977973e+02
2.432746982161493463e+02
2.525114939237247427e+02
2.440241903475443621e+02
2.457708332449487045e+02
2.481468963142690711e+02
2.497225302978909838e+02
2.489180357907230814e+02
2.462864887294527705e+02
2.481481624309582514e+02
2.499833670392915508e+02
2.471089125592746996e+02
2.535587479235596220e+02
2.389337395301477329e+02
2.466339705659127333e+02
2.454437553202787399e+02
2.419747232967166042e+02
2.454862353289599923e+02
2.489156447890765946e+02
2.549178812000031655e+02
2.520232584290102409e+02
2.506691701258661737e+02
2.498232707600208187e+02
2.499242219366170161e+02
2.466036261952022244e+02
2.537762556631078326e+02
2.485685808664581486e+02
2.487328934563546738e+02
2.523479846258998691e+02
2.540953022427500514e+02
2.502378649037861749e+02
2.559240229207788104e+02
2.424528065922879421e+02
2.482372538665574098e+02
2.465601037626699963e+02
2.439508987312016188e+02
2.459381310410071535e+02
2.453972251553100534e+02
2.576292395989719921e+02
2.432801979361781548e+02
2.552087563623554729e+02
2.544802845602528691e+02
2.461206714411007681e+02
2.494223603438945247e+02
2.564828121366377331e+02
2.517369132519239372e+02
2.529836191423376590e+02
2.502848330298287465e+02
2.485805653270938933e+02
2.437870234007843351e+02
2.562257050336138491e+02
2.522852218070224239e+02
2.564862558181771988e+02
2.541418483817472236e+02
2.491351800229076332e+02
2.443266746374660556e+02
2.513320943641425629e+02
2.538463324128957765e+02
2.477554671218921101e+02
2.556119797492038686e+02
2.522114536940643461e+02
2.491929651319902064e+02
2.412054028962759844e+02
2.483132405015878703e+02
2.484969667342324726e+02
2.500275949897290673e+02
2.502173868855547596e+02
2.507534019781863890e+02
2.499007833682315152e+02
2.513062050679762649e+02
2.527230429571930301e+02
2.579869098065294111e+02
2.467048459032707797e+02
2.502361027128471846e+02
2.518822353605717410e+02
2.510806548009099686e+02
2.429014031846798503e+02
2.547710475064271236e+02
2.418675185561231729e+02
2.479016327289577930e+02
2.469423410740118641e+02
2.486717672759869515e+02
2.537008235718618891e+02
2.521560653382537112e+02
2.488573156540973628e+02
2.491818599415761639e+02
2.421820870397635304e+02
2.449594511997979112e+02
2.466164733142931880e+02
2.487305605226612784e+02
2.484283345344185818e+02
2.495823234111384465e+02
2.500194074002563411e+02
2.479265676349943135e+02
2.437742164609545625e+02
2.516662113915546684e+02
2.551047612097763704e+02
2.441821774930488971e+02
2.495294903039698227e+02
2.463049098060907625e+02
2.507008658299492367e+02
2.485797905613513876e+02
2.423825127684499137e+02
2.541250998207166560e+02
2.436718936487100962e+02
2.502582270465963461e+02
2.465774748476368927e+02
2.410344797205027874e+02
2.526442107891000433e+02
2.476924095671835175e+02
2.442706856116780898e+02
2.604255305848726607e+02
2.457479139246840703e+02
2.554379652677978640e+02
2.485592624336459266e+02
2.524086726739369624e+02
2.417863978663746991e+02
2.507526381730240530e+02
2.539750187485014123e+02
2.501626491171436442e+02
2.486405897130858591e+02
2.443650824504557590e+02
2.509072907072509224e+02
2.478310511502152451e+02
2.533999155583269669e+02
2.440474517639152054e+02
2.474087518343229704e+02
2.414986653422748191e+02
2.561870891314555365e+02
2.496091458803421688e+02
2.415840601788848119e+02
2.537685967722897828e+02
2.525126685843285372e+02
2.528632365434707197e+02
2.483443520473276749e+02
2.492669229884090782e+02
2.404172238162444728e+02
2.408721664712387280e+02
2.451723189416759112e+02
2.492052407701553989e+02
2.528254989237643429e+02
2.493007208617245283e+02
2.520738856106772232e+02
2.484324479560537213e+02
2.492071819348570614e+02
2.457877245260781933e+02
2.537782805394410843e+02
2.507765525941890132e+02
2.476257344909280675e+02
2.489293337575647911e+02
2.478390303060845952e+02
2.518488092509230682e+02
2.532904503619196248e+02
2.484979294637495570e+02
2.393319223156533440e+02
2.528054918620990463e+02
2.526357633888381997e+02
2.456975786424695229e+02
2.464316713330645143e+02
2.439985275802829960e+02
2.460966321448489680e+02
2.540168550344135951e+02
2.496957020108650909e+02
2.445207558150853231e+02
2.458309739914586203e+02
2.552459091345780280e+02
2.437460235573140324e+02
2.487115988402550499e+02
2.435444529362238484e+02
2.382315121434967295e+02
2.420588375348479815e+02
2.501662551027303323e+02
2.433417707315276175e+02
2.534334209128800808e+02
2.553139628678703730e+02
2.465120022768526837e+02
2.473442149722334591e+02
2.528971628340646873e+02
2.454216506656872241e+02
2.525728804284123612e+02
2.447475434202085012e+02
2.465299781628366986e+02
2.490232765488575239e+02
2.423119053460907821e+02
2.511860644399676517e+02
2.491100768536936130e+02
2.511976228775957907e+02
2.423438099433992079e+02
2.450868546724872488e+02
2.498391381908392077e+02
2.550332453383646509e+02
2.564087316025095902e+02
2.540597907976669205e+02
2.528586163198448844e+02
2.508181940834734860e+02
2.538908915799381134e+02
2.509286800292025248e+02
2.488889130380794654e+02
2.458101625967564416e+02
2.516167192147054834e+02
2.439880098089550984e+02
2.497531802891853374e+02
2.545372815363869563e+02
2.494185521515584583e+02
2.486793266091330850e+02
2.509685997754442042e+02
2.464459830780471350e+02
2.462613802348904244e+02
2.537159128726362951e+02
2.561769974397972760e+02
2.502306527395851674e+02
2.491938095133461388e+02
2.453166604822290253e+02
2.503964114853225738e+02
2.455343673235850304e+02
2.468495782299801533e+02
2.518728622277872375e+02
2.534751878316455134e+02
2.486983992674381057e+02
2.491770958873320012e+02
2.481135462282375101e+02
2.551908966573428472e+02
2.537250009874066734e+02
2.451514216102183923e+02
2.556272879889729950e+02
2.439874643077562268e+02
2.438834362391802415e+02
2.485206639208056458e+02
2.516661901535058803e+02
2.458964396865274864e+02
2.467116985426576434e+02
2.449075849587022162e+02
2.487912557495456269e+02
2.432705788316011422e+02
2.545879834316226891e+02
2.503450018668065127e+02
2.451986712017782679e+02
2.422346466303210661e+02
2.531819597544723592e+02
2.399141243950068372e+02
2.495025007646942470e+02
2.428564642368943680e+02
2.572534517041241884e+02
2.529935819516535958e+02
2.405136094884738611e+02
2.440274575688914922e+02
2.503903368728581995e+02
2.447568475552794496e+02
2.485745200213889063e+02
2.492098599773184446e+02
2.466475207701323882e+02
2.524356470472891090e+02
2.485731613162629401e+02
2.503847587042704959e+02
2.426960414899154728e+02
2.504064281257309119e+02
2.466239794877457996e+02
2.567999246373019560e+02
2.516417484191886444e+02
2.444047801743070920e+02
2.593014406903468512e+02
2.507307394539933512e+02
2.454694490789514703e+02
2.444758076584339790e+02
2.549505484122819894e+02
2.524089623930805431e+02
2.553690938753135526e+02
2.463353213052360502e+02
2.447241282131484752e+02
2.453692397459409449e+02
2.420245129753199933e+02
2.440572796884487730e+02
2.562289618867262675e+02
2.489916586307005559e+02
2.559713563998956829e+02
2.477465381410307259e+02
2.544858888445069169e+02
2.444629269550590323e+02
2.482041761730921792e+02
2.482533972677055374e+02
2.491805464024329240e+02
2.541719727821279662e+02
2.544673369228947593e+02
2.408319359580640935e+02
2.501765470686167419e+02
2.507018161103451348e+02
2.469709456266909342e+02
2.489540949428573242e+02
2.453336588716749986e+02
2.481060409853165822e+02
2.450538652155754278e+02
2.488234252212951674e+02
2.558423246242689970e+02
2.511214946808810282e+02
2.501649097647618305e+02
2.528177107907362995e+02
2.550008417598029951e+02
2.463856867856324584e+02
2.516105322288653383e+02
2.560270245419434900e+02
2.482673183403455823e+02
2.484619757794048951e+02
2.520390138199531407e+02
2.470446097079473873e+02
2.474126180779867923e+02
2.496082369436735746e+02
2.507422381744693212e+02
2.420289909192048015e+02
2.489069356164861802e+02
2.473344773120043385e+02
2.466754709181118415e+02
2.475758355361319900e+02
2.504227907181274304e+02
2.509777693634942750e+02
2.581030628850105018e+02
2.500174537706105866e+02
2.454874067942546674e+02
2.484798676584515817e+02
2.464235704921360366e+02
2.443862092827072843e+02
2.507243994142003771e+02
2.558156467348251510e+02
2.457866580834870831e+02
2.416215516310437579e+02
2.540023975334174509e+02
2.564152502628886054e+02
2.450932483869426903e+02
2.459094867936264279e+02
2.489220529421776291e+02
2.517847122143344905e+02
2.406824025050530622e+02
2.457959110899707014e+02
2.493604480392904748e+02
2.546316129645248338e+02
2.476885663161618538e+02
2.534008620606323063e+02
2.428625343088372404e+02
2.484788801352769099e+02
2.469536446519760489e+02
2.510557344742654777e+02
2.485136468926402813e+02
2.497817814165327093e+02
2.494213975022406657e+02
2.508849458104819234e+02
2.453181224695462674e+02
2.485609933938210077e+02
2.544188726554837388e+02
2.508722090234096811e+02
2.532887207376124081e+02
2.462116257846385281e+02
2.563799416718449038e+02
2.430779458459537352e+02
2.446310380445013948e+02
2.473743253683559260e+02
2.514439904865268431e+02
2.493325107288977165e+02
2.491466402279004058e+02
2.444386145628896827e+02
2.521600150586630775e+02
2.495305427732017733e+02
2.522376066667823409e+02
2.511502941183149176e+02
2.461295294978170887e+02
2.466463724486471847e+02
2.542545664575955868e+02
2.432233890490658723e+02
2.441334648371718856e+02
2.508965948347280914e+02
2.453321110565530319e+02
2.453090922877398157e+02
2.519792863278979667e+02
2.492099027191055143e+02
2.491938422920892435e+02
2.503856532280018143e+02
2.487874618211241398e+02
2.491741030144751505e+02
2.514484357651671758e+02
2.573244331324425502e+02
2.530673028647709373e+02
2.473726502647829477e+02
2.445244093312986990e+02
2.531724251721734333e+02
2.486202104170369012e+02
2.560498854481789408e+02
2.519779395251665619e+02
2.453020485983297476e+02
2.469272075797159118e+02
2.492386210886076867e+02
2.530999289013553835e+02
2.526694774764322631e+02
2.473805361913629781e+02
2.462642798477844508e+02
2.493285681670415670e+02
2.531265451916729887e+02
2.458961247011484090e+02
2.483842300397343195e+02
2.494490544565142613e+02
2.506290796778199876e+02
2.507128300035888060e+02
2.498634698750102814e+02
2.490188535371584635e+02
2.494212241972036281e+02
2.526638751828385523e+02
2.531727894801929892e+02
2.560569078763595599e+02
2.480318777427364978e+02
2.464357915922307143e+02
2.566275049623992572e+02
2.576098957714334574e+02
2.510558769936710917e+02
2.535227048486734418e+02
2.483290233573568457e+02
2.432032254536431424e+02
2.442793096201214098e+02
2.463409903694397940e+02
2.514133497647363811e+02
2.540762443992880151e+02
2.527647101012161102e+02
2.521686155568219192e+02
2.512270287824310344e+02
2.480056752905484529e+02
2.564318856787679692e+02
2.517046937309910959e+02
2.485662401040519001e+02
2.488784833188771586e+02
2.574493118785723027e+02
2.609474211244627213e+02
2.536383448572877057e+02
2.532384092295481253e+02
2.478739600547183670e+02
2.410727484779590100e+02
2.552251258329050074e+02
2.461614809667500481e+02
2.392511556068519667e+02
2.457156643913278060e+02
2.485933601114784324e+02
2.512468453831546071e+02
2.500935533475012846e+02
2.550031155628875581e+02
2.485999723040792446e+02
2.496462731276606632e+02
2.546220436402427367e+02
2.443156976301197005e+02
2.507737108000205524e+02
2.474076073842724099e+02
2.438393901237938621e+02
2.475098492371627401e+02
2.450936997392804244e+02
2.522028590428094219e+02
2.437692914739969581e+02
2.467533741526704318e+02
2.523502719003940342e+02
2.506491794769129626e+02
2.463087560845927442e+02
2.377565165116414789e+02
2.525526650716412576e+02
2.445318385633853495e+02
2.576032574622921629e+02
2.460451361720960222e+02
2.526428344387387313e+02
2.445917159169330546e+02
2.529229036700554616e+02
2.429167407389320772e+02
2.507804810749499040e+02
2.502495230440906369e+02
2.417813073584953543e+02
2.527013727959300127e+02
2.563679074682169698e+02
2.495543013827092693e+02
2.468766576858853057e+02
2.453473419032397658e+02
2.511673819103064886e+02
2.457550518282377539e+02
2.515061673276118199e+02
2.499832934951127754e+02
2.502903010088024018e+02
2.457176285031590339e+02
2.521971806197342403e+02
2.469705386965638638e+02
2.549450688555896534e+02
2.525693498703280397e+02
2.558246395875122232e+02
2.522428645305028851e+02
2.392864256349930940e+02
2.497858226806213509e+02
2.521900059073272473e+02
2.467345097830742588e+02
2.438521666774083769e+02
2.550526510763097008e+02
2.467327163515698487e+02
2.451027253484539585e+02
2.560342432083442645e+02
2.425426139221471544e+02
2.533722257524509871e+02
2.474435503956536877e+02
2.522516148770835684e+02
2.423303723546251831e+02
2.459748695387247892e+02
2.497928160510259374e+02
2.464336715086340064e+02
2.480725686951687408e+02
2.537229377572792828e+02
2.448651499084108707e+02
2.463805453542217094e+02
2.354559948056868279e+02
2.345608021835888337e+02
2.478194679917975520e+02
2.473210149843999375e+02
2.530001706918916682e+02
2.479831237875088448e+02
2.508899487889440252e+02
2.460891352654937236e+02
2.470330829692146040e+02
2.532429525969929784e+02
2.514509124016239525e+02
2.526177522776640672e+02
2.496221794802164311e+02
2.476029184953165156e+02
2.485992650369626915e+02
2.521239970552913690e+02
2.530892465032373195e+02
2.520299130625828923e+02
2.422127273107663257e+02
2.517862627362634953e+02
2.482432476832947827e+02
2.464983253841000987e+02
2.459066646294369320e+02
2.526759525647901512e+02
2.472223186447546368e+02
2.446036143011597801e+02
2.469054858071309297e+02
2.547207422342293910e+02
2.449147398739134189e+02
2.449574303957770951e+02
2.486707103750474346e+02
2.495477415301526491e+02
2.556452118784201843e+02
2.463865367460722950e+02
2.476272063468319402e+02
2.481049692470859043e+02
2.424559142541898495e+02
2.533178489576659729e+02
2.479197211329797028e+02
2.573425431970786690e+02
2.517131144115802215e+02
2.618938559533606849e+02
2.470937239561928607e+02
2.479164354392742098e+02
2.487775221057160024e+02
2.530399736864243323e+02
2.472851748251124775e+02
2.467954942293678471e+02
2.465255540799090568e+02
2.425031567290550356e+02
2.497053727393767986e+02
2.513407524990865340e+02
2.442985694485115005e+02
2.473821231234745426e+02
2.448488113512247253e+02
2.439224491058684521e+02
2.439413748607862260e+02
2.534926734917169426e+02
2.526783785399370288e+02
2.455655867142773445e+02
2.453989881764073289e+02
2.493959318979295574e+02
2.466490248677635861e+02
2.442463208191234116e+02
2.523413476445426511e+02
2.495528571681776384e+02
2.498295236155477710e+02
2.507946785856713348e+02
2.436914433655883556e+02
2.506542765232542820e+02
2.516878875292557609e+02
2.536828012904674949e+02
2.434575694969177846e+02
2.521113073520087937e+02
2.463812387617799970e+02
2.558615270158112196e+02
2.517617742293259084e+02
2.492992187986943975e+02
2.523094124440605412e+02
2.495018727858880254e+02
2.492086801753469558e+02
2.424811900056321008e+02
2.440515143365251731e+02
2.492176213583436493e+02
2.446058391890698260e+02
2.522707970558069235e+02
2.481649430299677874e+02
2.463681654375359926e+02
2.513171735877504602e+02
2.453245614977556386e+02
2.520494307411408954e+02
2.454203057509529913e+02
2.442241725993379760e+02
2.522684082388836089e+02
2.508387530551632096e+02
2.457931402348788481e+02
2.460552715780161179e+02
2.448410383775601531e+02
2.587993959706997771e+02
2.437439322605140148e+02
2.492677502326658612e+02
2.583709346622542284e+02
2.434811152016368681e+02
2.488924181360668513e+02
2.457984878492591747e+02
2.446441183233155812e+02
2.485448621222497252e+02
2.573269637731842181e+02
2.543118522693448256e+02
2.475578452323483418e+02
2.523916981801610859e+02
2.492286813672875212e+02
2.519430814642759060e+02
2.460710431089901249e+02
2.419644645161899632e+02
2.506467141905901315e+02
2.503787936910892427e+02
2.539789031262871788e+02
2.494284683307406283e+02
2.567388347925979701e+02
2.477678346032278398e+02
2.475371137389261094e+02
2.539233058715514346e+02
2.492697998736959732e+02
2.508120110676017589e+02
2.554668734327029824e+02
2.484052136995217381e+02
2.498982347929176342e+02
2.489662332022231226e+02
2.502783885110412143e+02
2.445894923816373989e+02
2.565834994407650242e+02
2.467952818673617799e+02
2.436133897831952027e+02
2.502514831837230815e+02
2.520694550897600834e+02
2.463626617221424908e+02
2.456679276024000274e+02
2.497662815114956345e+02
2.456084255555692550e+02
2.488218607714312043e+02
2.390959495747624430e+02
2.488707890770982658e+02
2.537668023122427599e+02
2.429474498506588418e+02
2.513141146219865334e+02
2.575495925175791854e+02
2.510753985211688359e+02
2.460667120398660188e+02
2.457118799522727102e+02
2.431137731031983265e+02
2.515533382109185254e+02
2.490991232409620011e+02
2.512465348498143101e+02
2.447774283952846872e+02
2.411261553651017095e+02
2.437473463575841208e+02
2.433775894103444841e+02
2.441895132323008966e+02
2.448498932314289505e+02
2.476880740506851168e+02
2.492515019057588006e+02
2.508853390729687476e+02
2.454499407286799055e+02
2.467525300313847367e+02
2.567113004798551970e+02
2.451722619849631144e+02
2.499240054596233449e+02
2.421614637863546591e+02
2.551782970186839918e+02
2.486260273466512558e+02
2.356066195491926578e+02
2.453871854159412180e+02
2.539486515508543505e+02
2.443411850481818703e+02
2.473691906629025539e+02
2.485106254001937316e+02
2.453274661689588640e+02
2.548221552388126270e+02
2.500181162283990943e+02
2.376286846050327313e+02
2.404294494219895739e+02
2.521235988570865345e+02
2.476810867441301127e+02
2.516495667412612249e+02
2.436185785743101064e+02
2.550797131178721600e+02
2.576123590935821994e+02
2.445981191429966941e+02
2.517928381622276106e+02
2.488063340665617034e+02
2.524376447940809953e+02
2.511363904738556414e+02
2.480730929526533828e+02
2.480326406432063493e+02
2.472611531715350282e+02
2.547549243001675450e+02
2.503943540222601598e+02
2.465103040311441873e+02
2.507726592668563512e+02
2.417510427839598606e+02
2.455671850892266832e+02
2.443164305773456704e+02
2.548745037885776696e+02
2.438893306949985060e+02
2.440866625292593994e+02
2.402449135329719923e+02
2.494998274831373237e+02
2.514754902770532681e+02
2.446731280076706412e+02
2.496477433751241790e+02
2.467662354862433745e+02
2.496732090887297204e+02
2.487209294831560555e+02
2.530276293699423604e+02
2.447348723329394033e+02
2.454859499897182218e+02
2.438395124187922249e+02
2.494442510465830765e+02
2.435701142058713060e+02
2.484571768050107892e+02
2.439452599996484423e+02
2.529440985814493672e+02
2.505635789560891737e+02
2.536752837206962852e+02
2.567617723833273544e+02
2.508114157288113120e+02
2.472762979707300701e+02
2.538003322340459817e+02
2.461151531549408276e+02
2.485181839156172146e+02
2.495014117030112288e+02
2.560107039555732058e+02
2.527801995127617545e+02
2.454214275510439052e+02
2.510199852546535908e+02
2.484124992239453604e+02
2.488516321490859298e+02
2.510743485746619399e+02
2.486695851266020156e+02
2.513483883632611651e+02
2.545307888966418375e+02
2.550685145795203823e+02
2.468531225374208020e+02
2.438462941422482402e+02
2.494329681176779445e+02
2.530558032449804386e+02
2.505232669869251936e+02
2.448881258553993234e+02
2.511414984806771997e+02
2.520003106741215504e+02
2.427166141489210247e+02
2.431677915153303218e+02
2.473025156277484484e+02
2.458533413655174797e+02
2.447943547063413803e+02
2.492822332657961510e+02
2.507631222341709361e+02
2.558428318820476193e+02
2.508146933813352462e+02
2.479932854739570303e+02
2.500981715180155049e+02
2.520005047875181958e+02
2.483110247820573022e+02
2.564776600817786516e+02
2.394760701416762174e+02
2.418468507076862295e+02
2.495752632773428559e+02
2.511451411119955992e+02
2.557963875134306875e+02
2.469973503713305263e+02
2.465222202777512166e+02
2.537051191375412316e+02
2.483385858576427836e+02
2.475702948587016579e+02
2.424249719186458947e+02
2.560597904707013868e+02
2.529015473232748263e+02
2.431073776652149547e+02
2.530631642548174796e+02
2.459263395659889966e+02
2.496063603939251436e+02
2.539002497162845771e+02
2.434348004287987521e+02
2.561727974286370113e+02
2.446416689435151852e+02
2.542851616252648341e+02
2.384860559553218309e+02
2.486632998051570098e+02
2.435472881819098063e+02
2.493046980623857394e+02
2.405487761395905579e+02
2.480472354306840828e+02
2.421935867261240389e+02
2.542073294252743949e+02
2.444264851057337467e+02
2.524807242765696742e+02
2.526290634954652035e+02
2.478096998277086698e+02
2.410868504310168703e+02
2.544117069958217314e+02
2.380557951888852415e+02
2.403864201740142903e+02
2.548162849238933916e+02
2.563504997936973950e+02
2.494193196357590807e+02
2.481392664513879822e+02
2.430572178382087145e+02
2.559257539484293886e+02
2.551898164406285616e+02
2.547872542028499652e+02
2.440367058020260629e+02
2.459380974702688718e+02
2.501027879596124421e+02
2.504047554319325570e+02
2.499749962244110009e+02
2.517205379523676072e+02
2.465587054168897225e+02
2.353491350097216070e+02
2.597580087070501236e+02
2.462893939286921068e+02
2.463821837085422146e+02
2.557503236673930473e+02
2.517235645693863262e+02
2.454896128918673810e+02
2.525925195962603880e+02
2.494112162949087121e+02
2.433476036621990772e+02
2.530629278862735418e+02
2.494694188323666992e+02
2.576942527214192182e+02
2.445181551995976861e+02
2.444817268807484822e+02
2.482233435865964850e+02
2.530259288459703839e+02
2.489078967904136448e+02
2.523176468890054593e+02
2.518733291704328110e+02
2.485115430611953116e+02
2.446413720353313010e+02
2.492180978644666993e+02
2.524839107002583489e+02
2.502558227031507272e+02
2.442715213260322571e+02
2.493705116571915710e+02
2.541605813548812876e+02
2.454728780118020950e+02
2.566492647682416077e+02
2.550722969384647172e+02
2.542278417653039639e+02
2.428587448185114113e+02
