1.149065845428306574e+02
1.166817615896383700e+02
1.178524825945214474e+02
1.180678241834021236e+02
1.197496150968673021e+02
1.192318555023177993e+02
1.216846837577989362e+02
1.161678740399081136e+02
1.167574540029379335e+02
1.218896021588985832e+02
1.198525676640714437e+02
1.161511858080268951e+02
1.171132201601822516e+02
1.174102004766311467e+02
1.159453116198719584e+02
1.188297564685251615e+02
1.172069377681333151e+02
1.187825369807865883e+02
1.179437296162475093e+02
1.198396891698369870e+02
1.212977884373520396e+02
1.188527015473467543e+02
1.165859500998309528e+02
1.173031435181289339e+02
1.219822548350405498e+02
1.166302467924609232e+02
1.190394702754325635e+02
1.204243900955003568e+02
1.193799620367978349e+02
1.189191670409306454e+02
1.178036844081637469e+02
1.185410135525776383e+02
1.178790756827521449e+02
1.158376465174592482e+02
1.196798908042342759e+02
1.164706256743057509e+02
1.128392283789687411e+02
1.167311052634892548e+02
1.171932202159407694e+02
1.205093420116437102e+02
1.150238614974863367e+02
1.144855677814467043e+02
1.177009643894369901e+02
1.198542348009542735e+02
1.186747018233539421e+02
1.186594567690216735e+02
1.202194740162010618e+02
1.148829449557760256e+02
1.168043918709103082e+02
1.183522588313474273e+02
1.167449203791478283e+02
1.198634675750806196e+02
1.160034718011598329e+02
1.205274804550041807e+02
1.173592678333201320e+02
1.209307715492626301e+02
1.158933344839068695e+02
1.168966251323292624e+02
1.160407467224138855e+02
1.197196476928599793e+02
1.178773995348352344e+02
1.168542846857188096e+02
1.197979278911426633e+02
1.158302595147382732e+02
1.191244289935371228e+02
1.167891069432645992e+02
1.161331126343817459e+02
1.160945753043371695e+02
1.168423446059959758e+02
1.204926179850639727e+02
1.187537040775417978e+02
1.132439643935808391e+02
1.186162321925294236e+02
1.148175749181736052e+02
1.163315482047951974e+02
1.186900869953673947e+02
1.156063187083261425e+02
1.144490917511947572e+02
1.203337938182051374e+02
1.176561288622630315e+02
1.200858225087826838e+02
1.190246969261720409e+02
1.211183935546666959e+02
1.182901981183338904e+02
1.143431680994060144e+02
1.194505247364416078e+02
1.194618230498112297e+02
1.210107874963555901e+02
1.167117171452071602e+02
1.153832549702036800e+02
1.172062022925488947e+02
1.201181595517323331e+02
1.169480014493025948e+02
1.175745977146805501e+02
1.146264138676855993e+02
1.152188666631249987e+02
1.147923133457698128e+02
1.192343618299197203e+02
1.158787017152561702e+02
1.155088091104394437e+02
1.170469571866893688e+02
1.168559275330914460e+02
1.154530159006607022e+02
1.180837571405326401e+02
1.180451135504936815e+02
1.217328763883625129e+02
1.137390736454616018e+02
1.194912637093191279e+02
1.164606826457589790e+02
1.150841276821804087e+02
1.142211673706347028e+02
1.175522981829265632e+02
1.141290131717810681e+02
1.188433172651657941e+02
1.157407908568875570e+02
1.189754117920854100e+02
1.173204951095359263e+02
1.185853846228944093e+02
1.211716775908151931e+02
1.150866159082590343e+02
1.216036437127731347e+02
1.162477165969214212e+02
1.195457274761166815e+02
1.142931034448040322e+02
1.174856446191523389e+02
1.168681434748058052e+02
1.176957297994395049e+02
1.152435252347514165e+02
1.168884433099824207e+02
1.180587982643592539e+02
1.210309759957136464e+02
1.175141019185086151e+02
1.172069167630880884e+02
1.202276650576933434e+02
1.176120736807785221e+02
1.184206037658735085e+02
1.193000935870460211e+02
1.191374518913006995e+02
1.191642812607133095e+02
1.157492022161796399e+02
1.154956902742760150e+02
1.133077639080239152e+02
1.185230205379043014e+02
1.216216470148484348e+02
1.217023806419410050e+02
1.186693661463514218e+02
1.161610441349078258e+02
1.159452301278481343e+02
1.180127806817526874e+02
1.188509944192813350e+02
1.184530411411784172e+02
1.178404987096782008e+02
1.160579044062040879e+02
1.154080484805086826e+02
1.171624796449097659e+02
1.149484732758528907e+02
1.176742669399744869e+02
1.199576443464032991e+02
1.157888825977103409e+02
1.166119509366022129e+02
1.162196628821890556e+02
1.188459860682983162e+02
1.184058939368995311e+02
1.176213125778619570e+02
1.193195854586566753e+02
1.169194704942207750e+02
1.166791398383554963e+02
1.134909081179818031e+02
1.186531042021062632e+02
1.155114382139631601e+02
1.152407560957756090e+02
1.185163636721788123e+02
1.186176547499688354e+02
1.146750185203807888e+02
1.204092510620832428e+02
1.169162405853262499e+02
1.160803133994087801e+02
1.164995403382882841e+02
1.163292954642238897e+02
1.160789589269105448e+02
1.195923059869367933e+02
1.159158093371984393e+02
1.172505955044565127e+02
1.156647972121013197e+02
1.171836128594684538e+02
1.157891486240338139e+02
1.192204156913426942e+02
1.170494287644667395e+02
1.186056126062231328e+02
1.157187402455890037e+02
1.202519184804741315e+02
1.170328170585783312e+02
1.179459425095908216e+02
1.146718870096567429e+02
1.154688242780738108e+02
1.177334142279204485e+02
1.150073833967766461e+02
1.180162364232895413e+02
1.166795935351036206e+02
1.185949021493703555e+02
1.179690521186900583e+02
1.158893709422209497e+02
1.186865424634094666e+02
1.152253224273178915e+02
1.204049709973004525e+02
1.169337835740345639e+02
1.191614570482461204e+02
1.185972033513617419e+02
1.166518530718302316e+02
1.182819503310849143e+02
1.161133092095946466e+02
1.173059810186430383e+02
1.160100100438691015e+02
1.151312646418619892e+02
1.199895556762579218e+02
1.183818076243693866e+02
1.163788068753049600e+02
1.170979464759677455e+02
1.176296821194209627e+02
1.109091232856445828e+02
1.180321467290938386e+02
1.152080485527971661e+02
1.189044764414468887e+02
1.132449178040110098e+02
1.150746503174035951e+02
1.179021457458984656e+02
1.183508723970724077e+02
1.148513689827454698e+02
1.192672580987780435e+02
1.184389182132837135e+02
1.184764985245289068e+02
1.149914908320810554e+02
1.148225822547190802e+02
1.148227227776379493e+02
1.136118621815611789e+02
1.187579717661572971e+02
1.146681953267725191e+02
1.160812984675827408e+02
1.229573323741317807e+02
1.179455006579494523e+02
1.187645380794478029e+02
1.173633509482161372e+02
1.160018992393379449e+02
1.202938526447953080e+02
1.177731295358901775e+02
1.175089411184884227e+02
1.198665052657140677e+02
1.179704210894908414e+02
1.178342136137012091e+02
1.163782804667536368e+02
1.173262633750353956e+02
1.178904276506531659e+02
1.163048397777251211e+02
1.183240345641775519e+02
1.212351129812730761e+02
1.176075646903224907e+02
1.143694700813479272e+02
1.166393869526859532e+02
1.171517556002037708e+02
1.175196499055520718e+02
1.158573940878289505e+02
1.152916216587228178e+02
1.201851559306087722e+02
1.182009044174279353e+02
1.187978563139076016e+02
1.214138594344842517e+02
1.146359145470926961e+02
1.175367995368207659e+02
1.188963542000159492e+02
1.154342540154237611e+02
1.208141675223878906e+02
1.153478662653606932e+02
1.180303755279712732e+02
1.182060428890421520e+02
1.130537916723471028e+02
1.189439247060283265e+02
1.157283485957410250e+02
1.176887598084704223e+02
1.182497354104997669e+02
1.204514182275265739e+02
1.207529261164336276e+02
1.167298141612176323e+02
1.159463816997984082e+02
1.199325196404688114e+02
1.142876971190962507e+02
1.173966157217938076e+02
1.146968716061659990e+02
1.195757817899564373e+02
1.164018784859693341e+02
1.142766527453391774e+02
1.132518390002619810e+02
1.166140428254130086e+02
1.184519334828890180e+02
1.156208024122929032e+02
1.138505660204987322e+02
1.130048273954353988e+02
1.162158351961311809e+02
1.166699128090313025e+02
1.181596982731736887e+02
1.200345148099187043e+02
1.153220374514412185e+02
1.197600349274069913e+02
1.178443513296267184e+02
1.176630632056447610e+02
1.193283785084912694e+02
1.165175386514329148e+02
1.154555529437195247e+02
1.151185618830690913e+02
1.170920715149442799e+02
1.173359790284259816e+02
1.157558707883942475e+02
1.188027062211537270e+02
1.175307223577283793e+02
1.192619893447581774e+02
1.171152819200233210e+02
1.156471169239686958e+02
1.185629023113914684e+02
1.172778597392510846e+02
1.188592761100454993e+02
1.178877084618405604e+02
1.180403439843765483e+02
1.163029167761421974e+02
1.181567699984547914e+02
1.176385441096915656e+02
1.170826327834304692e+02
1.171202494407750692e+02
1.170812935326677717e+02
1.165920874123805646e+02
1.188371562627652480e+02
1.174538353320783699e+02
1.175363814869966319e+02
1.139853403097956317e+02
1.177670626359001744e+02
1.204963816954382310e+02
1.184668230996208109e+02
1.168549210424843352e+02
1.172687622554813913e+02
1.149043869946200545e+02
1.178721516283340520e+02
1.151600467101031313e+02
1.165703795900949444e+02
1.175864370982881439e+02
1.155096481338331103e+02
1.210179809194602285e+02
1.171651313443034894e+02
1.195593999292799907e+02
1.203351405658534787e+02
1.181912473431424644e+02
1.180132804295523101e+02
1.174314873452386507e+02
1.216505757202267688e+02
1.179163005295530269e+02
1.163962982328889240e+02
1.198899878147285847e+02
1.175136790794615393e+02
1.146707835731126579e+02
1.210279428542727800e+02
1.162349951641927959e+02
1.156374188711312030e+02
1.171190072788161132e+02
1.196766315862011112e+02
1.163176519429372178e+02
1.180664056557914705e+02
1.199349696560273202e+02
1.179882376181709418e+02
1.177966765366245738e+02
1.183281946914566589e+02
1.242880266314488438e+02
1.169628378005017311e+02
1.196200514221561804e+02
1.168856326872289060e+02
1.192855390400551698e+02
1.181308364706154208e+02
1.196779996891557687e+02
1.185455064618215175e+02
1.190493126689901686e+02
1.157749585047228607e+02
1.161968557007761547e+02
1.127069538227611929e+02
1.161313109957306153e+02
1.173938818223843867e+02
1.177543075095137510e+02
1.181962694595971612e+02
1.160422128328952311e+02
1.194296482790798422e+02
1.181035406649055943e+02
1.162414171506263756e+02
1.195444888290103904e+02
1.173382997621378365e+02
1.167963392693605726e+02
1.177763452733987179e+02
1.154606689144188039e+02
1.183991665902748593e+02
1.171987300680835347e+02
1.169674826471687510e+02
1.183635207377668053e+02
1.148692900296085639e+02
1.166544068438725219e+02
1.175289647659215291e+02
1.150599106795451121e+02
1.174215089568521222e+02
1.141410505191046241e+02
1.173570799803670326e+02
1.177505718190036106e+02
1.186513280802761017e+02
1.165339915356726976e+02
1.166813865490909023e+02
1.139015899978855657e+02
1.150382541177926470e+02
1.174201324102268273e+02
1.177728130125622812e+02
1.161747547494000941e+02
1.123912540760094032e+02
1.189196762863792145e+02
1.199765610188053842e+02
1.198575610692431752e+02
1.150544435670131094e+02
1.186214412367627347e+02
1.162488521152214958e+02
1.161269409308631566e+02
1.158200473071398875e+02
1.177832179168061515e+02
1.164548849279834002e+02
1.132140191690726994e+02
1.208703078295207973e+02
1.137841112715770606e+02
1.180246656743635612e+02
1.139386445421808816e+02
1.165054743463727647e+02
1.183388773871226078e+02
1.170829424871517546e+02
1.165650993889656064e+02
1.176005175410391104e+02
1.181240578313067999e+02
1.176892131498972986e+02
1.132304790924733453e+02
1.160815001448477375e+02
1.127603773894540495e+02
1.154497358454773916e+02
1.190530910549929615e+02
1.185243133096771260e+02
1.178112200368680362e+02
1.184565293051993251e+02
1.168128191974620478e+02
1.173121638158268354e+02
1.190602269456993554e+02
1.142913476841625027e+02
1.128958576503945466e+02
1.208628743155959455e+02
1.195744771930150705e+02
1.192289743291367330e+02
1.148073732023352704e+02
1.171106046505748566e+02
1.173214838890916383e+02
1.189411603191314271e+02
1.170277496243517703e+02
1.171050579148071193e+02
1.222024723687085555e+02
1.182974652432212253e+02
1.202804881512295765e+02
1.163208860458582166e+02
1.161033127383211365e+02
1.174379676025671131e+02
1.171909872720523680e+02
1.154715243258130357e+02
1.157467061812772187e+02
1.147410742713221765e+02
1.194023468950000364e+02
1.148436738242566690e+02
1.187478308283254478e+02
1.172806197563228352e+02
1.167376593036514265e+02
1.178407876562078940e+02
1.163352946749666330e+02
1.169535203952148947e+02
1.164157274851559549e+02
1.192897746853509773e+02
1.160318358651350081e+02
1.196731589078560631e+02
1.166808495963528998e+02
1.164817384256674444e+02
1.145382016367990303e+02
1.172199576305720683e+02
1.141863778381194976e+02
1.189683712916353073e+02
1.182133267606905349e+02
1.145051780200543590e+02
1.183784676936701459e+02
1.161572042722429217e+02
1.199632887405049502e+02
1.182119435266134957e+02
1.153850193576456746e+02
1.151187401956475185e+02
1.147085897154953500e+02
1.167902525968499106e+02
1.170861686105474604e+02
1.194625079293155778e+02
1.185575387257123197e+02
1.162567528839863371e+02
1.163681494647212133e+02
1.148961265709907877e+02
1.158075525218163335e+02
1.203277097304364247e+02
1.161157519336543658e+02
1.156172127854724039e+02
1.159073969981995447e+02
1.180844992826987010e+02
1.163179501700980012e+02
1.197203124263733400e+02
1.179443973014879958e+02
1.173785773765047367e+02
1.155513766334894399e+02
1.134858293371050593e+02
1.149453727993152938e+02
1.169038939748266017e+02
1.163026747768116849e+02
1.160749513931758941e+02
1.171312697692571874e+02
1.204839247423622908e+02
1.160439305980630991e+02
1.150370925432897025e+02
1.163514761475884001e+02
1.175191648179261961e+02
1.165355562261951263e+02
1.176590304139469083e+02
1.135320921014504165e+02
1.205432748343559552e+02
1.210665820657043952e+02
1.170142514983438815e+02
1.147769411355037477e+02
1.183301102462298644e+02
1.208947038816334612e+02
1.142001632011792509e+02
1.184556628501782711e+02
1.169077726373058823e+02
1.178427533321129772e+02
1.147575960572324192e+02
1.194818693142380255e+02
1.151523021831764027e+02
1.171357199655414405e+02
1.137701273304061829e+02
1.198217199602954253e+02
1.203860220519577666e+02
1.154092431185340928e+02
1.176534162511912314e+02
1.199083418324138393e+02
1.200861048203943255e+02
1.180357404021595897e+02
1.175820859333942252e+02
1.147718799749761729e+02
1.168774483008518530e+02
1.166235374850598134e+02
1.178347064179051813e+02
1.158124556736607076e+02
1.189606190164215320e+02
1.147674981185524103e+02
1.178835459070952254e+02
1.162587602555719002e+02
1.168448555367083230e+02
1.165969557136819077e+02
1.167452116370321704e+02
1.174192939764192545e+02
1.171203662546184034e+02
1.184049247404259546e+02
1.171901740270859875e+02
1.159952969219139192e+02
1.174144639904635312e+02
1.154789658437727411e+02
1.171465175779220260e+02
1.153039255170561290e+02
1.133490642781396929e+02
1.166856449559166862e+02
1.168315017837078358e+02
1.166539407967025426e+02
1.119189227744206079e+02
1.228892884030926496e+02
1.108912606647727586e+02
1.192480241287302647e+02
1.189936554958430435e+02
1.202038308362630801e+02
1.198130858561743111e+02
1.148863089254132319e+02
1.167377652115164608e+02
1.162583807279585812e+02
1.172019738445132901e+02
1.140135818220844612e+02
1.158829671685655995e+02
1.171275671454796310e+02
1.187736942663721891e+02
1.170273252010909886e+02
1.197513676734663335e+02
1.189555513438279775e+02
1.167590434782415940e+02
1.177047440683532500e+02
1.176935621563146839e+02
1.169479305200962216e+02
1.186709994613998163e+02
1.148181791985674920e+02
1.169203350243179784e+02
1.138618592353243315e+02
1.197162369697972935e+02
1.166671665797197051e+02
1.202756675078588131e+02
1.181582177346603970e+02
1.191912421774943311e+02
1.147813397571808594e+02
1.174707920871684763e+02
1.182553078989534470e+02
1.151606522904170617e+02
1.152147471475723535e+02
1.185342038693616473e+02
1.165239671857849402e+02
1.177608045857459587e+02
1.162628657813370694e+02
1.187546329272714303e+02
1.168127704166836764e+02
1.166407920619963505e+02
1.184751801978497809e+02
1.156503012923522249e+02
1.159066588591667255e+02
1.168154415862761937e+02
1.198291888926448365e+02
1.166937059826682628e+02
1.187342688355243610e+02
1.158156362302663922e+02
1.153584419873147908e+02
1.207606115423713646e+02
1.159250779441495496e+02
1.188494543940596628e+02
1.182145945540292473e+02
1.146588702104792930e+02
1.159396382166225834e+02
1.167050805450703734e+02
1.184637482001405004e+02
1.174173850709568825e+02
1.139206860134486305e+02
1.162262002873416549e+02
1.175906660716917997e+02
1.177980944104678542e+02
1.168449877604438427e+02
1.187565952358279731e+02
1.173093528348804000e+02
1.170508923119083420e+02
1.161534812385507394e+02
1.160071354281103879e+02
1.171122866809662924e+02
1.160975498156084029e+02
1.173392156612755031e+02
1.185784967818575382e+02
1.174664244390899626e+02
1.153070881623224011e+02
1.164406531223825283e+02
1.196370265624402123e+02
1.180122184768680142e+02
1.178330701823358453e+02
1.138400328268509014e+02
1.200671718822375169e+02
1.188839871670236192e+02
1.176129949905086534e+02
1.152305353973343927e+02
1.208602763786701786e+02
1.174929545519325274e+02
1.145855534173376498e+02
1.163699588146251926e+02
1.144855821147635311e+02
1.168637490971528905e+02
1.168655195499609079e+02
1.174027273179432171e+02
1.181076654621153210e+02
1.143569010450847685e+02
1.166370233980382096e+02
1.196039804733814549e+02
1.171044691271582394e+02
1.167415143577935197e+02
1.188750540200854715e+02
1.171289590641818990e+02
1.102417305723566017e+02
1.146829679751732556e+02
1.140303703147085059e+02
1.177000093020200637e+02
1.198733599261872200e+02
1.189611569863089358e+02
1.193708706678009293e+02
1.171369975945059565e+02
1.181159495486562889e+02
1.143247317091959587e+02
1.190553447788391708e+02
1.155128556116335972e+02
1.185777623387310769e+02
1.173492523807041437e+02
1.138601519347078437e+02
1.187168824567477969e+02
1.174284126822524570e+02
1.174054947140859895e+02
1.150942653045452033e+02
1.173485365103097706e+02
1.159009591706710154e+02
1.166935608767575872e+02
1.184615021731221987e+02
1.216462984881192000e+02
1.160545614625387714e+02
1.214331273099724626e+02
1.146729859193447396e+02
1.174225295274142411e+02
1.169416281618453439e+02
1.164383968429151679e+02
1.181423100418662386e+02
1.194931986064455884e+02
1.203702461426380950e+02
1.141986399843490148e+02
1.131805600560147269e+02
1.197677763927562893e+02
1.170590646728418278e+02
1.180182283876639389e+02
1.213983308781316879e+02
1.169451016517968043e+02
1.196091040181150476e+02
1.132604451983394824e+02
1.181817363531108214e+02
1.185538322553596799e+02
1.163210573465746336e+02
1.178289941095863327e+02
1.130923587517996083e+02
1.198136117723165910e+02
1.194497150665447265e+02
1.170157709706902835e+02
1.187854506622052781e+02
1.175098314446995431e+02
1.164190352569770823e+02
1.137599995440111513e+02
1.179642648196144137e+02
1.151049278936495739e+02
1.171545560314057326e+02
1.171250555113997223e+02
1.152179376551132179e+02
1.189114543830707902e+02
1.147706863560904651e+02
1.153824540227656428e+02
1.181108340047359917e+02
1.156682247724678945e+02
1.134985064349363597e+02
1.144726378900359975e+02
1.215338638495612287e+02
1.154071365054043810e+02
1.182047698299643912e+02
1.163665202970687602e+02
1.169206441952090643e+02
1.174132103896968431e+02
1.185114622005180678e+02
1.175980952129590804e+02
1.188595709655076860e+02
1.177511471075550702e+02
1.158441331914106058e+02
1.172804341635577003e+02
1.158208188990672056e+02
1.202900129229868895e+02
1.176813636088446202e+02
1.175561525631857762e+02
1.180042180829239840e+02
1.206632854648279078e+02
1.188409584630082492e+02
1.163744994118670064e+02
1.128703384841564343e+02
1.180851099737788559e+02
1.160261555783255289e+02
1.164228469896256257e+02
1.180338139211991972e+02
1.151919887782332950e+02
1.146193464508658764e+02
1.147094002645430066e+02
1.176153784958033839e+02
1.159010011574708017e+02
1.204792040191652376e+02
1.166092647287300537e+02
1.191736497708652678e+02
1.206163841230701479e+02
1.169583660343738956e+02
1.152881240619892509e+02
1.175413609488653606e+02
1.186780026148720850e+02
1.191597387207636842e+02
1.185332900679858881e+02
1.174122591647614513e+02
1.200167677201832959e+02
1.176819397494309101e+02
1.195060116482844421e+02
1.198440875101948393e+02
1.173830684054476166e+02
1.217535934886755342e+02
1.177451902501417038e+02
1.174752907907305826e+02
1.179496192201596187e+02
1.170909452459247007e+02
1.190998977440205806e+02
1.182218094176457726e+02
1.184144024079182174e+02
1.140473218962799109e+02
1.148929719007594485e+02
1.174242304728881550e+02
1.165995463736902309e+02
1.154375824458343942e+02
1.207962169162770323e+02
1.171251730353667284e+02
1.168947570160435703e+02
1.154677089082317138e+02
1.166394536538481645e+02
1.190808988474201016e+02
1.120246918015475899e+02
1.175185177539680268e+02
1.169145948986859054e+02
1.188486187703488639e+02
1.163661640534079993e+02
1.157789967342348803e+02
1.183963935579718338e+02
1.165905939091055217e+02
1.196443914249320670e+02
1.185510018757972119e+02
1.177986254522600689e+02
1.171684401677326264e+02
1.201290805089903131e+02
1.193835883920720846e+02
1.203669445591185934e+02
1.164790609842872868e+02
1.197604990230956190e+02
1.158283000136720347e+02
1.181424989429071530e+02
1.178704984026997806e+02
1.201347495791950877e+02
1.165874566694168948e+02
1.176972670492061752e+02
1.150209823918908114e+02
1.161349694794176912e+02
1.146920533026370492e+02
1.190275015771550500e+02
1.147165125799286329e+02
1.178132272679182648e+02
1.150075046558161205e+02
1.174021357314330913e+02
1.195278269819817751e+02
1.181314251999139344e+02
1.152820623780666693e+02
1.206075049014359450e+02
1.195920938096516295e+02
1.187032227117359611e+02
1.145221788353277219e+02
1.200606641130000725e+02
1.150955290264223692e+02
1.163262743909804300e+02
1.179029720127133629e+02
1.181293343256910191e+02
1.176579126507396893e+02
1.175189042860312441e+02
1.188882952316291863e+02
1.194563554151575744e+02
1.209684317825513773e+02
1.154518629239388758e+02
1.157229119086742060e+02
1.211440241537052316e+02
1.205184459268414372e+02
1.173886522326763071e+02
1.196273068209929988e+02
1.168779404969225624e+02
1.168379671751697515e+02
1.154558047974601180e+02
1.195999178021370142e+02
1.198742160354733954e+02
1.160354947906621135e+02
1.176065997865200927e+02
1.175982532870141881e+02
1.195462191323089201e+02
1.154960621732823256e+02
1.168140087345260412e+02
1.174129249213567618e+02
1.186689318515591367e+02
1.160752894981060734e+02
1.188229717670090650e+02
1.179999190419016628e+02
1.173300809588285745e+02
1.185289925304879546e+02
1.167292308686194531e+02
1.181971459409602261e+02
1.190100725572852127e+02
1.177396827519528415e+02
1.180682452338969313e+02
1.137715476480256740e+02
1.173053572143671630e+02
1.200011271460571294e+02
1.195950795142788792e+02
1.168841313552665042e+02
1.169216853706619190e+02
1.148225611845246306e+02
1.201899529989403277e+02
1.170027770682048782e+02
1.201172909315192783e+02
1.146368638939203493e+02
1.158587404091554163e+02
1.162575592292875228e+02
1.154183892603958128e+02
1.179306677907434420e+02
1.178697330805636483e+02
1.141865890267707044e+02
1.177002329256717417e+02
1.148384556859280821e+02
1.170504040955501353e+02
1.178243966472616080e+02
1.178954641690346250e+02
1.158009620789913896e+02
1.188191751790243273e+02
1.187801496571913589e+02
1.167330216007966897e+02
1.170024444626038616e+02
1.177363281312363483e+02
1.208669910698648096e+02
1.149211753581045912e+02
1.187139228017829993e+02
1.190019490151008341e+02
1.166396987420966695e+02
1.164039710031458696e+02
1.169418050187705660e+02
1.143486320912484047e+02
1.168182749969917467e+02
1.161216818196894280e+02
1.202114497901579142e+02
1.175395925497316654e+02
1.162214283831991821e+02
1.180072081794729684e+02
1.175074400955205078e+02
1.184885451298682284e+02
1.165932141683983190e+02
1.194057194512941891e+02
1.174177546883138064e+02
1.182883815189491230e+02
1.178988772690086080e+02
1.192470064463007162e+02
1.182666878127279944e+02
1.175602878213774147e+02
1.156483017505516528e+02
1.188812812117239872e+02
1.213078695384571546e+02
1.168988019818429080e+02
1.180560640672796495e+02
1.198506863595743397e+02
1.174958850940786590e+02
1.168440400525365277e+02
1.172724893964134480e+02
1.176636412019723821e+02
1.184222090063263977e+02
1.197457227074200432e+02
1.163498868726019992e+02
1.206195930642856524e+02
1.176045325369627363e+02
1.143067331782408615e+02
1.193108367694780441e+02
1.171246337420786858e+02
1.185349265816360997e+02
1.183174830050328836e+02
1.215073792446967786e+02
1.162710651897520648e+02
1.177135133928362194e+02
1.199261820933981113e+02
1.170629961114600377e+02
1.171121437195565989e+02
1.179703077852125119e+02
1.172959875162388386e+02
1.138827680122026464e+02
1.173082908949727567e+02
1.176152901514374918e+02
1.161825213670845898e+02
1.191207337887881437e+02
1.169873724361189318e+02
1.177107966933187413e+02
1.144620045318123545e+02
1.179341888166243422e+02
1.195557736148134751e+02
1.182907020102857274e+02
1.189345138605065131e+02
1.151712687500509134e+02
1.162568294157464521e+02
1.129942213339006116e+02
1.179996786362135452e+02
1.201321689918405298e+02
1.166301108512162017e+02
1.165984238502100681e+02
1.171559549328503493e+02
1.168637337698311853e+02
1.203560336207781489e+02
1.169480774231095523e+02
1.192515932008737849e+02
1.136163294679257945e+02
1.190079749219766398e+02
1.210294647833711252e+02
1.147779752058573024e+02
1.173658177238936560e+02
1.171679573072801901e+02
1.171312332832092409e+02
1.158976542463763764e+02
1.166367526464885742e+02
1.148832355223723170e+02
1.149670096727149797e+02
1.180266242826792507e+02
