2.457679963317373790e+02
2.338027275451065634e+02
2.439842773723054847e+02
2.337763559253753272e+02
2.441603847329112966e+02
2.311779082136386592e+02
2.409419391831652888e+02
2.452370597225228153e+02
2.456365563989172358e+02
2.425573058059398477e+02
2.380545741261130104e+02
2.343052909627586473e+02
2.369658516831016755e+02
2.462582942435102495e+02
2.329048659061173225e+02
2.386268100175559539e+02
2.452026258038755486e+02
2.416247771345133515e+02
2.487513867153678291e+02
2.458753227211691694e+02
2.385047842783239673e+02
2.352972689457101296e+02
2.437119442132740232e+02
2.514091805118373486e+02
2.363951560230109408e+02
2.419721987630912565e+02
2.354764601603542076e+02
2.355985225173892559e+02
2.392661456755503480e+02
2.305577410295197751e+02
2.420838271537644459e+02
2.469614372914381590e+02
2.462908751437271064e+02
2.310375259288716734e+02
2.365487527383090764e+02
2.396748798333640877e+02
2.368628445110757639e+02
2.310695270549435065e+02
2.373281977778074463e+02
2.368658859275102486e+02
2.309694330611355042e+02
2.485825627648369220e+02
2.427050512018718393e+02
2.410326991666342735e+02
2.391745176227203444e+02
2.362305460549379177e+02
2.390089774583408655e+02
2.409133079323908362e+02
2.418166394264912356e+02
2.379975978992798673e+02
2.372616970645975414e+02
2.293560884382281415e+02
2.456371370940940722e+02
2.353574449328727383e+02
2.320288854497096054e+02
2.333558181285144428e+02
2.370538345358586696e+02
2.345137476004228176e+02
2.408835768850900934e+02
2.391768251137480945e+02
2.478595216660051790e+02
2.392726140039022766e+02
2.321725824523794586e+02
2.289377274512124245e+02
2.353028205366807697e+02
2.373273971218998213e+02
2.427938088640057970e+02
2.467718142089057380e+02
2.287186171725702195e+02
2.415651202414435659e+02
2.391368152278623143e+02
2.346202696032880226e+02
2.370370335402003263e+02
2.458998825343514625e+02
2.407160915854496750e+02
2.301475345142243611e+02
2.327503906054162996e+02
2.374709642242943346e+02
2.466506789596451483e+02
2.428908694889622097e+02
2.408479468552014851e+02
2.400495284268728540e+02
2.378809947873240560e+02
2.427438920287625876e+02
2.423622749137245478e+02
2.384979480854080691e+02
2.386241301146577030e+02
2.359418063839118531e+02
2.387208623548498281e+02
2.438312829515190288e+02
2.417044009730745699e+02
2.403038054862135198e+02
2.412306546441501212e+02
2.451999666953855126e+02
2.445420872633781357e+02
2.408233566901619156e+02
2.379449977913998282e+02
2.471424600801025804e+02
2.425057780147574533e+02
2.354610112559005586e+02
2.366398146476653039e+02
2.450374270068684268e+02
2.399680873903507745e+02
2.350653439807783798e+02
2.339402875862752182e+02
2.410253188912097926e+02
2.363629366512181207e+02
2.434556245638749488e+02
2.432333675453046737e+02
2.478810682673112922e+02
2.414127512689343860e+02
2.435750629033548762e+02
2.350664256086265596e+02
2.421139011081163801e+02
2.381364311966168543e+02
2.406508518911918486e+02
2.367580608329193979e+02
2.375327948443098478e+02
2.437560750681657282e+02
2.417276719137316263e+02
2.455699689048055916e+02
2.414673538800718120e+02
2.355532392316476376e+02
2.408199772236891931e+02
2.374428479282758246e+02
2.376186520894041792e+02
2.388887721418252283e+02
2.387478543270378566e+02
2.400517193663697526e+02
2.458964988952423596e+02
2.390241361713764547e+02
2.448459799463032027e+02
2.376507168522377356e+02
2.402638435845618687e+02
2.348110034131145198e+02
2.455923542606298042e+02
2.347112946643142664e+02
2.332894913261424961e+02
2.372987088990493589e+02
2.422538233083091086e+02
2.368194321816425258e+02
2.357337424977330613e+02
2.420128155504595782e+02
2.345348124834115993e+02
2.315656063393908255e+02
2.505048023224935605e+02
2.384076431061551773e+02
2.377710614471184272e+02
2.388792009759259258e+02
2.298814692678318465e+02
2.395431413996807635e+02
2.399654599661992904e+02
2.342536915762262595e+02
2.393527860384166388e+02
2.472073052970125673e+02
2.422611237020335295e+02
2.425105390956464078e+02
2.430765149628196582e+02
2.425393544686715472e+02
2.442704761595809657e+02
2.347568861202854293e+02
2.336889511403300048e+02
2.491723917472478433e+02
2.401032404557330722e+02
2.383773566623277418e+02
2.373882484762071101e+02
2.400052977274721400e+02
2.397465105216911354e+02
2.429349631602804038e+02
2.421009561382061861e+02
2.343151188401496086e+02
2.426142469836928797e+02
2.428521502410650612e+02
2.411386109733956857e+02
2.405017469389057680e+02
2.425898568432580760e+02
2.368019488620832647e+02
2.429995265981400223e+02
2.375433661477438250e+02
2.476809047440389122e+02
2.363254146456320086e+02
2.359394329141003936e+02
2.434196455210417014e+02
2.325337285210555081e+02
2.392827941574312263e+02
2.323798808959882933e+02
2.433144333076268992e+02
2.331435083654530445e+02
2.364350239417953787e+02
2.350844284067029264e+02
2.361666879937463079e+02
2.360680318121458754e+02
2.359674226891446835e+02
2.386549611057595257e+02
2.391581915473431650e+02
2.356712591155127541e+02
2.407909494933934980e+02
2.387601098208650114e+02
2.389125636921926343e+02
2.401516020437811960e+02
2.362756982310158662e+02
2.357101655496551871e+02
2.348980510746247035e+02
2.441412578882482194e+02
2.350157472849172109e+02
2.487119354292702269e+02
2.433396087334681397e+02
2.404111219381150022e+02
2.313856425419028824e+02
2.404144907680153551e+02
2.540504459558191002e+02
2.345658769556662264e+02
2.422439719906490438e+02
2.386839999039301858e+02
2.369618211941683228e+02
2.336295606901408348e+02
2.446879569684054445e+02
2.405279297507123317e+02
2.277617521420144158e+02
2.313982625690771329e+02
2.357825669746368078e+02
2.396171397681214046e+02
2.381388652704199842e+02
2.381794105045620142e+02
2.356598769479878399e+02
2.381836162707701021e+02
2.313845239233929192e+02
2.339677506787933794e+02
2.350491706425447660e+02
2.446226113471050496e+02
2.418584162041224772e+02
2.502866091499903689e+02
2.457136669792943735e+02
2.455867916136296287e+02
2.389922307638371137e+02
2.355230783106266870e+02
2.433708936613628282e+02
2.429361270451349526e+02
2.422650980197261390e+02
2.393753509658571659e+02
2.331785432889581955e+02
2.325051955385893052e+02
2.443400448128264770e+02
2.468536836298656283e+02
2.411412514221124468e+02
2.378556286631217063e+02
2.352469101235974733e+02
2.372645941117611699e+02
2.360171891469873060e+02
2.459919671955321405e+02
2.390619672318167375e+02
2.415433932506296060e+02
2.282850259971913545e+02
2.396672085955975149e+02
2.429209488455572625e+02
2.393975164901077619e+02
2.379616750339001783e+02
2.367005540808766284e+02
2.437107765497028424e+02
2.387244471146193234e+02
2.295899250874277584e+02
2.384750432103673177e+02
2.421503201983623512e+02
2.467220072600025844e+02
2.331304679956782593e+02
2.424138514649634999e+02
2.428336192931580513e+02
2.375013330409085768e+02
2.417107473850979034e+02
2.392325040773559408e+02
2.387932987413152262e+02
2.380408964180608109e+02
2.313550192439276145e+02
2.386666841484147028e+02
2.374334108370683225e+02
2.349309595696961139e+02
2.432131982217707105e+02
2.462605762525719797e+02
2.442309696716357053e+02
2.357837212997362712e+02
2.373323240322378069e+02
2.463385763149684351e+02
2.363937885268249204e+02
2.400822540942380385e+02
2.414667291615237161e+02
2.329740144272808777e+02
2.389209953304116993e+02
2.358650689824992810e+02
2.367125532287557519e+02
2.388333885943641235e+02
2.322640247687907902e+02
2.421699557384847310e+02
2.353717867204150025e+02
2.414159626106943790e+02
2.472463446610491644e+02
2.416041777566424571e+02
2.434346755717153883e+02
2.454317912689664638e+02
2.394694762081918213e+02
2.421290767523985039e+02
2.456630371352933935e+02
2.369091396100878342e+02
2.318562494036086150e+02
2.441944995189725205e+02
2.370332391911211118e+02
2.425144445354578693e+02
2.369081377521088427e+02
2.391476627128874952e+02
2.452161671037453630e+02
2.443341386553333336e+02
2.446200128292351224e+02
2.451117654701413358e+02
2.433001043113642083e+02
2.413114602998972487e+02
2.373825879621489037e+02
2.383411124792416729e+02
2.319335952389243687e+02
2.411572348621124036e+02
2.357519441686679045e+02
2.393544788886827916e+02
2.360486130760612866e+02
2.410942597293016547e+02
2.346587742297470811e+02
2.472174820722902382e+02
2.448731923355105380e+02
2.478283527118589973e+02
2.444867267382645935e+02
2.389027689062696709e+02
2.340802009074565149e+02
2.438252190280383616e+02
2.362013363326757940e+02
2.402263279819877653e+02
2.355773598085570200e+02
2.384901443245935866e+02
2.420601238906890273e+02
2.435558919792348433e+02
2.399546684846546611e+02
2.382848225903736648e+02
2.412097531314758214e+02
2.343118458540541553e+02
2.381502951676642397e+02
2.428233582107851021e+02
2.467522528421368122e+02
2.363710185767868097e+02
2.379238594135889286e+02
2.389882503212449194e+02
2.443851314364943619e+02
2.330804931969838947e+02
2.380082280438994644e+02
2.410173505875911530e+02
2.437056431684355573e+02
2.407328098998020209e+02
2.433210706695635679e+02
2.398147485917667154e+02
2.393505002710166423e+02
2.462769058693897080e+02
2.439002634673181831e+02
2.443834141953121559e+02
2.386567001396998648e+02
2.428297468358929905e+02
2.400016039775113370e+02
2.354927358259853065e+02
2.438281870554979776e+02
2.423259756866783050e+02
2.411152210413518731e+02
2.385371269402766359e+02
2.362384314814068489e+02
2.373268948532731315e+02
2.383882456591543928e+02
2.407275631150714048e+02
2.346235561098547180e+02
2.414299068341742611e+02
2.328438463578762594e+02
2.411382873602133543e+02
2.339865317166141949e+02
2.369515434368020408e+02
2.438452888840950266e+02
2.461965511625022884e+02
2.364505532725186754e+02
2.436747004983847091e+02
2.416684426949796318e+02
2.354572753749337721e+02
2.296241806385986308e+02
2.459142668797218221e+02
2.478944065124961469e+02
2.345558737797624644e+02
2.287519388950253756e+02
2.350308008448822079e+02
2.426639946042335225e+02
2.383973062515140100e+02
2.388515262843519906e+02
2.419545868880285013e+02
2.421189000024110953e+02
2.393489496478077854e+02
2.348424696815825712e+02
2.362644460186394042e+02
2.439798113656624992e+02
2.342279386946152897e+02
2.310218171083862444e+02
2.440694198513731124e+02
2.382239572005104549e+02
2.429669160031652382e+02
2.427305380743052581e+02
2.497626636233853787e+02
2.427606333315824543e+02
2.335578614050472481e+02
2.383484229688324945e+02
2.433997952031087948e+02
2.390396280252196561e+02
2.326958458159702445e+02
2.459050968220415143e+02
2.464669077751591999e+02
2.368869842879368264e+02
2.386534875828198778e+02
2.475650132181164622e+02
2.430384319660933556e+02
2.381918651843306520e+02
2.377802489417318839e+02
2.416095713328812167e+02
2.314388711746958620e+02
2.354476688147029222e+02
2.381481498643419457e+02
2.408593442301024368e+02
2.389745782997801200e+02
2.360720097314818986e+02
2.419817373990553051e+02
2.337518682055637385e+02
2.392100202928628221e+02
2.434107327331614101e+02
2.440541455520743739e+02
2.337384597479363038e+02
2.340390289033138060e+02
2.472177942712510230e+02
2.420966737356992837e+02
2.410210608935625203e+02
2.354008140598912178e+02
2.389003384289752319e+02
2.405460605790566717e+02
2.340536587477346586e+02
2.459177169225715431e+02
2.392375383440933660e+02
2.447951295003715302e+02
2.412569487067877105e+02
2.297991256494914296e+02
2.475976380660625864e+02
2.382196511694261858e+02
2.321030290318365985e+02
2.384727614204721533e+02
2.377813088356134301e+02
2.391099333829608611e+02
2.409837661408798795e+02
2.492207684219605142e+02
2.509759402733916147e+02
2.377394035571745405e+02
2.445226552847955475e+02
2.440561588471125560e+02
2.352071077799726595e+02
2.499494385063909760e+02
2.414445883676527274e+02
2.390446033724728352e+02
2.356940561562207961e+02
2.422023179874086338e+02
2.402062399073876975e+02
2.490773800045338078e+02
2.455266133297356248e+02
2.472990906056866152e+02
2.429480887919710028e+02
2.423074313482343882e+02
2.452637570711580395e+02
2.442955255361371769e+02
2.393836274989695028e+02
2.372208399910105641e+02
2.352359783742840023e+02
2.360574167853873178e+02
2.458797414468880334e+02
2.360163361682503194e+02
2.513678411334881844e+02
2.462922964354788178e+02
2.431232768467183973e+02
2.370452061131791481e+02
2.382651010305438888e+02
2.402347929177589947e+02
2.393352241941934153e+02
2.394871926968381786e+02
2.330817575350662594e+02
2.384161275654956569e+02
2.375151389938638999e+02
2.406237702381446297e+02
2.423671902663918445e+02
2.447206487705129234e+02
2.397747252086055596e+02
2.364721310436299859e+02
2.375510614581421009e+02
2.381460331407552076e+02
2.413006221962239124e+02
2.328052011522877649e+02
2.419534951488532499e+02
2.437245990046518784e+02
2.422680144422905357e+02
2.477584778756972241e+02
2.404400980641943875e+02
2.340205682066243185e+02
2.451911413855593480e+02
2.350019420150656799e+02
2.382607657944414257e+02
2.375672933676959815e+02
2.467448721695534744e+02
2.449438837546952357e+02
2.297882865082820558e+02
2.381955319574646808e+02
2.360861889279168224e+02
2.367155503028859300e+02
2.434944005230272808e+02
2.385156087699230341e+02
2.381391830646351195e+02
2.400737428730232637e+02
2.408919304332067952e+02
2.374744528312469072e+02
2.404139343851367130e+02
2.423806080485301209e+02
2.370071678514738664e+02
2.350908412153459039e+02
2.429601509006571405e+02
2.348779196357443482e+02
2.307136605986925133e+02
2.406918081729050414e+02
2.396981976875250382e+02
2.344926912066965201e+02
2.296630025944877787e+02
2.386292241747268008e+02
2.360094864673404516e+02
2.419101796917645970e+02
2.358563717996450748e+02
2.392250826069513039e+02
2.389275969581472907e+02
2.424582584337137803e+02
2.407940817585478328e+02
2.339404382843462145e+02
2.366206322608537675e+02
2.390522979497347080e+02
2.443831938792392293e+02
2.342162237565896703e+02
2.338300310400986746e+02
2.465865933099067888e+02
2.314494929672680996e+02
2.395572319323419208e+02
2.397552093806517917e+02
2.452701031138727501e+02
2.453292042678589269e+02
2.350095382230395558e+02
2.405030443342352555e+02
2.370821852119795494e+02
2.360505730890719178e+02
2.356151966944523224e+02
2.323133766275423966e+02
2.308017515543654952e+02
2.360746896211250316e+02
2.324388308548682858e+02
2.415162929527998870e+02
2.329496275422659721e+02
2.414815500150976106e+02
2.404856680372013216e+02
2.375026215522889572e+02
2.326861803922805336e+02
2.407962135003495519e+02
2.398443545032072848e+02
2.541759045441101534e+02
2.396890827412750582e+02
2.413587497590035582e+02
2.425377202532208969e+02
2.384663045977942772e+02
2.424971570903813927e+02
2.489758064906621655e+02
2.344655299322531050e+02
2.412843256340388507e+02
2.357604416369911746e+02
2.415251998218654990e+02
2.393710314715756624e+02
2.464164106571831780e+02
2.394860471031156806e+02
2.325486972518083917e+02
2.324841489964524612e+02
2.408852772219829887e+02
2.385295077772817649e+02
2.386446541615387673e+02
2.384819825533234905e+02
2.416272067578871372e+02
2.386231013740552953e+02
2.397762131400454848e+02
2.371490769671451062e+02
2.345637966027277912e+02
2.380067730135532997e+02
2.412382585461397753e+02
2.414521137195395966e+02
2.331783961868068218e+02
2.383335289756711575e+02
2.352498293526391819e+02
2.440961236851167939e+02
2.422745944013180690e+02
2.350621481183989090e+02
2.384761943384619940e+02
2.388911422511660874e+02
2.433536405816774959e+02
2.355986197839754652e+02
2.360422602302973303e+02
2.384437426897101489e+02
2.424247392429140575e+02
2.382219380419816162e+02
2.449107332402198836e+02
2.401615891740697748e+02
2.374265450321829007e+02
2.390585158360441937e+02
2.421944092490566902e+02
2.364904808885985403e+02
2.393146417530976748e+02
2.339610914246364359e+02
2.395476777579125098e+02
2.398790957869305487e+02
2.399311175202844026e+02
2.399302945161465459e+02
2.412080776385753893e+02
2.385206985281790537e+02
2.437633509911481724e+02
2.440270305503196369e+02
2.427087789920105934e+02
2.409288125276742107e+02
2.318097048198374353e+02
2.400349119204152544e+02
2.433883411084604518e+02
2.388960641213341773e+02
2.448279022062587273e+02
2.446685223205240902e+02
2.468034726457873944e+02
2.417874437713817599e+02
2.449389602660231446e+02
2.400420524657404826e+02
2.429722984049862191e+02
2.346165228532713058e+02
2.410476092035234217e+02
2.394833987020082020e+02
2.420927504117320836e+02
2.373281111495740561e+02
2.384814439485948583e+02
2.380769949013661346e+02
2.393509009442303750e+02
2.444092803179419207e+02
2.392986024956963718e+02
2.522918469602794289e+02
2.410838956474365489e+02
2.386010605129085036e+02
2.481558324800873550e+02
2.466190835574174969e+02
2.445587010923809430e+02
2.382971226458142269e+02
2.407197048303623319e+02
2.368563458323279463e+02
2.463271430752686229e+02
2.326318832758582573e+02
2.448092800790796559e+02
2.370935475937757531e+02
2.392443464411469165e+02
2.331026044511797011e+02
2.401253426032098446e+02
2.506506263607531366e+02
2.389570180253164153e+02
2.422009419541511477e+02
2.469139227522606461e+02
2.425541864898385995e+02
2.412777037547391501e+02
2.396244063919041309e+02
2.419468758058893627e+02
2.454501172308398225e+02
2.433365548255275428e+02
2.389656628421384994e+02
2.364610320313532270e+02
2.433979416596158956e+02
2.365957633189297269e+02
2.326575678468755939e+02
2.437630787574635178e+02
2.412743363772987664e+02
2.340486772027465747e+02
2.506252427903964985e+02
2.373485428966160669e+02
2.433353128231152880e+02
2.290289592278553528e+02
2.405496625655682976e+02
2.420878704892519124e+02
2.438608762498957674e+02
2.450669322420403944e+02
2.384579932975177030e+02
2.436779031377852789e+02
2.341077465977280383e+02
2.463293380036375311e+02
2.372011421953604327e+02
2.399624182829888923e+02
2.432110208113828094e+02
2.472589876807450366e+02
2.407618038396483939e+02
2.368802139284240127e+02
2.312820828393695649e+02
2.380045482716117817e+02
2.444017133323407052e+02
2.455937405255669717e+02
2.383108029777112336e+02
2.446519756840340563e+02
2.324441398498887565e+02
2.437711399139464845e+02
2.440788836296462136e+02
2.304222383007472956e+02
2.469338977326667930e+02
2.452246546587669798e+02
2.400907586874189974e+02
2.350082195441475790e+02
2.424888510818673240e+02
2.414197649980307290e+02
2.409545321623914163e+02
2.361007466616843828e+02
2.402499343750123160e+02
2.326250717410873960e+02
2.409085840244243002e+02
2.383978341418832372e+02
2.433899276557028486e+02
2.265854052707147162e+02
2.393636079236098055e+02
2.387750651775895960e+02
2.397752056947217625e+02
2.406980594720830311e+02
2.365799914125071837e+02
2.334608116792148280e+02
2.470199286034241197e+02
2.388952338995970024e+02
2.361343040686138295e+02
2.365737929698162816e+02
2.329938258609971058e+02
2.450728471641072019e+02
2.433306358816399211e+02
2.312089410994508967e+02
2.407627499421883215e+02
2.376687533477101795e+02
2.374547274864896735e+02
2.414048320339666986e+02
2.428981042230501544e+02
2.466340933511537798e+02
2.426811941836531048e+02
2.434780787370790165e+02
2.418702919808060585e+02
2.432623762333874993e+02
2.418899789653462165e+02
2.351163536273802492e+02
2.471912351284941565e+02
2.343215720621159619e+02
2.446829641240167916e+02
2.418072891149964221e+02
2.397661057148097825e+02
2.424023023062231630e+02
2.433467243034646117e+02
2.415425152550029395e+02
2.404828929011566458e+02
2.368093317972191869e+02
2.405213529192824069e+02
2.389550386545720073e+02
2.446740551375425810e+02
2.481217659429077571e+02
2.421400345235539078e+02
2.418487385747573057e+02
2.393953018426853419e+02
2.386874326255511676e+02
2.459440546983595368e+02
2.477400923938558321e+02
2.414941665387630962e+02
2.426580312411444424e+02
2.445119122317422580e+02
2.423149098402892321e+02
2.362894537138895146e+02
2.338441890499765066e+02
2.370948157489099231e+02
2.475087998827962679e+02
2.359544145123224155e+02
2.333035011529850351e+02
2.324407055294516056e+02
2.378856704878568280e+02
2.424532147232028478e+02
2.364232631829471529e+02
2.421474879670412008e+02
2.304103844676023698e+02
2.384961334611298298e+02
2.332333285300489365e+02
2.446421170370289246e+02
2.393795770330403627e+02
2.407176685634546232e+02
2.439206959230219809e+02
2.351247443414050053e+02
2.472099252900989654e+02
2.359259694301739785e+02
2.415614331542825255e+02
2.415279775805517204e+02
2.430997426752931005e+02
2.338543148827084792e+02
2.364243925512618887e+02
2.457465355036518702e+02
2.433988213591947272e+02
2.418289794091782881e+02
2.401952407112818833e+02
2.386656894689340902e+02
2.482188114359540236e+02
2.359992784518976237e+02
2.347533946417753157e+02
2.375888544646738580e+02
2.362206429320935399e+02
2.397468592803855358e+02
2.380348784766563881e+02
2.395105951302747371e+02
2.368203951050355442e+02
2.403371119187094394e+02
2.381009007777306579e+02
2.355167324802403925e+02
2.445117816393609189e+02
2.345047460809912820e+02
2.386066847718812483e+02
2.411407925195795201e+02
2.381292773617960847e+02
2.408894161676068393e+02
2.382623632526897097e+02
2.416673942790701517e+02
2.393773207590059826e+02
2.417277563639283358e+02
2.355343708801165121e+02
2.348575350631858782e+02
2.525514098033055461e+02
2.388613037933249643e+02
2.378688616600903174e+02
2.402843445166721210e+02
2.415871771336699396e+02
2.501090605397513968e+02
2.398585763560151349e+02
2.413468110063019196e+02
2.418285020572563440e+02
2.365969766752549788e+02
2.420208694053771410e+02
2.375852559650225828e+02
2.341203968167559424e+02
2.329000689656192549e+02
2.344137006895254274e+02
2.459027396680476159e+02
2.403231605221277505e+02
2.418357926067414780e+02
2.402276260145695517e+02
2.392472136633121806e+02
2.368587354898682236e+02
2.409639028396318281e+02
2.364591757806136627e+02
2.437452252965049695e+02
2.372363532940350694e+02
2.293897691033991180e+02
2.395304123708884561e+02
2.382551633001932885e+02
2.448942841572265365e+02
2.378512071820989888e+02
2.450130931023307710e+02
2.328573383336806160e+02
2.411064985070144076e+02
2.359122016390393810e+02
2.409298491245625655e+02
2.447844154390308518e+02
2.357742469844780544e+02
2.384100182542348705e+02
2.392949550055529926e+02
2.430567024015473407e+02
2.388564976216912044e+02
2.441777404209089184e+02
2.344767469578867463e+02
2.411233102360053238e+02
2.462256510861515153e+02
2.458839976573626416e+02
2.420327472756490295e+02
2.498980702779030594e+02
2.428117146847075105e+02
2.395285408509592742e+02
2.373796232747361614e+02
2.374432053735403372e+02
2.369959145590734977e+02
2.423336485932772177e+02
2.398096470734396917e+02
2.379913736662510075e+02
2.387091715393376603e+02
2.408628863016571700e+02
2.392286332481711497e+02
2.429767018015739097e+02
2.367923648658506295e+02
2.394781041867490785e+02
2.348142215550478227e+02
2.413907611084009943e+02
2.355249863946158371e+02
2.440133772740393567e+02
2.433966804211770807e+02
2.392172188960032884e+02
2.433870249616399519e+02
2.366023833809920802e+02
2.432390490557522753e+02
2.404415339711268871e+02
2.379644591540240413e+02
2.444114478580155208e+02
2.363568884797489886e+02
2.415137588801682966e+02
2.427674683651254952e+02
2.358468518893731130e+02
2.414195403148323749e+02
2.344596343687338731e+02
2.453681599987745017e+02
2.315946917299524443e+02
2.371794674785008681e+02
2.443159680026134311e+02
2.406392099919264069e+02
2.388205616138311882e+02
2.487526219855423335e+02
2.439973870814612553e+02
2.411616730420655585e+02
2.419916160368159979e+02
2.373282169050633286e+02
2.418040061605688607e+02
2.325375402509887692e+02
2.446323469374397632e+02
2.352814715785231670e+02
2.440436744343305406e+02
2.391568145050531200e+02
2.370281278234444358e+02
2.446780273622871391e+02
2.489789961166711976e+02
2.440163074320952319e+02
2.377364007607870917e+02
2.342840786055653837e+02
2.391951559378565264e+02
2.409510394077567526e+02
2.382955666040520555e+02
2.390948173910563810e+02
2.366482469185592663e+02
2.370823466585178778e+02
2.470860281015347937e+02
2.434024478576280615e+02
2.344902123035541877e+02
2.393970749123770929e+02
2.469083796267806861e+02
2.395230251486914028e+02
2.314785615676929922e+02
2.407420255702928387e+02
2.398145979385903104e+02
2.362355836095128439e+02
2.403365739385937445e+02
2.471277528694636203e+02
2.511300227158383507e+02
2.437640201628974239e+02
2.410345167535515429e+02
2.365292521358929321e+02
2.328588541836897150e+02
2.366413657843401950e+02
2.377922173430628732e+02
2.424888751711502266e+02
2.398394968039318371e+02
2.413553545603151065e+02
2.395203642114815352e+02
2.356181912085210115e+02
2.383249768481585136e+02
2.432376763748312669e+02
2.420355618562605571e+02
2.449329532562535405e+02
2.413926670334338951e+02
2.358432804705727222e+02
2.481337681306801812e+02
2.456866997653561100e+02
2.442176970231859627e+02
2.441052633310519582e+02
2.435777523242205973e+02
2.327915814991164893e+02
2.337920614238195469e+02
2.344946726927937846e+02
2.374441442312738673e+02
2.395139014690644217e+02
2.330257398497843724e+02
2.410884399806257079e+02
2.382764374030993793e+02
2.396899923900427893e+02
2.439968257873953519e+02
2.401391842222591890e+02
2.416059094904740903e+02
2.397454689928950415e+02
2.407986968655683029e+02
2.422145223488305703e+02
2.452538270526358133e+02
2.378567126493265107e+02
2.408201151333237249e+02
2.366514111983098019e+02
2.407139306503703153e+02
2.437830997026967452e+02
2.452075790282759726e+02
2.379864421317937797e+02
2.365097337432600852e+02
2.366613082990425028e+02
2.375817370592349675e+02
2.493511598752461680e+02
2.452462749514823486e+02
