1.127873518744163164e+02
1.160496409289396098e+02
1.127401465432003960e+02
1.174840901886002626e+02
1.159018758697816480e+02
1.174201169354671492e+02
1.136823787710612095e+02
1.064541016108760374e+02
1.113192796741494419e+02
1.136251682519191490e+02
1.125762854187850621e+02
1.125914017850285944e+02
1.091362834436210392e+02
1.208660464849242260e+02
1.061043044655404515e+02
1.105435115772210253e+02
1.069880004414019652e+02
1.122003341625436832e+02
1.166205517744066213e+02
1.141121313333337639e+02
1.100787847422971168e+02
1.148821354644043282e+02
1.081572314778760386e+02
1.125148245315997002e+02
1.118892508598179631e+02
1.049630614661936789e+02
1.128782755138655460e+02
1.141946856537182100e+02
1.151239953305428116e+02
1.162891865820108563e+02
1.137640875350717380e+02
1.154179931357400903e+02
1.118786751225969596e+02
1.139146359178060806e+02
1.182535268480687023e+02
1.143200399572496764e+02
1.097924931593686182e+02
1.135543087802968500e+02
1.148540040826612056e+02
1.169490385530547911e+02
1.133482148586080740e+02
1.148750660677338544e+02
1.144590487724201608e+02
1.149916425158783682e+02
1.147220453911884164e+02
1.164328849886951076e+02
1.112526416851706870e+02
1.121118110957475267e+02
1.085957839746315159e+02
1.047374317366672045e+02
1.120975950952442872e+02
1.154809587996345215e+02
1.109005245486378044e+02
1.152419952578444935e+02
1.080775883298637865e+02
1.097083361095736080e+02
1.153461605521110016e+02
1.105714412071985180e+02
1.148147293274541312e+02
1.156078670430326980e+02
1.130346920565890514e+02
1.101520481714709945e+02
1.184122324836117883e+02
1.135323781550204529e+02
1.105901356259684718e+02
1.136745334619839269e+02
1.090133356285817428e+02
1.099860660433561748e+02
1.040406214209307052e+02
1.202252682625125715e+02
1.163560834503272332e+02
1.158668948914304906e+02
1.164477749030606191e+02
1.103416740795220790e+02
1.104097246434500619e+02
1.129470473854829606e+02
1.115113992557611198e+02
1.136066554182336432e+02
1.112334569106086803e+02
1.140791423512107912e+02
1.139034696460463607e+02
1.160570000497617400e+02
1.152276096211559349e+02
1.114857737182192068e+02
1.132359398763637301e+02
1.126717013414368864e+02
1.083157525771166121e+02
1.155962722894304875e+02
1.096214763750569716e+02
1.104290738368169258e+02
1.121665519992369440e+02
1.221535123951745021e+02
1.099331408920776312e+02
1.109282001931353108e+02
1.108491364492978875e+02
1.114170959200173456e+02
1.105052282663271654e+02
1.090135389843433984e+02
1.094183556112545688e+02
1.153081092317103895e+02
1.089247713011315568e+02
1.146889573935799831e+02
1.166679509221719684e+02
1.143923821670325793e+02
1.181002590691043252e+02
1.140646926319937933e+02
1.172435888715974954e+02
1.127559142842010829e+02
1.188125765718363169e+02
1.179264551270299677e+02
1.107017261762443638e+02
1.220954429141238080e+02
1.133656071914179932e+02
1.112197043111631558e+02
1.116773046755865408e+02
1.100051759973202365e+02
1.103512143396804817e+02
1.154478224128907584e+02
1.099088087734573378e+02
1.163688575629798976e+02
1.141122749583816329e+02
1.116386170662082549e+02
1.111983872317096314e+02
1.122183971729536438e+02
1.203017903137147329e+02
1.125443958860149252e+02
1.126740370120258490e+02
1.148068057067529679e+02
1.116958139502117859e+02
1.099120144346650392e+02
1.087257329611685321e+02
1.124301892450906308e+02
1.063359644173962266e+02
1.144873303604192927e+02
1.136319668572033237e+02
1.146145298806007986e+02
1.147948664205752181e+02
1.150019638774867445e+02
1.147409858545565413e+02
1.177688734512207276e+02
1.056434357706991989e+02
1.104121461241012838e+02
1.084227733001588945e+02
1.145931714312955449e+02
1.097509029327009387e+02
1.088440316210666765e+02
1.112648892752483931e+02
1.170132535299917436e+02
1.110512749836684350e+02
1.196639868517711420e+02
1.082430769548211487e+02
1.155953708803846212e+02
1.131312112395542897e+02
1.142380536792722410e+02
1.183445360381387985e+02
1.159404864634631735e+02
1.169657118646927643e+02
1.194059732360081938e+02
1.176847384332343012e+02
1.085604453492702817e+02
1.097918220806809870e+02
1.104869212635801148e+02
1.057122664750830836e+02
1.138003639329183159e+02
1.186869509222187844e+02
1.111937256544682242e+02
1.167510715461028070e+02
1.152014880300731932e+02
1.089517211020798300e+02
1.102944404792665836e+02
1.144171382939822053e+02
1.104776362380991941e+02
1.081511711827801321e+02
1.095931243161450084e+02
1.137941261625113611e+02
1.172323344200414681e+02
1.064214309182783751e+02
1.160753993982271481e+02
1.111764126128003198e+02
1.071195640545178662e+02
1.047508608715202030e+02
1.126101160394066341e+02
1.146612160408195393e+02
1.141379153114613558e+02
1.133679318000929044e+02
1.158087754009548576e+02
1.114826138614615019e+02
1.097549183113255111e+02
1.190863249067461567e+02
1.141298423397983299e+02
1.057272177341011172e+02
1.102800168698440473e+02
1.104623260371973288e+02
1.174375002248475397e+02
1.096033062261248716e+02
1.165582600755217584e+02
1.069758375555140333e+02
1.125787029145703428e+02
1.146921217715216414e+02
1.120344704947454773e+02
1.117195189629705823e+02
1.097159963842001389e+02
1.120718937802775486e+02
1.142175303359252752e+02
1.050000102550024508e+02
1.062649746129867765e+02
1.163332414699221431e+02
1.210721728767776426e+02
1.120949008268541149e+02
1.134861822285238731e+02
1.169089867675172911e+02
1.184863766065094239e+02
1.182585467144839271e+02
1.174352521097177515e+02
1.130577745589645815e+02
1.121882351032409275e+02
1.167982011589535887e+02
1.198608186859557208e+02
1.141765603851528823e+02
1.089567014818389197e+02
1.186314749246775335e+02
1.083888463595389311e+02
1.123870380384385044e+02
1.120638374110088051e+02
1.141617134055360765e+02
1.149577623185934669e+02
1.114448739422989831e+02
1.154106414134081717e+02
1.087500533334369948e+02
1.081226497053856548e+02
1.112279527169201572e+02
1.179499636226344563e+02
1.121445007785082311e+02
1.183485712974759991e+02
1.116712951495223933e+02
1.112285138120675327e+02
1.131649307337829100e+02
1.133838136576095366e+02
1.091233058637754425e+02
1.045130966675616122e+02
1.168339225139576456e+02
1.187931122052648192e+02
1.087777181527942787e+02
1.183869216931248332e+02
1.157185967003428289e+02
1.112322230999106694e+02
1.061296503088099001e+02
1.101617210762984769e+02
1.141641224975920181e+02
1.155778804861812574e+02
1.132746223096720541e+02
1.095119173570460447e+02
1.104227476358609294e+02
1.143885004717622138e+02
1.151709954083449929e+02
1.165529389008348460e+02
1.118740778181392272e+02
1.175760773848435150e+02
1.066713260650745099e+02
1.108625475906771101e+02
1.091944718842183022e+02
1.133105605293994387e+02
1.092900519151060905e+02
1.184926738628466580e+02
1.096869301551228233e+02
1.080708379131237393e+02
1.114165181640789513e+02
1.152167501073353009e+02
1.128082949628392981e+02
1.095496157946833051e+02
1.130939163277918738e+02
1.111724610017534189e+02
1.075353002033878482e+02
1.099128322131655437e+02
1.066184565969031439e+02
1.180137317934252792e+02
1.108584264646209760e+02
1.140822636879581751e+02
1.155093987106460673e+02
1.133981541899591292e+02
1.104265577831902192e+02
1.205502730157055566e+02
1.139821616056557900e+02
1.218160961795516499e+02
1.181225557306973002e+02
1.103000322793442507e+02
1.094170330262792987e+02
1.131482233063343301e+02
1.105301432781686941e+02
1.114740547456395774e+02
1.160990015110854330e+02
1.180600324453414203e+02
1.126744461046961447e+02
1.114359635209806925e+02
1.108354457264295831e+02
1.087992076719624777e+02
1.125751868050436144e+02
1.110665706412720795e+02
1.149771938318763773e+02
1.172688174324229351e+02
1.119530924633663176e+02
1.141410044529830401e+02
1.136677963600037202e+02
1.140519864050466907e+02
1.118493018069777918e+02
1.123680918824838812e+02
1.149564272818916777e+02
1.140269029429383636e+02
1.097524372504878443e+02
1.086157476207066281e+02
1.187318169999441011e+02
1.152377926028408410e+02
1.146535525650264731e+02
1.153387297859404725e+02
1.128077280226036407e+02
1.116030652553928064e+02
1.123071353000028267e+02
1.135093788304839109e+02
1.136548732868311333e+02
1.113752502543640048e+02
1.189546714498694797e+02
1.127063353972446862e+02
1.150290651582869685e+02
1.099227307763687946e+02
1.114018775424275134e+02
1.138939276554178122e+02
1.134625510283969732e+02
1.112919232955223521e+02
1.113523800582461405e+02
1.114270588899663323e+02
1.135644874416855998e+02
1.074579371420731206e+02
1.081585340179936026e+02
1.134649537550211704e+02
1.114437757358571446e+02
1.109475809818470964e+02
1.134156657929806045e+02
1.115525617335678277e+02
1.142293946449191537e+02
1.145171547624316872e+02
1.131807513623077597e+02
1.133273236891881623e+02
1.102901822656944972e+02
1.149860800564542842e+02
1.097220285400563569e+02
1.126739705753090703e+02
1.093983114831288077e+02
1.089647449118326392e+02
1.135694907715456452e+02
1.133659507331018261e+02
1.165454008699049666e+02
1.126645397898404894e+02
1.125516472667378878e+02
1.090572913431362281e+02
1.110750924590515751e+02
1.104801754159678069e+02
1.105774892071777202e+02
1.159872638360877346e+02
1.114461492525846751e+02
1.095407642943272748e+02
1.135748216116297016e+02
1.138681874813511570e+02
1.136680654319379045e+02
1.117968856337288059e+02
1.074162389558746611e+02
1.103106767963168835e+02
1.144156752190426545e+02
1.107503402998869717e+02
1.124959794747598210e+02
1.187241317111840715e+02
1.126590576187149537e+02
1.119599689108386684e+02
1.089890517970484325e+02
1.163806762082438695e+02
1.195300631328320975e+02
1.174942595786853161e+02
1.205511172132309099e+02
1.213800617633276602e+02
1.100297106706047572e+02
1.088526359104617001e+02
1.178796043518773899e+02
1.125750903410060317e+02
1.184442080370769332e+02
1.126789848960756188e+02
1.108888532018033999e+02
1.214820063725868238e+02
1.082415838869272591e+02
1.117528461833676516e+02
1.125228623281708025e+02
1.119431937086029478e+02
1.136915488091449049e+02
1.145458807082077755e+02
1.154948933940827942e+02
1.125747963460102312e+02
1.165700523993171487e+02
1.186799754502136750e+02
1.064680699470172556e+02
1.142661123598526274e+02
1.136538718904033516e+02
1.156388520817936865e+02
1.101269091672761533e+02
1.104415108437125781e+02
1.174723533090538012e+02
1.073965098590851710e+02
1.138131432955888727e+02
1.087152530369276064e+02
1.069314367084352000e+02
1.141464961513958372e+02
1.166818636378528993e+02
1.155964814980264634e+02
1.081369135145966425e+02
1.135290048702478884e+02
1.120998189820100492e+02
1.177291719697262238e+02
1.098424030307321289e+02
1.116172952915522387e+02
1.173491805816852320e+02
1.155750581120412619e+02
1.173007065964250160e+02
1.173323510751548611e+02
1.143314004528730408e+02
1.132501751689226666e+02
1.106105226078372539e+02
1.132319823996196106e+02
1.081541579833220936e+02
1.193242629863804893e+02
1.118686652646918418e+02
1.117073045402769367e+02
1.138091902655423411e+02
1.179245162541139393e+02
1.140550299270480110e+02
1.135276077050800012e+02
1.118348307497480079e+02
1.122728311126774940e+02
1.129847474449882441e+02
1.128311193126201033e+02
1.143340310726008511e+02
1.139466562665969320e+02
1.117492044340672805e+02
1.117449748725321967e+02
1.166266513556960405e+02
1.098099289063878388e+02
1.146677696127763397e+02
1.136232108869959063e+02
1.129918161525604603e+02
1.161038501461910784e+02
1.142684323030480869e+02
1.128103095291016587e+02
1.109938052389245797e+02
1.166542546744222619e+02
1.191686788591595558e+02
1.158439652665993265e+02
1.097902403538378309e+02
1.180512531369753901e+02
1.075702995918942975e+02
1.114846231176252189e+02
1.123966776367283131e+02
1.146346781436503193e+02
1.101049302588131127e+02
1.129705553360979451e+02
1.139570869369079134e+02
1.133104561674530970e+02
1.131106693952471005e+02
1.121872099891024277e+02
1.096960296824349541e+02
1.160564994459981421e+02
1.102439271313509437e+02
1.149843377068747259e+02
1.152164837462210443e+02
1.107910926756971435e+02
1.160959764965873120e+02
1.105389922538967653e+02
1.167971489839838739e+02
1.142495857828822068e+02
1.163014854024186064e+02
1.121884311536223748e+02
1.133308969301411651e+02
1.136442038283531559e+02
1.086447750131783749e+02
1.121177794791174449e+02
1.090582321301173749e+02
1.151683831485673721e+02
1.136833886789507204e+02
1.087398700666433058e+02
1.153484208502945165e+02
1.040504190798552884e+02
1.109263402285191802e+02
1.092311690991153199e+02
1.043780003685235727e+02
1.136596056197446671e+02
1.157372444954314261e+02
1.124703605337391110e+02
1.152619732365068472e+02
1.099776507843647551e+02
1.102056448686104204e+02
1.133013843359270538e+02
1.135582218047976255e+02
1.174414519081237813e+02
1.126530831511511082e+02
1.136008977670352209e+02
1.215861779022714586e+02
1.078753373693127173e+02
1.105191414237035161e+02
1.120628499469057999e+02
1.108721404774022545e+02
1.101521549459138072e+02
1.097514537742165146e+02
1.166765629228900281e+02
1.080691652086868686e+02
1.080439909559820393e+02
1.180533148093470004e+02
1.159647830492092453e+02
1.173084686610303038e+02
1.189758386009824846e+02
1.167735900338664834e+02
1.160807054983216062e+02
1.127989825754665247e+02
1.091819048412345410e+02
1.138039025441187704e+02
1.170504691834819369e+02
1.115126396038278784e+02
1.133081383235526403e+02
1.153407431956939888e+02
1.162308016187564732e+02
1.174539383878605463e+02
1.052970707504257888e+02
1.111975988325462765e+02
1.125337526707828602e+02
1.180987924052374751e+02
1.122800357837325720e+02
1.160424064289113915e+02
1.149459325107830949e+02
1.135663691185743289e+02
1.122626241416996038e+02
1.162658333017634362e+02
1.137496210050486809e+02
1.173140789839077911e+02
1.112873048880151714e+02
1.130449917449503658e+02
1.064275061914702292e+02
1.153376340769753767e+02
1.119389353816230965e+02
1.114951700765005000e+02
1.127096046728868117e+02
1.163391411135568632e+02
1.179060404986118726e+02
1.096991484388600782e+02
1.105400273620488463e+02
1.158263218196120903e+02
1.070040201202505870e+02
1.056012613405905256e+02
1.072485824162481549e+02
1.166273035275288947e+02
1.153903646643547205e+02
1.092927104175478235e+02
1.102473007452634874e+02
1.124042914914241891e+02
1.178830109596634230e+02
1.136333075863717994e+02
1.151894587653129065e+02
1.176839658694088939e+02
1.125817978401714896e+02
1.122633938623241647e+02
1.155911735083869729e+02
1.117659908373063473e+02
1.150491300895990463e+02
1.132283307202100673e+02
1.125814558312810476e+02
1.146867524588393081e+02
1.122637025377241429e+02
1.156779518610784692e+02
1.131627404425103407e+02
1.121316946319226133e+02
1.170838798355065506e+02
1.135986807373825371e+02
1.164838106156256572e+02
1.134285561828325086e+02
1.150235797168550107e+02
1.063193853864786433e+02
1.040237153130444483e+02
1.114576924105593605e+02
1.116970517605159614e+02
1.109824389288986453e+02
1.111844334704025812e+02
1.148272596899174545e+02
1.119914267421441423e+02
1.114841912302843525e+02
1.137112382913131086e+02
1.100459685891446355e+02
1.133395685987840267e+02
1.159097686718281750e+02
1.081419379520643389e+02
1.140810225073302036e+02
1.160504979160655097e+02
1.149680847680088931e+02
1.165952269063115523e+02
1.117896629931350816e+02
1.075329458798920115e+02
1.123966253787740897e+02
1.136985300922843152e+02
1.130477282770147553e+02
1.186665514950426257e+02
1.087612136865092083e+02
1.077772531907773015e+02
1.158039622558700330e+02
1.130007997864185114e+02
1.142834162702205560e+02
1.146316452597762208e+02
1.136859056578260834e+02
1.146045219092232799e+02
1.189880342678334699e+02
1.126943008371347617e+02
1.160851773443611989e+02
1.140550339642820887e+02
1.160434150104614730e+02
1.120000869350052426e+02
1.162136426528092699e+02
1.077791329244438572e+02
1.141100059888603369e+02
1.163412731739292241e+02
1.126859386407183763e+02
1.194909991451008011e+02
1.162159460806024214e+02
1.157192647520979136e+02
1.180066926574185828e+02
1.100311368464705311e+02
1.168222868479801946e+02
1.072768934769974436e+02
1.132010970699259786e+02
1.156351033815926570e+02
1.180441887858240051e+02
1.139279718358355780e+02
1.123621038419464355e+02
1.144139179147231857e+02
1.112075070427503078e+02
1.091546752418854140e+02
1.178909184544806692e+02
1.140771724709691313e+02
1.206699637458995369e+02
1.139653749471374340e+02
1.202325287359943076e+02
1.150490721823862117e+02
1.142830205031550435e+02
1.124161779765825457e+02
1.209983675798626592e+02
1.104003172078293460e+02
1.148262975134895214e+02
1.133032055176267932e+02
1.131704361494065409e+02
1.125207430767828214e+02
1.066591736235514816e+02
1.135344782275045219e+02
1.173021350271202863e+02
1.107568506803220743e+02
1.180965948862365451e+02
1.088251809768626259e+02
1.095571714458064605e+02
1.055745878467811423e+02
1.177041526238384392e+02
1.171302261601079664e+02
1.055306808074998628e+02
1.227954290609124541e+02
1.070950208654635674e+02
1.130737675274562974e+02
1.120288300171331741e+02
1.067565168475101984e+02
1.051919638182138641e+02
1.156680176549010781e+02
1.116118552614267969e+02
1.103860601749729824e+02
1.152647025434408050e+02
1.130339775017134087e+02
1.151524057429838166e+02
1.157406508852044027e+02
1.129195945487683304e+02
1.173981374760067808e+02
1.090463075783927565e+02
1.122678280987449995e+02
1.155278544595278021e+02
1.170307447801471170e+02
1.129469182265529383e+02
1.130391994971709693e+02
1.094860750198342600e+02
1.150990019988577870e+02
1.132773341257759796e+02
1.174649186570884609e+02
1.117371278714536231e+02
1.080610760399105317e+02
1.147254191298836474e+02
1.112349714327656898e+02
1.128407067351309223e+02
1.163194664637863269e+02
1.150038346997504277e+02
1.176027935906690232e+02
1.161511663123731637e+02
1.080579254524969883e+02
1.085872572524809243e+02
1.133943634212878351e+02
1.150174243234530707e+02
1.160631181808608545e+02
1.073409340587098342e+02
1.141131347980934549e+02
1.122958166034342611e+02
1.092111779183284312e+02
1.145553720927358228e+02
1.115246643647370064e+02
1.196609691190573557e+02
1.149815949072357313e+02
1.071131245352788426e+02
1.111281370434653581e+02
1.123212525029605189e+02
1.173169965456066137e+02
1.133560156774748009e+02
1.109694840228846004e+02
1.085885515059819397e+02
1.156224889144745731e+02
1.128341493052785438e+02
1.168190318786195689e+02
1.114939348684516887e+02
1.107648607417874160e+02
1.158426053050779529e+02
1.034563683202375159e+02
1.170175362380892494e+02
1.124836101881756321e+02
1.106737482960757006e+02
1.155530835926445690e+02
1.136255507509439440e+02
1.170159269161970172e+02
1.154782729106353116e+02
1.145926995550054244e+02
1.063914748133332608e+02
1.136160432169662329e+02
1.117006042482722137e+02
1.094605276570331256e+02
1.173937362395098489e+02
1.170071397643586124e+02
1.139974763242221911e+02
1.130495902569239917e+02
1.118567325212373476e+02
1.077728300364964156e+02
1.098788338123624015e+02
1.114525906053246302e+02
1.180950826422598823e+02
1.124810674052472166e+02
1.149409159336742761e+02
1.122841973451862572e+02
1.150692165602728778e+02
1.141007560779927132e+02
1.198797047243975271e+02
1.126123821253456896e+02
1.151737920007263511e+02
1.139723535600642492e+02
1.061869254659642081e+02
1.167440977661233603e+02
1.136180755070057700e+02
1.114006749653774335e+02
1.068176452213789531e+02
1.130946223382159985e+02
1.158176946249554646e+02
1.138769483958520681e+02
1.169502418693664083e+02
1.075938563483146879e+02
1.072838930309756904e+02
1.132430478276609449e+02
1.163625512636305075e+02
1.141825203374854709e+02
1.144986153931644850e+02
1.176280178405798864e+02
1.180493779077287257e+02
1.098165576858741019e+02
1.187781398338373293e+02
1.127609653557450002e+02
1.161870637177465397e+02
1.177745864745045878e+02
1.132914026417597313e+02
1.128218152330835125e+02
1.125101423442132500e+02
1.172069385432939725e+02
1.134808966718188259e+02
1.096626801011855292e+02
1.094410992661449313e+02
1.127128429211574883e+02
1.174806767963540324e+02
1.128325158453142194e+02
1.124017062922476669e+02
1.074918851952175913e+02
1.133626575734229647e+02
1.178792717799504715e+02
1.143388477093092206e+02
1.108350053482851933e+02
1.173293846167907901e+02
1.056701521000984343e+02
1.144430921155121865e+02
1.088440936140573854e+02
1.112106114211285046e+02
1.084739046668801734e+02
1.132278234513670725e+02
1.140612410080045009e+02
1.094423628257711840e+02
1.099364984438826269e+02
1.131880807834146765e+02
1.141705630802480727e+02
1.123902949562276063e+02
1.164372828319616389e+02
1.162710202031593383e+02
1.140990794662762369e+02
1.155647752741180483e+02
1.181001523742817625e+02
1.106182158543743697e+02
1.197661284287575114e+02
1.162400654652965102e+02
1.081035998217095369e+02
1.156440400990212538e+02
1.156272018582562708e+02
1.157437977766001325e+02
1.132120799684679326e+02
1.150320057522750687e+02
1.145424820397807650e+02
1.107681951613694622e+02
1.106280832664373861e+02
1.085315836397872431e+02
1.163289890762364820e+02
1.110857910031983664e+02
1.099556990124847005e+02
1.063838503642437558e+02
1.213712883917800553e+02
1.161947028004796181e+02
1.086427027262384968e+02
1.117112416643763879e+02
1.112434804475597190e+02
1.106295295569632913e+02
1.137346839786203532e+02
1.126309097972591218e+02
1.169737318993025212e+02
1.097788739935345745e+02
1.122025357551067941e+02
1.153876894685721055e+02
1.126657813842792564e+02
1.157993937135479143e+02
1.102779784383037054e+02
1.105113967277115563e+02
1.140701719187152179e+02
1.077574836771471922e+02
1.144551017654447236e+02
1.168390849221342478e+02
1.174197162995175461e+02
1.105495014692215960e+02
1.123837169635738320e+02
1.047738712341424332e+02
1.127994717688307134e+02
1.128109930179337255e+02
1.123934364383315767e+02
1.135885292731348244e+02
1.204081515788665087e+02
1.137704106461082887e+02
1.161474344718248943e+02
1.092022829659656793e+02
1.185473821574645825e+02
1.101949871957305618e+02
1.058548630083901543e+02
1.201418756152144027e+02
1.058474439583022075e+02
1.134903977115982059e+02
1.084410224326006187e+02
1.115672490356593016e+02
1.146027666116108890e+02
1.098828614929509939e+02
1.119869100047751544e+02
1.182084150819760708e+02
1.159469452668652139e+02
1.102903843115648357e+02
1.165879747573623462e+02
1.173599225297936925e+02
1.100162422660331600e+02
1.139246870993023037e+02
1.173513299399117926e+02
1.146060821247402117e+02
1.078313652573695833e+02
1.116305580083620157e+02
1.092755828550965447e+02
1.103481305924371725e+02
1.137456427796008427e+02
1.167894893582077600e+02
1.088062412099388183e+02
1.174901102165721056e+02
1.112285689945075262e+02
1.170171499101083299e+02
1.096504541867797116e+02
1.128881434290693448e+02
1.140447066792725650e+02
1.124144496823812887e+02
1.161775454303181334e+02
1.139210291731620543e+02
1.055071347970661719e+02
1.073946108454810116e+02
1.123540114160589809e+02
1.133866688724236269e+02
1.194772642918304655e+02
1.068161724399000292e+02
1.084117708482628473e+02
1.079873519143264531e+02
1.125542995399889747e+02
1.165558927172546504e+02
1.104505907144477277e+02
1.150975323863374342e+02
1.123047302588159653e+02
1.151990755650584219e+02
1.151145039912024544e+02
1.136403959747941741e+02
1.125073418164430450e+02
1.139184118533462140e+02
1.067117682014427373e+02
1.109878796977387196e+02
1.152263520252369204e+02
1.115127627054671393e+02
1.166654089584761351e+02
1.117053151118445697e+02
1.147276179601761612e+02
1.110491810964932142e+02
1.141464612906608664e+02
1.093767587292824004e+02
1.162411638873997646e+02
1.131263764107991108e+02
1.161001344446368790e+02
1.141448904641016355e+02
1.140700406206101007e+02
1.110043739330256329e+02
1.093062815568259936e+02
1.127656702830256421e+02
1.090747847376283772e+02
1.096323971730049180e+02
1.104678447837780908e+02
1.161057793609304696e+02
1.103325133844210342e+02
1.083225362137224153e+02
1.146445944496601470e+02
1.094504968939960889e+02
1.124430215455617628e+02
1.118373744044002649e+02
1.101225210069166991e+02
1.091342433685677804e+02
1.092159510674476337e+02
1.154538954161566977e+02
1.183985786734717749e+02
1.115300326088525935e+02
1.114586516477035474e+02
1.156493404215343901e+02
1.150327219424812455e+02
1.173067726198612633e+02
1.152828898538299285e+02
1.119964761502207153e+02
1.128941258968412740e+02
1.144057813943355058e+02
1.090219417876308370e+02
1.121324333759026501e+02
1.116842527851119513e+02
1.096859543204550675e+02
1.114320380071229266e+02
1.176128214030770494e+02
1.135389074632860797e+02
1.151883395459281303e+02
1.089357057337528261e+02
1.113575569381093828e+02
1.178898751834339436e+02
1.061039532342009437e+02
1.129642743384321051e+02
1.143010277245406741e+02
1.080798498268227235e+02
1.121654921238065157e+02
1.150085478601354509e+02
1.137173095152309088e+02
1.161204970584994101e+02
1.081040973419279254e+02
1.120552775154623362e+02
1.124032971492794388e+02
1.165655325949513497e+02
1.088689682262668157e+02
1.143388465580065656e+02
1.131104977092037274e+02
1.087760158917212152e+02
1.226474307406028856e+02
1.090021222031378301e+02
1.094582298788788535e+02
1.136834055804483086e+02
1.158253238792348014e+02
1.128526154076968027e+02
1.204198470358047928e+02
1.141713338921220782e+02
1.176005599371299866e+02
1.152922528894194301e+02
1.182811328956353520e+02
1.123474112848971629e+02
1.139914891186691790e+02
1.149983319680300156e+02
1.163366269790079457e+02
1.176362949414936168e+02
1.109033607350191488e+02
1.136657225607839194e+02
1.152862211230619636e+02
1.135471448814573563e+02
