1.466315665100723038e+02
1.430231670931365500e+02
1.468823536724228518e+02
1.439738821915534857e+02
1.489937437862508602e+02
1.523915441973663292e+02
1.476240604306113369e+02
1.435489550261032718e+02
1.443436380250039974e+02
1.446730497890710865e+02
1.407709861661784601e+02
1.418603844543683294e+02
1.436940154928820448e+02
1.482830946314909681e+02
1.542786457454162417e+02
1.497198096228483450e+02
1.472563811160569003e+02
1.439129844013909860e+02
1.445085195238740710e+02
1.476921811073743527e+02
1.446422477998028455e+02
1.469803405999372501e+02
1.463685076703501977e+02
1.469722438369418001e+02
1.428019725923277576e+02
1.454697883880886025e+02
1.424103424785996879e+02
1.442881461386707258e+02
1.473359663086410478e+02
1.504095219290860541e+02
1.446216492993782765e+02
1.423838588477189830e+02
1.481736195637572848e+02
1.484668646472274816e+02
1.466926795429292270e+02
1.476241582281133446e+02
1.446298343557890860e+02
1.525198704856668996e+02
1.427262399607907355e+02
1.469093587895701489e+02
1.424717298759047139e+02
1.427946314874469920e+02
1.478434526144378367e+02
1.471938745278888234e+02
1.472052941807770026e+02
1.435735772454240475e+02
1.494234891906149869e+02
1.414103792887511588e+02
1.460489298982927835e+02
1.465653411545914366e+02
1.485001834216135705e+02
1.477206375153507167e+02
1.439093362692998994e+02
1.464488528803142060e+02
1.487154069656452009e+02
1.472578456677174188e+02
1.500332747163569422e+02
1.443347406322579332e+02
1.491197807131502771e+02
1.458700862391410737e+02
1.390062800770654405e+02
1.460800865933297530e+02
1.503845533081742474e+02
1.545600771798752078e+02
1.486988800066726810e+02
1.464825084982205965e+02
1.457195303753110807e+02
1.415627274611275084e+02
1.531571368253798369e+02
1.451624082285644874e+02
1.449557928892395466e+02
1.456902370865465457e+02
1.457463775124345773e+02
1.490697178810342791e+02
1.449852641413102958e+02
1.486856409600235907e+02
1.427963006329699169e+02
1.453939632281885395e+02
1.485112488937986370e+02
1.437315358393386475e+02
1.529396170937279749e+02
1.465963905045532840e+02
1.464050979038874516e+02
1.454663665239900183e+02
1.484140120315313993e+02
1.458111878070191096e+02
1.451644805990636371e+02
1.456085698372837669e+02
1.481249242163140991e+02
1.457917702033928720e+02
1.523112250944198536e+02
1.445484991698751287e+02
1.499109405418369931e+02
1.501946761075288634e+02
1.449284294991987281e+02
1.438434280565804215e+02
1.506098645654578547e+02
1.470732576814208983e+02
1.455979032251074159e+02
1.489637479012301355e+02
1.495105159515848356e+02
1.457535710840201943e+02
1.515739985458861270e+02
1.488923613878828007e+02
1.525808550512430770e+02
1.429079216789064333e+02
1.514729896747513749e+02
1.502812163993965839e+02
1.492994028030328764e+02
1.472100933416951705e+02
1.484997344850275454e+02
1.471100827505067912e+02
1.474290936677993216e+02
1.507609860661435732e+02
1.466002251648650372e+02
1.451052065611370949e+02
1.500088078951072532e+02
1.439214605327628647e+02
1.414723176750310927e+02
1.483594040620883447e+02
1.508567235656421701e+02
1.519172245058727526e+02
1.459088812132302735e+02
1.420477764744834985e+02
1.405494310955557467e+02
1.480073007704806685e+02
1.522145795126769485e+02
1.466460579973170297e+02
1.457123688464331792e+02
1.502488679301563650e+02
1.477176821682809305e+02
1.461396836373354233e+02
1.417609761889546860e+02
1.442288924551541243e+02
1.496021668712333508e+02
1.505920193664157125e+02
1.465940733506687081e+02
1.510555608311341871e+02
1.417967361594015756e+02
1.459623478893209665e+02
1.469144187577418279e+02
1.474420165001176031e+02
1.455471052870981623e+02
1.498498301418015615e+02
1.475508845516694123e+02
1.449931525641828500e+02
1.475738800131310882e+02
1.465117722090127188e+02
1.462386218833608496e+02
1.451441355933846751e+02
1.498733002789244608e+02
1.478680044376448564e+02
1.480345757606526149e+02
1.493778753548434395e+02
1.448602296476153981e+02
1.428057928831240133e+02
1.445850004052329894e+02
1.468834229379470742e+02
1.474910783269224623e+02
1.408571986637273596e+02
1.465560239473464605e+02
1.467068055156722153e+02
1.480364020197324635e+02
1.457452436511916574e+02
1.463927232595565613e+02
1.488693197780299897e+02
1.452163318944691923e+02
1.487406622964582255e+02
1.450272997749262345e+02
1.467360441776164350e+02
1.458871229313483013e+02
1.474449882052483360e+02
1.499501418681389566e+02
1.523838213593553235e+02
1.439687903786907270e+02
1.487723223970583035e+02
1.438356983611894293e+02
1.441994550837862903e+02
1.498608241493183755e+02
1.449342436565634102e+02
1.502354747232240300e+02
1.472533407792095659e+02
1.449197013203134929e+02
1.401858408578911224e+02
1.475643547106858193e+02
1.441474265766607630e+02
1.459225838208961932e+02
1.518720233813514540e+02
1.449109428779632083e+02
1.473117288665211504e+02
1.422082205018615753e+02
1.497273357978857575e+02
1.431941738371589850e+02
1.469544255525787548e+02
1.418223434861564556e+02
1.491316417026497447e+02
1.450708335868025927e+02
1.510457297972056381e+02
1.536627518653665163e+02
1.457339408831794003e+02
1.466664553660142758e+02
1.457235474113622615e+02
1.484054650595493285e+02
1.527182173186837986e+02
1.455483772530385806e+02
1.464548005629242198e+02
1.430003921852132294e+02
1.474632346481126604e+02
1.444961655150038666e+02
1.474433393013447642e+02
1.465483045693459303e+02
1.528324461047350269e+02
1.489113646373016593e+02
1.506900348528127438e+02
1.482984543983020558e+02
1.467697325274129696e+02
1.433977847909101229e+02
1.506357202893307772e+02
1.459011480665089096e+02
1.475841033521248846e+02
1.473939004394633230e+02
1.470658900067473667e+02
1.462612888029636622e+02
1.466632849979804405e+02
1.452939097079119222e+02
1.493383320639242413e+02
1.450741849294022927e+02
1.460265406994166710e+02
1.466917867918160425e+02
1.497907650789725267e+02
1.427118603578652483e+02
1.505586448680303988e+02
1.531103339917400774e+02
1.412907382671158132e+02
1.508016357968045327e+02
1.445376875064129081e+02
1.434092163277905740e+02
1.452089715694318386e+02
1.434812076508152359e+02
1.490448745248525313e+02
1.477753903688789023e+02
1.459505166815442010e+02
1.462072403776626572e+02
1.412995434059971842e+02
1.491979268385969419e+02
1.463430889256678142e+02
1.483158315555232321e+02
1.491214359165626888e+02
1.474257360106905992e+02
1.473357298396916804e+02
1.501486262615653686e+02
1.463126802570198208e+02
1.465855465369621129e+02
1.470352549600004295e+02
1.450923310299987179e+02
1.451118085600247980e+02
1.447451154344404358e+02
1.467254501730536163e+02
1.458710647622527290e+02
1.464940952783720718e+02
1.473148907649212163e+02
1.488938954972502984e+02
1.431537642303495943e+02
1.472441290617575760e+02
1.400490982003988449e+02
1.496775412699292929e+02
1.460477124344890285e+02
1.494672164793831257e+02
1.447477754573961306e+02
1.460565049312047847e+02
1.424465667827261655e+02
1.450686314449587542e+02
1.494697442820647382e+02
1.443511197528918899e+02
1.476527486807591174e+02
1.438349068453953521e+02
1.471924940415813410e+02
1.448456794127128546e+02
1.440153778888961824e+02
1.439015164178822772e+02
1.424020743472192123e+02
1.488173134184276876e+02
1.466642143172888666e+02
1.479933731535886068e+02
1.460071255361389149e+02
1.506875851017005914e+02
1.476792356707095450e+02
1.438842017357635541e+02
1.507890021622060601e+02
1.454313790091777037e+02
1.490931028847927280e+02
1.485942166325288838e+02
1.442490739728345659e+02
1.461109798406735933e+02
1.445205026844379290e+02
1.447406276673604566e+02
1.491253455367882736e+02
1.483947620883969023e+02
1.502557662115712560e+02
1.431554179849258901e+02
1.430996321409431289e+02
1.422195185748344102e+02
1.473639064856313610e+02
1.474172968534155359e+02
1.470436738053685133e+02
1.467771921896755600e+02
1.509315016125073043e+02
1.519480167943412994e+02
1.433302518405292290e+02
1.470200428924136133e+02
1.435814435144616255e+02
1.498539440219730068e+02
1.440030502918838522e+02
1.477996290750383537e+02
1.425013025980809687e+02
1.476585897622535981e+02
1.397094975495556923e+02
1.431848000277356618e+02
1.454954020475591960e+02
1.448234530615013966e+02
1.489205010222192129e+02
1.520638458705495282e+02
1.460542538583182477e+02
1.446904958468153097e+02
1.478607242294972934e+02
1.441070307468774274e+02
1.425463934439455613e+02
1.483015150946027916e+02
1.463841073399617869e+02
1.490670053834828934e+02
1.528288684462950755e+02
1.485780036279112721e+02
1.436684919144913124e+02
1.435303489023315819e+02
1.436823044361728137e+02
1.445662916809120020e+02
1.425461028394310858e+02
1.429431882188675615e+02
1.524819337897595233e+02
1.486431223199417957e+02
1.500166881473474803e+02
1.461655517235425634e+02
1.510668356568109516e+02
1.449460733409026147e+02
1.496679698688159306e+02
1.439663447283174662e+02
1.464855460489625330e+02
1.460158030803858082e+02
1.447103167062421676e+02
1.462441462939840733e+02
1.410820894420739364e+02
1.505628930381392081e+02
1.464513281916608776e+02
1.492208353675472949e+02
1.430623979041766347e+02
1.442193646610357405e+02
1.417907747616228846e+02
1.444377707088084151e+02
1.477487088699209039e+02
1.526139363051926239e+02
1.481120094860612824e+02
1.422341702763923763e+02
1.472082954751500665e+02
1.463930977610303898e+02
1.458491874187407689e+02
1.464127997502883716e+02
1.453938538442404536e+02
1.501663317857018285e+02
1.470259217334496782e+02
1.482908703032340156e+02
1.443608195570545831e+02
1.456115656214732894e+02
1.495144347266678153e+02
1.518746386981393073e+02
1.540351186373539747e+02
1.505921809976492227e+02
1.451287891316384844e+02
1.509397001397398412e+02
1.482083559663113874e+02
1.529139378967446987e+02
1.467562448417026530e+02
1.506587917894657096e+02
1.465976870768883202e+02
1.473100545151843903e+02
1.517312372515634706e+02
1.480169746522953460e+02
1.452440474557884897e+02
1.513785354366654019e+02
1.469787102827359035e+02
1.461368490561067972e+02
1.506925926321554243e+02
1.471119312113317790e+02
1.432497522296798422e+02
1.485154692996489416e+02
1.453930928284915751e+02
1.464058506701130682e+02
1.497516847582310788e+02
1.478737223940952106e+02
1.527707400950750127e+02
1.437490107020664709e+02
1.453231946974200355e+02
1.512189213455921504e+02
1.470957643055778590e+02
1.483641056433177710e+02
1.412772825490402511e+02
1.476899938739381355e+02
1.444560594127826789e+02
1.456421309813213156e+02
1.501469231076326025e+02
1.439365070179721613e+02
1.444288241911729358e+02
1.451417424438084822e+02
1.460816151967518124e+02
1.465371898475927424e+02
1.426631201161116280e+02
1.483346527924606733e+02
1.463764635277399293e+02
1.502163338835739239e+02
1.438838870241408472e+02
1.475035125530980338e+02
1.515956081941045284e+02
1.467162674148509041e+02
1.493755791077585116e+02
1.418996017337190381e+02
1.466760208027968133e+02
1.427291226664881947e+02
1.522981407455108069e+02
1.488035716759124512e+02
1.424936933688414626e+02
1.501224877698859643e+02
1.458612912019572150e+02
1.423940022004861987e+02
1.487598996516406373e+02
1.470567677053707882e+02
1.502505519658532194e+02
1.427201398558649146e+02
1.443961799935497936e+02
1.471040677031918733e+02
1.422484328572012942e+02
1.525126513914956945e+02
1.470551037322128423e+02
1.471877231191794522e+02
1.452336165544345477e+02
1.482936033477702722e+02
1.508322027613699845e+02
1.416118028834488030e+02
1.468989042947530663e+02
1.453400008686359115e+02
1.429170452489312027e+02
1.481139095014277700e+02
1.448135443246028160e+02
1.472136626399936574e+02
1.486453648123824109e+02
1.479489077108880792e+02
1.397094576663190253e+02
1.473668030436106733e+02
1.441140772015502876e+02
1.507211324272703905e+02
1.509776453458920003e+02
1.481068803559379035e+02
1.467123441312003536e+02
1.519303462259481421e+02
1.504589510552861213e+02
1.478960761730650120e+02
1.478821151485882979e+02
1.474458233056176084e+02
1.451821266288915808e+02
1.468805884174036294e+02
1.472207909188431358e+02
1.505367933903750952e+02
1.418958240426840405e+02
1.439048516337133776e+02
1.507624017844705406e+02
1.451722558032764141e+02
1.454549886321422321e+02
1.420277549409207438e+02
1.426932121317856854e+02
1.476493984302064462e+02
1.456684584786154346e+02
1.493756191288066759e+02
1.479433275304841118e+02
1.464845359149408353e+02
1.472288571117620393e+02
1.486625293938713526e+02
1.473977189495586515e+02
1.489404780987021013e+02
1.494404078854361160e+02
1.441652964856667722e+02
1.474538024058107908e+02
1.418391896463705564e+02
1.446737144912825386e+02
1.496909119074674095e+02
1.500508387766081171e+02
1.441944778117524777e+02
1.474253158701103814e+02
1.497486464695109589e+02
1.471064519271507152e+02
1.468412868438502414e+02
1.461092308515841296e+02
1.436778672375265558e+02
1.443889715478560731e+02
1.474006550460370022e+02
1.475664424357717905e+02
1.518432719146591694e+02
1.511435196591164356e+02
1.436221027100437482e+02
1.465043184803390943e+02
1.392934871085230384e+02
1.510635229102628898e+02
1.503136862755084735e+02
1.460066086628272046e+02
1.487423249694923868e+02
1.468691317600373907e+02
1.421879096686097625e+02
1.463959492296586973e+02
1.444381410049649617e+02
1.466279590174825671e+02
1.441300432525054589e+02
1.436138026265610392e+02
1.448003080282122710e+02
1.486897738874507695e+02
1.538331895907771241e+02
1.461388056373243103e+02
1.522258291165876187e+02
1.432358405042754725e+02
1.482471920820829325e+02
1.519950058648834670e+02
1.465759541271601165e+02
1.480917559410287652e+02
1.444495769377647321e+02
1.458439504426045801e+02
1.480444870914992350e+02
1.447005955005494684e+02
1.466448234813613851e+02
1.474800034141684080e+02
1.404921474615204033e+02
1.531227189214651219e+02
1.451226957502699406e+02
1.466027522730355486e+02
1.497490139098445070e+02
1.472631571516524787e+02
1.471785914008723921e+02
1.463495595485168792e+02
1.507792101503308402e+02
1.450639209266645366e+02
1.434927505647997350e+02
1.404402457483010664e+02
1.526614459492572848e+02
1.433385086231921264e+02
1.489464176342967505e+02
1.414691698717101076e+02
1.501574006800773020e+02
1.525929523339914624e+02
1.486584788660565835e+02
1.505629530664248534e+02
1.416927387173217028e+02
1.439311005075004459e+02
1.476075751147515405e+02
1.508285449269713752e+02
1.478953260673269199e+02
1.501605797028258280e+02
1.492450786938914291e+02
1.426794245553508347e+02
1.472220808922228912e+02
1.500563907085033009e+02
1.472830576923087449e+02
1.452924580986557430e+02
1.416675931696651674e+02
1.461582238907560054e+02
1.490172740363877608e+02
1.436787261882750215e+02
1.490316843585260358e+02
1.450585147731181621e+02
1.444751695418818258e+02
1.487072418120221187e+02
1.448114654712565255e+02
1.515543905891645409e+02
1.449519342119502028e+02
1.509365757557576728e+02
1.444064122632507861e+02
1.478504849335114102e+02
1.425900778694310986e+02
1.435102285837831744e+02
1.433778587516663379e+02
1.447192039790575961e+02
1.520235220093554460e+02
1.508969173717350429e+02
1.472378701374512104e+02
1.482106318742951316e+02
1.468116732023557063e+02
1.438340827721228266e+02
1.471123783039257660e+02
1.447385503001081872e+02
1.471710649867906113e+02
1.437601512943807904e+02
1.450935098711186413e+02
1.447249675925978352e+02
1.429918740854547821e+02
1.489443755220545995e+02
1.483581860355954234e+02
1.428906039187408794e+02
1.473178682674726474e+02
1.454019228734748594e+02
1.425919895177021886e+02
1.476100354213801324e+02
1.453172085899039416e+02
1.485965691435844747e+02
1.413908553537303305e+02
1.441995411459196532e+02
1.453504223859338254e+02
1.457002614386025812e+02
1.436251446133935019e+02
1.474106105136596057e+02
1.417413818119768223e+02
1.479611491245746606e+02
1.469973680787028343e+02
1.463733699114056037e+02
1.458400901227549298e+02
1.468049778390537199e+02
1.469426307356496579e+02
1.511247348615655710e+02
1.466469315051999445e+02
1.443936335515914777e+02
1.503369164274775187e+02
1.441273396126845512e+02
1.460280568464446844e+02
1.437915201394596920e+02
1.460291058994090463e+02
1.469529613271496089e+02
1.455345311910118369e+02
1.494060147464050772e+02
1.495168284513027004e+02
1.469921770183032947e+02
1.466257889612171255e+02
1.497246914123726640e+02
1.477071237992709882e+02
1.392840134727431405e+02
1.452693031609926493e+02
1.504364287807655671e+02
1.485265702522528670e+02
1.414913509032826084e+02
1.480756652187312454e+02
1.502516477011675136e+02
1.439919083002020272e+02
1.486704711769373262e+02
1.507234013393272107e+02
1.444397992411541622e+02
1.424642648110957452e+02
1.485795322955073630e+02
1.454414215826064094e+02
1.451759665308361775e+02
1.469094591553719908e+02
1.453553444155173509e+02
1.508143614898025078e+02
1.470213783148371647e+02
1.516996445638496596e+02
1.435038593937921405e+02
1.519296245941032737e+02
1.452469639195677189e+02
1.451720704468992835e+02
1.441083358322603942e+02
1.413727146955378373e+02
1.439589680002946750e+02
1.457843358845492787e+02
1.496968400334435785e+02
1.485675737816501680e+02
1.431142925552337317e+02
1.461317856947881353e+02
1.519612062698064676e+02
1.437277437960813415e+02
1.448752137834264317e+02
1.519704834725646094e+02
1.504588992759257451e+02
1.487924312450285527e+02
1.480498014914962539e+02
1.463133227082942653e+02
1.456078337748883769e+02
1.489192711316066209e+02
1.481611643561435301e+02
1.504936460098402904e+02
1.478659171257894798e+02
1.498312841945206628e+02
1.458513722750033992e+02
1.523873177195086441e+02
1.462414400337643485e+02
1.449655195610179703e+02
1.508001356112759481e+02
1.478797891377212466e+02
1.445655792436789682e+02
1.487202754121460941e+02
1.432083427513737206e+02
1.471526865433806393e+02
1.501201759702900063e+02
1.488289238264738401e+02
1.509347025846807639e+02
1.406473592951475382e+02
1.454288423547953357e+02
1.484346510645013666e+02
1.467296868709116495e+02
1.466761590370343811e+02
1.417052224786806107e+02
1.439357990161300336e+02
1.508680208272076868e+02
1.435339252493994593e+02
1.461703167464343949e+02
1.472587702355161809e+02
1.491763906165540448e+02
1.488925893824878131e+02
1.498101695658104404e+02
1.470126659607757631e+02
1.489397261558063690e+02
1.428529703881317801e+02
1.495521983253649410e+02
1.392306910045308257e+02
1.455773758974649184e+02
1.558649130520288111e+02
1.543664960549853902e+02
1.503823884489271734e+02
1.506260182264958019e+02
1.475745958585040967e+02
1.452198557326751143e+02
1.460891923795756782e+02
1.479171042655494546e+02
1.477405946008495903e+02
1.507346134221514831e+02
1.491742819662783006e+02
1.488637141731857696e+02
1.496316857650976431e+02
1.459902206725687392e+02
1.468350372774589800e+02
1.480414823367651422e+02
1.429149894864340524e+02
1.474236417424379226e+02
1.438255944182551502e+02
1.475480042297604939e+02
1.503756827498254438e+02
1.470894530503834403e+02
1.490106368591906403e+02
1.476860968887022807e+02
1.488527357083569882e+02
1.471681820567502541e+02
1.403437527296904648e+02
1.467258136359502032e+02
1.464990140911386902e+02
1.452704663043048186e+02
1.495331074442192403e+02
1.441814821777487055e+02
1.508787362188647023e+02
1.441544690961628987e+02
1.427373192012703100e+02
1.423617497209685894e+02
1.458288456740281163e+02
1.463897875851358492e+02
1.465132211207464081e+02
1.508641112772819497e+02
1.441479354482976305e+02
1.518011548312432240e+02
1.500330881931519684e+02
1.448560859315628875e+02
1.461517314965670096e+02
1.478164173715258869e+02
1.526845370744848083e+02
1.488991244741303603e+02
1.485730943061681728e+02
1.454765482309631750e+02
1.501590846947090085e+02
1.507408444309546667e+02
1.452823585872624790e+02
1.472039720204512605e+02
1.467050121669365979e+02
1.488463006639152582e+02
1.461056474417525806e+02
1.466641864291900959e+02
1.473099612387085529e+02
1.526731391298755796e+02
1.433400674248462963e+02
1.465093374810876412e+02
1.427384387907679013e+02
1.459118534119149047e+02
1.474092264541037309e+02
1.489215002541720310e+02
1.509554398446751122e+02
1.494243647077321100e+02
1.440928826340827413e+02
1.481933684627684613e+02
1.427578987755984770e+02
1.491056220875128986e+02
1.396302660254243619e+02
1.476167976819380954e+02
1.480758078311900761e+02
1.512869458159168232e+02
1.455560840455355844e+02
1.455902074193923852e+02
1.466968128932287811e+02
1.444337959464259313e+02
1.413597907273258443e+02
1.525874079230826510e+02
1.453074301088729783e+02
1.469464797974505075e+02
1.517785070544723567e+02
1.482607216049148349e+02
1.463539864169820817e+02
1.434883110110666848e+02
1.505100715731506398e+02
1.481393596337264569e+02
1.503517655698196904e+02
1.472350670814374780e+02
1.467919000085630046e+02
1.486237453256958077e+02
1.394955614995782014e+02
1.420120789961453340e+02
1.500041671583541643e+02
1.447597927703944833e+02
1.487064702080098755e+02
1.488031711779561874e+02
1.485969112678452007e+02
1.421129769936353000e+02
1.429814086753240758e+02
1.503317514171100697e+02
1.444660695659478051e+02
1.443439889981116551e+02
1.499440612608167100e+02
1.407028249288610482e+02
1.447494014089471364e+02
1.471738427075584354e+02
1.520978785441607215e+02
1.450093772798663281e+02
1.472173113152301198e+02
1.487423961620748969e+02
1.484722793228133355e+02
1.483552216235943320e+02
1.436399060121184448e+02
1.478569672441633713e+02
1.503841299486082619e+02
1.477411373047401923e+02
1.443468653443197525e+02
1.510394299021218103e+02
1.467816310716633268e+02
1.509527479500798108e+02
1.520090794117059261e+02
1.503813788758405394e+02
1.492397648186685331e+02
1.433788046382299228e+02
1.467201444602593483e+02
1.459395400632107567e+02
1.450272905403934658e+02
1.445039019405459157e+02
1.430149229823677786e+02
1.408951933220612602e+02
1.456128549541908512e+02
1.458765337457883788e+02
1.494573364643454454e+02
1.527305607063091486e+02
1.476776478984282335e+02
1.503175949405154199e+02
1.457898094129094488e+02
1.495064193576146465e+02
1.514704067456122232e+02
1.469686683275412804e+02
1.503487829048173978e+02
1.452846319507685848e+02
1.450739171582167444e+02
1.465973842064924781e+02
1.420893823669867118e+02
1.529466217653281888e+02
1.468976861236416767e+02
1.401285697429842116e+02
1.425263328061104744e+02
1.475130393001411733e+02
1.503261422722562770e+02
1.458698302347145841e+02
1.535356426776122873e+02
1.404566122666559238e+02
1.496841577537697390e+02
1.443449521685445802e+02
1.476219453102262094e+02
1.543371880045420141e+02
1.459573093583640571e+02
1.453125162615577324e+02
1.490933214053519009e+02
1.453416695255440061e+02
1.439526792262022354e+02
1.462008362965108006e+02
1.492479974823384339e+02
1.465751150898057062e+02
1.528432227594335018e+02
1.426190577494212164e+02
1.516200205720699614e+02
1.455757567633067993e+02
1.524402774984751829e+02
1.446820897020028269e+02
1.460756259784438100e+02
1.493677621933234150e+02
1.502640057655168846e+02
1.508956438896094028e+02
1.487150007532560494e+02
1.504317074615853187e+02
1.471573830478264426e+02
1.486835215436853446e+02
1.458739570500048899e+02
1.522448319881180510e+02
1.477118232961995261e+02
1.444154223469591329e+02
1.445769513304335590e+02
1.471048602116282495e+02
1.512389929288697772e+02
1.442971105345376372e+02
1.488902788767464642e+02
1.446270300818485453e+02
1.501304818742079590e+02
1.483525305224060844e+02
1.456315346377668902e+02
1.451844843231009463e+02
1.500575575390731728e+02
1.461630229784992139e+02
1.461449230531631258e+02
1.421378126400134079e+02
1.445142415560033839e+02
1.462432430787000044e+02
1.483449298745891269e+02
1.465710197415095877e+02
1.469308004267942067e+02
1.450502425046204849e+02
1.545952556316631501e+02
1.478156437041590152e+02
1.469167615869731094e+02
1.495070205137830897e+02
1.439160294039888015e+02
1.515720470001411400e+02
1.446346910155217813e+02
1.447834592494434389e+02
1.434488988040534707e+02
1.399074856680649361e+02
1.483190922211520899e+02
1.485456906332296398e+02
1.469691265494666084e+02
1.463483491851509939e+02
1.469115306121829576e+02
1.467599828582870316e+02
1.462568032579452222e+02
1.488137896510432938e+02
1.466657989429256190e+02
1.500926132752728677e+02
1.508346166822744863e+02
1.448167632092219321e+02
1.530114051737397460e+02
1.446451917596612873e+02
1.525679067020387834e+02
1.438283366009816859e+02
1.461002885760228480e+02
1.478113211259822322e+02
1.504247863385963626e+02
1.472728963022793778e+02
1.473442243710518937e+02
1.456756458819494640e+02
1.542457181438556972e+02
1.475065712662640180e+02
1.426345400593738759e+02
1.490701284430444673e+02
1.433173378321670839e+02
1.485254423540697530e+02
1.485622380156858071e+02
1.456353667136805541e+02
1.510969904202461009e+02
1.450531026101961061e+02
1.471423996875502951e+02
1.526118378447066277e+02
1.466981430909173696e+02
1.463649496363671290e+02
1.475504327847288266e+02
1.458171592017662590e+02
1.457470854750002331e+02
1.470749812382340451e+02
1.490517969348960889e+02
1.500238563878364459e+02
1.446532495948161738e+02
1.549648677270734538e+02
1.472156900989062080e+02
1.512894312181785779e+02
1.494432768921533352e+02
1.447556576966344153e+02
1.438077881283869885e+02
1.495195457629307612e+02
1.492314157882960615e+02
1.487024203191871834e+02
1.477878989717161460e+02
1.495590379758676534e+02
1.432120807958571618e+02
1.478827287780435142e+02
1.514403713044145832e+02
1.440958315535201564e+02
1.494497473345183778e+02
1.453842138235569905e+02
1.439789959292888852e+02
1.473635824783004011e+02
1.464524617491044580e+02
1.423753671529818234e+02
1.417066194104267822e+02
1.528133420572298746e+02
1.480275094998312966e+02
