1.706392542247172344e+02
1.816955451718307870e+02
1.800697506579316780e+02
1.729898764122885666e+02
1.827679769740882989e+02
1.852567895824092261e+02
1.788843621137350794e+02
1.985978065370974832e+02
1.719168243515101437e+02
1.736347740322705988e+02
1.782759909140192462e+02
1.723531548366971435e+02
1.734361989333416716e+02
1.855168880484634713e+02
1.731179761865168132e+02
1.699348069797703431e+02
1.694733849693170669e+02
1.840803936219626848e+02
1.779569192860346050e+02
1.861464075465388248e+02
1.860069634121100250e+02
1.736973232137710283e+02
1.768710425268195081e+02
1.768476843150875482e+02
1.821422914109213309e+02
1.721991713928389913e+02
1.851667332343280918e+02
1.849682910142850290e+02
1.837311837978355413e+02
1.773386862564143769e+02
1.822373362348512558e+02
1.825481877003664408e+02
1.865687969018287049e+02
1.767009070261133559e+02
1.830259026845380959e+02
1.714438611334162772e+02
1.885861215044927519e+02
1.790788652138313068e+02
1.902312926285788421e+02
1.868609591117159994e+02
1.761750707494109633e+02
1.867561632950928754e+02
1.741647913831743040e+02
1.782949214621700094e+02
1.732931955997848092e+02
1.845629801124302389e+02
1.762028804707746019e+02
1.759022293578507004e+02
1.710868070316132332e+02
1.830709903098476161e+02
1.768563688074378035e+02
1.775710821228460645e+02
1.871625186906310034e+02
1.845808212162974087e+02
1.634295465318350296e+02
1.772814634456125304e+02
1.800643435097531722e+02
1.771225364798695523e+02
1.779045341082177742e+02
1.942683460006806513e+02
1.800638497281029515e+02
1.712091829980843158e+02
1.748590989342253010e+02
1.839563746478051769e+02
1.873076495181291250e+02
1.784097079026517179e+02
1.713607103957220943e+02
1.859668866451073939e+02
1.845929689518355872e+02
1.732851224317250285e+02
1.835609787253432614e+02
1.867880738846229747e+02
1.959928137169463866e+02
1.680514202637341441e+02
1.799454377690339868e+02
1.802547246711638138e+02
1.865101961339720162e+02
1.633033079665464982e+02
1.695404780864654413e+02
1.709311602094234388e+02
1.807114600048508350e+02
1.720212484023568607e+02
1.788795545018979851e+02
1.811521641143303043e+02
1.797137931374364541e+02
1.804400765499879071e+02
1.700146845453697040e+02
1.871933751612232584e+02
1.742755989072425393e+02
1.780423624088052463e+02
1.821322816794972255e+02
1.759096926885216021e+02
1.746202173567981220e+02
1.867781534394236758e+02
1.874516690194722628e+02
1.781878670910758728e+02
1.823722369595258499e+02
1.772541014489571296e+02
1.738535134951494854e+02
1.795416338930748452e+02
1.804878730737916328e+02
1.839644375376387870e+02
1.794036121443646721e+02
1.724100446954682297e+02
1.752119187360916897e+02
1.832100136382873359e+02
1.799494869964934196e+02
1.749900331555636512e+02
1.798796314231600775e+02
1.834409061411171820e+02
1.823536668600523853e+02
1.845823106262148485e+02
1.698227269989840806e+02
1.731521333633396580e+02
1.743973082859102703e+02
1.672617818854391771e+02
1.718898676986100611e+02
1.784278733466164795e+02
1.797371343071528997e+02
1.747341243010272649e+02
1.775881699901577520e+02
1.758808964059036271e+02
1.801579261107191599e+02
1.754313406872809082e+02
1.867244562367127401e+02
1.772549792973945273e+02
1.651882362025155828e+02
1.853709208669206703e+02
1.793907369717070139e+02
1.774576298487331485e+02
1.839256113771989192e+02
1.832667364393683727e+02
1.907462336910351439e+02
1.800333157968598812e+02
1.764342558448232410e+02
1.804506005400262154e+02
1.706981787708524223e+02
1.785030284824514979e+02
1.790691080196961309e+02
1.767965131754478705e+02
1.716343305411566007e+02
1.813553539575183038e+02
1.789973921192442958e+02
1.850690333082973495e+02
1.711751332532077470e+02
1.770041897111157994e+02
1.644291293343247560e+02
1.793468597312276245e+02
1.737708528300738635e+02
1.806308822539462824e+02
1.822232487105137011e+02
1.665608392660677453e+02
1.792477396536873187e+02
1.841869287518425153e+02
1.797551296997123131e+02
1.831965330371489813e+02
1.781954215554713130e+02
1.926233623131070374e+02
1.759403406457174697e+02
1.742171017296469984e+02
1.751032007788050464e+02
1.812571657333565156e+02
1.746482534111917744e+02
1.778699199798631696e+02
1.860300263374848555e+02
1.710865005466935997e+02
1.860671151952162461e+02
1.720494657454733840e+02
1.787282283882281035e+02
1.732923888472538181e+02
1.866779223579124505e+02
1.882530352710068655e+02
1.743955848978280301e+02
1.852811949512914680e+02
1.848697382063379564e+02
1.773415366668585307e+02
1.774601777559393838e+02
1.736170647612840696e+02
1.814875490813352599e+02
1.853676062007941425e+02
1.915489187895855139e+02
1.807127045176363822e+02
1.738759080009790523e+02
1.774348917061179236e+02
1.775733007534018668e+02
1.753807788625913417e+02
1.902325195637715183e+02
1.837983108557239120e+02
1.826999376201867449e+02
1.757703617732670978e+02
1.821755867297610791e+02
1.820297519691142725e+02
1.838587074640383321e+02
1.754098193288601237e+02
1.812859725436857730e+02
1.823618677950699691e+02
1.810618236710142526e+02
1.803933475935657782e+02
1.798653213436535339e+02
1.806826054090982439e+02
1.682359464530949822e+02
1.937424340092515251e+02
1.779836933468941425e+02
1.800736003728748358e+02
1.744047078912281847e+02
1.823590769229458033e+02
1.827527437508720141e+02
1.749139250116248832e+02
1.865375836195750878e+02
1.862911572158402294e+02
1.791377452539354351e+02
1.843525064320384956e+02
1.758246761160611129e+02
1.832001994785954082e+02
1.893791988166861415e+02
1.773702934476354471e+02
1.869832368010618211e+02
1.856503400490897491e+02
1.861557158972434820e+02
1.835032228569166364e+02
1.861078425521165798e+02
1.798291845692501454e+02
1.869187968902829482e+02
1.796399140549694664e+02
1.841521034936776005e+02
1.732177648843239126e+02
1.747857317796955954e+02
1.801766791699111820e+02
1.726137005231331614e+02
1.872328871031875792e+02
1.803152702127115106e+02
1.825896047165568064e+02
1.846805817263046663e+02
1.765512639364862650e+02
1.809782116069407607e+02
1.732120167501800552e+02
1.888539624293485417e+02
1.846027060709184582e+02
1.777136028136002608e+02
1.791925755086595302e+02
1.775634867460215673e+02
1.775774519075334581e+02
1.671300585303594062e+02
1.769781525669577320e+02
1.904630876684696830e+02
1.811494920321972302e+02
1.854563812342639153e+02
1.772114558757965881e+02
1.784721475436053879e+02
1.813212772283674497e+02
1.741809477825477188e+02
1.762108357242044292e+02
1.883541014448265685e+02
1.782644935469044469e+02
1.906372546350231971e+02
1.824567553773471218e+02
1.885502675914721920e+02
1.787538423438957693e+02
1.798677024135863576e+02
1.876640969523576530e+02
1.788761900119686743e+02
1.821648987065516963e+02
1.748281519675946640e+02
1.835671262881028838e+02
1.860486907235013518e+02
1.680369832928031144e+02
1.705534017600206766e+02
1.886556115930132762e+02
1.779126556638551619e+02
1.671481650514640478e+02
1.834505623167767965e+02
1.840690530015147033e+02
1.659292174479087123e+02
1.741451066013598279e+02
1.778272417449476279e+02
1.780211385948700240e+02
1.851717485921228104e+02
1.796487135268318696e+02
1.794882314246195847e+02
1.771162324190681545e+02
1.854616326624293663e+02
1.749640164541156082e+02
1.833296788332593792e+02
1.844004239554940057e+02
1.835263783183364410e+02
1.849042448813193289e+02
1.744986501023159917e+02
1.664049239505856406e+02
1.880813763521835824e+02
1.689531299078813902e+02
1.749165469479940498e+02
1.818791537109024148e+02
1.720086136819942624e+02
1.760188610401441736e+02
1.653461382517014044e+02
1.705698596023499931e+02
1.693331739991133702e+02
1.783197014808820313e+02
1.743838178009440298e+02
1.777783183721202533e+02
1.836542149304105180e+02
1.648518307727462116e+02
1.858682908739701247e+02
1.866666053148715605e+02
1.849169467904808357e+02
1.826373411173441070e+02
1.830347353458955695e+02
1.836924084245689244e+02
1.771543900110797836e+02
1.832392055193635088e+02
1.861645469561908044e+02
1.875296176503263439e+02
1.781996111114568464e+02
1.867462296615569244e+02
1.865002935187167452e+02
1.903887454157959951e+02
1.752314878613229610e+02
1.741169926453631547e+02
1.836390211661345120e+02
1.755474988310347442e+02
1.780171545317830066e+02
1.823899803445058012e+02
1.716588080646531864e+02
1.837505692691490253e+02
1.792528296873022384e+02
1.861875279307751896e+02
1.792197022336017369e+02
1.836561121191457744e+02
1.844616051417106632e+02
1.836922146625936989e+02
1.900016477880442380e+02
1.728926577506153990e+02
1.750288309866633369e+02
1.671542170210129825e+02
1.793321774392732664e+02
1.765978483287028666e+02
1.755625611227401350e+02
1.844202825468008484e+02
1.718110719019174439e+02
1.738340532483561560e+02
1.828450495009264216e+02
1.832713306428654789e+02
1.838283926227158247e+02
1.762688260015029016e+02
1.806616991407250339e+02
1.716947951684057898e+02
1.808048976203280063e+02
1.797497905744551758e+02
1.771728532794330988e+02
1.775432077877633787e+02
1.663528542356315540e+02
1.795138306945126203e+02
1.756993828712645893e+02
1.789612645950211913e+02
1.838521542968634037e+02
1.762383085308851491e+02
1.828713348447929832e+02
1.831992791215076011e+02
1.883438649976598640e+02
1.849990264191910114e+02
1.893948090933235164e+02
1.837918130210889842e+02
1.722461832128054766e+02
1.810570144619518373e+02
1.764880545380073045e+02
1.739559706447483336e+02
1.794162433360215800e+02
1.711948055599735312e+02
1.822553717595957892e+02
1.773810270494623751e+02
1.829124080609195460e+02
1.828926236843295783e+02
1.944822704774906015e+02
1.772693187297347208e+02
1.797420314356556332e+02
1.810629724130598106e+02
1.782394206138198740e+02
1.753057726479602820e+02
1.761843124237963423e+02
1.822178105235065573e+02
1.789968122465533327e+02
1.752049625770200407e+02
1.799863399351425528e+02
1.680059729999396438e+02
1.708672541834052367e+02
1.740842838210261903e+02
1.826070984135253923e+02
1.773670838375875007e+02
1.766049739394781852e+02
1.751692212108151239e+02
1.896073164859485018e+02
1.790523877885496233e+02
1.725296237020378385e+02
1.688904037110189051e+02
1.768938030664544385e+02
1.792288608910737651e+02
1.827790184480545861e+02
1.805879626257915618e+02
1.867421936041489516e+02
1.682809183300275038e+02
1.812956360757983134e+02
1.666586059001894853e+02
1.780546133154112169e+02
1.794619881112210749e+02
1.905418542139194358e+02
1.771310587887550412e+02
1.816686335106108174e+02
1.766190258501084998e+02
1.764491564266957369e+02
1.726355366846700576e+02
1.734447550557867430e+02
1.861149495853972837e+02
1.705209426623237050e+02
1.753195856097910337e+02
1.838029630998373136e+02
1.797442079230788750e+02
1.760917800936840933e+02
1.744237366650739887e+02
1.796942957684821067e+02
1.802442215967165566e+02
1.743164369056190424e+02
1.798218222921823326e+02
1.743839264571991805e+02
1.704666834802941651e+02
1.796197628343384736e+02
1.786671238232416670e+02
1.720009307569371231e+02
1.725293537431167863e+02
1.817233440616531652e+02
1.800573793191813650e+02
1.712465988566085571e+02
1.772182086187622758e+02
1.822788896713063878e+02
1.784333817279136269e+02
1.842710261502170965e+02
1.815424719183693298e+02
1.806688048321504994e+02
1.778647599258628986e+02
1.880106619844609099e+02
1.865253322014393405e+02
1.782386659290841919e+02
1.795491724932049351e+02
1.761997473400411991e+02
1.834708690754186762e+02
1.699733805016781787e+02
1.787966672131043993e+02
1.796661450717560626e+02
1.787665655923504460e+02
1.811247127310711562e+02
1.874463708639919446e+02
1.765917478173526263e+02
1.800051475941600074e+02
1.679427124159388143e+02
1.707704067912602568e+02
1.854297609342162900e+02
1.659574261570936926e+02
1.671868697196324547e+02
1.781090212860423492e+02
1.770937391293110750e+02
1.797753884810718432e+02
1.790289128474685754e+02
1.791308293453215299e+02
1.821621679656002755e+02
1.831426255237958571e+02
1.842033308267901646e+02
1.813213064475339422e+02
1.830449740529722931e+02
1.787479530343586021e+02
1.832958499665948011e+02
1.845930174016570788e+02
1.815558236885143231e+02
1.881495545078951750e+02
1.828180555350691350e+02
1.780700634728344198e+02
1.862176552472222681e+02
1.902997782266811555e+02
1.798747285870116741e+02
1.773159892745966602e+02
1.821728391732347916e+02
1.811707139972192806e+02
1.767112425569955292e+02
1.881681752211953267e+02
1.750319281688897490e+02
1.811520544901310927e+02
1.768051746515706100e+02
1.770389456195726154e+02
1.823790231902480627e+02
1.881473217229327020e+02
1.832495741711206279e+02
1.831595085291808118e+02
1.846456194095762555e+02
1.904609974450335983e+02
1.850112470358265000e+02
1.784478382426896417e+02
1.746782498557511474e+02
1.785150214612032755e+02
1.825534291078826641e+02
1.797629576617662224e+02
1.809169868611275263e+02
1.808803997716235585e+02
1.705114753635564000e+02
1.762858562148125827e+02
1.761320045492879274e+02
1.848141723380635142e+02
1.859199043350348575e+02
1.793199089805537199e+02
1.801308940818421149e+02
1.813895762815795081e+02
1.795099293944092267e+02
1.812073924006329833e+02
1.755817414504117266e+02
1.790661559454876510e+02
1.823864911668908064e+02
1.733885186430164822e+02
1.758776988483174364e+02
1.779368589267039624e+02
1.745294733377959062e+02
1.784145538011091503e+02
1.916227741841447596e+02
1.820858772792814477e+02
1.736506220313016229e+02
1.861055140171346807e+02
1.781152529888797176e+02
1.810864441577417097e+02
1.838424064248375771e+02
1.801282263729548276e+02
1.788986986815039870e+02
1.816783273910963317e+02
1.831420458954306696e+02
1.765665082920133386e+02
1.821099820883317761e+02
1.651062142770302330e+02
1.825307640220164558e+02
1.791126171705768968e+02
1.910689726502288863e+02
1.831745062942399045e+02
1.756839148773055683e+02
1.678250237838609848e+02
1.767427882955801408e+02
1.839509385606797309e+02
1.805432009256531671e+02
1.745727812100321046e+02
1.787238173047286978e+02
1.798201882589041247e+02
1.776669639875899520e+02
1.828738473241286329e+02
1.746422171127759100e+02
1.788661088653309719e+02
1.758311928788641580e+02
1.825250816087439887e+02
1.823713310918282673e+02
1.750416642557394482e+02
1.810747695981138463e+02
1.738810471423283559e+02
1.859712781696262027e+02
1.824662193686036176e+02
1.767214381332263429e+02
1.862516998566801760e+02
1.757749785890349870e+02
1.782573907910841626e+02
1.788940292809541575e+02
1.813921409372958067e+02
1.927292182922254256e+02
1.869813696123339639e+02
1.801705771398255251e+02
1.777258075499498204e+02
1.777216986440458015e+02
1.757919694391972598e+02
1.785474841493794997e+02
1.740594385563512390e+02
1.755752952621143379e+02
1.729908391543625896e+02
1.729417257712285050e+02
1.750608427126593369e+02
1.964079548562747846e+02
1.747514296899304611e+02
1.801599974289823933e+02
1.883332499715727124e+02
1.764925571783265639e+02
1.818631099574659515e+02
1.640513238782500025e+02
1.782893100354573619e+02
1.681928338943399694e+02
1.770520610312781855e+02
1.744321175086733717e+02
1.780755328757095413e+02
1.730502956796801470e+02
1.680421442874267655e+02
1.788736519694220988e+02
1.757970225146941914e+02
1.852796152741611309e+02
1.700711718579722458e+02
1.814867657265459684e+02
1.795438176951764433e+02
1.812691205487770674e+02
1.795655863507850256e+02
1.814923648310438296e+02
1.865934393763949686e+02
1.874221337893823431e+02
1.863640555909580598e+02
1.793617233838461402e+02
1.734157772485516773e+02
1.826161639025399381e+02
1.711387633370304684e+02
1.717849995482321219e+02
1.694645889821530034e+02
1.778385224138327487e+02
1.699624053111617741e+02
1.687955956135515976e+02
1.670141322557404635e+02
1.696548765978561732e+02
1.793173907510654317e+02
1.797225129653959073e+02
1.716240747469185237e+02
1.834998325461858144e+02
1.812200073180530353e+02
1.897837666298320300e+02
1.710157739775566483e+02
1.801943395307129663e+02
1.762074155278945113e+02
1.773900626057479997e+02
1.783425594976241371e+02
1.697668071804656904e+02
1.846315568009327706e+02
1.771604781526154966e+02
1.797325923464721313e+02
1.817138646513232061e+02
1.695236818251003115e+02
1.713062350445592017e+02
1.836541884701096592e+02
1.767670466933988394e+02
1.763493697679162722e+02
1.801741266743062795e+02
1.668638721295104972e+02
1.799783426239267783e+02
1.833199694710532697e+02
1.696705186290086829e+02
1.820351029270640595e+02
1.897712598372809509e+02
1.822251317438841909e+02
1.799868186280388613e+02
1.845279664060881544e+02
1.822347486800678382e+02
1.867846494839108118e+02
1.816622254408478909e+02
1.818594093077504397e+02
1.776794572736785369e+02
1.779549017551394456e+02
1.759608257404553910e+02
1.744405193308280673e+02
1.797900875578703221e+02
1.766118759457242504e+02
1.787523982630973478e+02
1.819279217789010090e+02
1.827839117089410763e+02
1.756866988737579902e+02
1.773732884550818767e+02
1.824835895718904624e+02
1.775531899468018366e+02
1.697866991000441033e+02
1.693366883555205220e+02
1.827762439325009041e+02
1.811234972888497055e+02
1.864903049073747354e+02
1.713600330416126383e+02
1.800566923205312264e+02
1.819693573633614676e+02
1.891253168481817113e+02
1.832337433165719744e+02
1.887033963279230306e+02
1.804579857629073842e+02
1.812188301386461831e+02
1.835102323085684759e+02
1.833645797848166978e+02
1.727897476973581945e+02
1.804290136456941696e+02
1.824706512242694316e+02
1.789873959774912464e+02
1.860956643937511501e+02
1.838621239190320296e+02
1.825104959059889893e+02
1.809280086043189613e+02
1.772173864765107112e+02
1.795852326915028527e+02
1.834828972382602785e+02
1.867556532586347942e+02
1.805954940817015881e+02
1.783457535540442507e+02
1.690110075771560503e+02
1.705561497963006730e+02
1.723371253163969641e+02
1.742652027088777231e+02
1.752214283168795248e+02
1.880988859448306698e+02
1.830119235135700251e+02
1.797687935181195940e+02
1.712640544418468664e+02
1.760106584893198942e+02
1.750097075162350109e+02
1.854987338374126864e+02
1.781221157996233728e+02
1.737846395551802914e+02
1.795996876676126135e+02
1.840303616736118499e+02
1.812781791801176325e+02
1.806506894057932016e+02
1.764410270987338265e+02
1.837564883945271390e+02
1.736754830155780382e+02
1.859104137026913861e+02
1.868317800295021129e+02
1.765547397867768780e+02
1.758254598310692813e+02
1.743123039337129114e+02
1.866408390054691608e+02
1.890372089997322576e+02
1.741789370049293666e+02
1.807872623227897861e+02
1.835401648608707319e+02
1.802127556574584162e+02
1.716952157839535573e+02
1.785380883884044181e+02
1.831091866577051235e+02
1.799622495456652302e+02
1.751253681780761440e+02
1.849048835216294719e+02
1.777874497045594637e+02
1.856474964769394376e+02
1.800855478872034325e+02
1.810211473263702260e+02
1.871950713508615820e+02
1.772931611112102814e+02
1.715358224121451372e+02
1.846253008465470202e+02
1.775979242720669333e+02
1.746234348709507458e+02
1.833223494445335859e+02
1.798852462555711327e+02
1.706713192914942283e+02
1.817078250389660070e+02
1.800252529904151970e+02
1.720045244568813700e+02
1.743460773681157434e+02
1.838020226988682566e+02
1.757603677583814203e+02
1.759431999609477657e+02
1.736034467320641852e+02
1.858941745791459255e+02
1.797136842384638555e+02
1.796725411087254543e+02
1.781198517588347556e+02
1.788921202822136820e+02
1.795407531848375129e+02
1.754529162282239554e+02
1.874620491455627587e+02
1.899626849953615420e+02
1.840034903237984167e+02
1.821155158181913407e+02
1.664818097986382099e+02
1.810650861513016707e+02
1.800622000257572211e+02
1.784553468602993007e+02
1.715517287344633246e+02
1.860354166060404850e+02
1.748780391855141829e+02
1.766123205223855166e+02
1.717292511660198215e+02
1.761438597253197997e+02
1.849151486214753959e+02
1.812578588790725291e+02
1.798286419510322673e+02
1.737071079411826986e+02
1.729774794493064576e+02
1.844930885088955677e+02
1.752761386719602967e+02
1.685742491611506750e+02
1.847011802010650570e+02
1.755396016282849700e+02
1.847218701425018708e+02
1.790811659164959337e+02
1.741107407154934776e+02
1.832558238279652585e+02
1.736253297582397295e+02
1.705737158081372229e+02
1.807699968124619261e+02
1.667062774340622866e+02
1.740460949933039103e+02
1.820957527916676213e+02
1.764268861060965321e+02
1.793505706875455417e+02
1.783484661782493390e+02
1.743929787863860383e+02
1.745400818580064879e+02
1.722810889064841149e+02
1.807417915974188816e+02
1.785506536521239411e+02
1.823613672536517072e+02
1.805766112705547073e+02
1.963972824883359181e+02
1.851449832359745074e+02
1.866118250643110628e+02
1.728093709007502525e+02
1.756492080981589936e+02
1.779461936374888467e+02
1.846789933009347067e+02
1.792244482414992603e+02
1.693159106487461827e+02
1.753051108297168525e+02
1.711817877966683170e+02
1.825569529942015095e+02
1.786594566215181885e+02
1.706411498099267874e+02
1.684351067094240193e+02
1.754263175043406591e+02
1.833207678209320193e+02
1.709443149897356307e+02
1.853607059670871138e+02
1.831749106233422708e+02
1.810477127654907576e+02
1.729247186046207787e+02
1.736856697393523916e+02
1.846189604954059860e+02
1.842471572032352469e+02
1.680213302948559146e+02
1.753820255076285548e+02
1.721777061627509511e+02
1.858469212253596083e+02
1.792736002942390314e+02
1.867592476807129458e+02
1.741842815333394299e+02
1.759244555711533735e+02
1.782295266094007218e+02
1.681421733788095594e+02
1.806580069560438346e+02
1.741895470102648744e+02
1.806529689396285221e+02
1.907504597552888299e+02
1.841472270166918008e+02
1.757625295200045912e+02
1.822758341080555624e+02
1.723578019452812669e+02
1.831221052455402969e+02
1.783996888626515442e+02
1.791910064833327851e+02
1.789722071829495178e+02
1.875524515457732093e+02
1.757310100903206092e+02
1.875302019756271363e+02
1.749161600969482322e+02
1.782833231035952224e+02
1.734543353250701330e+02
1.799503630037781079e+02
1.781035160444396865e+02
1.777755984723154938e+02
1.800190525961809840e+02
1.797992121783175321e+02
1.762735423833357515e+02
1.874911367040160428e+02
1.788398970613781955e+02
1.701266728639719190e+02
1.802813051068588379e+02
1.779695778587569350e+02
1.811706242936886042e+02
1.750356433301095365e+02
1.764481634552426499e+02
1.907661919661538263e+02
1.860298493887354141e+02
1.833139311880894695e+02
1.742792871056128092e+02
1.840147472200841321e+02
1.800350569871434914e+02
1.885647467189703832e+02
1.831919937449613371e+02
1.783309388788230763e+02
1.858435573521359458e+02
1.705375902608575984e+02
1.685111647667793875e+02
1.754482872350839955e+02
1.705153665867066195e+02
1.783949337744969910e+02
1.699313788289536831e+02
1.803168674965911578e+02
1.781773016265363765e+02
1.828943573937257838e+02
1.705295267537960342e+02
1.793199855806205392e+02
1.832736758431994417e+02
1.765948350389737413e+02
1.714705947670692296e+02
1.800269103057554787e+02
1.701729791276780759e+02
1.773718633772433293e+02
1.787257143455572077e+02
1.827868210454833218e+02
1.918297078507566766e+02
1.849120265130372616e+02
1.940188821081128765e+02
1.779267852277350528e+02
1.866774844419595922e+02
1.805090724592496656e+02
1.780882128246318814e+02
1.710989337029380408e+02
1.667069182722120502e+02
1.767673941388211460e+02
1.839874898398435050e+02
1.803005895308665174e+02
1.823939710688863443e+02
1.789961070667833667e+02
1.838542482280932973e+02
1.876369437201288406e+02
1.824538999152788961e+02
1.854598179540070362e+02
1.908446752195925455e+02
1.758595838904095956e+02
1.797850543503483038e+02
1.715472945754567036e+02
1.675159148511333456e+02
1.728873263064258197e+02
1.810347835894760635e+02
1.742258780340347641e+02
1.798833958310844423e+02
1.693139876477030725e+02
1.853524753567461687e+02
1.762253465735875579e+02
1.869643217385403204e+02
1.715103250976065681e+02
1.753041470284738068e+02
1.784536793847322826e+02
1.905026423276036667e+02
1.766927427059461024e+02
1.835298548938621934e+02
1.734574852053918619e+02
1.713118996040853688e+02
1.770869342282158243e+02
1.676211095229313059e+02
1.802100282241045477e+02
1.868200817059870928e+02
1.779368740566171425e+02
1.743698663116339844e+02
1.901333436167277569e+02
1.815248618058646741e+02
1.887885250611441279e+02
1.736640242379426411e+02
1.774827619484605066e+02
1.866300820676453611e+02
1.836432401562805694e+02
1.863899457587275776e+02
1.779974366260312308e+02
1.757563835470262745e+02
1.845395597708175046e+02
1.748357321793555457e+02
1.752716438192099986e+02
1.837507060341974068e+02
1.865847057614145399e+02
1.787053911711788317e+02
1.823272341166556316e+02
1.836612078898010907e+02
1.745407877770925609e+02
1.742483810418363817e+02
1.679307516022186064e+02
1.693708940474995472e+02
1.746844803751784241e+02
1.697070661561547240e+02
1.851203217469850415e+02
1.815795696135911612e+02
1.751001505215599252e+02
1.730159419869922601e+02
1.841681773117788907e+02
1.941205575392562537e+02
1.845610066375207907e+02
1.785261560817752695e+02
1.813496907555398536e+02
1.753965201511759346e+02
1.907609292774901917e+02
1.788050279789793535e+02
1.738630104105884016e+02
1.892391281456045249e+02
1.778914292769318877e+02
1.766685994428000299e+02
1.763269305415052486e+02
1.810544516768851793e+02
1.775822243338749331e+02
1.804104886997180301e+02
1.729692948614302281e+02
1.724216631591188218e+02
1.819218745272154933e+02
1.806337050772778809e+02
1.802695517444631719e+02
1.842629013280383106e+02
1.858591561421540064e+02
1.743823971890088558e+02
1.752175365861644423e+02
1.875680603546959730e+02
1.707166570993284154e+02
1.771228743234948979e+02
1.784066511773225443e+02
1.763915612892618867e+02
1.811959277585759480e+02
1.673864426762491462e+02
1.839674777141032962e+02
