1.166920586019143116e+02
1.167029792687388152e+02
1.156236550543680721e+02
1.175622863314724640e+02
1.158659646269267967e+02
1.189583884050163647e+02
1.159475071662086094e+02
1.151570140688925363e+02
1.177123557374473251e+02
1.167877975095382510e+02
1.159702845585280357e+02
1.184571126843727882e+02
1.177111449365796148e+02
1.164090121754835394e+02
1.176959381168076675e+02
1.154910966169680933e+02
1.169039170779523857e+02
1.162388779618318324e+02
1.176631003059675038e+02
1.176495351962696390e+02
1.174963234060616770e+02
1.174701205086041824e+02
1.188214980886581174e+02
1.158304992105036035e+02
1.161215130009671270e+02
1.160030581131219236e+02
1.162669823874528277e+02
1.178006577401099975e+02
1.184603384661924821e+02
1.174180963038053562e+02
1.163593205855062678e+02
1.177369722840708874e+02
1.175387323202805732e+02
1.185002829545639287e+02
1.172384091882998547e+02
1.165391840003651538e+02
1.171336370073452713e+02
1.169096872019520106e+02
1.175608447298615857e+02
1.160087724016293862e+02
1.151051355423238078e+02
1.176540316359204184e+02
1.172721590030253793e+02
1.188239335639614893e+02
1.151324763510241667e+02
1.165016868489626916e+02
1.192612057481303935e+02
1.171436773195998882e+02
1.162654129870673074e+02
1.158731514610826707e+02
1.152733741013236113e+02
1.171863459668418557e+02
1.171387397803501074e+02
1.167688728936709026e+02
1.152385195143227179e+02
1.167302268647753891e+02
1.175124543576561535e+02
1.174278675345468912e+02
1.191934545278942608e+02
1.176772685906588407e+02
1.177898660604094232e+02
1.169793027956978335e+02
1.179312937711865459e+02
1.175624986456594741e+02
1.145924993551613653e+02
1.156462184130899971e+02
1.179208958498394111e+02
1.161964193959444032e+02
1.166448259072351874e+02
1.150633627720732619e+02
1.177718231419656547e+02
1.161057775831667698e+02
1.166151125878865713e+02
1.156596369762516190e+02
1.185525802202225378e+02
1.161478494633459491e+02
1.183534386404089531e+02
1.178139421407806111e+02
1.158150170755745023e+02
1.166811354432918790e+02
1.177545581094777560e+02
1.179006131376379756e+02
1.172794661759594703e+02
1.175927378150079790e+02
1.173488651873362727e+02
1.158851926519388229e+02
1.194504250856088703e+02
1.187992656569876715e+02
1.159219194374195467e+02
1.172995823438380398e+02
1.178508345149514440e+02
1.157782899575517774e+02
1.172921745879532267e+02
1.168994336180075777e+02
1.191282049897072142e+02
1.156384428848705568e+02
1.156572678317927654e+02
1.180223723330592946e+02
1.168535065490168137e+02
1.164852713306807743e+02
1.174845670929702948e+02
1.163542785072442740e+02
1.167296686859302213e+02
1.166557727869068231e+02
1.162408207977293699e+02
1.161182379315388147e+02
1.180957277099669369e+02
1.186444747733282554e+02
1.167284571583767274e+02
1.148779178788304165e+02
1.153300586689180847e+02
1.164572082739372121e+02
1.186677771535009924e+02
1.172183479810270086e+02
1.166180953915628891e+02
1.180105910415055916e+02
1.162855562478545295e+02
1.167741105486547184e+02
1.164013313399240559e+02
1.176897058667656069e+02
1.163903353767727538e+02
1.143337794742245705e+02
1.168767466008585387e+02
1.187907358643407463e+02
1.167240278876027162e+02
1.171500798793144611e+02
1.192563055124095115e+02
1.164315095999372431e+02
1.160860582687761422e+02
1.162201811193000793e+02
1.168646212141881335e+02
1.170314169613673698e+02
1.175631836940660264e+02
1.193998106277775832e+02
1.177284079036893729e+02
1.166587983161521294e+02
1.165142988947426375e+02
1.191619443958699662e+02
1.154450822706237858e+02
1.179236580655833819e+02
1.162260442939012961e+02
1.179694311614574502e+02
1.175060489484357902e+02
1.159169166318444866e+02
1.161492881456449595e+02
1.177908344639146634e+02
1.200521790411538348e+02
1.190656407310534064e+02
1.160651849186757687e+02
1.158459220877129923e+02
1.149130197711591705e+02
1.197278824900549239e+02
1.183131843271974191e+02
1.157532091940398686e+02
1.164394484392058757e+02
1.175312729043828455e+02
1.188151232298280178e+02
1.189630645680347527e+02
1.186625485469911325e+02
1.175588398597817417e+02
1.179493208227547001e+02
1.167644061337466610e+02
1.181895688439712728e+02
1.163951309116604591e+02
1.183373004755836320e+02
1.177650564871339327e+02
1.180097670630137401e+02
1.160597559055023140e+02
1.159292245472430807e+02
1.184727700801026771e+02
1.170705521805261071e+02
1.180998793062208421e+02
1.180226023689058650e+02
1.164484645120138708e+02
1.173077460961258538e+02
1.183111402783234922e+02
1.163757259017702381e+02
1.183582982610884926e+02
1.175294790688434858e+02
1.178480154699248601e+02
1.170958781284241184e+02
1.190764478868441927e+02
1.180200885227671961e+02
1.166781301726071263e+02
1.156011343903482214e+02
1.175930870342280059e+02
1.157046204054612843e+02
1.153726561465837221e+02
1.170663445019579711e+02
1.160316941899635168e+02
1.163414528369331293e+02
1.160444424287536975e+02
1.178736600466231152e+02
1.193679969677576906e+02
1.171222462182364126e+02
1.174218848696828275e+02
1.173973254177892329e+02
1.164570603250641625e+02
1.158827533654280444e+02
1.174958215837848030e+02
1.183853362474550863e+02
1.180882760008178423e+02
1.160001645064987486e+02
1.177109477284438412e+02
1.174243271901777348e+02
1.181796573477047900e+02
1.175019538593463011e+02
1.171223991638191677e+02
1.184233695716259831e+02
1.167001216018788483e+02
1.161469590801297613e+02
1.194659561079393626e+02
1.174553781203323695e+02
1.181769427482552857e+02
1.163494462978058550e+02
1.160047961971552297e+02
1.184833964279089855e+02
1.178201227853298008e+02
1.165227817173312417e+02
1.164602099696075470e+02
1.154779510742993978e+02
1.167701596714695143e+02
1.167079526320290057e+02
1.160024288300439821e+02
1.171462621848636445e+02
1.173610394052247727e+02
1.166527421823418678e+02
1.196461025010451777e+02
1.169242857781986800e+02
1.165671740285178402e+02
1.165595618587658038e+02
1.197178563631839694e+02
1.168128029692547329e+02
1.163217285852405638e+02
1.201247500722800226e+02
1.160487923565874695e+02
1.164741880259550157e+02
1.168718627304263435e+02
1.178280561672672917e+02
1.160239813537397282e+02
1.163505546863051876e+02
1.190818315333439159e+02
1.188883062459460405e+02
1.152016450021121017e+02
1.163122567860726946e+02
1.161798412846729320e+02
1.196900739294177640e+02
1.162302698818566853e+02
1.165987760580401158e+02
1.165412820011301278e+02
1.174259470155354421e+02
1.173669501477416190e+02
1.173771626845342411e+02
1.162517842258480982e+02
1.183138170057123659e+02
1.179365871623586060e+02
1.179346615416589543e+02
1.173395522469306229e+02
1.169613047574349878e+02
1.181588291867125520e+02
1.189652317645848001e+02
1.168902720883346547e+02
1.167627965029553252e+02
1.158967818226989976e+02
1.165855190641081549e+02
1.148127430083394245e+02
1.162339328834670624e+02
1.181759737128384984e+02
1.178428758699419490e+02
1.178226426980248220e+02
1.177636424247752558e+02
1.157667631894884437e+02
1.166724244545609253e+02
1.162656642923352734e+02
1.173771272282985905e+02
1.166750293485908543e+02
1.168248460636240225e+02
1.176465163745137374e+02
1.169384393702287497e+02
1.169789227435343548e+02
1.175405332546318249e+02
1.162595678235680055e+02
1.158958371687762536e+02
1.166452306323043757e+02
1.156942603003660821e+02
1.179248052385330539e+02
1.183030400818050936e+02
1.168242795496985877e+02
1.154843271894047803e+02
1.174970897001139036e+02
1.162660730916633156e+02
1.167172879898269997e+02
1.188040603362112932e+02
1.160895632422348029e+02
1.171138775131364724e+02
1.176497661811158935e+02
1.185860845539392017e+02
1.165023071317241374e+02
1.183182232260707423e+02
1.167838612622049652e+02
1.144520245326233834e+02
1.174100644775421785e+02
1.168961782637903610e+02
1.183914608580533923e+02
1.153375903431027893e+02
1.168811538296669283e+02
1.172097997904801048e+02
1.168122210370251679e+02
1.170773480569077236e+02
1.174876630889433500e+02
1.173151566391168643e+02
1.170733411932492061e+02
1.158372815283209718e+02
1.205906972815536875e+02
1.154744676830921293e+02
1.163068578260791242e+02
1.173126503350297014e+02
1.179297747131013807e+02
1.180722819147709686e+02
1.185635767448135027e+02
1.154762276781431183e+02
1.158976045165233302e+02
1.163299284307611288e+02
1.169861105477656480e+02
1.166396644395032780e+02
1.169008004800418234e+02
1.176800039994947866e+02
1.184014838211891458e+02
1.166396069522303804e+02
1.172183040839851316e+02
1.165480474206194543e+02
1.164709731947269091e+02
1.192826752796266305e+02
1.165660067156257895e+02
1.168167947207991801e+02
1.172878990907276773e+02
1.181791484796534633e+02
1.155611997715001280e+02
1.166787434291110515e+02
1.169866148002500381e+02
1.196194649386705606e+02
1.185962823070585443e+02
1.180682171809988290e+02
1.165715400868094065e+02
1.168504435173604463e+02
1.157000844328525204e+02
1.164585324730064855e+02
1.155424493679756210e+02
1.169458076538915350e+02
1.187766516698900574e+02
1.176401889495647453e+02
1.172509198332781182e+02
1.162530632753509821e+02
1.172871303701967918e+02
1.172122421294786108e+02
1.182003420538077307e+02
1.161716760649919991e+02
1.175954930789919217e+02
1.160155669707682051e+02
1.175849224437738343e+02
1.171762779659941742e+02
1.163053249044896518e+02
1.191352065361090240e+02
1.172091471381843775e+02
1.165718545709565888e+02
1.180939297350214048e+02
1.167161285529229673e+02
1.175384060357182534e+02
1.151305624553493203e+02
1.183114518910425375e+02
1.167967895433238681e+02
1.163882344745333199e+02
1.174281318675295012e+02
1.169368220517587957e+02
1.186292157611586049e+02
1.157133802343406614e+02
1.172993918950501637e+02
1.174882302922370627e+02
1.168574469175292450e+02
1.164363253282929662e+02
1.151622146176202790e+02
1.177919408821688592e+02
1.172745479176144983e+02
1.196967850476531936e+02
1.183238499912277888e+02
1.175577344886361999e+02
1.173608908558795321e+02
1.162841247457165821e+02
1.165843281135594509e+02
1.165299478938997737e+02
1.136693260355257991e+02
1.146479264819134869e+02
1.161960490822868195e+02
1.157359128506762431e+02
1.153532779035723763e+02
1.178246542847764857e+02
1.156174293357237133e+02
1.179222603638859255e+02
1.163625943327691203e+02
1.161556993913132345e+02
1.149670267511734778e+02
1.170379581301372411e+02
1.164939791848734956e+02
1.192847646504677499e+02
1.135684296780947733e+02
1.181128887782735148e+02
1.179025787759384940e+02
1.166591129086893517e+02
1.171531063382249869e+02
1.147040425385363562e+02
1.159746225017424308e+02
1.171553600393455241e+02
1.187864111003811161e+02
1.158038480815981188e+02
1.174619918497347015e+02
1.169720140370256729e+02
1.178588031720379803e+02
1.170703673030705687e+02
1.138981349134850518e+02
1.176574952064006965e+02
1.167944588952815508e+02
1.182999462757698410e+02
1.158298768907424119e+02
1.171603141403222565e+02
1.162753740223799781e+02
1.176647105079335347e+02
1.182225637740768320e+02
1.184591047439565301e+02
1.162906121520048686e+02
1.157501672915996664e+02
1.168993231334354022e+02
1.178295116827606535e+02
1.193035184765461736e+02
1.155124356435699298e+02
1.166389981904366095e+02
1.171859841849485093e+02
1.171531880762211273e+02
1.170292547639094067e+02
1.176551026005059271e+02
1.154594692638752349e+02
1.162646903925057131e+02
1.155600508668466517e+02
1.182055970124817321e+02
1.155083202301526342e+02
1.173631668023579522e+02
1.178530208258676453e+02
1.173794904236919905e+02
1.178291639010991645e+02
1.168976252892065730e+02
1.161999118149383321e+02
1.173446861285458596e+02
1.177859887921333240e+02
1.174457067545335036e+02
1.151902470414466961e+02
1.166522891348333957e+02
1.178289401889028625e+02
1.171546966368163396e+02
1.178341814570176780e+02
1.174247754995755884e+02
1.167211263662845795e+02
1.180198969325678320e+02
1.168651346659666643e+02
1.168708101070688770e+02
1.149382984927797935e+02
1.173302346712604134e+02
1.169064060728361198e+02
1.166958016138043632e+02
1.164311230536693813e+02
1.166305442414877547e+02
1.169501101814828843e+02
1.170005117751932460e+02
1.149808006045410593e+02
1.179849027319710473e+02
1.174139129378542918e+02
1.152018752949251450e+02
1.191282598391047856e+02
1.177406643192942255e+02
1.168749087426015905e+02
1.163133020071125401e+02
1.178724649056124179e+02
1.169375229268444514e+02
1.167312843289982425e+02
1.168863268173499819e+02
1.173067699986491448e+02
1.169871057682627793e+02
1.150711568620068590e+02
1.167069104939611321e+02
1.167274664059298601e+02
1.178154135894680792e+02
1.151882695806436345e+02
1.175219577451289723e+02
1.172740677883661107e+02
1.178762830105996642e+02
1.164034497852798040e+02
1.158395544944358733e+02
1.162608685901022056e+02
1.176308515818064535e+02
1.177845045668573221e+02
1.161181494766740485e+02
1.175923631068858128e+02
1.168467015549695134e+02
1.176704130193411970e+02
1.185945849839854986e+02
1.187822280164127449e+02
1.183353235512623058e+02
1.183023886275463354e+02
1.179895960298195945e+02
1.171087549357924900e+02
1.162412610219465989e+02
1.181586394706791197e+02
1.164976053939764995e+02
1.177972816167718406e+02
1.163342214545585875e+02
1.174089214528675029e+02
1.178023938641160271e+02
1.169515324347007947e+02
1.162525772578438534e+02
1.170172560088011835e+02
1.161897598768940583e+02
1.174104378465284526e+02
1.178623985130071503e+02
1.171054067765044238e+02
1.177516746639777239e+02
1.163817184960312971e+02
1.172523861929530398e+02
1.179609761929265233e+02
1.173959648260214266e+02
1.151876088323882215e+02
1.149313450965511976e+02
1.160168295185097804e+02
1.174407995844536572e+02
1.180576783924416020e+02
1.160125685100932316e+02
1.182742721558913388e+02
1.172764560607984521e+02
1.161071163534352024e+02
1.166741068909321370e+02
1.168515221926617187e+02
1.149853304056015304e+02
1.168006814224190180e+02
1.175039763174314800e+02
1.197377021020509034e+02
1.167001870558892165e+02
1.171840031390455863e+02
1.174297003878028534e+02
1.158316528647668093e+02
1.171264864440439055e+02
1.185432669665738246e+02
1.158209049824448016e+02
1.166361177441335286e+02
1.160785979106379671e+02
1.153025951489967724e+02
1.195461293145545341e+02
1.151788148755457968e+02
1.163265006708784739e+02
1.162141886332176171e+02
1.156089587858614891e+02
1.168501162041836494e+02
1.175995618952151602e+02
1.167749558766446825e+02
1.158723760673163099e+02
1.170162176157380856e+02
1.173703685814264333e+02
1.171302491280385993e+02
1.179004461121440812e+02
1.172069930271536862e+02
1.153971717803017043e+02
1.178374338374268575e+02
1.177318677206365862e+02
1.171544566156984786e+02
1.163597641601341053e+02
1.181520770932676214e+02
1.169642308413653637e+02
1.180301711259091064e+02
1.158203967960455287e+02
1.162417563739454351e+02
1.164198949859526095e+02
1.187601704234998437e+02
1.156900811654975456e+02
1.180088532345866241e+02
1.180881639092735611e+02
1.169589195407781972e+02
1.149472392914362331e+02
1.207927848936931383e+02
1.162594609991376160e+02
1.155337101139306526e+02
1.167549367367834492e+02
1.162724755890412638e+02
1.171506402310517814e+02
1.164217023649732567e+02
1.188454560665967534e+02
1.171157072169528988e+02
1.165675317414954719e+02
1.167600324346282719e+02
1.180730736368072087e+02
1.155133070072928945e+02
1.152832971736379335e+02
1.180503537305520751e+02
1.195614765764324261e+02
1.174092291908855401e+02
1.170180350304574262e+02
1.178551069944323189e+02
1.172656735854486811e+02
1.168620669946292452e+02
1.169473550343274155e+02
1.164885825993872430e+02
1.174785319411132889e+02
1.158524711317847817e+02
1.169868382005168712e+02
1.187446393377834113e+02
1.182701214806764369e+02
1.159340776599969587e+02
1.162967998885945065e+02
1.167609655679611649e+02
1.175490036578334241e+02
1.169503515099053317e+02
1.184697992045205410e+02
1.166355229417411437e+02
1.148339579950381761e+02
1.169040076163566795e+02
1.161846214860826478e+02
1.176800117287902054e+02
1.175716549107671085e+02
1.151329488573844770e+02
1.180114355158032424e+02
1.162964223952375420e+02
1.150591295278250783e+02
1.178524164545089405e+02
1.176923024862636282e+02
1.139028144277346541e+02
1.171720566839674404e+02
1.186929426602046220e+02
1.179517928425562729e+02
1.170443471131175244e+02
1.167543133053273579e+02
1.159800104161948155e+02
1.161504349021601712e+02
1.158508961475857575e+02
1.163090792640699078e+02
1.176162407246090282e+02
1.151055489771176923e+02
1.166692310444637286e+02
1.167387419534566817e+02
1.177586922722726115e+02
1.168563681341421869e+02
1.185506935915017834e+02
1.170798898403652544e+02
1.166636747656398683e+02
1.163675629954306459e+02
1.179212337353886682e+02
1.174324060055250953e+02
1.164510251355008847e+02
1.162688442862500153e+02
1.168796122685548369e+02
1.183203594410771160e+02
1.188724080284499820e+02
1.188333814000314561e+02
1.177457890547707393e+02
1.170161306844275373e+02
1.190844092159877761e+02
1.172601024819918365e+02
1.166138422871436688e+02
1.179248856321900263e+02
1.166465883746860470e+02
1.162295946571187386e+02
1.176020597660642864e+02
1.170238861143863716e+02
1.170780219536714668e+02
1.178833423703319596e+02
1.196285048161122120e+02
1.169824078181202225e+02
1.149976025721700950e+02
1.185151825283848837e+02
1.189696432409410818e+02
1.163111710492500066e+02
1.185123753853195012e+02
1.189689478920279981e+02
1.172648512487600954e+02
1.173010215234403830e+02
1.166119373759024711e+02
1.179740063175163698e+02
1.175453658239007950e+02
1.178352612764821714e+02
1.150914805131860135e+02
1.179685630261427320e+02
1.170038711102575775e+02
1.156440420575255246e+02
1.175643196689744627e+02
1.173053549279383105e+02
1.158565264369811842e+02
1.165015676033177527e+02
1.177892185518683732e+02
1.157735056650652723e+02
1.177584068176135048e+02
1.172007768482606309e+02
1.168690623638964183e+02
1.166269195554221767e+02
1.174001936171962086e+02
1.190813243263118864e+02
1.190130974995091862e+02
1.192330333475898811e+02
1.168304221302675217e+02
1.164213557780230275e+02
1.176481359767550430e+02
1.177888841355096901e+02
1.166767552944706381e+02
1.163883815816528084e+02
1.172209413337316164e+02
1.174119637672109349e+02
1.183368034105608757e+02
1.171116554744257030e+02
1.160660796830453876e+02
1.175176617271866490e+02
1.180970902814285068e+02
1.165929997781503573e+02
1.162718164700000187e+02
1.157432554105786693e+02
1.175946836650889935e+02
1.174623716069885688e+02
1.158121343051215177e+02
1.172699430709835440e+02
1.165059901966439639e+02
1.195209578300184887e+02
1.160756238564798934e+02
1.181642396156459256e+02
1.189890385255456664e+02
1.184810298108133395e+02
1.183257181669175964e+02
1.163723912398574498e+02
1.175589463874813703e+02
1.167225297253066714e+02
1.163342653911348208e+02
1.176399879712020748e+02
1.169216671936654848e+02
1.184038369125886874e+02
1.172849786410674398e+02
1.155434081154888304e+02
1.173900769724498332e+02
1.173483575819256686e+02
1.185737647420031351e+02
1.193108203119401765e+02
1.184808793597532173e+02
1.154962926304724533e+02
1.164020991502150792e+02
1.162134049139215222e+02
1.166259217983219401e+02
1.162933351917270528e+02
1.170792138277506069e+02
1.174678725478477759e+02
1.193113716535032580e+02
1.167291193511033782e+02
1.156432183909803371e+02
1.162558475040309531e+02
1.191369913712039192e+02
1.172567610634757642e+02
1.171376513856547064e+02
1.177818462656784959e+02
1.164299708252002574e+02
1.164510563509530243e+02
1.158768160139917285e+02
1.183927517505628657e+02
1.178994359276389190e+02
1.187506182670056774e+02
1.159759658932917858e+02
1.183769502122888753e+02
1.176316887979480015e+02
1.180449212930589198e+02
1.179073503327540351e+02
1.171377166964433485e+02
1.169838281637363480e+02
1.186668151351903333e+02
1.185099406615398863e+02
1.168357782444768276e+02
1.160422139285469427e+02
1.177599962019780406e+02
1.182121642460088680e+02
1.156362009893579028e+02
1.168315496721086646e+02
1.185310232726261432e+02
1.176821376041866500e+02
1.153489836435781655e+02
1.175431915533103222e+02
1.164270617235745107e+02
1.157811255455139730e+02
1.194687655341057564e+02
1.153508292817605536e+02
1.171973612273022525e+02
1.159965241192285106e+02
1.164718569981321252e+02
1.175857037399392766e+02
1.161980762496615966e+02
1.164515678166682591e+02
1.172838182164849314e+02
1.169530958863923615e+02
1.178542953215333142e+02
1.170719323954653106e+02
1.174803214158943518e+02
1.171052362365667534e+02
1.162885109449116214e+02
1.175478103151865952e+02
1.177947460671590392e+02
1.163508827669314627e+02
1.153743612278533419e+02
1.184936044107096222e+02
1.160679263137697035e+02
1.165160014493665557e+02
1.190361428728203634e+02
1.172950083818328864e+02
1.161752418485909573e+02
1.164730409720840214e+02
1.147053856996992209e+02
1.164548540112804602e+02
1.162262984386815248e+02
1.172883750644022882e+02
1.176508180279723774e+02
1.170176384977587105e+02
1.172076949638024530e+02
1.181088995266301680e+02
1.173249426270417644e+02
1.172523155177588450e+02
1.148026175425438566e+02
1.184835852651770125e+02
1.164214422568338563e+02
1.171372054485833871e+02
1.180189331776505384e+02
1.181337451962125158e+02
1.166876945494876026e+02
1.175387597538023527e+02
1.163796037553280627e+02
1.183021979457211330e+02
1.190478056147876771e+02
1.166590514746738165e+02
1.160166793076810592e+02
1.147280292994959865e+02
1.147786556071224311e+02
1.168860204267491412e+02
1.177966701870286954e+02
1.169638590072869846e+02
1.163489168782723766e+02
1.177959954332868193e+02
1.166270550611234853e+02
1.187026712027495705e+02
1.158571802872477150e+02
1.151997289436551597e+02
1.173256941173316221e+02
1.170565268079765247e+02
1.185305973734943592e+02
1.155389422194461133e+02
1.158424788708040865e+02
1.167233451872952941e+02
1.176849202180620466e+02
1.168404186871185857e+02
1.167235028626410127e+02
1.164760117488882827e+02
1.154273507948712165e+02
1.177951147566861891e+02
1.170178644802044658e+02
1.172127706516331074e+02
1.170387148865553968e+02
1.177966880933067273e+02
1.186026319391194903e+02
1.147423192502806870e+02
1.149544717048377294e+02
1.157415035852018832e+02
1.169574269560965405e+02
1.170960064567388486e+02
1.170570564180799380e+02
1.191757428356086876e+02
1.168991859351622082e+02
1.166192607654669757e+02
1.166440189242209726e+02
1.148026274187810287e+02
1.171391838313001017e+02
1.186217760879513321e+02
1.191031810152028498e+02
1.167308438386156695e+02
1.178031734822340724e+02
1.166823627506891512e+02
1.173673212769810164e+02
1.175189844545537454e+02
1.151969246501618045e+02
1.168512810164695850e+02
1.173458774929176371e+02
1.159187787425875058e+02
1.164203713632445130e+02
1.186994648881155285e+02
1.160648572357683292e+02
1.161206468835744516e+02
1.166888781377056432e+02
1.153452377109542368e+02
1.158708872415012081e+02
1.151678177296533647e+02
1.185355022354249854e+02
1.179268103920665993e+02
1.161615100700218193e+02
1.159724493919826926e+02
1.158226014763293534e+02
1.171695844253892886e+02
1.172180080184430864e+02
1.189191627248364256e+02
1.184058947498914165e+02
1.169020001737663250e+02
1.168182600468564374e+02
1.147330903409941101e+02
1.169837696832300367e+02
1.171578448069800942e+02
1.164044552241111461e+02
1.171590495215075265e+02
1.164498758980654003e+02
1.178754912440637526e+02
1.153415161464135963e+02
1.172369549878293071e+02
1.157555133332572979e+02
1.184676385610999034e+02
1.173461221502822269e+02
1.182891959659092151e+02
1.165708012783555176e+02
1.189161107810887756e+02
1.160365855770799470e+02
1.165248591495757751e+02
1.185749825816193237e+02
1.184613309723432764e+02
1.181417492304601637e+02
1.144507749076358891e+02
1.179935180695725307e+02
1.166741997542742553e+02
1.169729482788423383e+02
1.162697121598234844e+02
1.180566730676367087e+02
1.189289987348582542e+02
1.182123827006575993e+02
1.168469187526317228e+02
1.166577781612091087e+02
1.179575375967297077e+02
1.165714598564638607e+02
1.172913619446496796e+02
1.160765694010306390e+02
1.167564588731697484e+02
1.179455501834346336e+02
1.175523193060656979e+02
1.155453627493566557e+02
1.188624984698904257e+02
1.171805827252938315e+02
1.160833640820376473e+02
1.173883009932935551e+02
1.162766100549970076e+02
1.159227764090364872e+02
1.167349523320477687e+02
1.190210043595836993e+02
1.174489688604684972e+02
1.208310476546419920e+02
1.150476001176701999e+02
1.169571286073902314e+02
1.180360534851535306e+02
1.149902714038937717e+02
1.164950692642055969e+02
1.156449867262645625e+02
1.149724998507711149e+02
1.156552065177707789e+02
1.170084730065795924e+02
1.178973313361153856e+02
1.148104148303303162e+02
1.154852105799196380e+02
1.175703525725227223e+02
1.164332872659635996e+02
1.176196980395319116e+02
1.181125923324884752e+02
1.192509684460343493e+02
1.177460470438388285e+02
1.186847159748556919e+02
1.162577725527990680e+02
1.159137237902354940e+02
1.189143104854079098e+02
1.161668490642568372e+02
1.178944753354666659e+02
1.164345357012392697e+02
1.156171151054508073e+02
1.184693117322593707e+02
1.176320389711729177e+02
1.168524460731096895e+02
1.159308526947168190e+02
1.174050931962949278e+02
1.170711378864007912e+02
1.158097173355380676e+02
1.159769610586314883e+02
1.166497230477590108e+02
1.169956312121684618e+02
1.152311988738739217e+02
1.183723571115567097e+02
1.182429002741190516e+02
1.180453886471505172e+02
1.155785041596891602e+02
1.163624129085234813e+02
1.179992313090657206e+02
1.193131291536358276e+02
1.188994916540459030e+02
1.200248105131191352e+02
1.182384459380020871e+02
1.173338318702481615e+02
1.176520336368241146e+02
