1.301239625198790861e+02
1.288181416681642304e+02
1.309446958039932838e+02
1.283370984274220916e+02
1.252177138321374201e+02
1.299535544656824015e+02
1.314491804455907698e+02
1.297758016886169230e+02
1.291812885477296788e+02
1.320528993741048396e+02
1.307011524243889369e+02
1.322842397800542074e+02
1.287104819320301488e+02
1.286603992266738032e+02
1.303194837671996140e+02
1.268215740643377671e+02
1.317137404536294980e+02
1.296019202454073138e+02
1.274849364740545639e+02
1.300098328935095253e+02
1.328633822458730549e+02
1.312888163647302520e+02
1.287093186692652296e+02
1.284356581241227957e+02
1.312213639605542141e+02
1.274816396710529176e+02
1.308597227621521597e+02
1.294995906285746798e+02
1.306337873193158998e+02
1.304830837434485602e+02
1.275301284709907463e+02
1.305013134421332666e+02
1.322238398337703131e+02
1.281532188773676069e+02
1.331727608132063096e+02
1.304093325791980646e+02
1.286920771289252343e+02
1.299613303632269208e+02
1.303332078238617555e+02
1.316803919580874833e+02
1.316910835432301496e+02
1.297995816631355694e+02
1.293144820103069605e+02
1.258421346345972864e+02
1.279904149405577840e+02
1.327290389546025153e+02
1.318367620035982952e+02
1.276353556280794805e+02
1.281916898090288441e+02
1.290840616830255669e+02
1.325752985885193880e+02
1.309471320537305417e+02
1.273887219450265036e+02
1.292958011052170093e+02
1.342069307983156534e+02
1.268131264278474362e+02
1.291981005009764658e+02
1.283855498048444304e+02
1.286400916854951504e+02
1.263614905642603787e+02
1.313672722161823003e+02
1.315683203740085787e+02
1.297145131656712636e+02
1.335040296553156907e+02
1.308207356706681992e+02
1.317089035752491952e+02
1.289308319735823716e+02
1.314443123190145855e+02
1.304188493467640626e+02
1.291894993550245090e+02
1.286051235403943735e+02
1.289653583448006202e+02
1.319525953669708827e+02
1.318286467440672993e+02
1.315899922802638571e+02
1.331700518505463151e+02
1.312915051002915163e+02
1.288717600362395785e+02
1.321494193322043316e+02
1.319062614557981021e+02
1.282437617498461293e+02
1.309084557650747058e+02
1.289216718724321140e+02
1.295159864120324471e+02
1.302376526324207475e+02
1.256550966537749332e+02
1.263168149477198483e+02
1.310880976986115343e+02
1.293912411400725659e+02
1.288368247995606453e+02
1.272095838739692226e+02
1.324423912381566595e+02
1.326063361288754265e+02
1.293086226486974226e+02
1.324444159040530735e+02
1.258591188478495866e+02
1.294543631759737821e+02
1.313410089775278777e+02
1.278025246567364945e+02
1.344908644923306724e+02
1.282159772798445090e+02
1.296555713217668142e+02
1.302368181469725243e+02
1.311311414795236772e+02
1.336119331878674075e+02
1.330412887594243614e+02
1.310833644540543617e+02
1.306147945878099392e+02
1.317946275417327229e+02
1.318923745352867911e+02
1.300087539038924831e+02
1.305345520312149006e+02
1.291955977714202675e+02
1.311788329521042726e+02
1.311396415737577854e+02
1.289535193587485082e+02
1.317579621193676189e+02
1.282393604849775102e+02
1.291541529868295015e+02
1.328889230134824118e+02
1.324608014654735371e+02
1.335869106800471684e+02
1.263494952994210081e+02
1.248173394187984400e+02
1.308072290868895493e+02
1.302033947169319958e+02
1.274713886784551562e+02
1.308532336728257235e+02
1.294816238307997196e+02
1.311724237312118930e+02
1.322298605652447634e+02
1.317910977464034943e+02
1.269414751571282665e+02
1.276541623217525228e+02
1.319542089636368587e+02
1.308435297653547877e+02
1.311669427338076446e+02
1.283242825286583866e+02
1.318034799407685114e+02
1.299338872758256684e+02
1.287981654862443577e+02
1.297638284944486600e+02
1.284921019368205748e+02
1.306710298862237210e+02
1.277112781930590302e+02
1.311671992799545308e+02
1.302223683381533306e+02
1.300997292959266076e+02
1.286052902279824082e+02
1.310943157204753220e+02
1.285318895505714636e+02
1.302706832082461688e+02
1.272510111942669795e+02
1.318078888608868624e+02
1.307523308142610290e+02
1.303700309219530595e+02
1.274251858619616513e+02
1.322533913051375691e+02
1.321115353007033093e+02
1.323095695567061227e+02
1.280099841173579875e+02
1.320039104760410851e+02
1.333485997463530737e+02
1.298672826371191604e+02
1.292598046080751431e+02
1.295891103069458552e+02
1.327836688293144789e+02
1.291159111372014934e+02
1.322166722658823232e+02
1.293580135418868053e+02
1.310316368458327361e+02
1.298207777224156416e+02
1.295898519211079361e+02
1.327341852449106909e+02
1.294949394809539172e+02
1.297988126812314249e+02
1.339482108415729158e+02
1.314701570950643941e+02
1.305815728939768974e+02
1.282513254470074742e+02
1.306728588293687210e+02
1.323770257566800694e+02
1.301515923857335508e+02
1.347209540359297080e+02
1.310309025349100409e+02
1.291193997685996351e+02
1.330867651665830067e+02
1.293532699008371196e+02
1.294255131987839604e+02
1.314094264271121517e+02
1.295670986396994806e+02
1.311326411091345108e+02
1.290548366879074251e+02
1.323186673765133037e+02
1.300465187532096820e+02
1.296101290611373429e+02
1.302024560860166389e+02
1.272292760695114566e+02
1.324348704124819278e+02
1.324127918343384920e+02
1.305855331583969701e+02
1.304383261274442418e+02
1.283639488203704389e+02
1.285362638435331348e+02
1.286540207883833773e+02
1.306843194113177731e+02
1.320335787867683166e+02
1.299550733299562921e+02
1.346415912162073880e+02
1.302071954634692474e+02
1.305980629485329416e+02
1.309689056103912606e+02
1.312994937599374055e+02
1.280344505739300303e+02
1.287061777451263822e+02
1.294520866612386669e+02
1.314372473391434539e+02
1.305516146595926159e+02
1.300752924652360321e+02
1.330392972428326175e+02
1.283519157365883245e+02
1.325990235360814040e+02
1.332126834728473739e+02
1.328888444007998260e+02
1.284176235490354543e+02
1.308062623661480188e+02
1.312584370301640035e+02
1.346624482893583377e+02
1.316468845176952129e+02
1.276563407572290743e+02
1.351657433606999348e+02
1.291086585437077474e+02
1.298353855674463944e+02
1.309242979109994280e+02
1.261613272246476924e+02
1.286860054647463016e+02
1.308529302151755473e+02
1.307369746318041166e+02
1.288375257930497071e+02
1.295751589901416594e+02
1.336408855056954508e+02
1.292960618871558438e+02
1.284841355902719613e+02
1.302198034795846127e+02
1.283557489713539042e+02
1.296776151539207831e+02
1.294006971308915865e+02
1.326555775713726462e+02
1.284683571314607207e+02
1.284442003117947309e+02
1.326743861621223459e+02
1.310042353553735097e+02
1.292435922965207737e+02
1.252120960136390266e+02
1.299453348429491939e+02
1.309351598884915404e+02
1.274873841771992318e+02
1.313320325749149049e+02
1.330017641275400422e+02
1.305115728098063812e+02
1.290383387848169434e+02
1.299002683728343754e+02
1.296132101059362469e+02
1.289145544243710617e+02
1.288065554340588790e+02
1.310582018309390833e+02
1.306871483079765994e+02
1.302112739484002191e+02
1.350412269949353856e+02
1.326321630516430048e+02
1.314765117927164795e+02
1.276113753940733631e+02
1.319517819772140683e+02
1.305220996424343127e+02
1.277996341107313896e+02
1.293544288068448793e+02
1.321332488264274900e+02
1.299152039382312580e+02
1.304284675889226719e+02
1.298487786015020049e+02
1.295596595634694665e+02
1.307710257757426007e+02
1.294284325333494508e+02
1.321830977209633886e+02
1.276900781460986281e+02
1.300370296494313322e+02
1.307734282228458369e+02
1.307158705545631108e+02
1.283465535057614773e+02
1.296139250350084069e+02
1.273334171851012258e+02
1.305251598950457890e+02
1.291298385948167322e+02
1.319995343520711799e+02
1.320953293626905065e+02
1.325376970391538975e+02
1.312240401357995552e+02
1.334550948107352042e+02
1.274295149356207588e+02
1.284659810173246797e+02
1.302799347171534805e+02
1.278134145494700817e+02
1.327163638585009835e+02
1.281310786030183522e+02
1.321162849399932213e+02
1.290074738488916921e+02
1.313134030693633463e+02
1.301021188773426047e+02
1.291897091103436708e+02
1.306698006085435964e+02
1.315123093819318001e+02
1.276312395440305636e+02
1.290568005004267036e+02
1.283561178364693092e+02
1.289972036525301178e+02
1.300874509953083873e+02
1.305496237052648496e+02
1.341852357671728271e+02
1.264243093060128729e+02
1.278322841556502993e+02
1.312920067407176248e+02
1.270223898027702063e+02
1.287584040767854390e+02
1.318626624679596659e+02
1.308153458828761302e+02
1.289646597700701136e+02
1.306220894276383433e+02
1.282588006312396942e+02
1.274028364701870402e+02
1.307648229610319106e+02
1.305998305908477448e+02
1.300431223849487310e+02
1.274904365630329437e+02
1.291147468627495982e+02
1.357490957796515829e+02
1.296354552948641867e+02
1.265901313325151705e+02
1.318513784119679713e+02
1.303152510759864526e+02
1.300944757649957637e+02
1.299031540938437672e+02
1.275945331214911960e+02
1.299946943966776587e+02
1.255661874095125654e+02
1.301048534810586261e+02
1.331842149750336262e+02
1.309211052131051076e+02
1.301657027684120749e+02
1.294768072973814697e+02
1.249972204849739938e+02
1.259715384046907758e+02
1.298551478409693800e+02
1.312363861030227667e+02
1.300771127424104634e+02
1.289765277551928762e+02
1.294321501738044162e+02
1.335152977797293374e+02
1.312086833016503249e+02
1.311255249353966121e+02
1.322844539357677718e+02
1.341326972017561445e+02
1.294188513174329103e+02
1.297950847283684368e+02
1.323253056210739942e+02
1.302325194948686828e+02
1.295586525835598479e+02
1.297931544207534955e+02
1.316826347140104474e+02
1.302973086408524068e+02
1.326309132220800109e+02
1.333004742723386187e+02
1.298711718173640293e+02
1.282820429039375654e+02
1.276838076416969727e+02
1.325334469134704136e+02
1.296712833986860289e+02
1.326137759562049041e+02
1.290329767884061312e+02
1.347003593465946096e+02
1.292062154527885980e+02
1.289193671023441539e+02
1.314397757252409349e+02
1.288332547939725430e+02
1.301398767975587134e+02
1.302753638211544569e+02
1.306884475962591807e+02
1.297294415666744101e+02
1.310919353065064570e+02
1.283462580285324179e+02
1.307656510711642568e+02
1.295168289472968866e+02
1.301945697356680398e+02
1.306897390983297953e+02
1.305808379178448604e+02
1.298991859140714382e+02
1.308485769713389573e+02
1.326526827002163884e+02
1.313203038535365863e+02
1.293992131151232456e+02
1.315468252516653820e+02
1.272260273873304612e+02
1.341648147854478736e+02
1.310485262501366037e+02
1.337481512870123765e+02
1.292902036920245052e+02
1.290203296787761360e+02
1.331015947436632700e+02
1.341106760625947061e+02
1.303335784586950581e+02
1.302330784621384510e+02
1.308894077764497865e+02
1.281510997267992593e+02
1.313250825562009823e+02
1.326009687997819242e+02
1.291130294095360398e+02
1.338219081755494813e+02
1.341601605209751540e+02
1.323056875162580468e+02
1.329309119603953775e+02
1.277435747529950447e+02
1.282288772116006896e+02
1.300158833239860314e+02
1.279546071839547494e+02
1.302134430464527100e+02
1.285524867769218247e+02
1.289042121701211556e+02
1.306489137884249772e+02
1.286169852193963834e+02
1.317760912540208267e+02
1.264161763979598732e+02
1.294660111611714797e+02
1.317005897360443782e+02
1.316839045372321948e+02
1.313935888354575070e+02
1.334080622922502357e+02
1.271820457000229823e+02
1.323446444441512426e+02
1.296026593779857023e+02
1.331987035132793551e+02
1.303423280491711864e+02
1.306288988458904612e+02
1.245735443248396308e+02
1.286056878236672389e+02
1.298109005680375674e+02
1.325314082252402841e+02
1.322605689533769464e+02
1.298701536922828268e+02
1.306348825920999559e+02
1.322555876629774048e+02
1.325810982625316683e+02
1.302868155348525363e+02
1.331171007293823720e+02
1.304288496050637036e+02
1.299895830057629951e+02
1.323136602632164909e+02
1.285184039395572313e+02
1.243764088043959362e+02
1.294534471982005357e+02
1.302864231564705335e+02
1.330311002034849253e+02
1.282182354234383013e+02
1.277616963506208663e+02
1.321980795350077358e+02
1.290684907955341600e+02
1.291296329378015741e+02
1.297909406565956090e+02
1.297826808014549442e+02
1.335467654496346199e+02
1.300470454280970500e+02
1.310626951603171051e+02
1.290052384007838668e+02
1.259868061534660058e+02
1.319852682982960062e+02
1.300769852488603533e+02
1.299877379189718170e+02
1.318583320212671595e+02
1.258056175851712197e+02
1.260945533093424160e+02
1.311769950573558390e+02
1.330275064824966478e+02
1.322335295161551301e+02
1.242484252603799320e+02
1.276655203551378293e+02
1.328508617309874182e+02
1.330073077353485473e+02
1.283983823122676711e+02
1.303062260694532881e+02
1.277341414863292783e+02
1.337264585264978507e+02
1.308752484933628750e+02
1.246307242322861555e+02
1.301494940129522320e+02
1.263988573752316569e+02
1.293940887003179512e+02
1.261461262960800127e+02
1.318550537062247940e+02
1.284691165310335066e+02
1.304228253955536161e+02
1.299622420585353666e+02
1.321494054014931692e+02
1.272966326435518880e+02
1.301843210931876627e+02
1.329231414958329935e+02
1.304366633046632842e+02
1.269482492877338160e+02
1.285168113721977363e+02
1.286461467913407262e+02
1.308053737351863219e+02
1.303842869664246109e+02
1.326783337691228724e+02
1.266150122325619662e+02
1.299750206501757646e+02
1.284636617049874303e+02
1.291888566669897216e+02
1.329129940294976677e+02
1.273769882166584750e+02
1.271592963386777910e+02
1.305544341834138606e+02
1.322873046968741448e+02
1.279932545373345931e+02
1.313376171185698240e+02
1.303431830038864518e+02
1.298120463290952955e+02
1.299366883410861817e+02
1.282400685606035324e+02
1.307375774969963800e+02
1.304207570325421841e+02
1.299438446797656468e+02
1.334767952928310706e+02
1.311550686741341849e+02
1.282297513782965837e+02
1.308169333072878260e+02
1.311561333626111718e+02
1.302061642515652125e+02
1.314553538573945843e+02
1.294033454593245551e+02
1.306264316003338308e+02
1.321933797769562773e+02
1.303847106359428096e+02
1.330345876908967568e+02
1.304576255005167980e+02
1.310976010952597903e+02
1.273864859921855555e+02
1.322003403449946006e+02
1.299568311372428582e+02
1.305527541733891042e+02
1.303997203966747520e+02
1.302878627385178163e+02
1.283571176361713526e+02
1.305388928786838107e+02
1.330597315372159528e+02
1.304071572832398829e+02
1.301740071346550849e+02
1.290744253540835302e+02
1.286767448605084212e+02
1.298040404713794658e+02
1.305403030262595792e+02
1.322817180014758378e+02
1.310546911174302807e+02
1.287494093198652081e+02
1.265302810751250604e+02
1.322053311412189771e+02
1.321509969403600451e+02
1.292783423388123651e+02
1.304644590773070263e+02
1.291396251026038158e+02
1.286000609062348303e+02
1.318069028798711599e+02
1.309885634756556669e+02
1.310499929415169049e+02
1.295937090389673472e+02
1.315030114314427010e+02
1.278462327777977521e+02
1.308037544275830442e+02
1.320959342011386752e+02
1.324511598955388934e+02
1.291411536224754286e+02
1.270708067641966892e+02
1.280511525667735668e+02
1.284222328973789899e+02
1.293914828945406157e+02
1.340937788485327360e+02
1.309001585315572243e+02
1.296743013370611379e+02
1.292762900347170216e+02
1.289830682419926404e+02
1.295375667868697462e+02
1.308395466166584242e+02
1.281070462550980551e+02
1.272661252981586557e+02
1.319170156305742410e+02
1.312451502792503391e+02
1.314390259601783839e+02
1.338353673318796950e+02
1.286587471871137041e+02
1.320591545285786026e+02
1.304516704862462291e+02
1.299378800277793005e+02
1.277814706723600580e+02
1.274358958944026199e+02
1.301035915413619648e+02
1.288654781678271490e+02
1.323997608806053563e+02
1.322908826947606542e+02
1.335878703604274449e+02
1.318881865467647003e+02
1.274075738339259942e+02
1.291140065744357912e+02
1.294222269899350408e+02
1.315256144274186170e+02
1.331748736890935447e+02
1.294332875863945276e+02
1.291829253797510262e+02
1.324915693575266005e+02
1.282391480806561503e+02
1.336251240771510425e+02
1.335062258488811153e+02
1.304947624373212705e+02
1.300490190908381862e+02
1.353999635599421936e+02
1.326463366797908918e+02
1.280019578453040481e+02
1.345404537453019316e+02
1.294274843086018905e+02
1.280357665086470433e+02
1.281285723811340347e+02
1.308278112446222394e+02
1.294788925080013371e+02
1.354141312484915147e+02
1.324682678470355768e+02
1.361904606375806281e+02
1.268210357493127844e+02
1.310511247978167546e+02
1.271433489647376689e+02
1.317450857827409436e+02
1.279019542572749799e+02
1.315235647891701660e+02
1.331291090333556895e+02
1.294734335865659602e+02
1.316503812722436066e+02
1.360239452256400057e+02
1.277308024358152636e+02
1.319857086109525994e+02
1.337547734433887285e+02
1.324140702119362629e+02
1.313240039540759199e+02
1.299517176279028376e+02
1.270882160535845031e+02
1.273814510115725511e+02
1.273097693357972702e+02
1.306757276706289872e+02
1.281310105366023890e+02
1.301803414471266933e+02
1.303693244956770343e+02
1.289084346521704845e+02
1.330102506978103634e+02
1.325506393889153571e+02
1.258715182832451660e+02
1.306567536304299892e+02
1.277293564160003001e+02
1.326713937745094825e+02
1.275877846804608993e+02
1.332280281436203495e+02
1.283915469672711254e+02
1.268035559149735434e+02
1.302547046102479840e+02
1.302525090312864791e+02
1.302747783611908972e+02
1.281658718774392014e+02
1.274679447849808298e+02
1.306291589222786058e+02
1.289898022252280043e+02
1.296371606289983731e+02
1.304011241815468907e+02
1.267459190938227351e+02
1.279927257291752767e+02
1.291323547396717970e+02
1.306371762264664369e+02
1.274952049312632028e+02
1.280571030616936525e+02
1.285760097372675261e+02
1.300031991860369942e+02
1.300468770157652614e+02
1.318251215013060289e+02
1.330897792717938160e+02
1.349175898432834515e+02
1.287695855944920993e+02
1.327312305126000638e+02
1.299267954202358908e+02
1.296752242664389314e+02
1.317592625622540652e+02
1.316722184675788867e+02
1.299696674995357739e+02
1.321462218772774690e+02
1.315307552581435573e+02
1.304266719705607045e+02
1.296730513709296417e+02
1.315461719527072546e+02
1.267699553451917041e+02
1.323614889591981694e+02
1.309416281508283078e+02
1.335764493032052940e+02
1.340079951187408938e+02
1.275928509777599515e+02
1.323163686390322198e+02
1.297413724552244219e+02
1.314091447331159372e+02
1.343514211345115541e+02
1.288440411429740493e+02
1.284206224874768623e+02
1.296956498501560304e+02
1.302267273432390198e+02
1.279163506413042484e+02
1.315651668036794035e+02
1.296375554860387354e+02
1.323615826627372201e+02
1.267137801464017741e+02
1.353734096524171377e+02
1.287308674093909246e+02
1.300816644731173142e+02
1.323499397890444129e+02
1.328322623915217378e+02
1.314201639713537020e+02
1.269764294351963656e+02
1.297620833914618856e+02
1.290542637310734619e+02
1.316137216686832971e+02
1.300745122160442122e+02
1.297433449112407118e+02
1.294960111314373705e+02
1.283039270296529537e+02
1.319383517478931367e+02
1.336316386430569878e+02
1.320227763990836820e+02
1.288607218891744424e+02
1.282834792523624117e+02
1.338333096115475485e+02
1.303307996468893748e+02
1.294077030590620154e+02
1.301773669255559582e+02
1.282508123822492507e+02
1.301357593550529543e+02
1.344222391490296502e+02
1.297477690347008377e+02
1.304586074850646185e+02
1.271773909531189304e+02
1.286237934497910658e+02
1.297838062182404713e+02
1.261114003462263895e+02
1.313327602087123864e+02
1.304842931857284327e+02
1.301572805872748688e+02
1.302671556856289214e+02
1.320117668746087816e+02
1.318327006168808566e+02
1.308283061433504599e+02
1.304474301880140956e+02
1.311370491901440403e+02
1.307372317656447080e+02
1.296291059237447882e+02
1.270244937173605990e+02
1.320100082470961524e+02
1.295888282987639286e+02
1.335689841514189595e+02
1.269409415128007907e+02
1.314397075378417412e+02
1.288070539406201078e+02
1.304318394267486951e+02
1.294517700019728466e+02
1.296576474154244352e+02
1.313807457744697729e+02
1.266691816683280649e+02
1.271256102694823653e+02
1.286595116695083618e+02
1.303462523910464199e+02
1.303337921175238137e+02
1.281486213450736216e+02
1.315783108598179183e+02
1.306990610631120830e+02
1.327076012247712242e+02
1.333564631095557615e+02
1.305004589252575897e+02
1.325786435738639000e+02
1.344675528625992342e+02
1.305493569683955286e+02
1.285430339969553870e+02
1.278021928116626356e+02
1.312727765294943936e+02
1.324015048920062156e+02
1.316553273542317584e+02
1.340417575602699571e+02
1.304712077327015436e+02
1.334236431783225214e+02
1.324943494926677374e+02
1.325707974595773635e+02
1.326424114614861480e+02
1.299095905713323305e+02
1.323814202019158586e+02
1.319021365435726523e+02
1.333151333390491686e+02
1.302932997666925985e+02
1.307765191014106563e+02
1.288602104271269582e+02
1.281057219783143637e+02
1.319565457213607829e+02
1.304874208875248200e+02
1.313465663946674624e+02
1.330466179111106442e+02
1.304597936721522728e+02
1.297960760696458635e+02
1.279742134295046441e+02
1.340130392371682149e+02
1.290671498825045092e+02
1.340670778003050430e+02
1.288436444126135711e+02
1.321329543104763786e+02
1.318074654874020268e+02
1.271571687051867343e+02
1.325158452195462360e+02
1.316706035702592885e+02
1.313102562054548059e+02
1.311304678302809634e+02
1.286757724505669387e+02
1.300301584331220397e+02
1.280384472605323083e+02
1.336399271215277054e+02
1.308828138099973728e+02
1.296592327980202981e+02
1.292616502744339471e+02
1.275027230334013097e+02
1.297816134314745398e+02
1.328566698354329390e+02
1.314841909492797356e+02
1.334108231124635893e+02
1.316820638587724090e+02
1.305362570718325514e+02
1.334511962444152573e+02
1.304354337195420896e+02
1.305970930121281128e+02
1.322315170106633673e+02
1.263644006244548024e+02
1.290264729231880665e+02
1.362679527172841460e+02
1.271294775890645070e+02
1.316759987127609861e+02
1.278560226908706170e+02
1.322957922738664820e+02
1.310773427575191192e+02
1.342031445671626386e+02
1.339326528714198901e+02
1.296479588679560209e+02
1.313831184361168596e+02
1.282837923834775040e+02
1.311057701025259234e+02
1.282926020609859563e+02
1.291014226751452441e+02
1.307716584049139215e+02
1.315723760843768844e+02
1.248764517578694324e+02
1.295946428501303274e+02
1.352773223124241895e+02
1.313775595027938152e+02
1.298961295572524932e+02
1.274354058480194425e+02
1.333047850664610792e+02
1.313928924347059422e+02
1.301525515373439532e+02
1.313399790504035991e+02
1.314611965917265479e+02
1.314114500461759860e+02
1.313544011364214157e+02
1.273209389837057159e+02
1.304772059922966037e+02
1.280838234130381181e+02
1.264568007836030148e+02
1.290768559182179729e+02
1.281960830503557247e+02
1.290391531242437111e+02
1.308677096196093999e+02
1.327401425705207885e+02
1.290449343807451328e+02
1.304716620665549840e+02
1.311327789318516182e+02
1.310022249534694652e+02
1.296141804673605407e+02
1.302839718146227597e+02
1.306526575105357040e+02
1.301565279639605990e+02
1.302307435531147064e+02
1.282688690323139156e+02
1.298331885594244568e+02
1.298812095091504943e+02
1.279937105640846937e+02
1.347733023529171135e+02
1.272100630329769615e+02
1.301741337567559924e+02
1.313225652303354707e+02
1.296961746599594676e+02
1.290862191753496688e+02
1.330690368196134159e+02
1.299458140238055535e+02
1.311629125361101273e+02
1.295399463606291022e+02
1.323805778134961031e+02
1.321550455982279857e+02
1.283604672203649386e+02
1.259061913931135450e+02
1.315654900210127494e+02
1.286824629532605684e+02
1.327456371930140051e+02
1.282632814978433942e+02
1.302460761734250525e+02
1.337193167302033601e+02
1.311913818763458153e+02
1.284239486341911913e+02
1.296028683442383169e+02
1.281331070987417036e+02
1.320706034883239113e+02
1.301642772841016722e+02
1.304494460907382347e+02
1.291960591984509392e+02
1.287699492124649225e+02
1.283384444044956183e+02
1.326407512486409814e+02
1.330815940950023730e+02
1.313821269175682573e+02
1.289481455271410937e+02
1.325533031610877970e+02
1.322664041872001803e+02
1.340763027827487122e+02
1.326940641230218603e+02
1.328048455507428400e+02
1.271079756917196875e+02
1.310353987414602273e+02
1.288757410215318089e+02
1.316443523189793154e+02
1.319689428761647605e+02
1.270803530716005838e+02
1.308745911653884093e+02
1.276898496514919970e+02
1.305496693548163023e+02
1.294912328841918452e+02
1.291998974166287724e+02
1.329712231976621695e+02
1.299051176182285019e+02
1.295899248736503182e+02
1.282076911028855193e+02
1.328558172219739220e+02
1.311638426685720447e+02
1.309423463043353024e+02
1.331802709583022590e+02
1.293089193638827794e+02
1.312316794472093022e+02
1.304552710458063416e+02
1.305527596304760891e+02
1.304719022909220598e+02
1.292983038141958048e+02
1.290927605755391312e+02
1.296936014099269130e+02
1.299394924747562925e+02
1.328097474836974072e+02
1.293522348840573670e+02
1.293495607437007493e+02
1.305646168960690545e+02
1.296004196672031412e+02
1.298402539662733659e+02
1.316525884510351432e+02
1.281975100102768010e+02
1.261482306819783616e+02
1.311639013344988030e+02
1.310273340090265037e+02
1.313862861089260150e+02
1.329935791418315034e+02
1.317220019754192037e+02
1.320262024585434233e+02
1.338174379266858409e+02
1.301383960270056548e+02
1.296737407804339455e+02
1.271097240812251670e+02
1.305643703505193400e+02
1.308546554970375837e+02
1.300877862834877590e+02
1.323234113808940151e+02
1.303386607290947836e+02
1.310866689769410698e+02
1.294236204081265953e+02
1.314879880883512442e+02
1.290322239711389329e+02
1.302184595101477100e+02
1.321633885077969808e+02
1.298717673139321960e+02
1.337390075259589537e+02
1.309692694319504369e+02
1.262075162646467135e+02
1.321961449735900942e+02
1.336398299516007455e+02
1.297384624464363867e+02
1.341252518000180203e+02
1.264937510188048861e+02
1.321329443355679132e+02
