1.528207337356087123e+02
1.622766674663689344e+02
1.662510023395984433e+02
1.526442081296785034e+02
1.505360571395496834e+02
1.637663085971967405e+02
1.458527793374900625e+02
1.613536793309788777e+02
1.599438560846481892e+02
1.596817823088494492e+02
1.562126235480720879e+02
1.595994706212674998e+02
1.530362763532365022e+02
1.530075313816159621e+02
1.505613649330765895e+02
1.559159362600670988e+02
1.496568214988730290e+02
1.557931654929717808e+02
1.597748611311564559e+02
1.564538706924666371e+02
1.615663081855913390e+02
1.580056827157403916e+02
1.495088946245346904e+02
1.456211207486468595e+02
1.632136874414752015e+02
1.657443454163612842e+02
1.565782778910118793e+02
1.525768111471406030e+02
1.568513106838796034e+02
1.711437099338217251e+02
1.524038815058133594e+02
1.519930827753322831e+02
1.541282465485077466e+02
1.550903767714716537e+02
1.527031144836232386e+02
1.464419523087127288e+02
1.600714854820952269e+02
1.563652599937678929e+02
1.525924101740782532e+02
1.619269472782467858e+02
1.522081244721442204e+02
1.549725542278467856e+02
1.466404124873014325e+02
1.564158253986317959e+02
1.463250034464061287e+02
1.452732135511987224e+02
1.482883934151508356e+02
1.545727515950559905e+02
1.499913504162408628e+02
1.606832337921354963e+02
1.517075204896910918e+02
1.507975035971616080e+02
1.560660630733977143e+02
1.630466423752414187e+02
1.512622921940307776e+02
1.525240524773266486e+02
1.528335948275111207e+02
1.562685048980279419e+02
1.571713574304648944e+02
1.600384135042824028e+02
1.642677305342021725e+02
1.547202886210061479e+02
1.573686681028047190e+02
1.605241899804912862e+02
1.571831007301425984e+02
1.528573445220479812e+02
1.603678793355598202e+02
1.439921181209784038e+02
1.474802158057248107e+02
1.625028474079726095e+02
1.718488671755597181e+02
1.544527988804983636e+02
1.486309556920977855e+02
1.611756792066445314e+02
1.438673209088977103e+02
1.487992153395762216e+02
1.531056644008455407e+02
1.570318728791499723e+02
1.411640585490364401e+02
1.538706239064401018e+02
1.586169589512307994e+02
1.571270622906262986e+02
1.521658334429383501e+02
1.595179912837465110e+02
1.396966847762060979e+02
1.623630263120257098e+02
1.547972968115731760e+02
1.474464544650456048e+02
1.502366508793850528e+02
1.626122349721435398e+02
1.502952301648360276e+02
1.502351319235171729e+02
1.445606138533467515e+02
1.621436839050880678e+02
1.586104373571565986e+02
1.372283362426823032e+02
1.659065227533060352e+02
1.546956219393751155e+02
1.526351593809557698e+02
1.577528040989646740e+02
1.583623216000248135e+02
1.573421579945777751e+02
1.583226834121866773e+02
1.589341645313059246e+02
1.518009584697627758e+02
1.664454637073076810e+02
1.541927166761419414e+02
1.517327620130539287e+02
1.500189599262178319e+02
1.627432135911020339e+02
1.552107470427745284e+02
1.562118952559139018e+02
1.489274393122782385e+02
1.595778260289898753e+02
1.484197587769799895e+02
1.548492499825789537e+02
1.446990704567066928e+02
1.473588540145971422e+02
1.574947196717318434e+02
1.502341025872102875e+02
1.601393295334791276e+02
1.566999477417373896e+02
1.662007092176819185e+02
1.447385073836596234e+02
1.434284496889661114e+02
1.483055872436976017e+02
1.567418582387296340e+02
1.521481221158128392e+02
1.529406426624215101e+02
1.656432771530315051e+02
1.592370351122636123e+02
1.565884873255888579e+02
1.479664521515389026e+02
1.499434553099519292e+02
1.595816152513323232e+02
1.437330448571022998e+02
1.524505977300198936e+02
1.745734313734591581e+02
1.545199601837111061e+02
1.546395407554446422e+02
1.483870093424947640e+02
1.569803161968646634e+02
1.573544906265689463e+02
1.394297470313668725e+02
1.584113819676686319e+02
1.474892543537774543e+02
1.543909064421063420e+02
1.563910855835517566e+02
1.574318237444437614e+02
1.545883906288133005e+02
1.441232498364787489e+02
1.515891543881076586e+02
1.495407584168927428e+02
1.592056805801084920e+02
1.429892993197549629e+02
1.649714393492119768e+02
1.589023495455068087e+02
1.424805898418133836e+02
1.486114835953520981e+02
1.686607728143684142e+02
1.520446946051163764e+02
1.492585784137740461e+02
1.554579310989510077e+02
1.592304599461540420e+02
1.555801463010837153e+02
1.533571548733592635e+02
1.550181679919361954e+02
1.554827608005319064e+02
1.460183012720633826e+02
1.619724798978211311e+02
1.617058904976770748e+02
1.546515970265299984e+02
1.584809101796225548e+02
1.482622502054639710e+02
1.535036026846388779e+02
1.589526401087039744e+02
1.453969165448999092e+02
1.531339880143693222e+02
1.550361807277348873e+02
1.494826840570557636e+02
1.597314805579004542e+02
1.507038297395260429e+02
1.579869881608138371e+02
1.568885630031217886e+02
1.510406538313524436e+02
1.514175265656946294e+02
1.529936310836885980e+02
1.476151532224721734e+02
1.438021088404864543e+02
1.679161388090540754e+02
1.488360142107040929e+02
1.584750511269904223e+02
1.567056097129725174e+02
1.552045039434802902e+02
1.588163126379732830e+02
1.445669236083688531e+02
1.633805287136607376e+02
1.521582964512719798e+02
1.625646096935967080e+02
1.467380987348010706e+02
1.514904297691484487e+02
1.500209339225294514e+02
1.565145296584103676e+02
1.526107067786336131e+02
1.576483434430630837e+02
1.529675332806194490e+02
1.517485296593096109e+02
1.422300568249158630e+02
1.402358648336162616e+02
1.499570917849760576e+02
1.639797396814032311e+02
1.639001117001982379e+02
1.694510892015838976e+02
1.526791564029161918e+02
1.562791500677896579e+02
1.582627230622216246e+02
1.614766363548964705e+02
1.541969359042994654e+02
1.554251114282286608e+02
1.563412119708511057e+02
1.688100732246128359e+02
1.509359443040114286e+02
1.506289759835970870e+02
1.514523860838325788e+02
1.480732837411416938e+02
1.553238597812968464e+02
1.443160398767674337e+02
1.549200027387515775e+02
1.679637197822734436e+02
1.595746550871698730e+02
1.585113572505273112e+02
1.564900813272979008e+02
1.524570249228591479e+02
1.576522060271440466e+02
1.507989062577601658e+02
1.516450983555131700e+02
1.569368299531210482e+02
1.551904307205882390e+02
1.485956425396250324e+02
1.668354132124652836e+02
1.535488598051375959e+02
1.494584620120227214e+02
1.529713566812447141e+02
1.617516176724186607e+02
1.488548923672097999e+02
1.428684681549531490e+02
1.433122863331104782e+02
1.488012282031315578e+02
1.560109280947427237e+02
1.545568914023623392e+02
1.569706126001087796e+02
1.555665921847995037e+02
1.510947893483621272e+02
1.454079696202055914e+02
1.584164892460412375e+02
1.497612484617406210e+02
1.641298591365204231e+02
1.538943656990301179e+02
1.502227553226800580e+02
1.531821459106143095e+02
1.475381807879545306e+02
1.549830245350837572e+02
1.552461734581389976e+02
1.589331784932647054e+02
1.662424895886017566e+02
1.470423365419243282e+02
1.585143719713461792e+02
1.454965024156161348e+02
1.544432492490874154e+02
1.559963084838860254e+02
1.488128433734759710e+02
1.568891349989871173e+02
1.451009081376576262e+02
1.505779934042825232e+02
1.600735926483042988e+02
1.588431345461797832e+02
1.453709643602522306e+02
1.535968144190432554e+02
1.416715287160036496e+02
1.571317958569322855e+02
1.513433544978264251e+02
1.584685477703872607e+02
1.544597433806009406e+02
1.546424244296571260e+02
1.446975187034362591e+02
1.580556876365272103e+02
1.498759818634139833e+02
1.582890654648724080e+02
1.553758655174305261e+02
1.498064823403483103e+02
1.416316163649118778e+02
1.583572734098286219e+02
1.500855917472069052e+02
1.579071211053814920e+02
1.520984471024796960e+02
1.537666342003894329e+02
1.510074282558205425e+02
1.512471677399049383e+02
1.438353474175756332e+02
1.602790083810243971e+02
1.520942795599174246e+02
1.631085711909967415e+02
1.592254332860212003e+02
1.564978936933688942e+02
1.513546345538860010e+02
1.594710848586941836e+02
1.554967998537964604e+02
1.542964377066359702e+02
1.552339216048575565e+02
1.537673575392625764e+02
1.491144591720235439e+02
1.617285370260614741e+02
1.583995731891643288e+02
1.531119529137549478e+02
1.549604349635518759e+02
1.521933076845833739e+02
1.530973759639328762e+02
1.489608703336454596e+02
1.475392790326191061e+02
1.473901165013492971e+02
1.502662347230617286e+02
1.538333003508047909e+02
1.485514362076375221e+02
1.557273212846941135e+02
1.620489492350181422e+02
1.586097489726486742e+02
1.514370602897963067e+02
1.638038452491310863e+02
1.659952347135367177e+02
1.624866387110941446e+02
1.652955932108496881e+02
1.421215875997206410e+02
1.676226060755903120e+02
1.509325145199865119e+02
1.450733433010400120e+02
1.536853183789064303e+02
1.448203137664042117e+02
1.532641411022175362e+02
1.555490820200635937e+02
1.611384626682065289e+02
1.445764048614483670e+02
1.552535929022590722e+02
1.580543258853978728e+02
1.475377703519536681e+02
1.613391913331726926e+02
1.662179150561362064e+02
1.503661208269683982e+02
1.572700919262909167e+02
1.566882946269242893e+02
1.558240239717039799e+02
1.664569828872743926e+02
1.552832132283770932e+02
1.457009915482965710e+02
1.626174280530293288e+02
1.610895715682444518e+02
1.580898818646303425e+02
1.550132201677463968e+02
1.509250730640648612e+02
1.670292515616120852e+02
1.547067762916704794e+02
1.455514804700639218e+02
1.562106430969569999e+02
1.492456970918990748e+02
1.506146689535906660e+02
1.528017359761387581e+02
1.589353418667508890e+02
1.520318654684739954e+02
1.540118787578519175e+02
1.675557124630080352e+02
1.496076018470643021e+02
1.522306412489204774e+02
1.517731843851666724e+02
1.590331554273852817e+02
1.608579745256748197e+02
1.503861394469874995e+02
1.491142833984775962e+02
1.593686870151229016e+02
1.536672669017361272e+02
1.579598906017876345e+02
1.488367582739923307e+02
1.630381543521009178e+02
1.508694485179200058e+02
1.560758601369607561e+02
1.550240479237829447e+02
1.589481709507873006e+02
1.540371962236768013e+02
1.642555563737658417e+02
1.446237526884799820e+02
1.489668322709644031e+02
1.531103488677612461e+02
1.506285273128953861e+02
1.602544115514186842e+02
1.628211687513330048e+02
1.565073307587086902e+02
1.436275097987355878e+02
1.573853375315743506e+02
1.699273290151007814e+02
1.610168853242215903e+02
1.588241155369601074e+02
1.528692745127414696e+02
1.474936653642419344e+02
1.660017134190820798e+02
1.419680884598056707e+02
1.490553441902057443e+02
1.429621002236917491e+02
1.629196453908743649e+02
1.619537627688455643e+02
1.496463340759428036e+02
1.591869130183201548e+02
1.581251876527345530e+02
1.603184494010678804e+02
1.601025848294302705e+02
1.499475440351148450e+02
1.526582836640899359e+02
1.626383210277351452e+02
1.673504311269755078e+02
1.478005924262119208e+02
1.517641820748870600e+02
1.640319565392724428e+02
1.518508566055778886e+02
1.466034253140821022e+02
1.598004379446018106e+02
1.569874939628503512e+02
1.522802586593252272e+02
1.594157207881488603e+02
1.607254865495805518e+02
1.583612528426077120e+02
1.569145364825240563e+02
1.410504853510909413e+02
1.459641240820267001e+02
1.523423330044406896e+02
1.476247915728356475e+02
1.446746483808923642e+02
1.491718200897787483e+02
1.532812617361788057e+02
1.595757457162174546e+02
1.433521595842109093e+02
1.508143164639272413e+02
1.630196244368111707e+02
1.568078494274718366e+02
1.484740424913375705e+02
1.528219751341303265e+02
1.477953037008720116e+02
1.531961086496433779e+02
1.507906464254357388e+02
1.672919224992205613e+02
1.609648022857754199e+02
1.530663774348089987e+02
1.575386269154069794e+02
1.665689652923730932e+02
1.534076289006965510e+02
1.517353537359790892e+02
1.664424820168718213e+02
1.598136523217949616e+02
1.443365746709811503e+02
1.453070377995552178e+02
1.509088455845708836e+02
1.616647360586665059e+02
1.440701749332921224e+02
1.585783944705191857e+02
1.606730299973294791e+02
1.534158311332939206e+02
1.463152237732445826e+02
1.507745205888427904e+02
1.407721464937428379e+02
1.561720077828205717e+02
1.494316688617672924e+02
1.536848799513315100e+02
1.478026076962713944e+02
1.580441045313390873e+02
1.594327450401150656e+02
1.546115866273956954e+02
1.630659699095551503e+02
1.473761320502148351e+02
1.438301392744220379e+02
1.474748657133298764e+02
1.586979955788114580e+02
1.524037521517358869e+02
1.403037788442907186e+02
1.443701030176771951e+02
1.515036720446827019e+02
1.628046249459151511e+02
1.517570477816627204e+02
1.498723662213936620e+02
1.544604295132539846e+02
1.578588167859162468e+02
1.528491452604727101e+02
1.660950204720342640e+02
1.493757056176718265e+02
1.590591348374967993e+02
1.454675106035297176e+02
1.526649524886939560e+02
1.536910877786542926e+02
1.561370544627220625e+02
1.672198995848673633e+02
1.545149230275867467e+02
1.613731164001167997e+02
1.648445123731461877e+02
1.492019565192871084e+02
1.507541540639171558e+02
1.573951002699871538e+02
1.610891076993778199e+02
1.647039906480019340e+02
1.532475449669030070e+02
1.631258591340510122e+02
1.556355094473251199e+02
1.513690224612116708e+02
1.604564678659957622e+02
1.553071041606350491e+02
1.539300606546573249e+02
1.517867508182366691e+02
1.564821876059385772e+02
1.585068828003024350e+02
1.537378619374808579e+02
1.552762614202910072e+02
1.525124297941512168e+02
1.467822217262316826e+02
1.562301989071337118e+02
1.472347013801245907e+02
1.575102424610568903e+02
1.549366624275258459e+02
1.461867834399260460e+02
1.477220249575375703e+02
1.510242094932091277e+02
1.547502499161678600e+02
1.533941604585187406e+02
1.549666874119856175e+02
1.430553738734919875e+02
1.454318622138752062e+02
1.534692360047689590e+02
1.473469394430361774e+02
1.584606216400709116e+02
1.664212556629150868e+02
1.468758751391651174e+02
1.405472405230455024e+02
1.674074632899755670e+02
1.641413165035623649e+02
1.623994105657159253e+02
1.443319040912289495e+02
1.529102798967717831e+02
1.585106237322186189e+02
1.407720735548773803e+02
1.434444262846675144e+02
1.641048924847197839e+02
1.537056794213443425e+02
1.632946888560902607e+02
1.534950561132093299e+02
1.439686000683364284e+02
1.589378492757263928e+02
1.450306767761702815e+02
1.487505692275943261e+02
1.513804733941128404e+02
1.517959948113661142e+02
1.609305301140566371e+02
1.512339063224722508e+02
1.534924949972054264e+02
1.410764093559698154e+02
1.528906266888120626e+02
1.549825624446102097e+02
1.541264472276200479e+02
1.502310522190472852e+02
1.520804887990574059e+02
1.612945993359103056e+02
1.494128471781460519e+02
1.507571492764968752e+02
1.450207988117578282e+02
1.478465060935419331e+02
1.515601175856680527e+02
1.438046240789580850e+02
1.625782717696031909e+02
1.604691552867980704e+02
1.609551162883446125e+02
1.504094711436998182e+02
1.516503859101608498e+02
1.541712333642045962e+02
1.601450245316437986e+02
1.610087344330919450e+02
1.484029243137419485e+02
1.612266455285241591e+02
1.440732120251072672e+02
1.606705871053705721e+02
1.456458510394897132e+02
1.555064298348371210e+02
1.577107220413846278e+02
1.542361337382123736e+02
1.516252229434944070e+02
1.595079374392016405e+02
1.539183388246104869e+02
1.524844911007967880e+02
1.454579794031461972e+02
1.642655941704089457e+02
1.476516887181618927e+02
1.481893936735161788e+02
1.529024751468579382e+02
1.549653584964324580e+02
1.637886683465500823e+02
1.613106710660754857e+02
1.586340854685697650e+02
1.485373081134391100e+02
1.527092248938403714e+02
1.485145382362846931e+02
1.621864687441693036e+02
1.478651610932122367e+02
1.582307915855510601e+02
1.551621804904702628e+02
1.573452732441508317e+02
1.504177909700294151e+02
1.655325584046611880e+02
1.529074710098772982e+02
1.569153361522325838e+02
1.497266298467562535e+02
1.652430955197650917e+02
1.510630235689792187e+02
1.615344833091482144e+02
1.537915147810751364e+02
1.591742597860053934e+02
1.367683833944738012e+02
1.527946299409518076e+02
1.599422697731274070e+02
1.536647002698985318e+02
1.457316581782050378e+02
1.496493700842231647e+02
1.544509712820144216e+02
1.509786368728554748e+02
1.583019241617315629e+02
1.469835232787851851e+02
1.526947965014523163e+02
1.525897656912394780e+02
1.601030358190350285e+02
1.528824500014501666e+02
1.530549059613812801e+02
1.596237461977140981e+02
1.625847847237277222e+02
1.596745121591889927e+02
1.550697347331400522e+02
1.496116852494938598e+02
1.362031994468286769e+02
1.506110750949488306e+02
1.496960328461630354e+02
1.590997272976713361e+02
1.509690888901539267e+02
1.467368359023259643e+02
1.577147186383321014e+02
1.443950781384634467e+02
1.446364660349134681e+02
1.484786861104698801e+02
1.576945071742206324e+02
1.460550361516710893e+02
1.712750512847417212e+02
1.591020526074088082e+02
1.498936449806508335e+02
1.538830839725515602e+02
1.493552757553332242e+02
1.585918468089414262e+02
1.408528330615909283e+02
1.514628500983700974e+02
1.588603651773593128e+02
1.366103328704078308e+02
1.471846317410746678e+02
1.586687780553577625e+02
1.498497046729470981e+02
1.534899505186744761e+02
1.542855229968482718e+02
1.484733503170423319e+02
1.478714261202918863e+02
1.503910145697019800e+02
1.489878781649538269e+02
1.588697231492232333e+02
1.528056062702252405e+02
1.595665540653247092e+02
1.620503000554516575e+02
1.627075731706195256e+02
1.548710086252557687e+02
1.595628193723884465e+02
1.519105302661989754e+02
1.461298633433017642e+02
1.557719085912282821e+02
1.538460357966429797e+02
1.581445577977392816e+02
1.487259083840657468e+02
1.625059697644412608e+02
1.557368914590001907e+02
1.614117099066540959e+02
1.448273967392097461e+02
1.607462023319448861e+02
1.551637690129610121e+02
1.549782005036632313e+02
1.613668858383071552e+02
1.484281021123370010e+02
1.435479078856988338e+02
1.658591062516612453e+02
1.522791466574636559e+02
1.517228295287394815e+02
1.612463256438047097e+02
1.554169831036091409e+02
1.657455402095922921e+02
1.555523839363185061e+02
1.605854672745291509e+02
1.545594673114583202e+02
1.565815056898541684e+02
1.529334847185233741e+02
1.541756525143420902e+02
1.580806520632469017e+02
1.586646189916031062e+02
1.635336089209050101e+02
1.513189903955238549e+02
1.621352704055573781e+02
1.438132907126337443e+02
1.510908067648887538e+02
1.638567105232413041e+02
1.584029091212300102e+02
1.493597700673801967e+02
1.554095360392742009e+02
1.527569634397036680e+02
1.532500917273940502e+02
1.524580787453070059e+02
1.408849331118526038e+02
1.492219381899822395e+02
1.493015095019676153e+02
1.636043104364679266e+02
1.481944228894387265e+02
1.570424280931358112e+02
1.474227973102204601e+02
1.409513371801728283e+02
1.477039925231281075e+02
1.495629129958653039e+02
1.427571732358552765e+02
1.520617787691758167e+02
1.442178763510574697e+02
1.650304979498582725e+02
1.572879011810260863e+02
1.530758975445970975e+02
1.629487144133903485e+02
1.560240426602632340e+02
1.508195487019887082e+02
1.576792232022540361e+02
1.547704256856223424e+02
1.518408856485744423e+02
1.555955531546972566e+02
1.587789404723961866e+02
1.572811770971127885e+02
1.620448866865063167e+02
1.570863146767158867e+02
1.380766277323211852e+02
1.513438285812015351e+02
1.542720546537116775e+02
1.592160274097247168e+02
1.527984822908386491e+02
1.517685174588227426e+02
1.480895951481310249e+02
1.590808611453701928e+02
1.560681916899224575e+02
1.590908269684397851e+02
1.564699456652803633e+02
1.628805190741593378e+02
1.566328221473594908e+02
1.425315792348521313e+02
1.523226063919611306e+02
1.520243170622472633e+02
1.574408922934821078e+02
1.460582834247727249e+02
1.600960556337839478e+02
1.573760487570164344e+02
1.478161780799641747e+02
1.483507790887763349e+02
1.707040154937274963e+02
1.575303381359002799e+02
1.609635635043271122e+02
1.599256168793316704e+02
1.566305274801831615e+02
1.530041199203205622e+02
1.587982953923393552e+02
1.534049042367076368e+02
1.466758885913506845e+02
1.603167498257453474e+02
1.410987210544020627e+02
1.701824003932009362e+02
1.570099066576125040e+02
1.462682307736841665e+02
1.629223650038150311e+02
1.559327895472506498e+02
1.516810067456525530e+02
1.488651893737825844e+02
1.537905081198547919e+02
1.578624532082851601e+02
1.506908085159008408e+02
1.533418573473158517e+02
1.524538174739344356e+02
1.500922429858416933e+02
1.592798678628226696e+02
1.534821580176728446e+02
1.428539164350612793e+02
1.512559268871929135e+02
1.503282023518812309e+02
1.567181562121505465e+02
1.606879525348630864e+02
1.565572944343473409e+02
1.528364231724467004e+02
1.551169541651623547e+02
1.579583588493095476e+02
1.490161866194314939e+02
1.481196526089421468e+02
1.562019205208777066e+02
1.542594055185528532e+02
1.623181391686679547e+02
1.565238377225838065e+02
1.625191937636598993e+02
1.589350169866922613e+02
1.483772338326434976e+02
1.558942189940900107e+02
1.557110223362059003e+02
1.552496703495550321e+02
1.504888853890975042e+02
1.586829574088008030e+02
1.475403448205435097e+02
1.466353742960231159e+02
1.515557994260202008e+02
1.544974048246832865e+02
1.589171677402903811e+02
1.612382229254714616e+02
1.418974775049381662e+02
1.575431691140171324e+02
1.521967145336667500e+02
1.580170074190865535e+02
1.530668057848265278e+02
1.468116577304684824e+02
1.584853350176015852e+02
1.564768052409658594e+02
1.510780091512839078e+02
1.629426776473080452e+02
1.457957199490800235e+02
1.649345889982361086e+02
1.517272225159804862e+02
1.506888743070855696e+02
1.614946527456584704e+02
1.434749385345527344e+02
1.652535105863096305e+02
1.530168146937248537e+02
1.449392992705901690e+02
1.542373095426909799e+02
1.488145886513972869e+02
1.607853746565668303e+02
1.658488973917939688e+02
1.501497493584766403e+02
1.631176347438557741e+02
1.550475292888475849e+02
1.532184545660352626e+02
1.573982425119766049e+02
1.513283591687825265e+02
1.416027373323647964e+02
1.595966356306090574e+02
1.587682645462835467e+02
1.543022865705510469e+02
1.489384148517418112e+02
1.600852693077389119e+02
1.533985876249886076e+02
1.501717787662999228e+02
1.482905871100453510e+02
1.393993018533991233e+02
1.463015231063088777e+02
1.461238852537731816e+02
1.569272604553209192e+02
1.472806431144220198e+02
1.434745099259383778e+02
1.663823955136307404e+02
1.596195148799469337e+02
1.471297925824693209e+02
1.595171514537445319e+02
1.638677468428863904e+02
1.471904711167223923e+02
1.452818385989759520e+02
1.549795815317826850e+02
1.557414223601045364e+02
1.553285467936863995e+02
1.554623504751788516e+02
1.444567929506107191e+02
1.367482967901727875e+02
1.601506318477329671e+02
1.588593138261487923e+02
1.506449978781822949e+02
1.572010871678324122e+02
1.614921593757743210e+02
1.554471427329678761e+02
1.623280428622521470e+02
1.550055457856758778e+02
1.503582497290200024e+02
1.577180042176610471e+02
1.481113533883433888e+02
1.560471781062699677e+02
1.546848326322615605e+02
1.525704943458566447e+02
1.425794568149658517e+02
1.683205222734829363e+02
1.545637712167479947e+02
1.582673798974418844e+02
1.511229992092645773e+02
1.617685565078425043e+02
1.498097820150690040e+02
1.661927669047274492e+02
1.478542560511091324e+02
1.546570105568730185e+02
1.607595326753106235e+02
1.447232090377436577e+02
1.650322840600246934e+02
1.542802070138289423e+02
1.558832094998917341e+02
1.553207501694170958e+02
1.444474748065514405e+02
1.439514834068844493e+02
1.512115545108260619e+02
1.418468077544155221e+02
1.657427272506585041e+02
1.558236362788650240e+02
1.563131724241627012e+02
1.652786930603045050e+02
1.563415932132386388e+02
1.629851565508419355e+02
1.507003428741482765e+02
1.601616122709530998e+02
1.633419240200697971e+02
1.602839323599627050e+02
1.644535864152383624e+02
1.501174509476573462e+02
1.551536365368731651e+02
1.437788608930522116e+02
1.631062285639030449e+02
1.529979174289306911e+02
1.526453228671774980e+02
1.599638827312651870e+02
1.446930954837163483e+02
1.603514268852420059e+02
1.535799737425824389e+02
1.513537963710525958e+02
1.488875839811757942e+02
1.507210817574571138e+02
1.585805030348022342e+02
1.532356462740004872e+02
1.514120424987573301e+02
1.465119957550261063e+02
1.481338631322748824e+02
1.589269207715808818e+02
1.632134491974545369e+02
1.489458825623758003e+02
1.535753094873595899e+02
1.521665189271614906e+02
1.471839333862595822e+02
1.445817826387415153e+02
1.403476088421642203e+02
1.726034322453145364e+02
1.525107244883005251e+02
1.555998432111182979e+02
1.494839608897696053e+02
1.499913414675100967e+02
1.625046506556167571e+02
1.641269776259724154e+02
1.571424826883671244e+02
1.555756415839436215e+02
1.493543506788241757e+02
1.542208160002261081e+02
1.533374025533427130e+02
1.565470603083441006e+02
1.630696644901495347e+02
1.528641293325858896e+02
1.551937210042807465e+02
1.578179388030144139e+02
1.557966060875787662e+02
1.572374075549404040e+02
1.656910207655848808e+02
1.515385760285228116e+02
1.573573559794375001e+02
1.654436360284774992e+02
1.618081777994534320e+02
1.566279827329209979e+02
1.531385625671311459e+02
1.478613362136958926e+02
1.537807577348974348e+02
1.456439530270962450e+02
1.686070623061209233e+02
1.482702634634753167e+02
1.618154773101680632e+02
1.613591006699713262e+02
1.504478105446289078e+02
1.505702494163788572e+02
1.453097981072894811e+02
1.511209953519429234e+02
1.491682095868015381e+02
1.582498011602755241e+02
1.557563266719074306e+02
1.558382637075943080e+02
1.577763031971410044e+02
1.575246405837930581e+02
1.564092474984040280e+02
1.531017185289697693e+02
1.559343737429631744e+02
1.568291166961786587e+02
1.505450948903271637e+02
1.498784144482418696e+02
1.464076725519364288e+02
1.540642665424548170e+02
1.553834064728996509e+02
