2.153428922610306131e+02
2.152843676839267175e+02
2.154842216352267030e+02
2.156781855126754124e+02
2.168165087925744956e+02
2.158266421017274013e+02
2.154341634958862812e+02
2.139522230718037861e+02
2.165377813228154480e+02
2.162952112281857069e+02
2.166035219320454814e+02
2.160583347499446916e+02
2.157089756196141082e+02
2.138378253158159623e+02
2.155571581765856308e+02
2.165276420956359971e+02
2.156412344564962495e+02
2.144388453008220949e+02
2.147839866700969651e+02
2.157957661385609072e+02
2.135451810663533649e+02
2.147976168003233681e+02
2.161259176504647712e+02
2.166593486177746399e+02
2.168425494964775737e+02
2.141820417780690775e+02
2.144551020243903849e+02
2.145019082033857671e+02
2.165658861229471199e+02
2.165891728004236825e+02
2.155042107367748940e+02
2.159265256551845198e+02
2.157496200797143615e+02
2.157420165961123075e+02
2.141750312909267677e+02
2.163443276736582561e+02
2.159787138597587273e+02
2.143233926543868506e+02
2.138934923951351834e+02
2.150211370324861377e+02
2.162856718351291079e+02
2.155822642912078493e+02
2.159106489894878393e+02
2.154864550108093795e+02
2.148605595874697372e+02
2.161132451231137850e+02
2.151965565108353644e+02
2.146298549707615848e+02
2.166003805245975116e+02
2.137117094372832469e+02
2.162578063993831279e+02
2.148348528600331235e+02
2.149857425481407631e+02
2.156665705798835972e+02
2.148576576161903517e+02
2.169759138075666272e+02
2.155447307216145987e+02
2.145454111185150055e+02
2.161888342012037469e+02
2.144150205845794517e+02
2.165913059443886937e+02
2.138906324232445968e+02
2.155072340481350750e+02
2.152088725606866433e+02
2.141578266502060615e+02
2.165453545420209025e+02
2.171233959792057533e+02
2.143844570428817349e+02
2.167118444645903992e+02
2.147882806340973900e+02
2.152681846291151828e+02
2.148408412153418112e+02
2.149562583688135646e+02
2.173366385956927047e+02
2.146403302703438953e+02
2.157825769022881559e+02
2.163769715935908948e+02
2.126303832819751563e+02
2.163763479778971259e+02
2.151398209992552211e+02
2.178435832781313479e+02
2.163394573041643127e+02
2.186333251161732107e+02
2.159297421965211186e+02
2.149748591465522622e+02
2.133180618286856713e+02
2.166675035523985002e+02
2.163727368561058597e+02
2.142452324013683267e+02
2.158581971184337078e+02
2.141668294250891051e+02
2.158342877463100820e+02
2.159144840386509543e+02
2.157991340130398896e+02
2.181585083640620724e+02
2.165252326906258702e+02
2.153549691188942745e+02
2.157828912904701895e+02
2.178519603863721841e+02
2.153664929064920557e+02
2.153497940645624453e+02
2.164986226952083825e+02
2.162850825542100210e+02
2.144524840014701113e+02
2.156776722854128820e+02
2.140496096830025579e+02
2.141087880531931944e+02
2.167759350690574536e+02
2.136217907453752787e+02
2.159879669228324985e+02
2.144516971582921201e+02
2.157789180376089746e+02
2.143393888887745504e+02
2.140622722859100975e+02
2.146792946393476029e+02
2.142055590477556564e+02
2.167428999378614947e+02
2.143068646679969618e+02
2.167302675808791435e+02
2.155962384888431984e+02
2.146354264624125960e+02
2.134555824517581470e+02
2.129824841005591907e+02
2.149003826178498286e+02
2.159128771047997191e+02
2.151377309815323144e+02
2.165280902681201951e+02
2.153061962789242898e+02
2.165122411161645459e+02
2.140357916960706461e+02
2.176762733213955130e+02
2.166186153015977425e+02
2.159420922917180690e+02
2.144147701735006990e+02
2.131335906596088137e+02
2.144673723530387122e+02
2.164959905920610197e+02
2.151347286476337786e+02
2.143684804883820902e+02
2.136115230376269380e+02
2.172015762452398917e+02
2.158566571057937722e+02
2.157615545430188320e+02
2.166640127926413015e+02
2.156710288441767034e+02
2.145430988405749133e+02
2.139606775549658835e+02
2.160721917134596879e+02
2.163389734542800795e+02
2.159163126140676070e+02
2.144866589148782055e+02
2.162121563410825900e+02
2.151279212432494603e+02
2.167205823132248099e+02
2.148654439321786640e+02
2.172266466890969525e+02
2.162607487050429143e+02
2.167521397951330755e+02
2.131195597886051019e+02
2.160850824261983121e+02
2.161310079794912440e+02
2.155888347741220912e+02
2.153060009535113011e+02
2.151263932308169160e+02
2.159531978364018698e+02
2.151431860895499710e+02
2.148646733674746656e+02
2.153699016919333928e+02
2.174304915610458409e+02
2.157275461665809360e+02
2.168158413478396369e+02
2.149650202429990884e+02
2.177241356464029707e+02
2.147107265409016179e+02
2.200498903983148011e+02
2.142527530474574178e+02
2.145226026322046096e+02
2.132761235065915457e+02
2.158285704246098646e+02
2.161918082752473822e+02
2.143809455629018998e+02
2.174516536039818391e+02
2.167374866930068436e+02
2.151266721117952727e+02
2.147961392022694156e+02
2.133808591549344840e+02
2.153537446496822554e+02
2.162423500465138204e+02
2.155172304389563180e+02
2.161583673636524452e+02
2.158475698823070559e+02
2.172744543695188213e+02
2.139836002086013025e+02
2.157630452360988897e+02
2.144504809818917863e+02
2.134930869103460793e+02
2.141851282760827928e+02
2.145108903819633781e+02
2.153679928979393310e+02
2.169284717764921879e+02
2.167142834701843981e+02
2.149935528862268939e+02
2.148625444920907057e+02
2.174783206851319335e+02
2.162332750312503151e+02
2.160180397312446132e+02
2.160171132496988946e+02
2.155317167776437373e+02
2.165339632422440559e+02
2.143465956242185939e+02
2.163915393202034352e+02
2.157299895784240391e+02
2.141642805009299764e+02
2.151894899796171217e+02
2.142652451174691919e+02
2.179097786391858449e+02
2.153979378486068015e+02
2.162939534419112704e+02
2.174418423573326606e+02
2.155134121825183229e+02
2.169904563726113906e+02
2.137783414707777183e+02
2.156192601590104800e+02
2.158983422886489905e+02
2.139349007084418588e+02
2.172579224905733213e+02
2.165420019710855684e+02
2.161049899772017397e+02
2.142185347093871997e+02
2.136596732437761261e+02
2.142005536356438995e+02
2.159768958062877573e+02
2.166405562043773898e+02
2.175814764233149390e+02
2.166207527016919414e+02
2.146034073550872847e+02
2.157670439224936274e+02
2.168316819776741227e+02
2.160793679721719229e+02
2.166034648858488367e+02
2.179722498740403864e+02
2.171215254666171006e+02
2.159950815542786700e+02
2.156811763139721734e+02
2.169743671449758722e+02
2.134584796011099854e+02
2.139747437366292786e+02
2.162977538534998416e+02
2.162866374936211002e+02
2.158814104457964334e+02
2.151541281092297027e+02
2.160602134847661091e+02
2.151812124539786453e+02
2.157315038541288459e+02
2.167693047643918760e+02
2.151665196500227921e+02
2.161035180282516421e+02
2.164511414099013962e+02
2.168869374420006579e+02
2.158101664199873255e+02
2.173268788945229915e+02
2.159104655352390978e+02
2.152575224131272478e+02
2.144559741385545237e+02
2.145635203892864240e+02
2.171838223441278330e+02
2.143360252509089605e+02
2.162728422402856836e+02
2.163335488657369012e+02
2.144670868415896905e+02
2.151680190990891788e+02
2.152882406593336100e+02
2.149046292833235725e+02
2.170230472352849915e+02
2.146074937017167201e+02
2.146407589187471103e+02
2.140286041960021066e+02
2.166444076019344038e+02
2.157499653280158043e+02
2.163251278546981666e+02
2.158640028314225674e+02
2.170645690059411379e+02
2.154776883006956041e+02
2.161277603453980873e+02
2.160906194624404293e+02
2.158756469290705127e+02
2.161389316076726743e+02
2.161654816803732331e+02
2.156499469193234972e+02
2.133207729174354199e+02
2.151957322482389543e+02
2.145844079613962379e+02
2.154762143809260238e+02
2.165511538277279442e+02
2.163505398350429516e+02
2.142746645950692539e+02
2.171851499428763930e+02
2.155464206821317248e+02
2.157157053418641226e+02
2.163670861830329102e+02
2.170787700658826793e+02
2.151342475419062339e+02
2.164809166567442276e+02
2.139093832519565979e+02
2.148733636127865338e+02
2.132268708452802457e+02
2.161349430487831000e+02
2.155476209475694986e+02
2.150667681089736618e+02
2.141575474060597060e+02
2.163338974180499292e+02
2.160741571814940585e+02
2.146839813342504328e+02
2.152815462995744724e+02
2.147284256246370262e+02
2.167958804392550860e+02
2.137855257435537055e+02
2.159712761244040280e+02
2.156935106573417897e+02
2.138072043302174734e+02
2.162629670854953190e+02
2.184626316285789187e+02
2.157161247556826993e+02
2.145496726498318765e+02
2.164905141881794179e+02
2.180041850904359819e+02
2.157935356667681788e+02
2.165740749763432405e+02
2.174655260638479604e+02
2.142291044928290660e+02
2.146779269980432900e+02
2.149065508801998874e+02
2.147628066266170492e+02
2.157124824826219367e+02
2.141241221764415741e+02
2.157382070553391884e+02
2.156509016071285600e+02
2.149265982163224464e+02
2.171543306726523213e+02
2.175108297008289071e+02
2.135242796899036080e+02
2.135714957936594374e+02
2.151371773700069809e+02
2.157214568058159045e+02
2.125109836898917308e+02
2.159322365304551568e+02
2.163160076327021102e+02
2.166734447691130185e+02
2.171735340826422203e+02
2.151027687477693178e+02
2.159224073962325292e+02
2.163841769684013912e+02
2.163542464447406246e+02
2.151082520389483648e+02
2.160288354751671136e+02
2.172535587326736675e+02
2.178659279403490245e+02
2.152566061882482984e+02
2.149187475682831518e+02
2.151043999608097863e+02
2.149770327805560441e+02
2.155287275159908233e+02
2.152215196751276949e+02
2.150615013478035280e+02
2.140203577208183674e+02
2.141921638144421820e+02
2.147384040953729425e+02
2.162326359608998416e+02
2.163271354247359000e+02
2.160243523653933266e+02
2.152670334996594477e+02
2.165979461746221943e+02
2.152857681810906172e+02
2.168488296042710317e+02
2.155246932694778650e+02
2.148027804765858662e+02
2.152654029172080072e+02
2.157954421221733412e+02
2.151933128698354381e+02
2.153170866424410121e+02
2.163783933614359114e+02
2.141863711112355588e+02
2.153769349219333265e+02
2.153303970449109386e+02
2.156915922192284825e+02
2.171829561124119436e+02
2.169803220771700865e+02
2.158882237397784252e+02
2.166568914179681826e+02
2.169087778527184014e+02
2.146930408832442652e+02
2.179398737093000022e+02
2.163847087062411276e+02
2.147820860534633312e+02
2.158420415743128160e+02
2.152748914707998154e+02
2.165620356564148494e+02
2.149044044196155880e+02
2.145782575755330583e+02
2.153391480454413340e+02
2.139711220974522519e+02
2.169101877681014230e+02
2.154059798384485873e+02
2.163268533541373699e+02
2.161367989005368599e+02
2.185031074422711583e+02
2.144647824803821834e+02
2.154773699755197640e+02
2.156478005689331212e+02
2.158095428630884669e+02
2.164164290775776749e+02
2.145813049500182217e+02
2.152060072212765647e+02
2.156030193356127427e+02
2.154043509249974875e+02
2.133828165637337406e+02
2.168524642006581757e+02
2.175710369017041046e+02
2.162108898463568494e+02
2.170320507562596219e+02
2.151767077520001692e+02
2.163921162743046409e+02
2.155896357956618488e+02
2.134926303442966571e+02
2.156966855131592808e+02
2.137430671695193496e+02
2.151192938597839657e+02
2.156789712916008170e+02
2.133370114142688010e+02
2.152808918787094683e+02
2.143090395751197264e+02
2.168693838726964600e+02
2.150484012764741522e+02
2.136697886401417179e+02
2.152311575647559607e+02
2.148523544611504121e+02
2.157881848316059177e+02
2.157058980343212795e+02
2.153368616642241875e+02
2.146295295360344255e+02
2.171032816100102707e+02
2.151046940181360299e+02
2.154743450023751450e+02
2.141104841354188011e+02
2.150150379528320457e+02
2.154813605914625896e+02
2.157593308547814104e+02
2.175136211189080484e+02
2.150793449031055502e+02
2.147460519373192369e+02
2.141760630082292778e+02
2.159463572459431759e+02
2.151311446962355944e+02
2.158660166077585529e+02
2.158368699495261751e+02
2.171166380522287511e+02
2.145547841516710719e+02
2.157504782611468954e+02
2.155750278321764881e+02
2.143929802206948239e+02
2.174878890524888391e+02
2.137343745167925135e+02
2.156856482378113640e+02
2.157396257721259474e+02
2.133664600475898965e+02
2.163163006670076243e+02
2.146885666495716123e+02
2.149754923091251442e+02
2.156535946708402776e+02
2.149753000398210929e+02
2.158064502967050089e+02
2.149960898026631639e+02
2.160126860549120806e+02
2.163681685470408240e+02
2.179975440155731974e+02
2.165633853144014438e+02
2.161829858282727912e+02
2.164348683569064917e+02
2.148523815974555191e+02
2.158742863347032710e+02
2.154277388417429222e+02
2.149896333436336420e+02
2.166121490429126197e+02
2.153960848978977367e+02
2.166546731329173952e+02
2.162677842085596183e+02
2.158581518633418170e+02
2.152307930338053836e+02
2.146994818817107102e+02
2.148687071502537833e+02
2.148148741763417888e+02
2.169309768295277365e+02
2.160369734835535382e+02
2.164142946966675822e+02
2.173360597479010607e+02
2.146999177660744351e+02
2.153882969913029797e+02
2.155416727678758662e+02
2.138129267027108256e+02
2.141050571363024346e+02
2.151008730271147158e+02
2.147071335206213973e+02
2.183696065945293867e+02
2.158717765820203738e+02
2.163767087894632084e+02
2.147056237317452485e+02
2.144646028929762167e+02
2.161815459877959142e+02
2.157668334998035107e+02
2.152142425802565810e+02
2.141523731061006117e+02
2.172136597584375011e+02
2.184955820741381558e+02
2.171935073456311329e+02
2.153031413183294660e+02
2.159106296238091147e+02
2.150305974162230029e+02
2.154520797411247486e+02
2.150326167019190677e+02
2.150323300439164882e+02
2.143594988145666491e+02
2.166357197846778888e+02
2.149663186425984520e+02
2.148168786456954820e+02
2.160844455240194577e+02
2.140045147195674815e+02
2.153494242992287298e+02
2.159705963299313112e+02
2.152542587909541680e+02
2.124605001661741994e+02
2.159863945842919861e+02
2.159343816537095222e+02
2.176495655542669283e+02
2.151882404169382994e+02
2.172658390693567867e+02
2.161206285765611312e+02
2.159355585420490513e+02
2.163847193558088122e+02
2.166233377073743611e+02
2.162085323756323874e+02
2.132314777138093405e+02
2.155340508419033370e+02
2.145856265481519074e+02
2.176055449966970912e+02
2.160520551289665718e+02
2.140811980063866145e+02
2.151283075826108586e+02
2.157459081948261428e+02
2.154508278219205977e+02
2.159866607552693267e+02
2.141327969023538458e+02
2.160104981463493345e+02
2.155621303474202648e+02
2.170298520243133567e+02
2.154396871490165211e+02
2.162822502018915429e+02
2.164597450519307529e+02
2.149607868893777436e+02
2.146337037771041025e+02
2.156087408251053716e+02
2.154334583380073127e+02
2.151576238107467134e+02
2.149246865136798021e+02
2.169084941149652366e+02
2.153876083457351172e+02
2.173536476876361974e+02
2.163719998949226522e+02
2.154912828955812358e+02
2.150947630991303470e+02
2.153269878860424740e+02
2.175054173752745896e+02
2.147275348013018004e+02
2.158727846774998795e+02
2.145610012152613990e+02
2.153035626155816260e+02
2.170388593726890463e+02
2.152381920148877157e+02
2.167176600022892501e+02
2.147854454190123761e+02
2.173013978489503017e+02
2.151881543266650851e+02
2.145427366330997927e+02
2.147238792637912184e+02
2.159887219786714923e+02
2.162505044896148831e+02
2.156903865349729585e+02
2.161643665995494530e+02
2.135681854944218401e+02
2.143918012316281079e+02
2.161882874790835274e+02
2.129771716542385604e+02
2.147052571419723677e+02
2.149071481210541492e+02
2.152715474180358797e+02
2.161144368947502699e+02
2.160318752704998815e+02
2.176685744936244760e+02
2.139701196604096083e+02
2.155306229567914897e+02
2.145923936130057825e+02
2.161738734601512419e+02
2.163533121496125773e+02
2.148158112664320640e+02
2.163731687369337635e+02
2.134448447928330097e+02
2.153892999980941170e+02
2.163751477566240169e+02
2.169421400650252565e+02
2.140962390546678478e+02
2.150497487635488199e+02
2.126170412228168516e+02
2.159067122149369027e+02
2.148574745895633100e+02
2.137892131406643728e+02
2.163821090019511360e+02
2.183469602870595736e+02
2.138022921439127799e+02
2.127888347779032756e+02
2.152096313239403855e+02
2.148123842672825674e+02
2.153332661534656154e+02
2.172349617580707104e+02
2.151154534933439777e+02
2.149884548935488908e+02
2.156560242056358732e+02
2.143472850626686466e+02
2.166971901035210806e+02
2.137437281810461798e+02
2.146849180374466926e+02
2.160237022279640655e+02
2.152573659975824683e+02
2.155988759334935025e+02
2.148530780524305044e+02
2.172120936096443131e+02
2.159803059889386816e+02
2.149066213679907094e+02
2.148830099964248745e+02
2.177393563247625821e+02
2.161545506242285057e+02
2.166717510688253014e+02
2.144575619234136354e+02
2.128360570400459721e+02
2.155056987259416132e+02
2.159108639804578900e+02
2.173989436851391019e+02
2.133715342440759457e+02
2.176294022091277327e+02
2.154344767036032238e+02
2.158449347293903600e+02
2.142703329472333849e+02
2.124891220262592526e+02
2.145213665038480428e+02
2.152655556604623825e+02
2.154951423508071287e+02
2.163360174299746461e+02
2.139479202866828018e+02
2.149245778733786949e+02
2.153197787250219051e+02
2.155802720935795946e+02
2.164521528134607422e+02
2.142890737368612974e+02
2.172098984836888462e+02
2.166504212089043335e+02
2.135922578356660040e+02
2.136216735587063340e+02
2.155134514332012827e+02
2.161053092332480219e+02
2.163616269241340433e+02
2.169801179003776213e+02
2.139616875246957477e+02
2.140157083552392692e+02
2.149504570339856855e+02
2.168807094645437985e+02
2.162866471362293623e+02
2.154186211977200571e+02
2.163666672027688946e+02
2.161160774869264003e+02
2.134498633971788308e+02
2.159722723670050470e+02
2.138273724048182487e+02
2.161198029923620538e+02
2.142562140345972068e+02
2.153018583093486882e+02
2.143034174309676985e+02
2.170467254272336959e+02
2.158376125072273339e+02
2.155669719682441610e+02
2.155730173218564687e+02
2.160529667759465440e+02
2.161021597221100308e+02
2.148499976737891757e+02
2.171150517209070472e+02
2.149816450392393961e+02
2.151370229668500542e+02
2.170210383410136501e+02
2.161970980059435021e+02
2.154300891933826279e+02
2.162747841589127802e+02
2.134629636133211648e+02
2.132156777277808999e+02
2.170850318759505626e+02
2.144120645276487949e+02
2.161970806188739118e+02
2.171963498031074948e+02
2.151490814951503694e+02
2.158336735870240375e+02
2.159067337004498484e+02
2.143708711835505198e+02
2.157040650760205551e+02
2.154305211471746304e+02
2.163455107671294115e+02
2.162323518517636955e+02
2.164665512774940055e+02
2.154445791722012018e+02
2.164029277556559521e+02
2.167775180585883277e+02
2.137706344386863293e+02
2.149125349670842411e+02
2.149994874172751054e+02
2.157233351745662446e+02
2.146813295880420185e+02
2.190662517092936810e+02
2.153641814716717420e+02
2.156993963102466410e+02
2.163282557979931369e+02
2.143065216490471130e+02
2.163828364554516384e+02
2.155955206353214066e+02
2.171481441437329352e+02
2.172021163194660573e+02
2.165806079659934369e+02
2.175602391119774666e+02
2.167205030949420745e+02
2.142752254429927632e+02
2.140106178945422641e+02
2.143754110094348277e+02
2.166369407048975972e+02
2.149796899104474051e+02
2.147973809618722498e+02
2.164022168782637721e+02
2.157175991201843885e+02
2.146664569863412169e+02
2.158042909977574766e+02
2.161917684766460184e+02
2.143357605743464092e+02
2.172128472240545136e+02
2.153461541677953619e+02
2.174619137211423663e+02
2.154595480591530929e+02
2.149066611298461282e+02
2.162596918824758916e+02
2.132849116978684663e+02
2.151359963339359638e+02
2.162737151158585505e+02
2.156677408395336215e+02
2.163701199544433678e+02
2.159336872481858904e+02
2.150461199222899609e+02
2.154579619539723581e+02
2.154548804280437651e+02
2.162166067080235905e+02
2.148910398255247003e+02
2.153828369069145197e+02
2.139076118655894447e+02
2.145501617735226603e+02
2.166609268629107135e+02
2.166248696042366362e+02
2.157093083491226935e+02
2.160791176370445044e+02
2.163116154191565386e+02
2.146553271031057477e+02
2.159467583622169400e+02
2.154785521417895495e+02
2.171637433913153643e+02
2.157562952878082854e+02
2.158189078038863613e+02
2.167357003860137468e+02
2.150317902461579251e+02
2.148170565304547495e+02
2.174472523062640619e+02
2.153614382195598864e+02
2.146300197516644062e+02
2.159297474289434149e+02
2.160852377346086541e+02
2.138675929881547972e+02
2.157471091468937061e+02
2.146275450837599408e+02
2.147631152664870910e+02
2.155855731340994055e+02
2.152853480499951218e+02
2.162126511593611440e+02
2.148011469477665969e+02
2.143789341810647784e+02
2.145383791269061362e+02
2.157435509009922612e+02
2.167233825741878377e+02
2.149074506383650771e+02
2.142234290875375109e+02
2.157586138512136245e+02
2.154787088025836113e+02
2.154757202080689069e+02
2.153654801052187793e+02
2.159656561231429635e+02
2.149976715846362367e+02
2.150257111939604897e+02
2.133790845632568676e+02
2.158992507277228583e+02
2.171887472221694111e+02
2.174941804843265913e+02
2.153840898464012241e+02
2.145591602163847256e+02
2.159028495929140092e+02
2.152584515668353333e+02
2.140276745144022925e+02
2.150485404215116034e+02
2.160549497744514724e+02
2.145398518947495461e+02
2.162369476123458298e+02
2.150957333600708239e+02
2.136838469685526150e+02
2.164082729854071090e+02
2.134949420190772003e+02
2.183632505747424091e+02
2.156976307279015259e+02
2.156240368669856196e+02
2.156504475401495142e+02
2.149343202356227778e+02
2.155873757457808040e+02
2.157101823479365805e+02
2.144885447107947982e+02
2.165796442500011096e+02
2.177209364631139579e+02
2.161871853161741228e+02
2.169406885874136890e+02
2.154326513686239082e+02
2.172706072121447107e+02
2.166368379020876773e+02
2.150637268852251225e+02
2.160377273126378839e+02
2.163306072800816082e+02
2.152058537157031992e+02
2.154610209798735525e+02
2.162780781387403692e+02
2.146290077857770484e+02
2.157214531320489357e+02
2.142349253144886916e+02
2.158490542159027825e+02
2.148847622404531990e+02
2.175308295760565613e+02
2.144654436122376922e+02
2.171504431854606310e+02
2.159038556782810190e+02
2.165802907893277620e+02
2.163799542201275870e+02
2.152799601641533798e+02
2.148402059317159001e+02
2.144855202294255889e+02
2.156659141450384709e+02
2.160623091090039338e+02
2.151545831426819007e+02
2.158312465491732439e+02
2.154844402491739856e+02
2.151853849840242674e+02
2.183278778801133058e+02
2.154728092256714547e+02
2.141041856749619967e+02
2.163268886119189744e+02
2.132496169850018930e+02
2.151085518836152346e+02
2.139670390133005355e+02
2.163198180943475393e+02
2.155066787460396540e+02
2.150047053953421141e+02
2.156674560092219508e+02
2.152838068195630399e+02
2.145467587765451754e+02
2.133374683813456159e+02
2.155398281049946547e+02
2.160210897253553526e+02
2.153527640598333903e+02
2.164638843076103001e+02
2.157450504413336319e+02
2.143482869978388692e+02
2.158049951485891995e+02
2.165564787024955820e+02
2.160694343089104734e+02
2.155850512110893931e+02
2.161452704972248569e+02
2.157892949056024179e+02
2.157926445199940417e+02
2.159604201192401547e+02
2.163797038317871397e+02
2.161654395219045739e+02
2.143920646195697941e+02
2.151393090077364434e+02
2.168761526014814365e+02
2.155291107229844556e+02
2.155888495609006839e+02
2.168437424350067317e+02
2.153525944703355890e+02
2.151985626246761569e+02
2.166147924835270828e+02
2.159163077095018366e+02
2.165004397566265482e+02
2.153722863889000507e+02
2.155820767589902971e+02
2.171814702485963267e+02
2.148133415443678018e+02
2.128722531126457511e+02
2.147541315345430348e+02
2.160322251033933298e+02
2.154592863086245984e+02
2.168752637683370779e+02
2.153634062941541458e+02
2.148213932716014369e+02
2.159994900029985274e+02
2.159857691866944833e+02
2.165012749032792669e+02
2.148256678216234832e+02
2.168956028924651491e+02
2.144189738619928391e+02
2.144944226104736913e+02
2.154279025279989526e+02
2.144475183709780879e+02
2.152783350050493141e+02
2.165018919454243473e+02
2.152013715611206521e+02
2.123412506671976416e+02
2.166980374680164800e+02
2.131699139342759111e+02
2.159901480631476431e+02
2.158761606601714220e+02
2.142224683024965373e+02
2.161602063873395423e+02
2.144905265191745514e+02
2.153777484899729586e+02
2.146326462656878107e+02
2.142938220896980113e+02
2.138231565234148945e+02
2.156159174753452419e+02
2.154932117629284676e+02
2.147750168367753645e+02
2.165951668310971172e+02
2.147655155667235647e+02
2.140045260010639083e+02
2.146200511699340723e+02
2.166721484686210886e+02
2.153277920577594386e+02
2.150023883386909063e+02
2.153145674275825456e+02
2.148092581007878152e+02
2.165025975614738343e+02
2.143101714755201499e+02
2.174832527275024461e+02
2.143497508192517955e+02
2.152857622983123065e+02
2.151030038962151423e+02
2.166373557736789621e+02
2.148410054004306744e+02
2.162295107008928596e+02
2.151667834188529582e+02
2.164851970326460560e+02
2.137756196867609617e+02
2.154986965623227206e+02
2.155515839901505899e+02
2.158996311058473054e+02
2.163352702069917939e+02
2.141617398521383393e+02
2.149508964037427745e+02
2.150008113634248446e+02
2.168011364891926860e+02
2.141852907536479051e+02
2.161511587408644743e+02
2.133411336350602028e+02
2.155207324750342082e+02
2.145294341562756131e+02
2.154487675371019861e+02
2.171411780886631675e+02
2.161114122981091157e+02
2.157082792812447281e+02
2.168333768581148036e+02
2.147314083373746598e+02
2.138938351625679104e+02
2.138434724285098980e+02
2.170680291683992209e+02
2.163001929900115670e+02
2.136670614923337155e+02
2.135902598474803256e+02
2.157670346735707767e+02
2.150692524518734672e+02
2.152404367609361486e+02
2.144129681376054748e+02
2.159987399429928985e+02
2.139406430385499220e+02
2.160542265779103559e+02
2.154357062780049432e+02
2.137931141731591822e+02
2.167311856139624808e+02
2.153793007315510124e+02
2.126343200180232600e+02
