2.155809265545569247e+02
2.213298679449967779e+02
2.223997103386215599e+02
2.210659260249414046e+02
2.229676659715918277e+02
2.151169346269514051e+02
2.177745884408205370e+02
2.194786963814231342e+02
2.241555510583363002e+02
2.142209347033600011e+02
2.185120310493437046e+02
2.256282954307599482e+02
2.190932875907128903e+02
2.170717067154737663e+02
2.210649380626212519e+02
2.212831310079010336e+02
2.162289893550046429e+02
2.230803810567819312e+02
2.195346795224272114e+02
2.231357962539593132e+02
2.193483669230184887e+02
2.189926946621063735e+02
2.248712772852655917e+02
2.196681657845852271e+02
2.212074185221697462e+02
2.211561724732095797e+02
2.204227191121590295e+02
2.171892815784015909e+02
2.178971516510953563e+02
2.179205024695842212e+02
2.220574743654153451e+02
2.206876453680013412e+02
2.157387884772884945e+02
2.227447230272658487e+02
2.181267630083170843e+02
2.209797470219376976e+02
2.196134338663692631e+02
2.254470854708404488e+02
2.194483884996472796e+02
2.216547853110348001e+02
2.177583814818936503e+02
2.171666291065472478e+02
2.204912610499271466e+02
2.213799683752274916e+02
2.242435870628047496e+02
2.212319408098929330e+02
2.203234631710483313e+02
2.187887397162451464e+02
2.256401200035225258e+02
2.214355451621039492e+02
2.225227489783821397e+02
2.221656638606787908e+02
2.219702423662413366e+02
2.216447607409875786e+02
2.200199108571659110e+02
2.221575761597679275e+02
2.253900327921204507e+02
2.220486847615954673e+02
2.225163579356267292e+02
2.169551912315691879e+02
2.197179953027395527e+02
2.195353228853769565e+02
2.197058671543882156e+02
2.213230172539156229e+02
2.235678186071693858e+02
2.220514512750965253e+02
2.191594304635191861e+02
2.168736814617903406e+02
2.169787405267929898e+02
2.209436711215174682e+02
2.209405373604260774e+02
2.223142801391534249e+02
2.252134018495115129e+02
2.181604895975612521e+02
2.254493040595773437e+02
2.270297225876645371e+02
2.205819334392253950e+02
2.229960489107455714e+02
2.214180467096181530e+02
2.200777956251427838e+02
2.217525603307973938e+02
2.182902710017668824e+02
2.227100721601790951e+02
2.208348373980109898e+02
2.195487445323323072e+02
2.223137440004165342e+02
2.240362707751431515e+02
2.219763067497300995e+02
2.227732587911952464e+02
2.233393622081633794e+02
2.168809252181802094e+02
2.240500539740578176e+02
2.189974173427696087e+02
2.243222269960944573e+02
2.227922872881825356e+02
2.222824888758003965e+02
2.281741580576103843e+02
2.196461977831520755e+02
2.221459913122787668e+02
2.179500243884367308e+02
2.215135625716825984e+02
2.248588089416631419e+02
2.232508134347232556e+02
2.183360606836696718e+02
2.237154453984300062e+02
2.186963730302030910e+02
2.238592533803858657e+02
2.241723771595565893e+02
2.190905976204786327e+02
2.156451572028174439e+02
2.184919122093277224e+02
2.215009256989429787e+02
2.232410380619059254e+02
2.184580284920753570e+02
2.226723201516400366e+02
2.228378419455619905e+02
2.239241829355137270e+02
2.180224130930117497e+02
2.225041020376048380e+02
2.246002664650266070e+02
2.214199022267242185e+02
2.231079276853913882e+02
2.264949320430650630e+02
2.230138526026342731e+02
2.212775338459720729e+02
2.190194364822719990e+02
2.213761996105156697e+02
2.227366448666454062e+02
2.219685135588988771e+02
2.179972746474043674e+02
2.241058372891086492e+02
2.184506203745713151e+02
2.193771496901947557e+02
2.221849021918134213e+02
2.217560043652349293e+02
2.206723558481435816e+02
2.187579223267091209e+02
2.219115811244854513e+02
2.144585519916458054e+02
2.230633817056953205e+02
2.133396873199569654e+02
2.210512542392385456e+02
2.187882967403406838e+02
2.193899292420501297e+02
2.169528126473942393e+02
2.199647557426051776e+02
2.224755539681180210e+02
2.180972072690732375e+02
2.256172648823842906e+02
2.213585367355387632e+02
2.192975172678685851e+02
2.216940418547338538e+02
2.199512917815273170e+02
2.206966706273732939e+02
2.209129779436620709e+02
2.202165309021673636e+02
2.209468220919593477e+02
2.195644168583261830e+02
2.175427486420889238e+02
2.208173910611166662e+02
2.230739889964287954e+02
2.213151856163852642e+02
2.258579910827069455e+02
2.201450068838838661e+02
2.226922278771636741e+02
2.259638077724367520e+02
2.215377872802220338e+02
2.190735443259572151e+02
2.169443540137807815e+02
2.229503798928464278e+02
2.212329661258104352e+02
2.154729714506705704e+02
2.198605148198984125e+02
2.234374210875653546e+02
2.245047507193988281e+02
2.246977190774397570e+02
2.239372435947864517e+02
2.258353902313019148e+02
2.232869910509634508e+02
2.193896214889393264e+02
2.220283092014655608e+02
2.171666115490228890e+02
2.241289060736349938e+02
2.206909515441426493e+02
2.245635743371660453e+02
2.293363888396769994e+02
2.251749593777349787e+02
2.215816167986734229e+02
2.171503466288727111e+02
2.245734682539396090e+02
2.221136987298264955e+02
2.214384692159412111e+02
2.206551036195790232e+02
2.185001482879723653e+02
2.203787306694713095e+02
2.215046743637944076e+02
2.257547377184106949e+02
2.155817944844970384e+02
2.266305099019182023e+02
2.223947802828970737e+02
2.229481434944723617e+02
2.251600773462195946e+02
2.262438609927950495e+02
2.196876567039703616e+02
2.229826997121946022e+02
2.218143928625055707e+02
2.249320203149389386e+02
2.217084657048876579e+02
2.225593540868857758e+02
2.193442246210589133e+02
2.167210035256545098e+02
2.184200857814229551e+02
2.228610208050982067e+02
2.200590458010706811e+02
2.213419668974273407e+02
2.201683185461021708e+02
2.226167185347368047e+02
2.158706081724361638e+02
2.162639745520543499e+02
2.226532749343117814e+02
2.206768013253053482e+02
2.184592719870041435e+02
2.236028539859778164e+02
2.175385770200528270e+02
2.205496336803164183e+02
2.218708437980334338e+02
2.209467168418829317e+02
2.217504555462944893e+02
2.185316029046504127e+02
2.172096368016030112e+02
2.192201800300881871e+02
2.229314620087385492e+02
2.188755123610173428e+02
2.235535616911642194e+02
2.205597467813441028e+02
2.226955709457037926e+02
2.187151670873541889e+02
2.264818588627458098e+02
2.264083841294231831e+02
2.166189336254399791e+02
2.225581251941844982e+02
2.245376969265305149e+02
2.174599763737273861e+02
2.223153311389334590e+02
2.184533783336565023e+02
2.210218919074862640e+02
2.261851625023676036e+02
2.199545314978086026e+02
2.170587472919487766e+02
2.212250146239459241e+02
2.171150747707283131e+02
2.243493416895212249e+02
2.212062303286204212e+02
2.275222723285004633e+02
2.231616487007339629e+02
2.198195166030896814e+02
2.209511156385912045e+02
2.194754489742030614e+02
2.196346372596143510e+02
2.179925410965171864e+02
2.227792148231137617e+02
2.177657458357964515e+02
2.234164136882454272e+02
2.196847229345002006e+02
2.168567147752551989e+02
2.276439533733745009e+02
2.176658567794983412e+02
2.186216115859899389e+02
2.139709957906006252e+02
2.199636405487538298e+02
2.217677821494162060e+02
2.237907729469827416e+02
2.185191609921599820e+02
2.224785845816696508e+02
2.150843736036783582e+02
2.196470381601293695e+02
2.246117834054589935e+02
2.233713790783955631e+02
2.213723821093330457e+02
2.181297299333596129e+02
2.221477003647114259e+02
2.244001286358579819e+02
2.199077118116330780e+02
2.197371671441081844e+02
2.224165663997350180e+02
2.187545068904107950e+02
2.249476225970965686e+02
2.246161374983369967e+02
2.236971759379329683e+02
2.170597545711146097e+02
2.203513291174650419e+02
2.179173437220293295e+02
2.235798021364543331e+02
2.192871857552955248e+02
2.246551209779322846e+02
2.225508834351796565e+02
2.216577027461493401e+02
2.214264028696805724e+02
2.236823736537579350e+02
2.178603202812689403e+02
2.192695930611176891e+02
2.235997969267237693e+02
2.171216008744260080e+02
2.205547033432497415e+02
2.228835297302071865e+02
2.233073790262544094e+02
2.249275950190150866e+02
2.228497513370043066e+02
2.199277305693019002e+02
2.212537864866685879e+02
2.200544013670281913e+02
2.231923000482049702e+02
2.179506750404680986e+02
2.247694961172736328e+02
2.202316696179876487e+02
2.141655330304021163e+02
2.179867062184244162e+02
2.219318429012178342e+02
2.188435461575541296e+02
2.217730193870118853e+02
2.255393563527007359e+02
2.223966416646099162e+02
2.199921495163105476e+02
2.233307396377444149e+02
2.189322773164365401e+02
2.199164219165871543e+02
2.188179853817979392e+02
2.165564911899696483e+02
2.181792389647178254e+02
2.205630729221293223e+02
2.195809225748566291e+02
2.227763594084956082e+02
2.233449978934635851e+02
2.215390431455917337e+02
2.197055702491504405e+02
2.194785108664544850e+02
2.170497009787725347e+02
2.147714460448999034e+02
2.229525496132875446e+02
2.226320294139354132e+02
2.211653250842766738e+02
2.221151444581599605e+02
2.203429034052458917e+02
2.237128304498455122e+02
2.206877129093018368e+02
2.168615946264619652e+02
2.210618954096915729e+02
2.228457603601447374e+02
2.248394076432662416e+02
2.193950851204767218e+02
2.175692097570212411e+02
2.220944014829199205e+02
2.216659506061190257e+02
2.206338841551897758e+02
2.204067736951846541e+02
2.180266548391266497e+02
2.168573081787704098e+02
2.220072582073611898e+02
2.193772980550122043e+02
2.212032681924944484e+02
2.242726845941213867e+02
2.194795971389138174e+02
2.198935098971804507e+02
2.187364167867121125e+02
2.142137450153866496e+02
2.172751435460206153e+02
2.178763619226533592e+02
2.209993105422295798e+02
2.200499612897961299e+02
2.225772127189804053e+02
2.215666591955927913e+02
2.228055419655263165e+02
2.185865164447388338e+02
2.235289440112003945e+02
2.183805948721197296e+02
2.165785520095793117e+02
2.161665605218331905e+02
2.227678413699586599e+02
2.193860272575918202e+02
2.171003424922441241e+02
2.119531240918726382e+02
2.182549136724339292e+02
2.217309058806227426e+02
2.209403416884566411e+02
2.204389226804992461e+02
2.216049259572396863e+02
2.226525146360224596e+02
2.198829711681107142e+02
2.170143904492882427e+02
2.190333882692441705e+02
2.206634783209423745e+02
2.223336524836540491e+02
2.224131960590221126e+02
2.178175256338462304e+02
2.186801399746345282e+02
2.202064752739757694e+02
2.231289103004034189e+02
2.192055434230503863e+02
2.211821946490068456e+02
2.227150240652694606e+02
2.146797535462909821e+02
2.198019217135533552e+02
2.168898968373503635e+02
2.229248792552965597e+02
2.208468326820806453e+02
2.195083267178221149e+02
2.212376439113007223e+02
2.215922685417185392e+02
2.225202659524604201e+02
2.253517100564921520e+02
2.260400271286480915e+02
2.253616704612017827e+02
2.264345902074728940e+02
2.210969983660012872e+02
2.216244936222632020e+02
2.210478718610097530e+02
2.157644529673785598e+02
2.182040730532682460e+02
2.215668104191326222e+02
2.177001257823530409e+02
2.269798404355390744e+02
2.188148233227418871e+02
2.222098138513012486e+02
2.190872409038744024e+02
2.169748703251457584e+02
2.215676689506373691e+02
2.274455316049159990e+02
2.233790105175934571e+02
2.270372752217625134e+02
2.216261017066196928e+02
2.207051126343788781e+02
2.248929870607545638e+02
2.231330573323619433e+02
2.181781838043609980e+02
2.186838606458766776e+02
2.182196817541354505e+02
2.190902843619665532e+02
2.267372701122663443e+02
2.220538073440521600e+02
2.220705252039032871e+02
2.185791411076232293e+02
2.200212383560083254e+02
2.146983807616693980e+02
2.135318348501651258e+02
2.169599853128384552e+02
2.199762659665604758e+02
2.190694214011727183e+02
2.151288881869090517e+02
2.222416547788613173e+02
2.209870252167951037e+02
2.223452317497944648e+02
2.172717323614152747e+02
2.224719792664888303e+02
2.215169604270144816e+02
2.235126572181555105e+02
2.221583946038992963e+02
2.181016637214972604e+02
2.255332556714969030e+02
2.190751645585064011e+02
2.204768738923673652e+02
2.210885605792870479e+02
2.226873194044543141e+02
2.272544576612459366e+02
2.230726658197665984e+02
2.224609584747640270e+02
2.200104707652855041e+02
2.251770990462416648e+02
2.248611597927979062e+02
2.213205063672736230e+02
2.205437411707235640e+02
2.173354824832439931e+02
2.176624416984685979e+02
2.231681806006738213e+02
2.178475919459455383e+02
2.217040879239820299e+02
2.244719564426889349e+02
2.185713844490851159e+02
2.281733339930362376e+02
2.217490873651507002e+02
2.200391937182755271e+02
2.209119917651077287e+02
2.169117846365042510e+02
2.222681749435583072e+02
2.230653991158661995e+02
2.194235662450111022e+02
2.223769825750154610e+02
2.213886827968612465e+02
2.209247141470695510e+02
2.233079854212006694e+02
2.230184292190787403e+02
2.234233100264823406e+02
2.184936147955559420e+02
2.268217570196665065e+02
2.179718168582740816e+02
2.192337843487699445e+02
2.223077320455001313e+02
2.261847834236654933e+02
2.204718438799663716e+02
2.187503963142256111e+02
2.196750132983795538e+02
2.222811588813545711e+02
2.203375971677628513e+02
2.180416443798871171e+02
2.204337921682902106e+02
2.249224224748699896e+02
2.197308002197217718e+02
2.155724667912211316e+02
2.197101071014836009e+02
2.182852019823907312e+02
2.206258618920821561e+02
2.206757881775137946e+02
2.227987435964437282e+02
2.206864412364609507e+02
2.213191362965150404e+02
2.162648530126030266e+02
2.192882428825892873e+02
2.218751274010968473e+02
2.277169125283399467e+02
2.195684834459696333e+02
2.212162869042281557e+02
2.250266251279884386e+02
2.223565811844858331e+02
2.239587723134594057e+02
2.198343871399775935e+02
2.229343728594276115e+02
2.231407512483376365e+02
2.189350769832512071e+02
2.241314834392653665e+02
2.197973598586504522e+02
2.198368160746211117e+02
2.224710460975687170e+02
2.217231053071515987e+02
2.278998461398309985e+02
2.215408502892476292e+02
2.233838412441296271e+02
2.232220198638373745e+02
2.180662763980485295e+02
2.182298594857178102e+02
2.176295505904959100e+02
2.266710438586273426e+02
2.248461818500362597e+02
2.223671267435254606e+02
2.236742862855340945e+02
2.210931612054886841e+02
2.232761075023270223e+02
2.197153310988505268e+02
2.237837481078362600e+02
2.258121222529614442e+02
2.206757179807053717e+02
2.211246627737343147e+02
2.220569537335572932e+02
2.211219668727092937e+02
2.225224767961611860e+02
2.219450778771142723e+02
2.257452526929764076e+02
2.217148971355779850e+02
2.261528508107398068e+02
2.181563152892193500e+02
2.228875754397203082e+02
2.211103995991463478e+02
2.210662611913243438e+02
2.225414917273441517e+02
2.197390940545641342e+02
2.168191515477401481e+02
2.216565090351627703e+02
2.211829053737156130e+02
2.203185384494612435e+02
2.204779101368182808e+02
2.212205011450841994e+02
2.200406149266596856e+02
2.220171564001112472e+02
2.184806485878851277e+02
2.273978014254754214e+02
2.246883528684524833e+02
2.176811828703319804e+02
2.229627690212266486e+02
2.164923833751374218e+02
2.174593725029950804e+02
2.245684860290008373e+02
2.191836786164051034e+02
2.218247000694502731e+02
2.217549841226879437e+02
2.234282297758045672e+02
2.249938112316287118e+02
2.211789727756683703e+02
2.258556200937187555e+02
2.215656620986251824e+02
2.229197296097014771e+02
2.270695455851332270e+02
2.190607369175241672e+02
2.203497052097459346e+02
2.175670731259484967e+02
2.219881861865385986e+02
2.188254611138636108e+02
2.212682173836443837e+02
2.190545975845844850e+02
2.234595136960119532e+02
2.149214408973269315e+02
2.239709874546425112e+02
2.180489798315418284e+02
2.210861835657557037e+02
2.219916735815296818e+02
2.187672565609710489e+02
2.228261435635826331e+02
2.156922322505858176e+02
2.148220467611558888e+02
2.280910049485046898e+02
2.227090301681614051e+02
2.219148763523687364e+02
2.193976577500065446e+02
2.257528358638978432e+02
2.233447547107978437e+02
2.217843770527289848e+02
2.225663167292976539e+02
2.203561846609297845e+02
2.209907511084847727e+02
2.230630155374016681e+02
2.233564527576753562e+02
2.224624203303765739e+02
2.237266814665629795e+02
2.219098340297132950e+02
2.220074266733986974e+02
2.197637044923327494e+02
2.213283460368261615e+02
2.231084776060141905e+02
2.253145292566032367e+02
2.190358010858283251e+02
2.222619044167624054e+02
2.205656355431393081e+02
2.246775027897753034e+02
2.231718482757820539e+02
2.185804252338795948e+02
2.189191448348537676e+02
2.210655548833968282e+02
2.232329718279796396e+02
2.222184821211542953e+02
2.210108241677708065e+02
2.250839364201308399e+02
2.250323358576733028e+02
2.220204053941626228e+02
2.261609457228276483e+02
2.202132410341731088e+02
2.235037934518939835e+02
2.213505963688452596e+02
2.191022642691062572e+02
2.233935292444980121e+02
2.233625470924671390e+02
2.208329029345318304e+02
2.241805756428085772e+02
2.218664832501582396e+02
2.199113138837852830e+02
2.253838791748625567e+02
2.211474016499666675e+02
2.212746576400940342e+02
2.233579757323582839e+02
2.235039291529630248e+02
2.194396600736080529e+02
2.207151028659327210e+02
2.264267292158526743e+02
2.219927946416592590e+02
2.189650624862335064e+02
2.217071088734146258e+02
2.257950723171814786e+02
2.213586804745781933e+02
2.130165949565391372e+02
2.198259114440708970e+02
2.232438330400685800e+02
2.226723871127968550e+02
2.259208073311539522e+02
2.269099446906185165e+02
2.173338275902102623e+02
2.211911975641368713e+02
2.212232052971618828e+02
2.231703138805698359e+02
2.218062511546569056e+02
2.171092009167761887e+02
2.205070792983313197e+02
2.244777226779102364e+02
2.231752641670611013e+02
2.201592538246908646e+02
2.234193761224235288e+02
2.203216938902189383e+02
2.169324984551737714e+02
2.207536079614843629e+02
2.234076899365314830e+02
2.191371438696504299e+02
2.200173017714495529e+02
2.193579662693348666e+02
2.218200210587901609e+02
2.195059819011155753e+02
2.215968132983558405e+02
2.181793552939954566e+02
2.248835145864447043e+02
2.222215383727530593e+02
2.246327330154961999e+02
2.252167505928985634e+02
2.251549787369202988e+02
2.188215520265427472e+02
2.195440981570166059e+02
2.195240866137834530e+02
2.175476987011409165e+02
2.211441473165300806e+02
2.219337937109279721e+02
2.220177609230295559e+02
2.202122491868942973e+02
2.200357729866964007e+02
2.220073380475315332e+02
2.233657967124730419e+02
2.212184959663809707e+02
2.199706896225105197e+02
2.216393314076489958e+02
2.260206620933948898e+02
2.194576006963845316e+02
2.180193591521994279e+02
2.244821642995939897e+02
2.255770661249435420e+02
2.164793981657625466e+02
2.174032860356088293e+02
2.218439923025984797e+02
2.192945257538907242e+02
2.208778982830449422e+02
2.265374605447995862e+02
2.221871756654695673e+02
2.223337857952679713e+02
2.212142758996421605e+02
2.247884978956992938e+02
2.205566029100403682e+02
2.194078788756021083e+02
2.229186210632406073e+02
2.212031199856176613e+02
2.213311690734709600e+02
2.213030224507112962e+02
2.238029635181624997e+02
2.200864383857670816e+02
2.233823417386898313e+02
2.244555995053095216e+02
2.182475886554669842e+02
2.178621748425384510e+02
2.242269126065145599e+02
2.241109305012160178e+02
2.224564225378177014e+02
2.208862065788424331e+02
2.224336622154755787e+02
2.176132405004820214e+02
2.238910065859422502e+02
2.171213617957293991e+02
2.243931162980260865e+02
2.201941854821637321e+02
2.215635929613488031e+02
2.188778178751910843e+02
2.251748267838983963e+02
2.211322199336030394e+02
2.213928445576571846e+02
2.223055851088699058e+02
2.195127097437094790e+02
2.180702004921844832e+02
2.267246133649180422e+02
2.214998350183616935e+02
2.190833735519051118e+02
2.211387847753241260e+02
2.264141440764672097e+02
2.201731629864083004e+02
2.236475183506252904e+02
2.209058004442721881e+02
2.245210856940283008e+02
2.198089683836967936e+02
2.247827010382540607e+02
2.200683398314808983e+02
2.210359842829493573e+02
2.178648235130895046e+02
2.201401188372785214e+02
2.203651351423498568e+02
2.203830311638967885e+02
2.238116773716748469e+02
2.193046822303012391e+02
2.234441267936392705e+02
2.199893741900139617e+02
2.206895816888480795e+02
2.226860849927122388e+02
2.193315816584929223e+02
2.211061991606325705e+02
2.195094705998006361e+02
2.238800526079454585e+02
2.215447055582378368e+02
2.250816943879108862e+02
2.223232505034123676e+02
2.235544594738707929e+02
2.222515776371422760e+02
2.237889213603649523e+02
2.258821355195083811e+02
2.239974398274806617e+02
2.212646671226490582e+02
2.118761632169928362e+02
2.205997427147474923e+02
2.177831975898982080e+02
2.207906203251372972e+02
2.200803169890389768e+02
2.224978087644116442e+02
2.198829776925909130e+02
2.179926627613354526e+02
2.239787992875918974e+02
2.218112058760590912e+02
2.249260034436610169e+02
2.191001716967144262e+02
2.184857725728768969e+02
2.198386361648819047e+02
2.239130276779737301e+02
2.204249924446086197e+02
2.204109395289261499e+02
2.247111650168196491e+02
2.239797624300287282e+02
2.270995523390604660e+02
2.196902789694331375e+02
2.224114938624348099e+02
2.267832508816096890e+02
2.255693227863912682e+02
2.192117596875506536e+02
2.161607373352730406e+02
2.223262618606883336e+02
2.235850240565465583e+02
2.202362855421731354e+02
2.174740218120815030e+02
2.222179332466971289e+02
2.196051537592939553e+02
2.182528040208424898e+02
2.192794169596579081e+02
2.237603255356430623e+02
2.215733795346047259e+02
2.264562400201946559e+02
2.203927407175105486e+02
2.216331361698459261e+02
2.208264481792500931e+02
2.268632980654535629e+02
2.169736370041782152e+02
2.236223933093519349e+02
2.258384329892497817e+02
2.218058809732573025e+02
2.179323969114690556e+02
2.148970716264166754e+02
2.243061483401195062e+02
2.206839042860519839e+02
2.193496597329119595e+02
2.222846204439530879e+02
2.198627812920580880e+02
2.179972976784555385e+02
2.206319150198671935e+02
2.225747615008402249e+02
2.216700739004142235e+02
2.202742020072963101e+02
2.177407140353950297e+02
2.221461347020076857e+02
2.219430779024664844e+02
2.202474920282065511e+02
2.228220688522147555e+02
2.189811101862876797e+02
2.278754355085439443e+02
2.204185761203502523e+02
2.240294812480750011e+02
2.273516522457700262e+02
2.210202999511112125e+02
2.207152827574211358e+02
2.214212920868880872e+02
2.230620304415737678e+02
2.206211876205399562e+02
2.225837089649194525e+02
2.288362886447120559e+02
2.215538579769792591e+02
2.215699737569381114e+02
2.176218561467215125e+02
2.257379539451874564e+02
2.209768988422718223e+02
2.211601911088771999e+02
2.213532331896872734e+02
2.243737916742162213e+02
2.228873974051201117e+02
2.262473484967316892e+02
2.113416932975850955e+02
2.216273971075293048e+02
2.209041932320054968e+02
2.251382079158060208e+02
2.226404766647541180e+02
2.233304631070764970e+02
2.194684081847032928e+02
2.173450229832380671e+02
2.215106281987709167e+02
2.226226584772405772e+02
2.205231206485898667e+02
2.187863838396920642e+02
2.193087769910915767e+02
2.260150782168964554e+02
2.233814898566010356e+02
2.166759473472035893e+02
2.232543648592642285e+02
2.231237766649819037e+02
2.241927431478547135e+02
2.216632025929289682e+02
2.223269904564066621e+02
2.239076894763373389e+02
2.180209234261009783e+02
2.203396871091998719e+02
2.269004221202016538e+02
2.184626190300828910e+02
2.230172145885576640e+02
2.204566912552032534e+02
2.157024129852386238e+02
2.213503321703560971e+02
2.204252498272768435e+02
2.206882405348473810e+02
2.181882765822334136e+02
2.216509512696414674e+02
2.183415284255200390e+02
2.210497836375130305e+02
2.218603744042707149e+02
2.224978216792065950e+02
2.192401146058169843e+02
2.204684311476627556e+02
2.207566930155923330e+02
2.255721019836681762e+02
2.193984704349356321e+02
2.195430028873187496e+02
2.202471873843706760e+02
2.216791908295442681e+02
2.150685843138037683e+02
2.235446411704359093e+02
2.226722595813940302e+02
2.240460617688103468e+02
2.228152234526414759e+02
2.204920599568842761e+02
2.287252869579361629e+02
2.207936689951649498e+02
2.206364739290507657e+02
2.231064913363875633e+02
2.153780236895634062e+02
2.216175836201737752e+02
2.204962999480307531e+02
2.234625434464707894e+02
2.220925571600288890e+02
2.231729215349310209e+02
2.207837249216106557e+02
2.201818489732267778e+02
2.197236731759155930e+02
2.225035414381503358e+02
2.217318064163041811e+02
2.226060645522690891e+02
2.211041940508398227e+02
2.185629205516330273e+02
2.218841455446391251e+02
2.233083241023259689e+02
2.191103526090722085e+02
2.254898746259117388e+02
2.192251382792786956e+02
2.211028274697164022e+02
2.175804643208789457e+02
2.238485691969450500e+02
2.217765941591660237e+02
2.170488538972698791e+02
2.182501077798176823e+02
2.171815872036188466e+02
2.215715709864353187e+02
2.229712543716284472e+02
2.179112557006396571e+02
2.222221150152211635e+02
2.218419460453996237e+02
2.150773205407843420e+02
2.241881001039620003e+02
2.204839787405568075e+02
2.186497696449482930e+02
2.232439914649373804e+02
2.208601758331492704e+02
2.211006507335622757e+02
2.207500504758713760e+02
2.176932665798957203e+02
2.211786736428945801e+02
2.201743194863461213e+02
2.172396205644153042e+02
2.200433402298871499e+02
2.191273713622796322e+02
2.181062708224189635e+02
2.225584831387504892e+02
2.189138911867713659e+02
2.210348572418140236e+02
2.214291332115178648e+02
2.240747493963932868e+02
2.190081854843153621e+02
2.219605007967359995e+02
2.177609536741572640e+02
2.244248020234679473e+02
2.214652336273108801e+02
2.218409910459557466e+02
2.244762485134252188e+02
2.229404802010056983e+02
2.143641216666163700e+02
2.202129444701816112e+02
2.229654819076209264e+02
2.207599958315483377e+02
2.211487116489967093e+02
2.249885866731910085e+02
2.206005414705992962e+02
2.196139913866692552e+02
2.219554665425484927e+02
