2.160965991663663317e+02
2.199247611443695405e+02
2.229810025156668019e+02
2.208524330457661335e+02
2.204478577397095762e+02
2.177892045698951051e+02
2.195943207984582557e+02
2.169686076983428222e+02
2.200075568077647858e+02
2.228234379961039622e+02
2.162275359456884871e+02
2.197941702512901259e+02
2.244222136604695379e+02
2.166821169527729580e+02
2.175008209668010295e+02
2.175527064549224576e+02
2.212965032554670870e+02
2.173529553299744066e+02
2.215246432652736246e+02
2.183874159277549722e+02
2.205779915931743176e+02
2.197728197704593640e+02
2.224808796307479213e+02
2.211985064261448599e+02
2.208841328333609226e+02
2.188189600142671907e+02
2.201451835703935274e+02
2.187151139660289516e+02
2.201746895882094179e+02
2.194503864448431898e+02
2.209252682924972646e+02
2.173064660065736575e+02
2.226013931575783431e+02
2.156553962410778240e+02
2.201153601611826787e+02
2.189813902195826074e+02
2.213022199903220439e+02
2.171900125017860717e+02
2.187095757350110716e+02
2.251897573201889315e+02
2.191658447644741159e+02
2.231345317347485206e+02
2.257534905730593664e+02
2.187062623762291764e+02
2.191689659183955428e+02
2.166398131101942965e+02
2.234494133841289170e+02
2.174720202741196431e+02
2.170985193397618218e+02
2.181286074328848201e+02
2.227027997986170647e+02
2.190773757947314664e+02
2.231002373472110492e+02
2.207196605744506428e+02
2.185443836403047158e+02
2.212187269108246710e+02
2.165524268397404057e+02
2.189178603637229230e+02
2.199710192689638859e+02
2.263609370668948770e+02
2.235566175017683577e+02
2.191652822907082339e+02
2.244696740356029920e+02
2.201946644273673996e+02
2.239747506775121622e+02
2.222741762614129470e+02
2.156855738212235849e+02
2.164928058719813748e+02
2.183024051114905717e+02
2.156528791437960138e+02
2.175174283085999321e+02
2.208203177867467843e+02
2.179574879935012177e+02
2.179398675406099244e+02
2.160815224031446178e+02
2.206774915333577098e+02
2.233402983195348668e+02
2.229032289045458128e+02
2.159904169833066021e+02
2.194531300474348541e+02
2.162679322046079449e+02
2.184304136311411355e+02
2.214665273788389754e+02
2.209998426271750986e+02
2.225080392518474355e+02
2.227444373179844206e+02
2.220636874724659435e+02
2.262523005717890499e+02
2.212443072524170873e+02
2.167680992327346985e+02
2.184352073382525532e+02
2.181053795184498370e+02
2.200168245052819032e+02
2.176494948744984015e+02
2.176432912038636971e+02
2.184646382936454074e+02
2.247418616680154742e+02
2.177078891521712194e+02
2.192262343335086427e+02
2.181286192277150917e+02
2.159894206117039914e+02
2.193336841562143320e+02
2.169178675607497553e+02
2.143938996860510713e+02
2.241122263824037191e+02
2.195691084352510529e+02
2.216334998948303507e+02
2.189935320973542332e+02
2.201689578720961435e+02
2.234334642449163937e+02
2.195395292099990741e+02
2.212241321232623079e+02
2.165012799689134511e+02
2.190506219512114114e+02
2.168377583536842508e+02
2.214607510921619280e+02
2.189958524608251196e+02
2.176502983620518989e+02
2.198391411646717870e+02
2.209695750811448818e+02
2.161312246099647894e+02
2.233188004268886289e+02
2.203945604400148284e+02
2.218311345202806990e+02
2.152979326413010597e+02
2.181870054336536384e+02
2.189283477623820318e+02
2.177521246652667628e+02
2.215649568479435914e+02
2.211678927937581989e+02
2.194571419142382638e+02
2.216413273734380311e+02
2.210446948055152916e+02
2.194722195974968884e+02
2.197411241132474515e+02
2.124816571003773049e+02
2.187532692170713631e+02
2.208612746273761331e+02
2.222775595975911642e+02
2.217949782978959377e+02
2.192021688949683380e+02
2.204262880522118451e+02
2.197168730160572352e+02
2.230736275130531112e+02
2.204498670486753156e+02
2.174284378868677834e+02
2.172650299614937239e+02
2.197504655176472852e+02
2.218592261057705173e+02
2.223407102368359176e+02
2.222288230768936899e+02
2.172993479826618852e+02
2.153680543072430282e+02
2.200737633196356455e+02
2.197207304828746999e+02
2.149718346521146941e+02
2.159556214342141800e+02
2.151376671176545869e+02
2.178050359405223446e+02
2.196085363561223289e+02
2.204476878472935084e+02
2.168734179611035984e+02
2.184602260286970079e+02
2.203606244956840783e+02
2.197809604029896207e+02
2.165199739271592421e+02
2.166771462871576261e+02
2.191970517156477172e+02
2.182954369167435686e+02
2.185488900307273923e+02
2.214964318119676250e+02
2.135943656935325237e+02
2.193554421044980813e+02
2.213425823963453922e+02
2.165045958320921500e+02
2.173028914481851075e+02
2.194722031557624291e+02
2.173713014523550555e+02
2.147942224519237300e+02
2.221749514561324759e+02
2.201452030326370561e+02
2.174617175403353428e+02
2.217585577036032021e+02
2.190951454273344154e+02
2.143022914698322552e+02
2.153735383395473661e+02
2.188640414840329527e+02
2.215951068218334399e+02
2.205424440205769656e+02
2.156614388310556478e+02
2.199872022551444957e+02
2.264453630067489200e+02
2.191606166119771046e+02
2.183012898580375349e+02
2.188250855994754716e+02
2.204587784427274926e+02
2.177556045545473182e+02
2.213559348944389171e+02
2.169714790535201985e+02
2.183961224635088740e+02
2.210841359925297525e+02
2.157057630035236286e+02
2.168717735999595675e+02
2.164780340543185844e+02
2.205427560925450905e+02
2.176402180483697464e+02
2.167871073269240583e+02
2.169065221193539514e+02
2.214431843897254737e+02
2.180983884204546257e+02
2.190437630137098495e+02
2.189291633738224903e+02
2.190685488329151838e+02
2.184253941354929225e+02
2.158678687735900041e+02
2.216129532653867500e+02
2.178632107929240362e+02
2.207875911845560211e+02
2.169900479650800378e+02
2.219016843248083433e+02
2.202991016686180217e+02
2.138038880805028725e+02
2.170498762868996323e+02
2.220624303189616171e+02
2.167731467151682807e+02
2.212490406906139242e+02
2.199724597624956459e+02
2.152336115606250928e+02
2.197953507639125803e+02
2.179505745196643431e+02
2.209774003507821476e+02
2.198053808706811765e+02
2.197255846158706447e+02
2.181804476193826474e+02
2.188409913813158312e+02
2.170162332474180005e+02
2.214415474213595019e+02
2.184683346030714688e+02
2.188226408260098594e+02
2.131496254326519590e+02
2.163454642589051957e+02
2.248126290904528446e+02
2.193336130618037600e+02
2.168011480028222024e+02
2.218454215280651169e+02
2.182630263731159630e+02
2.210173719777084216e+02
2.152670378882547766e+02
2.201800101601905908e+02
2.129849936691537664e+02
2.175900250471879076e+02
2.164063561528910782e+02
2.189554325948194844e+02
2.180998057747851249e+02
2.182547697947645986e+02
2.201612208976362410e+02
2.216369888879924872e+02
2.199104243282878599e+02
2.206747660710899765e+02
2.171463070945227685e+02
2.226552799953413455e+02
2.150124346552643715e+02
2.193258664941103859e+02
2.186327916200982600e+02
2.210358875461278387e+02
2.213734463553257115e+02
2.206764843508904050e+02
2.169096231376190360e+02
2.228138964394581762e+02
2.201065114928553328e+02
2.174324834085618932e+02
2.142847656259831410e+02
2.230323476239316278e+02
2.188328656995582548e+02
2.142556391610129651e+02
2.187284715714798722e+02
2.210069424024777902e+02
2.233238087031900534e+02
2.152201884893636930e+02
2.194345377930194161e+02
2.188372602512574758e+02
2.171372463378469888e+02
2.249167375618549158e+02
2.233313788238479276e+02
2.185268049790319935e+02
2.223280738767968217e+02
2.185276918737546623e+02
2.154675814760404648e+02
2.191149291110077115e+02
2.175828615130234596e+02
2.192936537775682098e+02
2.172632745524286975e+02
2.172089119400061747e+02
2.150909946252522502e+02
2.138145038753405061e+02
2.180915987327731216e+02
2.175160307801027955e+02
2.210240288785071527e+02
2.199567419354891911e+02
2.145428374913829828e+02
2.216743276550333803e+02
2.280504556539430894e+02
2.212770730612325565e+02
2.162335405373897856e+02
2.187080518048399824e+02
2.158282580260841428e+02
2.169613733375808238e+02
2.127203495566507740e+02
2.202278639374606257e+02
2.206931896154938784e+02
2.250078927892664353e+02
2.196051291715888567e+02
2.279896016497632161e+02
2.165414928656219331e+02
2.195848688704159599e+02
2.149549440428178855e+02
2.173959338012357705e+02
2.159415446469107280e+02
2.177172127329108378e+02
2.118012641564599505e+02
2.273473584396337799e+02
2.192002013688685338e+02
2.185668155661506944e+02
2.232006503981892820e+02
2.198288667920463695e+02
2.162498814334105077e+02
2.166412207809090376e+02
2.198089932183608823e+02
2.176179883352887998e+02
2.121199455799727218e+02
2.180046604469388001e+02
2.201768760728684811e+02
2.203197085449218378e+02
2.220015494074789615e+02
2.175201350146861614e+02
2.181387637586980475e+02
2.214679461089806409e+02
2.202784258274094213e+02
2.185314078746066002e+02
2.246488203996958077e+02
2.214606480608117351e+02
2.165532716090928602e+02
2.135133579155687471e+02
2.158637521678072630e+02
2.206839206596130509e+02
2.170351411296722688e+02
2.178922923406400969e+02
2.146009431749483269e+02
2.216784207015834909e+02
2.193696207322605005e+02
2.184748517718253993e+02
2.185251966057720097e+02
2.186405701707560638e+02
2.207513699415272015e+02
2.208836815593009533e+02
2.157751082546468240e+02
2.186791230207120691e+02
2.212058814849218891e+02
2.199648694864128800e+02
2.161952624262664813e+02
2.189102907316620019e+02
2.151384429264507219e+02
2.149313219337459486e+02
2.158079915897104399e+02
2.184631184784923903e+02
2.160810572314269962e+02
2.190748841289778568e+02
2.171792219900835335e+02
2.180093221213799666e+02
2.192287942181789901e+02
2.154093365977242343e+02
2.121208450270831634e+02
2.149205692750585115e+02
2.203419674089460898e+02
2.212482269007548155e+02
2.187199805435008102e+02
2.196378399052543102e+02
2.213418363369627571e+02
2.183713007808005671e+02
2.194088412381030935e+02
2.206802625514818885e+02
2.160379131650750537e+02
2.209681769788904830e+02
2.175827182776115194e+02
2.178179317615905859e+02
2.170818083602184174e+02
2.198831696570079259e+02
2.156290502570904550e+02
2.167901774855491226e+02
2.193216470407590464e+02
2.188489592066295870e+02
2.229927183480525912e+02
2.176542226362571171e+02
2.203295826275731031e+02
2.175403749864337897e+02
2.206613458138656938e+02
2.206889486307689481e+02
2.208228671787816779e+02
2.185378219354928717e+02
2.189474822656746369e+02
2.173303744789230052e+02
2.198812639564175129e+02
2.203360874279542543e+02
2.140314488495541809e+02
2.178486754543391442e+02
2.180685151985839809e+02
2.221102266962054443e+02
2.191225551628511425e+02
2.151696187258309863e+02
2.140778735717007351e+02
2.175345385253806114e+02
2.213129600235862142e+02
2.233930598867302137e+02
2.176470692994531930e+02
2.166857527435236364e+02
2.198345344304488549e+02
2.222810127703174601e+02
2.216157791856701067e+02
2.200095217702109949e+02
2.217088503925181442e+02
2.190933323958681456e+02
2.205522738693474878e+02
2.200588384027452378e+02
2.167866856169537755e+02
2.162756684944063466e+02
2.211396460964172945e+02
2.139845344330517207e+02
2.216574197638607018e+02
2.187896423117300344e+02
2.198234802563848120e+02
2.163235225565940993e+02
2.229248879993604646e+02
2.220595324139923719e+02
2.168503891222693483e+02
2.187588489048543750e+02
2.147147622175851893e+02
2.197002795954241492e+02
2.157892950315045937e+02
2.241156549154402455e+02
2.183220411453133067e+02
2.213154067695870708e+02
2.157474965440577250e+02
2.176198640169280338e+02
2.192452034212751357e+02
2.207370214790652767e+02
2.184315106383455998e+02
2.166733575082757568e+02
2.183577464020658567e+02
2.163137836587737013e+02
2.150969154874709091e+02
2.182959176568199098e+02
2.218428555761096277e+02
2.176668550581532031e+02
2.180783439000034889e+02
2.187455100470263005e+02
2.226663985861497395e+02
2.236277424136875140e+02
2.148479768877274978e+02
2.185906861459771449e+02
2.186910889219323053e+02
2.184627031976207263e+02
2.209663515954041770e+02
2.142547248763759455e+02
2.271454525197188445e+02
2.207968636922684595e+02
2.198427203059096939e+02
2.187427912611677812e+02
2.217368046471664513e+02
2.218002739482447794e+02
2.208791291413994884e+02
2.208161319102162850e+02
2.202318198885459992e+02
2.181490645071107792e+02
2.207182511640825737e+02
2.173216720422647654e+02
2.200804328019066816e+02
2.235866072257707629e+02
2.165091167911613468e+02
2.214094065324975702e+02
2.173282648967965827e+02
2.195372340031071303e+02
2.181089783534013975e+02
2.180079591675253994e+02
2.164262387916728585e+02
2.219883687358913562e+02
2.191653633717903062e+02
2.219827900519361492e+02
2.156818645387331230e+02
2.188513706052794987e+02
2.174973519150453001e+02
2.139976570068306216e+02
2.147042943565991777e+02
2.159881352167047908e+02
2.169521675195149442e+02
2.208459908314824531e+02
2.188485141576745434e+02
2.220958824356615935e+02
2.216724597792628515e+02
2.158906215288672001e+02
2.137821813259935482e+02
2.234248256983732119e+02
2.189735114484904273e+02
2.192016274321333071e+02
2.190498219619196902e+02
2.188479722554101556e+02
2.182323739268116185e+02
2.165169449509291155e+02
2.215966030546498757e+02
2.157099073162905825e+02
2.218410800477334135e+02
2.228837237904047583e+02
2.235994244130672826e+02
2.163311517860643107e+02
2.220398017906667860e+02
2.172226571714781755e+02
2.241256447688651576e+02
2.255931987430344918e+02
2.156302755804080107e+02
2.213312712412356404e+02
2.181398581054068018e+02
2.225663898759200094e+02
2.121459178522501929e+02
2.205288751271601768e+02
2.274240478613642154e+02
2.158915880078099860e+02
2.174451629441388718e+02
2.217241067159413603e+02
2.153453173575901474e+02
2.187525002854753780e+02
2.151336558410722830e+02
2.172072448092058323e+02
2.196365665051094993e+02
2.215508666632530321e+02
2.185567508011260713e+02
2.200052752425390850e+02
2.230281954047834461e+02
2.168845821874673163e+02
2.212324579674979930e+02
2.221476507226929300e+02
2.222099874136840754e+02
2.197029095245309520e+02
2.193213204660842734e+02
2.201564572682113123e+02
2.238048400974889205e+02
2.208373481857058493e+02
2.117703033743860885e+02
2.258631775883228556e+02
2.177941832307797085e+02
2.169004714159182754e+02
2.221221625746148902e+02
2.194240340948350365e+02
2.138054521967557378e+02
2.203202419129571865e+02
2.190183573636961398e+02
2.177513186004692614e+02
2.187086862219473744e+02
2.190093071806169576e+02
2.190278268259095853e+02
2.204395547904867101e+02
2.215508734216512039e+02
2.207788297334779770e+02
2.186855971863241450e+02
2.157439553829757983e+02
2.160678406150994135e+02
2.177328263167642319e+02
2.212460817918186819e+02
2.203992904112213296e+02
2.198389047196351100e+02
2.174998392599426325e+02
2.214901278028404477e+02
2.184084678096196797e+02
2.201264344585953552e+02
2.189075585437025495e+02
2.215280287803392127e+02
2.222782730089491281e+02
2.221740561388548940e+02
2.181827232113312505e+02
2.156749486091064512e+02
2.171424148538853558e+02
2.221834042375271849e+02
2.204475631988044597e+02
2.182538492134994215e+02
2.182520714855393180e+02
2.186428071089376317e+02
2.195651027376642332e+02
2.185989664501291543e+02
2.188266316667285309e+02
2.201146068938082294e+02
2.192291489962483411e+02
2.205894042842626277e+02
2.188509456155728969e+02
2.252986896902056344e+02
2.169351912074597237e+02
2.195209546207503024e+02
2.184154182879312032e+02
2.185624343758603061e+02
2.195439661532047921e+02
2.195063053419767130e+02
2.159490603702132887e+02
2.229469774871829486e+02
2.184739873172398177e+02
2.166702439219041594e+02
2.250185326971243001e+02
2.174762255526393915e+02
2.244293602688962039e+02
2.199792383245687120e+02
2.236593589723718765e+02
2.197516189716965300e+02
2.162393534536392679e+02
2.212145774133640543e+02
2.161821038843375788e+02
2.207841062590159424e+02
2.151367418064159835e+02
2.175062207460239279e+02
2.232084272382165295e+02
2.128834462411125799e+02
2.191124240918576902e+02
2.209680768882656992e+02
2.188995597773879638e+02
2.208816566648062008e+02
2.205911834841772929e+02
2.201132655951410015e+02
2.167183917539490210e+02
2.214916573287347887e+02
2.187472788067322256e+02
2.233087582087887881e+02
2.210230700157979697e+02
2.159169069710352176e+02
2.207375457902101061e+02
2.203714969769125673e+02
2.210708633409567483e+02
2.198592543784158977e+02
2.194064253817241195e+02
2.209754090226581127e+02
2.178629734150297566e+02
2.224266653555998516e+02
2.222536293956120801e+02
2.170496846036224667e+02
2.122188282221823670e+02
2.198633625953122248e+02
2.199074395608898271e+02
2.250254762154029322e+02
2.227468897482037278e+02
2.215548110820471379e+02
2.200656646461285959e+02
2.205328504804136003e+02
2.179536926484154264e+02
2.192122044823264844e+02
2.189375644869514019e+02
2.141313161434069912e+02
2.165251619313612537e+02
2.256411432019590961e+02
2.156111929673180612e+02
2.180666087845413301e+02
2.235953044049454093e+02
2.187351130010189877e+02
2.153288039322963527e+02
2.216480419430686482e+02
2.232605143618949910e+02
2.181725443262735666e+02
2.176673849127686253e+02
2.197723026539482873e+02
2.191069726787250431e+02
2.161175766824277957e+02
2.206530680128620077e+02
2.162618317428045316e+02
2.204848985073228107e+02
2.184797383698015381e+02
2.178587806806616527e+02
2.200538306486365059e+02
2.191950450279418305e+02
2.143838035381644715e+02
2.181243607004822707e+02
2.165820560795045537e+02
2.235579966387062996e+02
2.181705223385061458e+02
2.256254417846071760e+02
2.135884383977282823e+02
2.192860912217954024e+02
2.243373760192781106e+02
2.218456376206353298e+02
2.198284373151380180e+02
2.250546743491722168e+02
2.247665552704037850e+02
2.205543115053305883e+02
2.214063928540824975e+02
2.220468807893503254e+02
2.174803597352712643e+02
2.200956829533152472e+02
2.194233589242979008e+02
2.148825691054646825e+02
2.200519648020644183e+02
2.177038994216564447e+02
2.184981143987505163e+02
2.202546919207759686e+02
2.078461607139263663e+02
2.185041610181812359e+02
2.271818716329666188e+02
2.228238977245315482e+02
2.222166188077905815e+02
2.173519160691766672e+02
2.160733588317500278e+02
2.146032878540301567e+02
2.221675436163721429e+02
2.176273083942928110e+02
2.130014937047294552e+02
2.238541011847285347e+02
2.220989801260266745e+02
2.123649832471897980e+02
2.214326038651387876e+02
2.209739766336999196e+02
2.200407683969897334e+02
2.170165156985782744e+02
2.184658597102356055e+02
2.149759144002531741e+02
2.193702195907450800e+02
2.215753552471921921e+02
2.212733172995592668e+02
2.191716690830882044e+02
2.187798167196384327e+02
2.181820804741766153e+02
2.207540904182350516e+02
2.175120007354883853e+02
2.142040462924660460e+02
2.200111239937188827e+02
2.180899623248772912e+02
2.192298168593206640e+02
2.170137769415195521e+02
2.206346238547031078e+02
2.225298676751591813e+02
2.184734018130454842e+02
2.218148501175580805e+02
2.212694860927645664e+02
2.163569707885033608e+02
2.132954607337848074e+02
2.229620440569164828e+02
2.190182915579528071e+02
2.187832662888152981e+02
2.207595049614212996e+02
2.168411222289982447e+02
2.175113097851931059e+02
2.178334724988684741e+02
2.159764307919167550e+02
2.226646125500365656e+02
2.152502419869522043e+02
2.177415029579479722e+02
2.193641939854466614e+02
2.188539307472984490e+02
2.240532360587471601e+02
2.191694368101879604e+02
2.185746700701223233e+02
2.177597128515147631e+02
2.181093005135522560e+02
2.175992432557691814e+02
2.202688705139345018e+02
2.207195343684884108e+02
2.179911185358557759e+02
2.208389837987109274e+02
2.183115188740366648e+02
2.192245348135316760e+02
2.179213248011985797e+02
2.192749565539429568e+02
2.176114672715170286e+02
2.190415664447383222e+02
2.184085660401172504e+02
2.218357180525242143e+02
2.198764448037799184e+02
2.188504029431720141e+02
2.191057593385428675e+02
2.200097445834531129e+02
2.146150790454720152e+02
2.163491606170545367e+02
2.210178149248843624e+02
2.125662380711203809e+02
2.155368049264377532e+02
2.160831974631444155e+02
2.199822714532493819e+02
2.164812467556270406e+02
2.227963597034550958e+02
2.166999362141150129e+02
2.205816083573671733e+02
2.185151483985885363e+02
2.220811405963067955e+02
2.231563138088177141e+02
2.146376968365355538e+02
2.196097591843510770e+02
2.259869986249172484e+02
2.168259578746813645e+02
2.196332800063095192e+02
2.206179513937568686e+02
2.171736673653412595e+02
2.213214973579461002e+02
2.167386991619329422e+02
2.238940455475663214e+02
2.179150966407955821e+02
2.181993371532833521e+02
2.151103658968633567e+02
2.189834393849021410e+02
2.206998854837253532e+02
2.153193433411905175e+02
2.215318702574198824e+02
2.227040711303916396e+02
2.236601989603321670e+02
2.206681898670449300e+02
2.189122990885105651e+02
2.190226044102688832e+02
2.230594453518980345e+02
2.210024795717757229e+02
2.161363496945853626e+02
2.208186687047334829e+02
2.156267944702238424e+02
2.191123303731757233e+02
2.176803308650425777e+02
2.217368604500080949e+02
2.170198812481469020e+02
2.178187154348569265e+02
2.170320515454387476e+02
2.202563137512440505e+02
2.230966117419124259e+02
2.182195144701787797e+02
2.198875058011375359e+02
2.189330968613908794e+02
2.177811893380807362e+02
2.218123689568572559e+02
2.193196212018551421e+02
2.243774136141565236e+02
2.193312859488120239e+02
2.193264500957390908e+02
2.162687137153343997e+02
2.226281514858886226e+02
2.223813257752984782e+02
2.194792824465721139e+02
2.199652188373700881e+02
2.208380805571267445e+02
2.182485852929055739e+02
2.233176491855314794e+02
2.202545631584085015e+02
2.163529420488229391e+02
2.198456065433641697e+02
2.217882001073453466e+02
2.187344151433476327e+02
2.210139336923247129e+02
2.193507791686342330e+02
2.195212073620574529e+02
2.211103435548646132e+02
2.123597845542979599e+02
2.219712646309278625e+02
2.187212255452264174e+02
2.210847011677273031e+02
2.173130153367555977e+02
2.223190750378057885e+02
2.213565624317261040e+02
2.209919960940320891e+02
2.210007879605559822e+02
2.214752705152824603e+02
2.238317572514331459e+02
2.229926183447087737e+02
2.169001978894310412e+02
2.165327145742308801e+02
2.204980229003226668e+02
2.168850681274099941e+02
2.155754441789780174e+02
2.213187314910361749e+02
2.210916275706093757e+02
2.200330915391243707e+02
2.189161390565743091e+02
2.200834417846868689e+02
2.194193311131431585e+02
2.145804519060142184e+02
2.150211355361191181e+02
2.209956221378934913e+02
2.196524701085818947e+02
2.179375870373551152e+02
2.199761406466520839e+02
2.178218279512627191e+02
2.223152874132341879e+02
2.199207549748541908e+02
2.181515614687033064e+02
2.183190240609145292e+02
2.214964097090617372e+02
2.172562176046257889e+02
2.156672469384447197e+02
2.189128880820292693e+02
2.177671094152644571e+02
2.194044435024439963e+02
2.193239990851602386e+02
2.211316521667029633e+02
2.211301575994387747e+02
2.157400945890692014e+02
2.189756795207409539e+02
2.192722179558772666e+02
2.229073070301065513e+02
2.187302769612920486e+02
2.204481475859375053e+02
2.196957342042719006e+02
2.163148496337631457e+02
2.165222191125350832e+02
2.223072139081293130e+02
2.184893083278056451e+02
2.168589746477360620e+02
2.194789159279552848e+02
2.186194834846689616e+02
2.138375977515779880e+02
2.185305280921212159e+02
2.201258831740944970e+02
2.157521987955327347e+02
2.206847936365608973e+02
2.144636762117113449e+02
2.205203733052554469e+02
2.170418066631961551e+02
2.187844199971893318e+02
2.166370831978949809e+02
2.172720831672150155e+02
2.159863725321243919e+02
2.177798284949124650e+02
2.195682159408997904e+02
2.192810302838183816e+02
2.183183872851665797e+02
2.184771865984579335e+02
2.176583262618146080e+02
2.215153769140631255e+02
2.146000717027860674e+02
2.198491445486662030e+02
2.212950168660109114e+02
2.186791537415389257e+02
2.202342857427973115e+02
2.200976567130083197e+02
2.224261780869204586e+02
2.202802176145476665e+02
2.192309060674786565e+02
2.189015295042310072e+02
2.194602890148624112e+02
2.221701948200105221e+02
2.220991436983219103e+02
2.190680801182882362e+02
2.217979590454132222e+02
2.176172219351628030e+02
2.181062133029781762e+02
2.204279850497860309e+02
2.207873844894492947e+02
2.189491197357606325e+02
2.191270964060545339e+02
2.129850064067676101e+02
2.192905996402731716e+02
2.194245136468217368e+02
2.186644573417771937e+02
2.188302660990885045e+02
2.228350032710321216e+02
2.241010247199211562e+02
2.180616113484103096e+02
2.154748924537029495e+02
2.160922683813559502e+02
2.155744217513233707e+02
2.177008208376507810e+02
2.224134306112361230e+02
2.155238950080011762e+02
2.165867991072376242e+02
2.215110538669914035e+02
2.209893405637748458e+02
2.209358418293329294e+02
2.198176913328574074e+02
2.151526370925487868e+02
2.156002673922056090e+02
2.186762270527198098e+02
2.197648674022894397e+02
2.168811544500632920e+02
2.201212474062305091e+02
2.181203632438964632e+02
2.220178606036610915e+02
2.188260128932155624e+02
2.217054497522674410e+02
2.192683822839757113e+02
2.194353319271623661e+02
2.217501852188545115e+02
2.207604827152891289e+02
2.184024357417387137e+02
2.164317920232401775e+02
2.212580239523921364e+02
2.178032061113558484e+02
2.236396452570192537e+02
2.189731891154209222e+02
2.143350730511643008e+02
2.160859344020651065e+02
2.189230406642463436e+02
2.151297272629250301e+02
2.123088517831834565e+02
2.210134464176705364e+02
2.191193485561933016e+02
2.215517813167095085e+02
2.201920722686373892e+02
2.165890563730557972e+02
2.184564033073469318e+02
2.179069148645648397e+02
2.230151322703341634e+02
2.209277473094591357e+02
2.170580240411546527e+02
2.263787587135858246e+02
2.171940955395741639e+02
2.171458009862973029e+02
2.198185670578557733e+02
