7.979339469895558068e+01
7.893278849600918079e+01
8.189243677648893538e+01
7.762378964371981738e+01
8.195707435320542800e+01
7.763434642879161629e+01
7.997133458457840050e+01
8.014725369163593882e+01
8.077864649996620017e+01
8.314617184856638232e+01
7.983053832370035252e+01
7.802457967534031980e+01
7.822792135761459065e+01
8.176079104417945587e+01
8.081332185138282398e+01
8.101700180135513563e+01
8.243964200321185842e+01
8.160710576673041317e+01
7.907243627837124222e+01
7.931211339440150709e+01
8.162298764612437196e+01
8.448154449662959564e+01
7.964918261254051401e+01
8.127361284530967112e+01
8.171092882784104461e+01
7.818858175054641890e+01
8.026593347876898576e+01
8.066518750738336507e+01
8.161336848152053847e+01
8.414984137123472863e+01
8.468222511652402318e+01
8.003528104583899960e+01
8.210067580020893274e+01
7.984909743543370553e+01
7.914820716982855231e+01
8.057643424319691405e+01
8.039077662620138653e+01
8.245534020120446428e+01
8.343562645374912279e+01
8.138572417501092104e+01
8.032893654036547559e+01
7.654009049220380234e+01
7.832088900601300452e+01
8.083158719546401016e+01
8.169493343981682187e+01
8.259703685877531143e+01
8.402952838277491310e+01
8.052794768240579515e+01
7.851762801224552391e+01
8.270853791335555627e+01
8.267184182865038622e+01
7.916066563237698972e+01
7.814053013777034096e+01
8.468294374964631288e+01
8.105811163199329883e+01
8.236279099165615492e+01
8.229760987880636947e+01
8.182150684509409189e+01
8.247615688817366220e+01
8.327161602736286738e+01
8.208557401688551636e+01
7.983691727947297068e+01
8.053456456825497867e+01
8.119819955686384105e+01
8.109944970053058455e+01
8.231909897303805224e+01
8.168710887855326064e+01
7.919086631963827472e+01
8.151720817608278935e+01
8.116726316070132441e+01
8.457377003530966419e+01
8.311289003455054569e+01
8.064400696059456664e+01
8.136381005074834150e+01
8.159153873330558326e+01
8.300027784709772050e+01
8.274469431895435889e+01
8.477584972557974652e+01
7.937380527753380477e+01
8.223955314800986116e+01
8.049974124871673098e+01
8.405022097819903593e+01
7.653875849313990898e+01
8.236699413033250039e+01
8.145424688196786178e+01
8.161999456530872976e+01
8.696901455245584600e+01
8.229229018380951288e+01
8.331105898888782235e+01
8.253652751740999349e+01
7.966347106303271630e+01
7.963926930693935446e+01
7.935411524477540013e+01
8.196758922432471195e+01
8.350174227512763991e+01
8.207493871750708081e+01
8.080403390493427196e+01
8.225257826643228043e+01
8.142320077439734405e+01
8.289153279245662986e+01
8.177271764408281740e+01
7.908739108621401215e+01
8.372120400199335677e+01
8.145332028850849326e+01
8.302279008561694695e+01
8.181319691709440178e+01
8.262081218100223623e+01
8.321665340261107247e+01
8.180004021274051240e+01
8.310566749742616821e+01
8.349990304247953077e+01
8.224057636954258044e+01
8.320458943059551871e+01
8.345762645714134464e+01
8.075651731741798756e+01
8.355492197204729621e+01
8.319784052853671596e+01
8.011618171610251693e+01
8.301516530502897240e+01
7.929358321713112900e+01
7.958325465963791601e+01
8.161997772753917957e+01
7.896206106847994022e+01
8.240720929842660780e+01
8.165612442732417264e+01
8.065731154436375050e+01
8.060505200630227307e+01
8.212139948616844265e+01
8.319759423346616245e+01
8.187684402122548022e+01
8.262311041347703622e+01
8.094430559717157792e+01
7.976701224260293088e+01
8.238372828175130280e+01
8.219979277943863849e+01
8.352972394498100073e+01
8.197235199052988719e+01
8.031468757675088455e+01
8.126089361131352007e+01
8.084002271828268249e+01
8.359197801100930292e+01
7.859092828748715931e+01
8.312046575836168927e+01
7.890705821432580080e+01
8.134573075355426397e+01
8.167651748989342764e+01
7.843761198961550463e+01
8.162009223149320292e+01
7.929811702582946964e+01
8.251326304508391729e+01
8.162935702874398203e+01
8.091456672804687855e+01
8.233562447928790107e+01
8.064339811231407396e+01
8.161463601255599087e+01
8.179324254171521602e+01
8.256505702972393124e+01
8.346303130753119603e+01
8.351047602086266863e+01
8.102323760690336485e+01
8.213009517807041959e+01
8.419833098964839735e+01
8.276086234130166019e+01
8.308824023356247324e+01
7.895846165172930853e+01
8.353464468938025789e+01
8.036091295028685977e+01
8.068389468744371129e+01
8.218229122503275619e+01
8.551347858498645849e+01
8.194490053272930652e+01
8.075037364225244119e+01
8.494442394827743215e+01
8.182229214317474941e+01
8.023610930075732028e+01
8.002969770500875768e+01
8.362043568166338048e+01
8.553233383384804256e+01
8.305666603533587988e+01
8.410954838215619134e+01
8.285446737346994439e+01
8.564042269595647383e+01
8.183088374993869252e+01
8.355919592687375541e+01
8.074202307460483041e+01
8.267397266890819196e+01
8.233370298447763957e+01
8.151762688902869058e+01
8.154986355737031545e+01
7.584086628672764618e+01
7.967496156253012884e+01
8.545401668039565379e+01
8.381116508463391312e+01
8.415046256774238032e+01
8.053453799479909492e+01
8.589269835182609825e+01
8.339359191789618819e+01
8.183378520337210205e+01
7.914447884924776133e+01
8.626064076523738322e+01
7.981955670367496225e+01
8.350567081403291070e+01
8.025254142655141720e+01
8.237369359629829546e+01
8.089000368643199579e+01
7.958828930111558009e+01
8.345728334111301194e+01
7.864105758872996432e+01
8.175839726114392647e+01
8.231433236840068446e+01
8.199959063152208216e+01
8.075291673765194389e+01
8.214297027978487620e+01
8.279393505164296130e+01
8.573216585970173753e+01
8.290897894066164042e+01
8.275164033686276355e+01
8.398332200522121127e+01
8.104232420916956414e+01
8.307477666084821522e+01
8.228852371218717110e+01
8.256660067227004163e+01
8.262913232696156740e+01
7.699315078011389346e+01
7.834834705222746720e+01
8.351611882912379770e+01
8.185115291599191778e+01
8.075467786323561370e+01
7.780157637694388484e+01
8.080598170781158274e+01
8.350524246726249089e+01
7.965710363380185299e+01
8.237185360984884142e+01
8.643514981797103758e+01
7.947076924652816388e+01
8.201772693100815559e+01
8.172754216320913656e+01
8.257345026226417417e+01
8.436420091528732712e+01
8.214622275127275941e+01
8.030729344175921369e+01
8.146246285655132624e+01
8.215998324491981464e+01
8.251293125995844946e+01
7.962540037827054107e+01
8.402507287181251172e+01
8.217595219933220108e+01
8.132213575223941859e+01
7.863276669328648438e+01
8.220864139719827790e+01
7.897027159289152110e+01
8.039266717654041372e+01
8.048093243320678880e+01
8.268167253217876578e+01
8.176691832596335985e+01
8.067608522538421312e+01
8.066045791526784114e+01
8.018839071258717865e+01
7.866733829792903521e+01
7.974838932299553562e+01
7.850949866006970979e+01
8.318380997612909766e+01
8.130512281815285291e+01
7.927577119782671389e+01
7.639407341754588288e+01
8.152592307013520667e+01
8.230363050601138752e+01
8.109251032407135540e+01
8.337649812596286836e+01
7.923589868857523300e+01
7.993834923073815446e+01
7.904654779900722872e+01
8.043060637051496542e+01
7.877180273387786258e+01
7.982120223896170330e+01
8.215283317466351320e+01
8.002101325206497506e+01
8.226378414070913436e+01
8.120993716118489658e+01
8.320948498200451127e+01
8.032918611860057467e+01
8.149265854774442630e+01
8.167812261221564540e+01
8.292146503300168092e+01
8.290301217557019697e+01
8.061317835733862580e+01
8.221463590173134151e+01
7.959726045100724434e+01
8.217567258760196580e+01
8.305934735554039605e+01
7.785415054360646536e+01
8.488945393030245157e+01
8.229614670853955261e+01
8.149179172472463506e+01
8.286229089349434673e+01
8.042672578920320348e+01
7.769248041661337822e+01
8.529752169204603263e+01
8.327255535810942888e+01
8.282223922507544955e+01
7.784904449546704086e+01
8.288789032620928765e+01
7.967879623463404926e+01
7.829518981525943389e+01
8.145963554509998517e+01
8.405448153632013941e+01
8.189703584754946064e+01
7.940977192621214442e+01
8.466231014620250050e+01
8.288801027202347882e+01
8.072577408738422378e+01
8.230043679828871461e+01
8.599273301767381383e+01
8.194475266867794971e+01
8.254647039020663613e+01
8.013432599496108821e+01
8.229308364566250589e+01
8.137340026653295411e+01
8.554127108988268446e+01
7.892706428828709875e+01
8.246837225800302917e+01
8.254341509944576671e+01
8.352654102918816648e+01
8.259986101097078404e+01
8.087159237438754644e+01
8.030765374111948063e+01
8.543031382096737048e+01
8.239177287072581635e+01
8.274252217516951191e+01
8.189975850583985562e+01
8.271093727047728805e+01
8.097459720083017487e+01
8.042755669953764652e+01
8.393549325644558223e+01
8.064110571262132510e+01
8.146968318375151341e+01
8.139372480092823992e+01
8.254688143329906325e+01
8.071435106357330369e+01
8.302936091256879081e+01
8.389349418453885221e+01
8.197014022217729234e+01
8.083535048497873277e+01
7.846093157763004911e+01
7.883773829989030446e+01
8.081776814974678302e+01
8.394364794528129892e+01
8.068921966381071798e+01
8.494092417316480237e+01
8.156689274849672699e+01
7.916848774582395265e+01
7.760681076596284811e+01
8.231200769859448485e+01
8.471792495364530851e+01
8.159584011798334302e+01
7.979867943151330678e+01
8.072222858591267425e+01
8.416282359773570931e+01
8.620361451002503372e+01
8.169791798615588618e+01
8.019748150913348184e+01
7.826818253888046684e+01
7.830550302755757741e+01
8.418384502297988092e+01
8.091455814562259263e+01
8.045059133530787676e+01
8.261799639179569965e+01
8.210801934402745417e+01
8.212160967894109831e+01
8.238473970870347785e+01
8.090374251949916129e+01
7.641834120995389412e+01
8.495268186902663388e+01
7.832495465802823276e+01
8.397312100907898014e+01
8.197997274188672634e+01
8.360188975169593562e+01
7.949043990824061723e+01
7.888216429047233191e+01
7.918188327247436575e+01
7.908204872392748541e+01
8.306714983220375359e+01
8.064176611698449904e+01
8.016416207832027396e+01
8.028689656865665825e+01
8.093715306532725151e+01
7.652063340845508321e+01
7.953603135151772108e+01
8.364448760780985026e+01
7.835948201705973304e+01
8.253077955171421820e+01
8.246713997884779701e+01
7.837086949858542084e+01
8.606717089139380050e+01
8.291499935569456170e+01
8.215910904839752504e+01
7.962587707957693794e+01
8.007815976090692800e+01
8.181530361175738619e+01
8.042405675062889259e+01
8.039499636630920065e+01
7.856522448999002961e+01
8.049822915972441706e+01
8.047161735212249312e+01
8.224579392529732047e+01
7.771156697957977144e+01
8.019663420766411832e+01
8.285720763228137287e+01
8.114007322598288852e+01
7.953492646495398333e+01
8.072474446443744966e+01
8.098716443616801541e+01
8.002439749263247393e+01
8.241648142251723641e+01
8.182026207179688981e+01
8.231736000891582705e+01
8.361882696611500876e+01
8.480063401738675566e+01
8.311093261872791516e+01
8.234864819596521102e+01
8.080913165835254119e+01
8.163343137322583232e+01
8.084766896695431626e+01
8.272907487526580894e+01
7.949306193661981013e+01
8.172290308477388976e+01
7.822074594864434971e+01
8.190760233099322818e+01
8.073296472926709555e+01
8.325137521810897567e+01
8.215795623260876823e+01
8.152117837822453339e+01
8.198137214539782747e+01
7.907261870686230054e+01
7.979788291039629655e+01
8.308450280755177175e+01
8.202467480335853622e+01
8.006940995825755181e+01
8.264485154669462474e+01
8.474302797249954722e+01
8.219505376412921294e+01
8.187403909149830383e+01
8.344003697981467838e+01
8.290693866340285467e+01
7.928005210991625518e+01
8.135679684959119129e+01
8.276866162260189697e+01
8.041752571323367249e+01
8.385867368780482423e+01
7.802812780728568498e+01
8.079111919289636035e+01
7.940362366757325674e+01
8.292921681083018370e+01
8.067102839812646664e+01
7.936759362685272379e+01
7.959137544059420577e+01
8.568515148226087774e+01
7.793756586541172737e+01
7.867856456035264046e+01
7.974970426749409569e+01
7.814159364934052121e+01
7.810893483427113893e+01
8.118063437440375196e+01
8.090234280946954470e+01
7.887940671173852536e+01
8.098842399380690438e+01
7.880662869938339554e+01
8.208630462124239102e+01
8.423413972243571379e+01
7.879340255242014734e+01
8.177054407985998807e+01
7.890993406408126987e+01
8.226474693783289638e+01
7.797750152434407767e+01
8.065756706963816214e+01
7.977516147340277541e+01
8.068833081103277038e+01
7.874782970462965181e+01
8.444337357637792252e+01
7.884172710238817672e+01
7.980315573147103692e+01
8.053667921131936680e+01
7.622091774958977339e+01
8.163753800197609678e+01
8.472213124771366211e+01
7.945748516486474955e+01
8.153716084974719536e+01
7.878948566181982471e+01
8.095371954391387703e+01
8.333829740787942342e+01
8.031261667246687352e+01
8.131118974260088805e+01
8.504465641301807466e+01
8.102119290013202146e+01
8.249472870236492383e+01
7.664539148419346759e+01
8.100203444160675303e+01
8.158208559767881241e+01
8.197334508835250233e+01
8.115993403721792276e+01
7.942014198877519959e+01
8.096303278252575808e+01
7.747616774627795166e+01
8.308865254654929799e+01
7.703633855766574356e+01
7.887731745127736360e+01
8.153723326406897343e+01
8.219975431040859348e+01
7.992528566703708748e+01
8.271765939454950001e+01
8.159078125028355544e+01
8.290331294636328607e+01
7.731847820222856171e+01
8.075751585904447438e+01
8.178506710456089479e+01
8.375670455113703383e+01
8.115457075332389536e+01
7.843883622062473648e+01
8.016235440839648163e+01
7.965611732576215331e+01
8.533288558563000947e+01
7.935830608979318868e+01
7.874605075408992150e+01
8.029792578771190392e+01
8.422561065465016839e+01
8.063360468701087314e+01
8.126091539035161304e+01
8.002357010104340418e+01
8.136563775923849562e+01
8.573475321337116384e+01
8.131322603906191659e+01
8.283759489529717257e+01
8.194147575409530759e+01
7.971387794761456291e+01
8.516638807656109122e+01
7.728174645086050987e+01
8.009564794489548945e+01
8.111076046130354200e+01
8.137491741736945983e+01
8.040330164522279688e+01
8.056145480367045764e+01
8.230607072592783879e+01
8.038444529415909301e+01
8.249219298069890272e+01
8.105484729334615679e+01
8.024269193398089328e+01
8.172049920357771668e+01
8.237692758802390358e+01
7.901517661177953755e+01
8.332008493979967056e+01
8.068661947706654303e+01
8.073771657133863755e+01
8.098179781738821248e+01
8.399447383142974388e+01
8.273263212024889413e+01
7.943377912339002478e+01
7.746720035099738766e+01
8.527442786109803308e+01
8.088561059307932055e+01
8.259624480762887799e+01
8.041331293744322295e+01
7.969544150486585465e+01
8.098784784961122796e+01
8.014541330434660438e+01
7.931165647069532554e+01
8.214131793683299065e+01
7.989267826769626879e+01
8.031347688777171356e+01
8.024854116413506233e+01
7.806698930583191043e+01
8.240390725076734668e+01
8.165723059744249213e+01
8.165455473466825254e+01
7.937442399538701920e+01
8.047407727539949462e+01
8.462649419706099252e+01
8.056751089390895970e+01
8.074250050442762472e+01
8.075384402024560870e+01
8.488483538955254915e+01
8.402136194559568594e+01
8.219023469657608416e+01
8.059295195191003813e+01
8.068901526381844747e+01
8.351555841437280492e+01
7.809886365200779323e+01
8.031459036350781844e+01
8.533965692472976627e+01
8.051107515900996248e+01
8.157353301705008164e+01
7.920862737673711251e+01
8.321051610325424974e+01
7.914934727243328894e+01
8.689477865815210578e+01
8.035019103011967445e+01
8.360199968787173930e+01
7.933521277122615345e+01
7.975244330619010213e+01
8.107332070691721526e+01
8.120355182768365410e+01
8.082170568665526389e+01
8.001706359768506616e+01
8.078792975901279760e+01
8.524388739610313337e+01
8.433567420172566642e+01
8.163142231462549603e+01
8.383648941311362535e+01
7.947922960247331048e+01
8.120279103869989967e+01
8.095498387557724129e+01
8.312939572562129342e+01
7.886907136396654039e+01
7.770654178657905220e+01
7.966646614902637680e+01
8.377207572776154620e+01
8.333122351852428267e+01
8.212626950330390230e+01
8.284839101514094750e+01
7.915818979320214055e+01
8.507182689518755581e+01
8.237049423799150816e+01
7.894655037160455890e+01
8.313482274968755803e+01
8.036557737722776551e+01
8.079853516051535678e+01
8.255084079300821998e+01
8.033368319828083770e+01
8.238919404555802828e+01
8.177791590429913526e+01
8.131190224027415070e+01
7.976951177431176632e+01
7.887071224817356097e+01
8.308908508468169885e+01
8.139374288826073212e+01
8.090402367357937408e+01
7.805900693161511583e+01
8.134099577260757030e+01
8.074016250627593649e+01
8.077634092846894021e+01
8.134081692573818145e+01
8.434282829785607305e+01
7.890675269617179310e+01
7.878133594019514874e+01
8.199109499939812906e+01
7.946713745018396935e+01
8.286128067337662628e+01
8.109145896893426197e+01
8.190639858700099296e+01
8.079103036080869060e+01
8.076545693198207232e+01
8.144527452282450497e+01
8.237344480258373380e+01
8.211095153108378497e+01
7.842753540921370359e+01
8.278631393409496297e+01
8.090767689620952297e+01
7.894676154982100513e+01
8.189074236842245114e+01
8.027592360418117323e+01
8.266751604317569502e+01
8.002475981254791293e+01
8.218465747210487393e+01
8.223390370846172459e+01
8.415386713636458182e+01
8.232954675798123390e+01
8.149469344216701927e+01
8.001284066702191922e+01
8.343081013512089328e+01
8.113999163808382775e+01
8.100428458246273067e+01
8.173487825437382526e+01
8.116468923773970801e+01
8.388449374134803804e+01
7.873985425148052286e+01
8.340616607148854200e+01
8.382700603157395847e+01
7.858840112432960723e+01
7.921279183041419003e+01
8.639656416214432966e+01
7.876525795599009427e+01
7.926741128018338145e+01
8.173012573924172841e+01
7.989611266864108075e+01
8.165488083029187294e+01
8.278795823685750577e+01
8.159796258102736033e+01
7.872947507244877841e+01
8.473267817459674234e+01
8.234298963940281624e+01
8.038506364866215392e+01
8.709602114747174539e+01
8.253518879044449363e+01
8.106507534136768811e+01
8.075914600086535700e+01
8.113439484845937955e+01
8.617006135700944469e+01
8.120290818524557608e+01
7.781818283702703809e+01
7.810006176879757334e+01
8.341566495183099050e+01
7.982398030556799995e+01
7.914091917543119337e+01
7.789708536406867267e+01
7.980032860890801771e+01
8.334562694366302082e+01
8.157812868895032921e+01
8.561256261590202143e+01
8.456901528166639537e+01
8.200213750019030101e+01
8.012341932654602772e+01
8.202294664605807384e+01
8.410260206190982046e+01
8.299242329926570960e+01
8.163637272798111155e+01
8.525534124505210798e+01
8.077874640717809029e+01
8.060762292947846674e+01
8.159216727330972674e+01
8.106584529334067213e+01
8.228577927981946516e+01
7.895463891610228302e+01
8.338045625715420783e+01
8.218632076608153625e+01
8.200347792889175480e+01
8.059772070470530991e+01
8.118729966483397220e+01
7.899374821646046030e+01
8.221002297400337966e+01
8.140219005112447803e+01
8.071200508660859896e+01
8.402811850566213536e+01
8.057205274250375737e+01
8.499263418889455579e+01
8.163163694277361060e+01
8.363072446903534285e+01
8.122732898930416923e+01
8.128319957874956003e+01
8.230733167598788214e+01
8.227826500499465112e+01
8.026440780660928453e+01
8.055463880552468936e+01
8.273458982806425865e+01
8.328418049022050695e+01
8.034352517966351570e+01
7.742638735477706291e+01
7.899304277449358835e+01
7.845879276481929310e+01
8.333039008368496070e+01
8.060824347386963495e+01
8.220210181595092536e+01
8.447466692969308610e+01
8.182265181061980286e+01
8.034556217334747430e+01
8.128461525704517499e+01
8.176761201453467720e+01
7.842355500897704701e+01
8.666900419595495464e+01
8.554809066049679700e+01
8.120703106693174789e+01
8.066451063380660003e+01
8.259176125508678012e+01
8.268310222323974301e+01
8.479298368571396338e+01
8.270277454417181673e+01
8.594720205728549445e+01
8.364429917765448863e+01
8.361750659991277246e+01
7.879384814362300915e+01
8.333486490000703384e+01
7.991853309496765689e+01
8.218629323911774520e+01
8.203936018237332917e+01
7.988355023206574401e+01
8.335138109698148412e+01
8.281960044152707212e+01
8.142265691645066283e+01
8.285447522797366560e+01
8.137994999416801534e+01
7.963957555178339476e+01
8.070840535101274327e+01
8.145081055807843029e+01
8.490378510558734604e+01
8.419434045706181280e+01
7.631219814675635860e+01
8.266772611874556276e+01
8.499666689526036123e+01
8.083063948280278055e+01
8.160988918541953296e+01
7.731010646569002631e+01
8.054055257055966877e+01
8.292687722810626383e+01
8.049869397181007002e+01
8.257192057561304921e+01
7.535211466169538141e+01
8.168417052732515060e+01
8.116872022975871914e+01
8.071552158136888977e+01
7.948637026133617667e+01
8.006733269887071458e+01
8.163158706072545101e+01
8.205984857846365799e+01
7.918930763149191421e+01
7.935215022395584583e+01
8.261707712230857226e+01
8.242887617220181085e+01
7.748964824054860401e+01
8.407437056749755300e+01
8.338537204440818584e+01
7.988799001097846997e+01
8.010039114637780244e+01
8.080954840908067638e+01
7.629731457884429346e+01
8.079773316469260180e+01
8.083288408980043016e+01
8.359577651136851273e+01
8.177963195899120308e+01
8.239260035475250277e+01
8.263298474727115206e+01
8.006709896187585684e+01
8.533679789651942826e+01
7.804736078753956008e+01
8.189725880878619080e+01
8.084646839975276578e+01
8.267538941488145099e+01
8.243425824178081029e+01
8.376243098456065184e+01
8.280723547199298196e+01
8.593815731075504516e+01
8.269535371828105497e+01
7.710319516117647254e+01
8.121331415006331156e+01
8.025632071028734060e+01
8.146108094260075916e+01
8.248338243303788886e+01
8.435127211414612702e+01
8.265964269605571246e+01
7.960936974036552272e+01
7.799732587912309612e+01
8.191905773302937632e+01
8.272850354484043578e+01
8.340380275594817761e+01
7.991503850123463337e+01
8.292232748988591595e+01
8.279318983290460210e+01
8.244039981434931974e+01
8.015654805190510501e+01
8.107591967579767811e+01
8.002821612559603182e+01
8.034640893467638989e+01
8.321366379458679319e+01
8.210036772371931590e+01
8.045809526054354421e+01
8.143663515447838108e+01
7.737875328774474326e+01
8.172859962249521004e+01
8.088152778350521999e+01
8.228091006102290805e+01
8.110938167559638146e+01
8.190832555353294708e+01
8.073270038797595305e+01
7.893179257591856413e+01
8.468583630856498701e+01
8.085194381700371480e+01
7.825446586930314652e+01
8.270863092822311557e+01
8.488434419946895559e+01
7.918185831561370946e+01
7.657174152282532020e+01
7.868707166790075291e+01
7.831168498207217965e+01
7.968644841294016601e+01
8.183505024010528928e+01
8.294757023635733617e+01
8.121782654382754174e+01
8.272477891070195710e+01
7.905232217336538270e+01
8.357205431463478362e+01
8.439672241770124117e+01
8.168559071201553934e+01
7.946685418597816408e+01
7.789915366339604930e+01
7.891744047376676008e+01
8.209934042421714651e+01
8.188021957510471793e+01
8.068226274940991516e+01
8.147144433858899504e+01
7.941428073720982184e+01
8.130267065645780633e+01
7.893424365217586569e+01
8.134222408516963299e+01
7.630539884387073357e+01
8.026251217730295195e+01
8.440220848691323852e+01
8.297856380005353572e+01
8.011082828535533906e+01
8.546655001757712000e+01
7.829214514741845221e+01
8.075012981022919689e+01
8.419392074997583109e+01
8.044963768568302953e+01
8.157898209983530080e+01
8.271875081856882161e+01
7.890379069585766558e+01
7.855605629881520713e+01
7.903033561243499605e+01
8.232369796960065855e+01
8.219059598333748795e+01
8.282729508385318695e+01
8.074654852605316080e+01
8.360013092451812611e+01
8.121742714637488803e+01
8.443684006601220915e+01
8.301895457559533043e+01
8.150972059024594785e+01
8.121402370557451889e+01
7.913250652414474473e+01
8.404068287500089696e+01
8.235221625323730166e+01
8.167547311997850557e+01
8.407611805677808547e+01
8.226996148654500018e+01
8.410228053031431728e+01
8.355346016468386949e+01
8.141492731331332777e+01
8.285413033987587994e+01
7.977678018909509206e+01
8.236830253571322658e+01
8.316199005698966573e+01
8.220864397867021012e+01
8.235653877495796849e+01
8.261624536844317390e+01
8.231617935296820576e+01
8.053575238447145068e+01
8.399943425875819969e+01
8.157051813638291549e+01
8.185396404317816632e+01
8.381346965909131086e+01
8.106494362338726489e+01
8.232527640834946681e+01
8.475125259806583244e+01
8.346516876297869203e+01
7.999059544100063590e+01
7.862583885121546246e+01
8.142424976354998023e+01
8.085468994226806672e+01
8.161763537211410835e+01
7.987308262879246001e+01
8.223822287567838885e+01
8.386045563053886553e+01
8.073474413206959355e+01
7.958979461007567124e+01
8.306978321815418553e+01
7.843942581095160449e+01
7.938314291840292469e+01
7.884157819338243200e+01
8.145612193347358243e+01
8.362988832465667599e+01
8.220685373233203563e+01
8.256362897779408172e+01
7.831188777828040770e+01
8.559351948014011668e+01
8.116558229300234473e+01
8.178769803670459737e+01
7.793177453128554077e+01
8.041262088392142005e+01
8.175550256136450855e+01
8.187549467613663978e+01
8.690237093045404038e+01
8.263316983491519352e+01
8.477080298893297083e+01
8.777476783235083246e+01
8.385088451672351084e+01
8.300126254561503458e+01
8.105656643742031520e+01
8.176785389408451010e+01
7.927136655782564389e+01
8.044238222652447234e+01
8.243707981270459584e+01
8.157620982106499241e+01
8.304525150499759434e+01
8.378140112785408178e+01
8.422356013604141367e+01
7.830034263840397557e+01
8.102762658299815257e+01
7.899940591587515826e+01
7.976065892825076276e+01
8.272391036685863241e+01
8.274729887377806392e+01
7.949817889258834214e+01
8.403031564576562573e+01
8.093689109365453760e+01
8.167012241171080689e+01
8.004242470379590202e+01
7.975019016621091339e+01
8.032365575827594739e+01
7.933296832698849244e+01
8.216738352182849781e+01
7.876189268139474109e+01
8.238115955669397295e+01
8.305066689242148925e+01
