1.219030913668219540e+02
1.168591242002032828e+02
1.189029939189450857e+02
1.224941573727058710e+02
1.229557844183622137e+02
1.213319266185918082e+02
1.210590655220074439e+02
1.247697943846928581e+02
1.195835397147303212e+02
1.204142099850644883e+02
1.234535761746039242e+02
1.218138126559298939e+02
1.188354962341372669e+02
1.211862273209956413e+02
1.211581818474653574e+02
1.225174818335846680e+02
1.253948979728736504e+02
1.179383807709100722e+02
1.213023378212989343e+02
1.225692173989415750e+02
1.257470281025659773e+02
1.201156547297782993e+02
1.241853632842914692e+02
1.212375465087269362e+02
1.224717836041731402e+02
1.188197755206836916e+02
1.208867924335749962e+02
1.210208079943300703e+02
1.203655588996230534e+02
1.266992335254471129e+02
1.203956046647196985e+02
1.200374262290872451e+02
1.219921077481116356e+02
1.212774679965058908e+02
1.207132836427041411e+02
1.226831005242585064e+02
1.156078204576181463e+02
1.213954559626943563e+02
1.190940140529014712e+02
1.179273495704635195e+02
1.193544621096625491e+02
1.207873612928549107e+02
1.186864442593757616e+02
1.201395403739338832e+02
1.168509684381460119e+02
1.190500349951163201e+02
1.233035103487503079e+02
1.222239889018053418e+02
1.207872997829353636e+02
1.234151190740994792e+02
1.141416216243717230e+02
1.244177473974840353e+02
1.197627855077851393e+02
1.225826113072469070e+02
1.230310898055301294e+02
1.163957618346412488e+02
1.239169826665086305e+02
1.275189565852073912e+02
1.209802798284916321e+02
1.248054442544090676e+02
1.193800150200943335e+02
1.212278807153127360e+02
1.196890243376378606e+02
1.167989721492826334e+02
1.186341313438909992e+02
1.263236694663239916e+02
1.166141790490428320e+02
1.158501429867580015e+02
1.236694183763399906e+02
1.230475274406515922e+02
1.193947462677911489e+02
1.152506966457513613e+02
1.204475022021406687e+02
1.184907645230040600e+02
1.154578484696953637e+02
1.223004624558792699e+02
1.187480021054325192e+02
1.161592506869184547e+02
1.207711141896435549e+02
1.189913846608579604e+02
1.205158300755027341e+02
1.214366822162168660e+02
1.213415244419302894e+02
1.169236934542109054e+02
1.207895840577876356e+02
1.237247459154816909e+02
1.180722953265472626e+02
1.241464645387006414e+02
1.200543755959813552e+02
1.213175190726945090e+02
1.223215837886533848e+02
1.203726637356885050e+02
1.167808505760711597e+02
1.184299813302519340e+02
1.186335851058444888e+02
1.272343316668789157e+02
1.219362086095599409e+02
1.246422563318483867e+02
1.172509829247936608e+02
1.174610346555153342e+02
1.197444520067615912e+02
1.210339035479102137e+02
1.167431736386662777e+02
1.184170395649777845e+02
1.194518808058290915e+02
1.142348250909030583e+02
1.194115972053261743e+02
1.203565082372431476e+02
1.246579186559162622e+02
1.206089136673327147e+02
1.198068387631270895e+02
1.240542044918916247e+02
1.188510037860641120e+02
1.181402634629173889e+02
1.173498013177380699e+02
1.239189008775263829e+02
1.218575110825812970e+02
1.234532040321117279e+02
1.211592193351771698e+02
1.218462181605248418e+02
1.206561634554285689e+02
1.199941757421493378e+02
1.249680116659153555e+02
1.199423195163099507e+02
1.169673749390756399e+02
1.174938381187357805e+02
1.200917444688965929e+02
1.212452340760854383e+02
1.272374167874847899e+02
1.256570066284226357e+02
1.211744931562217431e+02
1.216118928219747346e+02
1.212266095096789087e+02
1.216288445608126239e+02
1.228632233166760130e+02
1.184957593444640054e+02
1.186494647533156552e+02
1.189714060208993089e+02
1.223693036306330271e+02
1.237523067762962370e+02
1.220589822313874464e+02
1.165404348666672547e+02
1.178520560514762963e+02
1.201683872952724954e+02
1.209677888184341725e+02
1.196042711433498056e+02
1.172785552740233612e+02
1.187084210836126772e+02
1.209924554627289268e+02
1.207692039096667145e+02
1.167078937907955378e+02
1.237738472340574560e+02
1.188567454957430130e+02
1.219017316972596063e+02
1.189814683797163326e+02
1.208078954548890493e+02
1.239462892988202469e+02
1.221035377962842432e+02
1.174855271152854925e+02
1.181925867177988749e+02
1.183276137738041456e+02
1.214623584681984738e+02
1.220853085651433787e+02
1.244292549675064095e+02
1.173728126172677833e+02
1.223335603797676043e+02
1.220340563577858433e+02
1.205138301320742613e+02
1.180683115094840758e+02
1.175102780403044989e+02
1.192169506984170226e+02
1.246189530511864803e+02
1.202144959517057572e+02
1.195650392800185671e+02
1.198372550390554494e+02
1.225736495756709132e+02
1.193115205871226721e+02
1.211780892077004097e+02
1.226223535881244828e+02
1.205713258001306656e+02
1.252146761847679954e+02
1.186663548900501297e+02
1.224687000196171027e+02
1.212008394376396154e+02
1.182990331452959367e+02
1.242240905582291219e+02
1.218660601813000568e+02
1.222455409466161029e+02
1.194183039585311690e+02
1.202032041403574709e+02
1.198073764466623174e+02
1.179747321919476093e+02
1.168934889858408752e+02
1.154328702860961329e+02
1.195027220839989468e+02
1.214792199813638831e+02
1.191844055469570236e+02
1.200774376964127157e+02
1.175239331433371319e+02
1.190966451718470722e+02
1.195932468481239539e+02
1.187836613253244593e+02
1.233703951159056373e+02
1.238399916735212827e+02
1.221498049776385528e+02
1.186063414383764325e+02
1.159869730248869502e+02
1.210976385508942599e+02
1.200472027684331522e+02
1.220132756047080846e+02
1.187806174920019373e+02
1.215016941383868811e+02
1.235956560387515424e+02
1.219974340984461492e+02
1.159795513597645140e+02
1.247036501179923675e+02
1.197387718056379100e+02
1.173626539593776954e+02
1.224868047370541433e+02
1.203440515274042042e+02
1.235348044537564220e+02
1.229426633619571447e+02
1.203104778050904997e+02
1.211116015226877636e+02
1.225264790925455998e+02
1.199455587110645354e+02
1.223203790007662803e+02
1.141669263511805923e+02
1.229124213349104053e+02
1.213409660106933501e+02
1.206522785190077229e+02
1.264896369923027351e+02
1.236641487106594468e+02
1.209980317001383270e+02
1.247484557566513530e+02
1.183009050477933499e+02
1.212631283417386356e+02
1.218566018986666109e+02
1.197042352312448799e+02
1.199964870032017359e+02
1.233170259941777402e+02
1.180633992080653627e+02
1.197948947195887115e+02
1.235033483911856393e+02
1.233201365287285824e+02
1.201222868702936921e+02
1.216790155574114038e+02
1.240635571433242887e+02
1.194599030084027760e+02
1.169792165353095328e+02
1.238951821713689299e+02
1.205660470871381307e+02
1.180559691147546459e+02
1.211687162010761369e+02
1.205209209522022178e+02
1.215421378426768513e+02
1.209838192102928645e+02
1.221115488151642978e+02
1.210940501808152021e+02
1.186666475287709801e+02
1.212944410189737994e+02
1.212214423964163643e+02
1.237025038238572421e+02
1.187289526920374669e+02
1.231940194715066070e+02
1.165157604541104774e+02
1.207537751844481591e+02
1.205112949974384975e+02
1.187251528893456936e+02
1.198893425914906317e+02
1.182316772088805976e+02
1.207977342705335957e+02
1.245084695443395759e+02
1.215587245025784853e+02
1.212087485366174917e+02
1.214231901141479426e+02
1.223766705283918554e+02
1.157683066188046013e+02
1.203415281573432054e+02
1.189488251393698874e+02
1.216746520412557118e+02
1.233501865946064555e+02
1.180926421673811433e+02
1.189718299133759416e+02
1.212506196924538813e+02
1.211498377719020993e+02
1.174046730435745189e+02
1.269316088351760499e+02
1.222051880321824626e+02
1.249657995066083629e+02
1.184616806894946563e+02
1.146024640908868832e+02
1.186944188859441738e+02
1.192805087738003635e+02
1.185344913157847486e+02
1.212420047085547452e+02
1.226315168568967948e+02
1.216924091365395668e+02
1.161164372034851908e+02
1.205084276134596735e+02
1.231949100535958053e+02
1.184208927257403872e+02
1.226578904627742332e+02
1.160084258440512457e+02
1.213674164897408900e+02
1.219207343575206295e+02
1.215512221502359580e+02
1.205696268046072248e+02
1.135382997429867231e+02
1.209733039452404029e+02
1.206997603060869722e+02
1.168309022652265838e+02
1.220312419584856798e+02
1.226819822723125810e+02
1.186735574981237846e+02
1.224871839091339609e+02
1.215434056751382315e+02
1.224538545244446084e+02
1.204944447254898137e+02
1.174326587317654429e+02
1.192379306684609901e+02
1.245171612350134751e+02
1.179974370104920069e+02
1.207433782117010708e+02
1.193687647437086667e+02
1.184771786233487774e+02
1.303795972634753753e+02
1.208964384266251670e+02
1.243212597759435312e+02
1.190437614204472396e+02
1.237559568786517588e+02
1.211318912632890630e+02
1.193852643086921432e+02
1.155770508405095143e+02
1.273599615971369019e+02
1.198973080655749044e+02
1.163291275964460425e+02
1.199681621560805667e+02
1.172707104066246018e+02
1.223277632131929380e+02
1.222795761776405215e+02
1.180757246373301825e+02
1.205494394673098526e+02
1.181823262042616136e+02
1.194143603683851182e+02
1.209650533471073146e+02
1.221718899229175292e+02
1.208063896367542895e+02
1.170569038006731546e+02
1.198677967565660651e+02
1.187965271824217552e+02
1.200138854142084455e+02
1.187615324195279811e+02
1.166299397623382106e+02
1.192423052424636580e+02
1.200896664384278267e+02
1.131763885422673042e+02
1.190296249382997473e+02
1.184438818782764429e+02
1.201289231842456786e+02
1.224109348313342167e+02
1.241364120742637454e+02
1.172632151232828193e+02
1.201856223850241605e+02
1.206953267340846168e+02
1.235152601314010923e+02
1.193187723319175859e+02
1.213364371015705956e+02
1.209976088671953107e+02
1.206699168328279228e+02
1.159102596752886143e+02
1.194802545081036413e+02
1.185372471344415004e+02
1.251608607871694971e+02
1.190378943844591078e+02
1.241589506319003107e+02
1.240063615598009648e+02
1.160160259903348106e+02
1.215027308220390552e+02
1.182876281777190428e+02
1.186005083959586841e+02
1.200046999360840090e+02
1.223170238570416046e+02
1.231758807588135909e+02
1.178137723347922758e+02
1.297739534922292819e+02
1.242792182093950117e+02
1.213955311938372290e+02
1.180467471929769374e+02
1.184792879096490168e+02
1.190128212456756671e+02
1.167317708756267791e+02
1.170859792199450169e+02
1.245001544368056017e+02
1.228373239092550619e+02
1.231104779754799239e+02
1.206402643256422920e+02
1.239172004998179233e+02
1.232780239064826304e+02
1.174214629357514497e+02
1.196339099280435363e+02
1.201311113407112998e+02
1.199857802537939051e+02
1.230356623268596081e+02
1.191262114303443411e+02
1.186997196382722990e+02
1.154989260451451827e+02
1.223033094876136886e+02
1.221425710276578229e+02
1.215455899754016968e+02
1.224648552317041634e+02
1.211088898167159016e+02
1.238714154942114192e+02
1.238743301787460780e+02
1.258362959628393867e+02
1.207845682713017084e+02
1.165880798699824936e+02
1.206430385530393750e+02
1.199520380231713830e+02
1.193654511322895502e+02
1.232886595861150170e+02
1.221328548809954526e+02
1.171771554800079542e+02
1.198935111929499868e+02
1.219017666374348465e+02
1.194519968088352186e+02
1.182194551304650361e+02
1.158326541135005812e+02
1.189816593728050691e+02
1.186506440573727161e+02
1.221840264181762592e+02
1.212724762136513448e+02
1.207699355157757708e+02
1.186574049254738554e+02
1.215863334013083374e+02
1.199695722346439624e+02
1.222126300220916590e+02
1.192268265168405321e+02
1.206738350082588767e+02
1.228992723285383875e+02
1.191064557710267451e+02
1.207781805439954610e+02
1.253218784521132108e+02
1.217607428577456830e+02
1.166587469999893187e+02
1.190516919049926940e+02
1.235799230301161344e+02
1.213346109538709499e+02
1.256291546482906654e+02
1.213537932225916904e+02
1.221872989760834258e+02
1.223105208808890296e+02
1.198488771255670429e+02
1.187340487666339612e+02
1.180331764014007661e+02
1.241523921598988522e+02
1.225010911685319144e+02
1.180204493813586168e+02
1.214989366097298813e+02
1.172197286379282701e+02
1.160335591961173805e+02
1.193031304997918056e+02
1.228186962454481943e+02
1.205182775596342566e+02
1.216377878299893212e+02
1.224299384277059488e+02
1.233495522396970898e+02
1.194525971974427137e+02
1.232844119589792768e+02
1.219469907869078042e+02
1.190336040416961225e+02
1.198511291467034141e+02
1.193511176755270071e+02
1.215084814168783822e+02
1.191015856119688721e+02
1.208085794117418033e+02
1.199610092343292393e+02
1.264783813170588758e+02
1.248094667462619327e+02
1.257684546587224759e+02
1.231225309635370309e+02
1.160366075417497029e+02
1.195474190840524500e+02
1.255564179581756434e+02
1.170647059466552520e+02
1.205876561466879053e+02
1.215635498455358743e+02
1.205337723876630776e+02
1.196977915182718135e+02
1.216146847882018989e+02
1.193965539776782521e+02
1.210349075093577369e+02
1.150312268867993168e+02
1.187621050056073102e+02
1.225682252639439156e+02
1.193295043264344315e+02
1.241339919571690018e+02
1.183857585512305661e+02
1.195492573806093191e+02
1.210876352771699800e+02
1.213650568630819890e+02
1.238956341440172935e+02
1.184465243911734404e+02
1.233517221575229428e+02
1.188824082110660498e+02
1.189188672515452367e+02
1.186012048673524930e+02
1.172317425066781027e+02
1.224133807873261759e+02
1.201699843487344737e+02
1.207287668038181749e+02
1.177492477101956467e+02
1.206319059206307855e+02
1.204094278510539340e+02
1.183067647087761003e+02
1.209855042553778759e+02
1.212927577444469307e+02
1.221655628162690022e+02
1.222966393683457369e+02
1.234622527356715977e+02
1.173015609255567711e+02
1.210540599509759261e+02
1.217129496477725041e+02
1.249920755206351828e+02
1.150879817367484037e+02
1.196800165636439033e+02
1.215572859319636194e+02
1.227864578830740072e+02
1.221334235843467013e+02
1.203461257716093513e+02
1.211775521433653040e+02
1.169303704997134759e+02
1.214598190332783076e+02
1.203733481337668252e+02
1.172533511370719168e+02
1.197226461111365410e+02
1.182815808044965848e+02
1.197020915811636570e+02
1.185258480533365173e+02
1.243431181072926535e+02
1.178801328725043902e+02
1.158489168910716955e+02
1.192212344148096292e+02
1.213243139363633958e+02
1.214532750818018911e+02
1.203477115692151216e+02
1.188933440716866698e+02
1.220439979649392086e+02
1.195689790655918898e+02
1.213390944309723096e+02
1.270596157195696776e+02
1.202801999263319743e+02
1.232181183445222672e+02
1.178395007544727662e+02
1.182382070392554994e+02
1.193090308928741763e+02
1.206478909560598112e+02
1.250565880043865548e+02
1.185053326079479916e+02
1.165812023297986002e+02
1.196113751920416490e+02
1.180622076189448819e+02
1.221548353981443853e+02
1.189385923682896049e+02
1.228992120599411919e+02
1.191206324926223203e+02
1.189946692261473515e+02
1.219231124920828506e+02
1.235664982880864358e+02
1.256270471450433064e+02
1.209878205206461956e+02
1.207776443439989009e+02
1.199203526402375388e+02
1.219044430781417958e+02
1.208291965907069567e+02
1.189896206464246546e+02
1.204046798145675865e+02
1.239352115691576444e+02
1.168674117803261652e+02
1.230296980500765329e+02
1.236934529068126807e+02
1.200255980001780216e+02
1.251532567905778563e+02
1.179381427548533310e+02
1.205839033700586640e+02
1.213085411723237428e+02
1.239501932082593356e+02
1.225934246292451490e+02
1.223721655142843616e+02
1.169189616850850229e+02
1.172938973056089793e+02
1.155344681366425164e+02
1.216421630603330328e+02
1.263366629128585430e+02
1.246296719192336440e+02
1.192999627198059613e+02
1.183255806290377308e+02
1.171596347367370612e+02
1.221282257687573747e+02
1.201052189344321306e+02
1.156146778499352337e+02
1.205369979093839277e+02
1.221592857343287193e+02
1.232272336451807320e+02
1.220751468900234897e+02
1.199033986657030368e+02
1.204974490374357998e+02
1.222821825910008897e+02
1.217370577526420590e+02
1.166255683184139400e+02
1.203313430007478502e+02
1.218231448743622138e+02
1.244332399701898879e+02
1.226409967475759402e+02
1.252836844193777353e+02
1.183427926003405588e+02
1.229657032132283376e+02
1.196267931701628697e+02
1.203772266329189193e+02
1.212227389238956476e+02
1.210618617987321102e+02
1.223790653169584459e+02
1.191408018033490066e+02
1.245317500687615677e+02
1.174037731496093926e+02
1.199733007396365991e+02
1.175500651167188266e+02
1.244373795133728038e+02
1.222363252223744041e+02
1.145912188770277140e+02
1.182215178308891694e+02
1.220197132297234788e+02
1.196122010066970205e+02
1.237612064571003856e+02
1.218694942835966515e+02
1.186604513319524017e+02
1.218606653363158614e+02
1.228975961429818824e+02
1.220888077052515399e+02
1.188962376628738014e+02
1.181774713236409298e+02
1.195000119114035755e+02
1.189972052980552064e+02
1.232431441012817288e+02
1.221142126474423577e+02
1.197631690765466459e+02
1.245707196691635090e+02
1.214346269489001884e+02
1.236517905308199374e+02
1.167445510933035706e+02
1.220503607826391601e+02
1.192224824859344352e+02
1.216844255806615962e+02
1.190923066408712003e+02
1.237809557322633793e+02
1.183296130072982351e+02
1.171200545290319326e+02
1.240411386310211981e+02
1.214365026572651658e+02
1.201752525907590723e+02
1.203155809887870333e+02
1.216580003232240017e+02
1.233489595625743647e+02
1.211722964312730966e+02
1.205408245675643428e+02
1.168765835936171555e+02
1.143259045623779997e+02
1.178121413546558500e+02
1.203662496557520853e+02
1.210897519564070564e+02
1.165408217165878426e+02
1.213837864276107581e+02
1.206653475801928295e+02
1.200654842936397415e+02
1.219215443957565697e+02
1.247518975391251530e+02
1.198787121291535698e+02
1.197600310399190704e+02
1.201664069113094087e+02
1.182870370283519605e+02
1.171763363848739061e+02
1.175998345505146148e+02
1.212641124865438655e+02
1.215316611093752357e+02
1.230886240537013236e+02
1.197758183845407558e+02
1.226777925706953596e+02
1.195834698153534958e+02
1.233536583696117077e+02
1.224158334762318674e+02
1.211039947602065752e+02
1.221900100013979085e+02
1.158693444457009889e+02
1.209350614398176020e+02
1.209359047054333871e+02
1.194762248372956179e+02
1.180437631549157516e+02
1.230864951062115438e+02
1.193571942713624310e+02
1.188211528751101298e+02
1.226871187931844815e+02
1.203564416362623746e+02
1.196641550194996171e+02
1.158417464966212407e+02
1.178163118919896704e+02
1.192358905645482281e+02
1.163634730817108505e+02
1.182501963972151060e+02
1.179651945426917905e+02
1.209060009716469608e+02
1.232973826386109977e+02
1.223582360556257953e+02
1.187927501213423795e+02
1.204892273712109159e+02
1.202768993178625294e+02
1.179856207215805171e+02
1.200798069936115269e+02
1.165499897084324630e+02
1.200222171059451028e+02
1.213578390524899362e+02
1.243368700052936475e+02
1.190824009727840860e+02
1.189986173894755410e+02
1.238240972682991270e+02
1.198095901010103006e+02
1.154878498391092450e+02
1.202132904881627127e+02
1.210767384279429280e+02
1.184301790238038450e+02
1.201337588299567898e+02
1.179835014164815874e+02
1.204764048463716222e+02
1.228522756465939665e+02
1.219982357754545745e+02
1.224384547640694763e+02
1.167157291384297082e+02
1.259910915275229257e+02
1.194336062719181797e+02
1.204490379185746036e+02
1.207961447215330537e+02
1.167777605967581991e+02
1.184198071981734159e+02
1.214684697252504861e+02
1.204273334799327131e+02
1.211767306590305395e+02
1.195775922762666426e+02
1.216899415861046663e+02
1.219848411889672946e+02
1.221787867628790565e+02
1.180408768264774864e+02
1.205531137237296093e+02
1.209734571805369114e+02
1.173248045316600496e+02
1.223008186248411704e+02
1.211751260028996882e+02
1.209676326957962686e+02
1.193128769354899248e+02
1.209617019059451763e+02
1.222175736609245291e+02
1.195068063895164130e+02
1.207250330829246536e+02
1.170993371612031666e+02
1.189057996493367142e+02
1.190428208659624545e+02
1.137128230021486104e+02
1.218289303704326443e+02
1.199314459112674882e+02
1.191352303724636812e+02
1.190343804861187209e+02
1.198990365532813058e+02
1.234296775788141787e+02
1.175876679705698820e+02
1.170939815142993581e+02
1.162314824546467946e+02
1.240071990759578142e+02
1.256292979177172526e+02
1.214410794364565191e+02
1.191528147039888239e+02
1.154672993885654364e+02
1.228296960327095206e+02
1.195075899697983459e+02
1.165998446447848806e+02
1.180921589412662627e+02
1.196653124853880144e+02
1.193993505554654320e+02
1.200702825763043649e+02
1.207520804485188677e+02
1.228414667833409766e+02
1.221778750692788833e+02
1.189783333353927901e+02
1.216094384620101465e+02
1.200603966377915128e+02
1.162255638334639656e+02
1.169795716068212670e+02
1.238518255636877825e+02
1.195297552044675626e+02
1.211658987474838511e+02
1.216304289881103813e+02
1.198563841636443357e+02
1.210689034904101220e+02
1.181854471784268412e+02
1.236993305747473357e+02
1.175086791894107279e+02
1.182589402097104312e+02
1.192398309730635617e+02
1.216843370166948404e+02
1.159444324349938711e+02
1.195951362675218945e+02
1.223710099463016689e+02
1.217999302906131760e+02
1.191484047399171260e+02
1.205152143235337974e+02
1.227815444121967658e+02
1.249955289979223068e+02
1.229870551342138896e+02
1.207336475698783147e+02
1.221282373086480533e+02
1.228366112266449903e+02
1.268515462499247235e+02
1.217724161964799237e+02
1.191128540577199288e+02
1.229863874545374074e+02
1.181083433486922303e+02
1.181680803891692193e+02
1.168869334789216197e+02
1.236474254609104264e+02
1.239722929641428095e+02
1.276692215248101263e+02
1.215782273943019618e+02
1.242149492108604960e+02
1.203052349681227042e+02
1.198462406421711819e+02
1.136908085879091885e+02
1.213726062799513699e+02
1.197206968979614032e+02
1.141946915063476524e+02
1.192093302246063899e+02
1.205632426943330699e+02
1.222939151724309284e+02
1.215734114207570684e+02
1.212114093444470200e+02
1.228056750908875046e+02
1.208404367745647363e+02
1.179988239318681167e+02
1.238775474576009543e+02
1.159352899169935114e+02
1.180265990685874868e+02
1.246287356732825771e+02
1.193266074778162675e+02
1.218523408416981084e+02
1.194522489685017490e+02
1.233155379934950417e+02
1.215061474363210010e+02
1.203138841554444696e+02
1.170574708256733629e+02
1.177673592890295708e+02
1.148446867183354954e+02
1.246992610010871516e+02
1.224467122597268940e+02
1.213626325477887207e+02
1.221832389407017416e+02
1.214664481916612431e+02
1.161528208032923999e+02
1.210014545347418249e+02
1.215568018399253702e+02
1.210266023959922421e+02
1.245094409335496550e+02
1.193679209847012004e+02
1.207731900197784256e+02
1.232380744498336469e+02
1.203501063214994815e+02
1.207107847188378429e+02
1.219263725186088720e+02
1.214273298154793110e+02
1.200056694380315463e+02
1.153784126575685463e+02
1.193432817592899085e+02
1.215741210924125397e+02
1.224884053528625998e+02
1.269290712485396710e+02
1.151268037374536419e+02
1.206499889255464524e+02
1.189496436628301694e+02
1.238087911088742459e+02
1.186364810698337067e+02
1.226673059409113051e+02
1.197525091567730016e+02
1.236170370312646440e+02
1.200735234599573147e+02
1.147299797101877061e+02
1.162725176114849290e+02
1.182943987492995177e+02
1.193317977255416196e+02
1.201448669839030572e+02
1.183602833069793974e+02
1.225894647852560979e+02
1.209854900533358943e+02
1.229667581751865839e+02
1.217249253078641260e+02
1.190956460972439430e+02
1.242039345209196171e+02
1.178972369773608477e+02
1.175853491892368652e+02
1.216214735689270583e+02
1.197296956602038449e+02
1.268751756900844043e+02
1.211555953455499406e+02
1.232987535405866879e+02
1.248262387402169509e+02
1.231269971853208034e+02
1.164159959934402906e+02
1.191502751922590306e+02
1.219301003612976757e+02
1.207977870976717867e+02
1.247745965719517613e+02
1.212378133589756146e+02
1.218172077925244565e+02
1.166029698722223600e+02
1.241054478116206070e+02
1.179623075438380226e+02
1.185127162458667840e+02
1.208316081007961742e+02
1.219245766353640477e+02
1.187087679655578398e+02
1.216589949592983402e+02
1.247683248716735562e+02
1.213633626021799188e+02
1.200765338255121861e+02
1.165699729016248511e+02
1.160708694039293221e+02
1.184838369711721668e+02
1.207749236138999436e+02
1.231785524287898284e+02
1.216416434794700479e+02
1.144444106982334119e+02
1.182952671620989946e+02
1.207490755847694288e+02
1.197497227925303349e+02
1.183412678419345951e+02
1.239776482225419159e+02
1.210634695763881865e+02
1.217096538425453218e+02
1.175887600460369100e+02
1.195215602877559036e+02
1.181121298847401846e+02
1.247066406188191365e+02
1.184363425892863120e+02
1.175706060138852109e+02
1.171186824225408145e+02
1.226576028717009024e+02
1.210906778809528959e+02
1.191429149661536826e+02
1.193128798446190473e+02
1.204169692306891903e+02
1.169004473575881491e+02
1.195263772722531144e+02
1.186075360504793537e+02
1.247777861501466674e+02
1.221539451407298316e+02
1.195631205521690390e+02
1.214816690083369366e+02
1.191783037187905450e+02
1.199731273842156725e+02
1.202008001903786862e+02
1.191011282545642160e+02
1.207204651205970691e+02
1.254266961795525077e+02
1.246402546803540474e+02
1.239537195441449740e+02
1.229581325333702182e+02
1.149204877285520041e+02
1.187959625199290485e+02
1.204879746847570487e+02
1.204965925154002235e+02
1.165750142724123890e+02
1.215654997878048675e+02
1.190231519660265178e+02
1.220210612367800280e+02
1.195715670339194503e+02
1.215208064498204408e+02
1.220555192613224591e+02
1.219314550469287752e+02
1.213166005149018218e+02
1.256798767487222506e+02
1.188519418386090791e+02
1.249218349539239625e+02
1.238104834141775683e+02
1.168183378015689584e+02
1.220524797692577721e+02
1.240733711771901824e+02
1.206676657594382078e+02
1.229563760211075021e+02
1.233814198161467317e+02
1.263459139033284941e+02
1.210191551075050569e+02
1.173506303575310028e+02
1.242837816411579865e+02
1.204008893382068948e+02
1.207568653335168705e+02
1.162888075278462310e+02
