8.243154041744972460e+01
8.550868925254319208e+01
8.293644996548482595e+01
8.311739232088716278e+01
8.278189627192928413e+01
7.959673962953588955e+01
8.020578725354073413e+01
8.257958587868445477e+01
8.379120314093057686e+01
8.395418635229498250e+01
8.151651354880006295e+01
8.243365757655985249e+01
8.544538846362131324e+01
8.369118256211235973e+01
8.403023631131560478e+01
8.262090636966881618e+01
8.289437088935342501e+01
8.084594903976106650e+01
8.568873582993079197e+01
8.613405635168044228e+01
8.472748417928460185e+01
8.236833481345394148e+01
8.390235927610046929e+01
8.332817058243070107e+01
8.256329984234012898e+01
8.426516800393817164e+01
8.173720299493913899e+01
8.272730532945119819e+01
8.205178858958046817e+01
8.194775328621471999e+01
7.890553876478197992e+01
8.646360487666667893e+01
8.553740833758372730e+01
8.463142976747060686e+01
8.143886809201137567e+01
8.353535654227884777e+01
7.954810611308224111e+01
8.380829852114274559e+01
8.131527512756670717e+01
8.208767673403703213e+01
8.249931520749785818e+01
8.218001575813694615e+01
8.325142117729899383e+01
8.553396849823921855e+01
8.224109547626665062e+01
8.236396060997427071e+01
8.265684162621172959e+01
8.168198240385892461e+01
8.241956929900135265e+01
8.245126772740795218e+01
8.418000290842280720e+01
8.205952553634969604e+01
8.441511696246196550e+01
8.144552894260726816e+01
8.097846150837911239e+01
8.123407914904099414e+01
8.587010904197552463e+01
8.045189803602548295e+01
8.313862960926226719e+01
8.264301425912829302e+01
7.790746951422411826e+01
8.130231130693088915e+01
8.472571528902740567e+01
8.299218629322369623e+01
8.492427323620093205e+01
8.454650972896891403e+01
8.197257780832522656e+01
8.257079556178696578e+01
8.583550735096717688e+01
8.709625916229659026e+01
8.227049113986231532e+01
8.575755009065287027e+01
8.348045297297356626e+01
8.457949883165433391e+01
8.127364867639900581e+01
8.459004278432949775e+01
8.438197308093195659e+01
7.961322308046365492e+01
8.401503796215878594e+01
8.290662163059765533e+01
8.295980834195037801e+01
8.100059727146827981e+01
8.362714739566955302e+01
8.241954302481323680e+01
8.240065641086357573e+01
8.770004202423868378e+01
8.023152646997917259e+01
8.401317231698740784e+01
7.998112521316912193e+01
8.345158632219387584e+01
8.854972271987932686e+01
7.923811636426842142e+01
7.972671044997937884e+01
8.119799900735526421e+01
8.336565566783360737e+01
8.231874683986576713e+01
8.477320395189954638e+01
8.447367322431156822e+01
8.627783785343893896e+01
8.235548166192261021e+01
8.290790064474070675e+01
8.457182508393331943e+01
8.319743084773277531e+01
8.129657603125579612e+01
8.463546628108107939e+01
8.314675597680327712e+01
8.399757363596260973e+01
8.448467244818478150e+01
7.799551093849119354e+01
7.902533136475254594e+01
8.237147639741201033e+01
7.983448339858597365e+01
8.146464679377403684e+01
8.416925466777541942e+01
8.235402030867109602e+01
8.197286954602314779e+01
8.425370835383640156e+01
8.489533887947619917e+01
8.149882115531077886e+01
8.058508416963165644e+01
8.307668401555079640e+01
8.890404789610890646e+01
8.212971146331598504e+01
8.505194954077998659e+01
8.658764470373431266e+01
8.276255721329197002e+01
8.182741466105045447e+01
8.401291979044140135e+01
8.475621050264945211e+01
8.209016937444715722e+01
8.448045166032244424e+01
8.463081593582946027e+01
8.586798402233583261e+01
8.491954038425924978e+01
7.975268835295416636e+01
8.609027679953216250e+01
8.656734885994738704e+01
8.505333143841434662e+01
8.015835010250830805e+01
8.262395532453145108e+01
8.381489963801752197e+01
8.492210767445887143e+01
8.571513641216715484e+01
8.444016946072873964e+01
8.061851862629715981e+01
8.385429984564736117e+01
8.103557227858833301e+01
8.539631956578827499e+01
8.432484778393076397e+01
8.349469460649881114e+01
8.080892066633063564e+01
8.737694582068989746e+01
8.490730727401025035e+01
8.409281856853458237e+01
8.220812555716918268e+01
8.525069915727827663e+01
8.354818423972677977e+01
8.358869097603013643e+01
8.219013333956168310e+01
8.233989096335906765e+01
8.243510889157275301e+01
8.362867371459672938e+01
8.404757691712971734e+01
8.258473452708801688e+01
8.367290273967971359e+01
8.213918789624067074e+01
8.095263866832516442e+01
8.002295409394440640e+01
8.234383352312195825e+01
8.592067655251449310e+01
8.266459105687462738e+01
8.196587137818750080e+01
8.211698945912178260e+01
8.403107753350008124e+01
8.387887512137172052e+01
8.368983081448072880e+01
8.107212367739622039e+01
8.475639663746508745e+01
8.121770102069972097e+01
8.319739225462674881e+01
7.992552937866260265e+01
8.173637871218132034e+01
8.061390690341731613e+01
8.480580907467552265e+01
8.430138605168363597e+01
8.167293357067342185e+01
7.648689815789481372e+01
8.630057934857907753e+01
8.083694587505574702e+01
8.196246681274115531e+01
8.539723559901442229e+01
8.047629079188530454e+01
8.549803416722866700e+01
7.939269554172594212e+01
8.241748921368829883e+01
8.222565188811833536e+01
8.447612014768995436e+01
8.445801266232953708e+01
8.317322145570943803e+01
8.102794342909723468e+01
8.143228268822460336e+01
8.199178740893442807e+01
8.433627118977459247e+01
8.157404159022321721e+01
8.411511743996030077e+01
8.743696146851317508e+01
8.339561500758625812e+01
8.427871090862647918e+01
8.054981846845950599e+01
8.240569818544102532e+01
8.059149815971943553e+01
8.231549877020624706e+01
8.456561171491681250e+01
8.332450737547543440e+01
8.239246666237642103e+01
8.237127113460284988e+01
8.419883069372775708e+01
8.163198991526698478e+01
8.204216320320881550e+01
8.496307385607583740e+01
8.433933764061947613e+01
8.116561719730809443e+01
8.389579925129459070e+01
8.504382665358654947e+01
8.577173477029751325e+01
8.231658891258298638e+01
7.857840562873130352e+01
8.352740188905224272e+01
8.277335357893615253e+01
8.577317913545662975e+01
8.480635981276913071e+01
8.208594387929289837e+01
8.328235206306077032e+01
8.515653869707590218e+01
8.476138338709289144e+01
8.735728286497210604e+01
8.118921058627636000e+01
7.947446404506480633e+01
8.020536934609864943e+01
8.387691416678880785e+01
8.452854395757326245e+01
8.269195577918306128e+01
8.770155750479506196e+01
8.422038620849301083e+01
8.166554378359550981e+01
8.024114667343901885e+01
8.387167952344562138e+01
8.220746009995961856e+01
8.511507089334926945e+01
8.265037267763362649e+01
8.360155171291263798e+01
8.291654163503127961e+01
8.382158472172790198e+01
8.160050723148700058e+01
8.409648925196309222e+01
8.564174402227938288e+01
8.346028278714113924e+01
8.144487392791849345e+01
7.925706209044690809e+01
8.627487481587095886e+01
8.482584370041527677e+01
8.406586382256857348e+01
8.499315188583159397e+01
8.582462162751147616e+01
8.482252041736236947e+01
8.342073208844951182e+01
8.313728358947739139e+01
8.128143863401862745e+01
8.371682448234784601e+01
8.423352066834806351e+01
8.263546212037758210e+01
8.232298079292756654e+01
8.212134142732107023e+01
8.141771797811304623e+01
8.550932324546660368e+01
8.173857585251221280e+01
8.655001459626528515e+01
8.025197309719175109e+01
8.376809539768841262e+01
8.308536438288993509e+01
8.152419601234254287e+01
8.700436595247721527e+01
8.391250435385704520e+01
8.119927591968426839e+01
8.683837610137854313e+01
8.622264791244951709e+01
8.377529680153315894e+01
8.280959629804084443e+01
8.517573676511754854e+01
8.322361056878382612e+01
8.372810781892520993e+01
8.456738240051042510e+01
8.449802611682704878e+01
8.242586116036677879e+01
8.407921439511763140e+01
8.178788329560528325e+01
8.537896468167841135e+01
8.454992858650682308e+01
8.535149001007904701e+01
8.355918159368127363e+01
8.343000219177575616e+01
8.214976042054006200e+01
8.169812416302374913e+01
8.306678087925969578e+01
8.402232449391225089e+01
8.516542625669694644e+01
8.467677095404889087e+01
8.477677139298064901e+01
8.374822666304072527e+01
8.396330909032157308e+01
8.265935225949665721e+01
8.341299850902198898e+01
8.459413227078223940e+01
8.529886787682414706e+01
8.148933224398797392e+01
8.147212727005639010e+01
8.510581265457260258e+01
8.300560485024271884e+01
8.467237924617597855e+01
8.482965178858317756e+01
8.473066817260027506e+01
8.169292885458482090e+01
8.206027542100407857e+01
8.382678072909627076e+01
8.574182205811757740e+01
8.513159478745308206e+01
8.114837459665675112e+01
8.301219983666621260e+01
8.109110995985248849e+01
8.266495719408770526e+01
8.083255370002218854e+01
8.193669988253778058e+01
8.244897684431124674e+01
8.223670242549009402e+01
8.288252281096472984e+01
8.296232444264481387e+01
8.213826605654621460e+01
8.019146077736037626e+01
8.617445763250987056e+01
8.243283665789213899e+01
8.452209980783747767e+01
8.260696129243324037e+01
8.569015552420817983e+01
8.266566430213553929e+01
8.198005870273188123e+01
7.977919643195728838e+01
8.024474088350694956e+01
8.138973642063947977e+01
8.346449842392057406e+01
8.566116269177889819e+01
8.453422114007346977e+01
7.985570198522715657e+01
8.119235168911842493e+01
8.282230498904689853e+01
8.073695968412701518e+01
8.086816518136258480e+01
8.624038479337089314e+01
8.015987208097980954e+01
8.324040494365830511e+01
8.268738709350635929e+01
7.992337290897616242e+01
8.968418952417898993e+01
8.016538341270104695e+01
7.990717063250718866e+01
8.412798215432118809e+01
8.688013142464332361e+01
8.811384840927516393e+01
8.193535840005179693e+01
8.509129087106789768e+01
8.368545668353246469e+01
8.582618954441588244e+01
8.116332324515114749e+01
8.453089151340390117e+01
8.559613121921188394e+01
8.232341289293388797e+01
8.703445602476946874e+01
8.095634607746583811e+01
8.439989164104402164e+01
8.371330183938637504e+01
8.054773279837255018e+01
8.596707781987886676e+01
8.256264261349707567e+01
8.415920149904694370e+01
8.241608724282463072e+01
8.625847390918563917e+01
8.289759750861142606e+01
8.475716567555046765e+01
8.110344075557718213e+01
8.528403333344098769e+01
8.288169828780320358e+01
8.331292921648967820e+01
8.198500116449024233e+01
8.262632354684114944e+01
8.617229630820223463e+01
8.359572389015019667e+01
8.588892822883293832e+01
8.354231081128354219e+01
8.348209518573847276e+01
8.217788349386025004e+01
8.322998202042414562e+01
8.489458431877677924e+01
8.302575023134350829e+01
8.103845260971451125e+01
8.504862159763591478e+01
8.110327909235445532e+01
8.438152378303108492e+01
8.770143905416495045e+01
8.209525898415041922e+01
8.493944593872691939e+01
8.749759140847514516e+01
8.145045315471004699e+01
8.242434885913009168e+01
8.554723557252967225e+01
8.298632848508653126e+01
8.385120400511233640e+01
8.288441278170667204e+01
8.119417974466463761e+01
8.226619721551942632e+01
7.895803566928860562e+01
8.022976368151915949e+01
8.564585315750292693e+01
8.131712085154843805e+01
8.347072105759416161e+01
8.438520151337154118e+01
8.492131427913146524e+01
7.929348628503942109e+01
8.093675147649531709e+01
8.215240227226003356e+01
8.447626750053035494e+01
8.482589601480179908e+01
7.957919326851886410e+01
8.566792292795125263e+01
8.299835397335667153e+01
8.302652408970678266e+01
8.242087721518262811e+01
8.129528286505502876e+01
8.363135022335318070e+01
8.178246733456873585e+01
8.521210604144759770e+01
8.352112860160954710e+01
8.276920180206062128e+01
8.722883165108572712e+01
8.473424276465178195e+01
8.274994437611387355e+01
8.374927200280555439e+01
8.323548716246820334e+01
8.075950394983291858e+01
8.538339694407663671e+01
8.148902867008801820e+01
8.492308920905040281e+01
8.442438742174313404e+01
8.177338800542854358e+01
8.332852025331682455e+01
8.375381787519599186e+01
8.439285977655603688e+01
7.930122449518759709e+01
8.541888448585558535e+01
8.321583426750603962e+01
8.438548001754237760e+01
8.472359651427602500e+01
8.487443572923234569e+01
8.488326014989638679e+01
8.387312494248244832e+01
8.836423778873962931e+01
8.606809521770168203e+01
8.463716405824007438e+01
7.928516772525767919e+01
8.321618326207192240e+01
8.199526358027215167e+01
8.111613259093836348e+01
8.386548023407111430e+01
8.554466535810497874e+01
8.280673244440606595e+01
8.272916360679919023e+01
8.173869155033439426e+01
8.558661821678589376e+01
8.198213078526219988e+01
8.481752181912115418e+01
7.740460627772851865e+01
8.673761275536699600e+01
8.360999822410521176e+01
7.955671987881170537e+01
8.386130556762954313e+01
8.315410155101297107e+01
8.383880214924026575e+01
8.483857274127174719e+01
8.459892247964050682e+01
8.257456293165223826e+01
8.537760758367240044e+01
8.431382496802393689e+01
8.060458672895184407e+01
8.366130775658021435e+01
8.411852549423872460e+01
8.206542367826081374e+01
8.188616575608033088e+01
8.316090844764305245e+01
8.155246488539862071e+01
8.466409170147865382e+01
8.253161852742999827e+01
8.207519714572214298e+01
8.409065879634877660e+01
8.002124314495301860e+01
8.222177899088556785e+01
8.341149946823706784e+01
8.265994959674620191e+01
8.277205295039451016e+01
8.400397896421149824e+01
8.321685797518519223e+01
8.222284224365093053e+01
8.475901724649237678e+01
8.474527184160922388e+01
8.458255211218437353e+01
8.243997877966448584e+01
8.161174072051666428e+01
8.051961263076147191e+01
8.198915271855059927e+01
8.228280958716935345e+01
8.503690096300854862e+01
8.339241868301311911e+01
8.553546136759887020e+01
7.993137351282807401e+01
8.449837711748379832e+01
8.339803054671862981e+01
8.520138378388156752e+01
8.609977469786349502e+01
8.194727076866352888e+01
8.277749955698847373e+01
8.418282011995253811e+01
8.344969210636705270e+01
8.344113457105822818e+01
8.161709682582075231e+01
8.216206153106843146e+01
8.349866182926093927e+01
8.408257411299528883e+01
8.392806286937928917e+01
8.218497067001662515e+01
8.092120754474458977e+01
8.304538396609005702e+01
8.362827774343686826e+01
8.346021403416334294e+01
8.059221894019228216e+01
8.350853060596089961e+01
8.335116362480151508e+01
8.182860637395285153e+01
7.930549838467038626e+01
8.473488826945910546e+01
8.408497785928977919e+01
8.617331388890012533e+01
8.659591752332272563e+01
8.246328844355764431e+01
8.681046875129436557e+01
8.302637377471708646e+01
8.495657373754337982e+01
8.568169566688825967e+01
7.782494459259530117e+01
8.187356736980797223e+01
8.125604576916451549e+01
8.362216127178051295e+01
8.366466916845010360e+01
8.183237361779303853e+01
8.432741329008497644e+01
7.942397058730749393e+01
8.251387642392988653e+01
8.380969251066743197e+01
8.226464017308829568e+01
8.378900943598834772e+01
8.251986608848275750e+01
8.157094152870901382e+01
8.497004822029215632e+01
8.100583842594745931e+01
8.415168584921711670e+01
8.394067145332554958e+01
8.710114890566677559e+01
8.387029939289251956e+01
8.426760798520534479e+01
8.278754073411319325e+01
8.437158661578590113e+01
8.355371316469266674e+01
7.944074838637136793e+01
8.372726015707165459e+01
8.442771607413635593e+01
8.625487998728398509e+01
8.625147720015054631e+01
8.362425439462710131e+01
8.465076055027221003e+01
8.082692902772699028e+01
8.231007081386842117e+01
8.418255576957224662e+01
8.453008279167052308e+01
8.398816366106254350e+01
8.318323514039315114e+01
8.366148350194768568e+01
8.638987860730546231e+01
8.283660543733691384e+01
8.191656539314810459e+01
8.243967614227538832e+01
8.179314352289962642e+01
8.286071747381301122e+01
8.308270581801461674e+01
8.458347282535000033e+01
8.773090085562225227e+01
8.573743520229537296e+01
8.153275259583297441e+01
8.558531646483068300e+01
8.129727389292582984e+01
8.138518972671849383e+01
8.045985731954513653e+01
8.251297855920894619e+01
8.149809939723186858e+01
8.467711341082100773e+01
8.428201795302595656e+01
8.191903773793444543e+01
7.848208719078743911e+01
8.578893819663443310e+01
8.233884858321938793e+01
8.211163877037000702e+01
8.575475184917306137e+01
8.254885236572064855e+01
8.252348497037405650e+01
8.322049491054262660e+01
8.537763154842393476e+01
8.500956016988678243e+01
8.258377568960732162e+01
8.372517880054446948e+01
8.148409260452629610e+01
8.205391686291899589e+01
8.330693241978795527e+01
7.930726835464379576e+01
8.366697371221013668e+01
8.370479782017626746e+01
8.236392713259982656e+01
8.157644433268529838e+01
8.476545071252401442e+01
8.274224222722523336e+01
8.263664602587651586e+01
7.974650419021568837e+01
8.320353540885736265e+01
8.390550766466928678e+01
8.249192326006944143e+01
8.174201249833807026e+01
8.129389502332112727e+01
8.377455260909603396e+01
8.444893150574712593e+01
8.669473556598798325e+01
8.149070107490075543e+01
8.354743252125763320e+01
8.103887987170114116e+01
8.116492167297039373e+01
8.371687676824659263e+01
8.300901887063425022e+01
8.276027087391511827e+01
8.227164918758671774e+01
8.037990386049614244e+01
8.519311055359069940e+01
8.189538153820426203e+01
8.262667115613402302e+01
8.368451257404181831e+01
8.409799838203075240e+01
8.330773309160854012e+01
8.267909756434330859e+01
8.481294571677740635e+01
8.394790687787438799e+01
8.261663438969793560e+01
8.575510588437286685e+01
8.317435844160763736e+01
8.364923005075677054e+01
8.159036354500578625e+01
8.376659980327515598e+01
8.142061744593196693e+01
8.557387867904122913e+01
8.473687151148742203e+01
8.067027284842325230e+01
8.707237090970428994e+01
8.750251843919797068e+01
8.475157968277099485e+01
7.917146741062549609e+01
8.236135925923822754e+01
8.454039560588559254e+01
8.561080437814234756e+01
8.825251254071856977e+01
8.031974718052300943e+01
8.296421148879018403e+01
8.470419686986205932e+01
8.286158575445698204e+01
8.222486314880949010e+01
8.019937280114770317e+01
8.044096424924877908e+01
8.346175836319874008e+01
8.365655502372840147e+01
8.312362329307556763e+01
7.940821385812834876e+01
8.478994308309985684e+01
8.166627602016477283e+01
8.458138192823014379e+01
8.268787323631187292e+01
8.230618018674466896e+01
8.307108967765113050e+01
8.360664847619528928e+01
8.865060342651344172e+01
8.392298463805347808e+01
8.117625873827687144e+01
8.196997524950155878e+01
8.307318175664556748e+01
8.686706887883684658e+01
8.139259619591432227e+01
8.486227007733647554e+01
8.148666141818908670e+01
8.123225068695400353e+01
8.483724895520266784e+01
8.371645978645629782e+01
8.396778177126314802e+01
8.170934713789792170e+01
8.465784248913267618e+01
8.358963613425561334e+01
8.622325512948350479e+01
8.471610476284892854e+01
8.235440608777780369e+01
8.229156675424867728e+01
8.527050219278999066e+01
8.356489525888649439e+01
7.972701525525337729e+01
8.334116187525830810e+01
8.093093534286347790e+01
8.198470690528282034e+01
8.594303062269069926e+01
8.720752825733785585e+01
8.075308481737680211e+01
8.388887120381008344e+01
8.348745591458497017e+01
8.755872817693406773e+01
8.635728493029161257e+01
8.163031791113664326e+01
8.158913923081611586e+01
8.156840285240171795e+01
8.461240428953125559e+01
8.246706499826052550e+01
8.164520262512340310e+01
8.230331162611030038e+01
8.245574855049127905e+01
8.582003204291474674e+01
8.371588377275627124e+01
8.117003047085873391e+01
8.278477519422879993e+01
8.579499743532613820e+01
8.278256332167352127e+01
8.598293874311352170e+01
8.145440947733143844e+01
8.092172812588525233e+01
8.020377280443946688e+01
8.428644286656334828e+01
8.330372061637210379e+01
8.056429626616602491e+01
8.148940565565412442e+01
8.251898056086055533e+01
8.093863557156235800e+01
8.507955685243993571e+01
8.125771920278459959e+01
8.564144887470152412e+01
7.755012145761104136e+01
8.323279810154534175e+01
8.498587359975033451e+01
8.152884553510411081e+01
8.211344769918157738e+01
7.991866953704467846e+01
8.468391877976768001e+01
8.281875718675236442e+01
8.184513561647600000e+01
8.286042680447353348e+01
7.832801597598829346e+01
8.299829577316609175e+01
8.390921689980190479e+01
8.372770512566955858e+01
7.904939576929240275e+01
8.208527978299315464e+01
8.162790555486311916e+01
7.935370617270613991e+01
8.318858941054082834e+01
8.601196765221047258e+01
8.664757629074698286e+01
8.475156850042711199e+01
8.345810921438712171e+01
8.058929486725688207e+01
8.371970001396449845e+01
8.416903645062649275e+01
8.406478026424925076e+01
8.307551900450262394e+01
7.752346166479966882e+01
8.173019968800653601e+01
8.389563379453078085e+01
8.386505904672648626e+01
8.472068196055245437e+01
8.212876137967030843e+01
7.955534609497729548e+01
8.276446547548394506e+01
8.393203688056692613e+01
8.416041040800631379e+01
8.391612758536795980e+01
8.544909260826786124e+01
8.339443908340162182e+01
8.504010491704441677e+01
8.288877199950566421e+01
8.597922691961396424e+01
8.174395564104014511e+01
8.619648248734056040e+01
8.129454445764494608e+01
8.382728102086223032e+01
8.181884867520462024e+01
8.039903416721119811e+01
8.337529255690770924e+01
8.366791039700781596e+01
8.115477677403985979e+01
8.391211196531543237e+01
8.265328871544225819e+01
8.685829135574670090e+01
8.230576956407740852e+01
8.278445112570162223e+01
8.220596982944583431e+01
8.258702063682588346e+01
8.347807079706160494e+01
8.558566327712718191e+01
8.608502005015127168e+01
8.370940794932978690e+01
8.110161230746584238e+01
8.367706318934034471e+01
8.214246326645248075e+01
8.364155800875310831e+01
8.212488453653578802e+01
8.155262087298767426e+01
8.564401414092037612e+01
8.549231386256931842e+01
8.276209824628124068e+01
8.250494691219729759e+01
8.037915763886955745e+01
8.046481301548392651e+01
8.595713382356498755e+01
8.660536986741803389e+01
8.166449851667276505e+01
8.310384542903918259e+01
8.383428133598877707e+01
8.143400737996714156e+01
8.323646228617108989e+01
8.295750773425004354e+01
8.519762675218369452e+01
7.740247326115267867e+01
8.252775987762436216e+01
8.028021833156488185e+01
8.273123830750920149e+01
8.040300479854485616e+01
8.390003274029176339e+01
8.381495172341159616e+01
8.113988065925315141e+01
8.245414485736097276e+01
7.903768267602166020e+01
8.274087912008666024e+01
8.252311364370744684e+01
8.404159220544508457e+01
8.471835782045879171e+01
8.522262093156653862e+01
8.509081501071828768e+01
8.591628730037083983e+01
7.953740531232797650e+01
8.184463843010055939e+01
8.193500692653995543e+01
8.381836605856996414e+01
8.343903836849680999e+01
7.871587056388685255e+01
8.486970016006681305e+01
8.292129914033215243e+01
8.191371181859042849e+01
8.118062655465665500e+01
8.439487199818316299e+01
8.477604604535127919e+01
8.540405089904078295e+01
8.626446966224958146e+01
8.270808586939128304e+01
8.674392832758434224e+01
8.111856378108613796e+01
8.620825617652711514e+01
8.416886117569841019e+01
8.385164826864787813e+01
8.445930563564495230e+01
8.073653770936159901e+01
8.020347947190808213e+01
8.331584089161653139e+01
8.371293266997237481e+01
7.867521264175417173e+01
8.070712743312927273e+01
8.397378416857067407e+01
8.034961780079825644e+01
8.223421237963704300e+01
8.548712279802307989e+01
8.478350369595536051e+01
8.677852995927622715e+01
8.116444206948713713e+01
8.299960810397152500e+01
8.608899993270190976e+01
8.493489410812081530e+01
8.476933813022995423e+01
8.295646013778497263e+01
8.572788251664808001e+01
8.202270555354996873e+01
8.070357464345308074e+01
8.187653269351454810e+01
8.540696287785777940e+01
8.645036393381739970e+01
8.624129431660475120e+01
8.346471612903374648e+01
8.283688577462790192e+01
8.572319281236215716e+01
7.934870539423521052e+01
8.246207147799817960e+01
7.923394948257406156e+01
8.226983509874320077e+01
8.205114043962208825e+01
8.056976468801862268e+01
8.068344522392187912e+01
8.603827751428160298e+01
8.216611323298137393e+01
8.295140517834063587e+01
8.041078267233427823e+01
8.106168928413188723e+01
7.482879439803842558e+01
8.209367684496496054e+01
8.266135638383451578e+01
8.320236819318245125e+01
7.886512556202487190e+01
8.412559867998302821e+01
8.306997401441827833e+01
8.346919035016956911e+01
7.785692152212237716e+01
8.420580750068636178e+01
8.649105788550961904e+01
8.343913226736249555e+01
7.894623761036415033e+01
8.544463617753550011e+01
8.459475761410260475e+01
8.384858872779146566e+01
7.991404150124078853e+01
8.482840645574451344e+01
8.219408399979859325e+01
8.470977600963227871e+01
8.546198941440130170e+01
8.465391593785561497e+01
8.516443901265672878e+01
8.218106638763485705e+01
8.573733288391503038e+01
8.263950268284736467e+01
8.281638280170638211e+01
8.268647563614476326e+01
8.029908576338344517e+01
8.081042914006209799e+01
8.325849810661226513e+01
8.138021506195690336e+01
8.279837654769833932e+01
8.737501780238400784e+01
8.817998745119436421e+01
8.150449384255017549e+01
8.353677425985742389e+01
8.511102107444364151e+01
8.424250299252871343e+01
8.594037506405057059e+01
8.211202060289876670e+01
8.439719427230649273e+01
8.118541632253469231e+01
8.769294584100671841e+01
8.350158211890037308e+01
8.346378079163226005e+01
8.507130514130382437e+01
8.602335692655903188e+01
8.211352248486161898e+01
8.354411239467616213e+01
8.176198825963295747e+01
8.200832434487485045e+01
8.126611454788061906e+01
8.188502678056532602e+01
8.394862565787860831e+01
8.133252372156721322e+01
8.719395536959164872e+01
8.209626733042611590e+01
8.424164058224501161e+01
8.424261191305605223e+01
7.946472666208150315e+01
8.056131063282886373e+01
8.709627539221089876e+01
8.070101181776327337e+01
8.205142226605860856e+01
7.988085834866713242e+01
8.496348909698166096e+01
8.114353039509222754e+01
8.300074854298387095e+01
8.628934608817263552e+01
8.441990386459866613e+01
8.306309860826800673e+01
8.450823585159893980e+01
8.039331658175701989e+01
8.471804897132889778e+01
8.389387661372512639e+01
8.495786910142433612e+01
8.561746032661675088e+01
8.226076776006962632e+01
