1.253299231424500135e+02
1.228811975189619830e+02
1.261644426592138046e+02
1.253179972364649188e+02
1.311220699195403085e+02
1.281638703845639498e+02
1.281642338609026410e+02
1.293801061234211716e+02
1.214518553455934011e+02
1.280524751967518569e+02
1.283736287335389648e+02
1.345491674145729917e+02
1.278269196232683953e+02
1.253297138143741449e+02
1.281150900687799492e+02
1.305372051163495826e+02
1.325426725017848923e+02
1.232194824440868928e+02
1.263930614850011978e+02
1.287202350654350482e+02
1.272567136867871938e+02
1.280337513375374670e+02
1.331050632786489700e+02
1.284035146593541583e+02
1.265414669491504753e+02
1.308199093572196716e+02
1.290032018186279856e+02
1.256655611861922921e+02
1.273571548148447619e+02
1.248437337468825916e+02
1.279037006390831408e+02
1.269818187228135145e+02
1.275410079717968017e+02
1.285711323415452227e+02
1.221471083936937845e+02
1.215529590346859266e+02
1.294147404281324327e+02
1.256449112490450517e+02
1.248800713265652718e+02
1.314240652073568185e+02
1.309273407799062454e+02
1.250248651149488097e+02
1.277968602210676607e+02
1.246967543147490858e+02
1.308127843717788608e+02
1.273544900157009749e+02
1.251288717516233646e+02
1.282862863744729225e+02
1.280695270163575117e+02
1.280225198310302801e+02
1.260870749671271511e+02
1.251909284852346502e+02
1.233239600240970049e+02
1.319605024465033978e+02
1.265597953714199235e+02
1.237984459568849189e+02
1.270223174399713315e+02
1.262634763838567835e+02
1.261341350096958109e+02
1.259835101943464224e+02
1.294864958574974310e+02
1.224421882874561049e+02
1.284366017838117386e+02
1.279097337474381391e+02
1.271847608591764924e+02
1.270678851591811593e+02
1.288352690342911160e+02
1.287735301114996957e+02
1.298169256948226575e+02
1.242080518275233345e+02
1.359038936704742184e+02
1.255241687192759770e+02
1.262742380686725028e+02
1.284425659425918127e+02
1.193057534649376379e+02
1.220848515932687377e+02
1.245069585247249222e+02
1.275661560085227677e+02
1.289221159158865078e+02
1.277125705307816474e+02
1.266926919876699316e+02
1.291246078398575321e+02
1.269915276903796695e+02
1.267025164912713535e+02
1.289663339055625215e+02
1.294352392172555710e+02
1.292556517879206694e+02
1.266396345561963415e+02
1.272376857520387716e+02
1.273818145250352671e+02
1.278980906149547110e+02
1.237897625070207113e+02
1.304781714536330242e+02
1.271503871787840438e+02
1.289753234034016884e+02
1.238581585512959009e+02
1.243986480588188783e+02
1.279569265472508022e+02
1.276492165880859346e+02
1.268634552021439248e+02
1.273064059991863388e+02
1.294226806106959486e+02
1.301161981312580451e+02
1.214670890040289777e+02
1.244547676305532065e+02
1.315977381768666987e+02
1.279658746232554307e+02
1.257212929372915937e+02
1.304748308647575925e+02
1.250704388084829333e+02
1.279295390555346899e+02
1.276802398301028916e+02
1.232639195334892861e+02
1.239525965441132058e+02
1.245302810367742836e+02
1.288841827802491196e+02
1.318859855943598234e+02
1.286131535749635191e+02
1.192712251515031028e+02
1.276913835110573814e+02
1.228505398196583940e+02
1.292483803199907300e+02
1.298587413748736026e+02
1.306595043851111484e+02
1.279789232712770399e+02
1.359785879357797285e+02
1.270300179475496805e+02
1.263130258869069564e+02
1.290267339040345007e+02
1.279649000390806179e+02
1.280509351210065745e+02
1.263264078569377062e+02
1.269681638093401546e+02
1.265624574241348057e+02
1.286584223711442405e+02
1.295285150710712117e+02
1.259087103599913888e+02
1.280621536092279769e+02
1.235791080830699684e+02
1.262486301742198833e+02
1.284478093859848968e+02
1.262068332503560839e+02
1.307082827623899846e+02
1.251505869315011950e+02
1.288371595107753365e+02
1.256563371904093742e+02
1.292383959948683128e+02
1.326831136975568484e+02
1.255402052601981069e+02
1.271167314212947304e+02
1.272523566558171666e+02
1.339716881738812049e+02
1.281382285073278240e+02
1.257489657146837203e+02
1.236549609482733558e+02
1.256587071708733561e+02
1.264611953155211381e+02
1.230699032751002875e+02
1.277545322747175618e+02
1.276195092491601457e+02
1.245100534731200952e+02
1.295297069608761831e+02
1.256625801223707271e+02
1.295805135636605883e+02
1.295938154369840163e+02
1.251870842156634893e+02
1.297319254442292902e+02
1.283348237278473789e+02
1.233605454484233519e+02
1.260446804484188732e+02
1.281001853438737044e+02
1.257697229065841213e+02
1.249326215978622514e+02
1.263237088517636693e+02
1.284550209918494090e+02
1.294780225176830584e+02
1.242205823543427385e+02
1.294899790833337079e+02
1.285505795946207286e+02
1.250961299998148490e+02
1.252655260004822964e+02
1.261456952279131229e+02
1.283227877089974243e+02
1.270796348685395287e+02
1.245066746231463242e+02
1.268705482526523554e+02
1.272372580965927114e+02
1.256929718341699953e+02
1.322917871435814448e+02
1.290134581310028921e+02
1.279163784383284508e+02
1.273654821490427906e+02
1.258040800710578537e+02
1.250498528476256155e+02
1.260660303741326373e+02
1.214030720214214085e+02
1.297339779891069611e+02
1.285429478135893646e+02
1.185434482756685384e+02
1.304657693312018409e+02
1.262528121119002122e+02
1.246885624034285343e+02
1.268097589056498435e+02
1.283027827055888963e+02
1.301385685505600520e+02
1.306786507187067343e+02
1.239513922416725791e+02
1.265631743543375478e+02
1.301396154896975190e+02
1.250765986396641125e+02
1.251106221323808825e+02
1.302719891893772513e+02
1.292134210586764880e+02
1.270862248857899175e+02
1.269656307354524785e+02
1.251819844607104386e+02
1.276534635530604334e+02
1.298679864646868793e+02
1.291284594739946385e+02
1.321683618016239450e+02
1.278864920505701406e+02
1.267163760752066111e+02
1.271232835864639270e+02
1.246336753615092903e+02
1.238296234201273762e+02
1.279858717411879638e+02
1.283003908370601778e+02
1.250554865059386174e+02
1.253567842480604071e+02
1.242459641484846600e+02
1.289370747254211267e+02
1.255912831708023703e+02
1.248417495560060644e+02
1.276259826448361139e+02
1.296417155744108243e+02
1.243399972831118561e+02
1.299231690754448039e+02
1.334617890232309492e+02
1.255702005018880527e+02
1.281827831217633786e+02
1.248962193150657640e+02
1.261884437745369922e+02
1.232477493923298368e+02
1.256326136088569996e+02
1.239388829342965863e+02
1.287576716067422922e+02
1.253127336636524944e+02
1.268161978334634910e+02
1.267561096458134671e+02
1.263573919702838424e+02
1.241325694673205930e+02
1.284095779680561691e+02
1.251199284460549705e+02
1.296677264920477057e+02
1.295978162466561798e+02
1.277122953369600395e+02
1.304593653886282993e+02
1.244513043472859550e+02
1.264732569673582248e+02
1.283124378225152498e+02
1.288128967111176735e+02
1.240983871443035582e+02
1.226955959491746881e+02
1.236386317808090496e+02
1.248098150060435501e+02
1.262930586860561135e+02
1.293571899011309370e+02
1.274721814544443674e+02
1.304035012036340220e+02
1.250946803860105234e+02
1.290705512923464084e+02
1.310343693234187867e+02
1.269868957948621784e+02
1.278735389170505101e+02
1.286814476824265228e+02
1.283048580328043045e+02
1.263337849253468903e+02
1.273018491625050643e+02
1.283099426132726819e+02
1.241376848812367228e+02
1.315094120094862262e+02
1.266692279542947546e+02
1.322265836349900781e+02
1.319152348269745403e+02
1.257043647354999365e+02
1.255556965397649662e+02
1.313372851811031694e+02
1.281252960039627737e+02
1.299145916125009990e+02
1.241288128482890158e+02
1.322434214294903541e+02
1.260219137753030054e+02
1.258819550056949481e+02
1.285363351994034531e+02
1.276939826098893747e+02
1.293644494037469030e+02
1.279740536647235558e+02
1.284288779209210531e+02
1.268650086131117689e+02
1.229343100414264995e+02
1.211873586686161133e+02
1.260709509658332053e+02
1.279075994879674454e+02
1.225832033862070602e+02
1.253908295340046806e+02
1.306636925448618172e+02
1.292388735299967664e+02
1.248721281606950839e+02
1.285313583124696208e+02
1.273522455880652018e+02
1.287674030405479471e+02
1.275373036370685469e+02
1.271342573959359896e+02
1.275055523587790844e+02
1.248467083515199505e+02
1.274434138160511623e+02
1.269313358366047453e+02
1.268345518997641221e+02
1.331725912189919256e+02
1.258561377382610402e+02
1.300036971360161999e+02
1.235781208058837706e+02
1.236595408795350863e+02
1.233656874564097023e+02
1.260996809848604556e+02
1.266072006578876170e+02
1.311377527380539902e+02
1.306412385592023497e+02
1.302024001880421906e+02
1.289363135117149284e+02
1.265245947649525249e+02
1.268361192537137896e+02
1.289207168431433388e+02
1.263827791303051669e+02
1.244717075095706491e+02
1.273741255476206078e+02
1.324741653517947952e+02
1.249973382152962955e+02
1.301959996965064192e+02
1.257124912591706476e+02
1.298104110056399918e+02
1.250805110022768787e+02
1.234010860033154700e+02
1.288472420255361612e+02
1.267177003782631459e+02
1.294597055678071058e+02
1.262016759837277959e+02
1.253327669132729199e+02
1.306363818723712598e+02
1.322324804647469989e+02
1.280181881922006539e+02
1.243437479773526775e+02
1.261005757291508900e+02
1.255114672120025432e+02
1.271952537221219757e+02
1.282655381781543440e+02
1.247341804381901369e+02
1.252145364460544670e+02
1.259059536297913269e+02
1.267797917691280958e+02
1.286477195849583950e+02
1.238896348417541731e+02
1.258153719134236184e+02
1.310602772744337017e+02
1.267256179263671498e+02
1.251202853051450319e+02
1.201320264071616890e+02
1.273640245154430204e+02
1.266761708108461164e+02
1.279386506712465916e+02
1.233801965534297693e+02
1.308537278017511198e+02
1.270842955139839461e+02
1.265583865446895686e+02
1.254958405027208102e+02
1.290942941424103196e+02
1.230754132983820028e+02
1.259943191292780114e+02
1.288983890309256992e+02
1.275892990225955685e+02
1.234373923023564288e+02
1.252713612101926799e+02
1.306420025991658633e+02
1.256467383081153883e+02
1.300836539222321164e+02
1.268596054626283234e+02
1.311561718958765823e+02
1.281899940837592453e+02
1.294194417413122835e+02
1.236473871667980688e+02
1.294707125955487470e+02
1.299915676673523421e+02
1.203611055339224123e+02
1.239276070258807323e+02
1.276198447925800252e+02
1.234478774577205940e+02
1.297283268067499193e+02
1.260301422559023194e+02
1.337155205826602185e+02
1.312463941559628893e+02
1.218416966435408710e+02
1.284708311600064405e+02
1.262832520771288927e+02
1.309456810294075808e+02
1.326123472090439179e+02
1.253130345498794611e+02
1.307049587951495937e+02
1.280938165101631796e+02
1.268019458497792442e+02
1.273300096888713000e+02
1.286251407899850676e+02
1.265744731414923194e+02
1.193801721069849577e+02
1.265489938716536642e+02
1.239519457419666679e+02
1.224619966459641631e+02
1.259308973692387923e+02
1.259019552735353784e+02
1.277485074132569025e+02
1.283644317008790381e+02
1.306272340697285870e+02
1.266333358027641225e+02
1.273715220373552910e+02
1.306180905610941636e+02
1.240960436554551620e+02
1.289146864593360817e+02
1.248419797224939884e+02
1.343371538486053680e+02
1.275126060830269523e+02
1.309276704385306971e+02
1.257353897399619740e+02
1.230911972377070924e+02
1.236603164342853063e+02
1.309923084146122960e+02
1.287903168889070571e+02
1.279865204337930464e+02
1.281735129167198863e+02
1.227894005070178878e+02
1.317888848607470607e+02
1.252056527675188562e+02
1.253651771159895247e+02
1.282737745472941242e+02
1.285086146026628171e+02
1.285005414671454673e+02
1.271955964557391496e+02
1.289391785646836013e+02
1.302352431262563357e+02
1.285756880580175903e+02
1.256728987589833650e+02
1.265972433245606936e+02
1.245217716792261768e+02
1.272772886565749531e+02
1.286524143577289863e+02
1.269426817870342461e+02
1.299675177715911047e+02
1.237551766080163702e+02
1.296607672857437308e+02
1.297500359968070711e+02
1.298542538806170796e+02
1.227004156751528399e+02
1.256367605058667749e+02
1.282396858482253208e+02
1.248435292746431742e+02
1.218194054059511302e+02
1.223053187360555398e+02
1.280062001622742685e+02
1.243425732077344747e+02
1.304945526324620175e+02
1.306852788762911359e+02
1.254856568549427323e+02
1.242461613161597853e+02
1.260126013760215642e+02
1.252359489967113575e+02
1.287064677616673407e+02
1.285061509566670566e+02
1.244023818449957304e+02
1.250369362288114843e+02
1.280555267939941189e+02
1.309255560351189160e+02
1.255023780867287115e+02
1.298005752188026349e+02
1.237031476172724922e+02
1.259409201232323170e+02
1.266830282143604194e+02
1.227582648303856558e+02
1.258537086814037167e+02
1.241050481723581669e+02
1.252477906749272165e+02
1.217320820227253648e+02
1.267989807953471768e+02
1.224555460688978741e+02
1.291655215397595953e+02
1.285808830832482670e+02
1.302591810417152374e+02
1.261488299206969117e+02
1.231503415346816013e+02
1.306735248477237405e+02
1.277694522597941926e+02
1.347986055282763118e+02
1.270298654392783106e+02
1.271956568345777470e+02
1.306593600988098558e+02
1.224592418002568621e+02
1.261525430511335060e+02
1.291478623007907913e+02
1.254078705262431299e+02
1.235638819564460391e+02
1.242270847283892152e+02
1.264563449691906101e+02
1.284660682354219716e+02
1.223723104673373285e+02
1.272442980179485659e+02
1.311505413984552320e+02
1.274120609730803295e+02
1.206612845985715694e+02
1.264095980437054436e+02
1.303268079023280279e+02
1.271688018335123189e+02
1.282878482768813058e+02
1.266173585343520358e+02
1.232391035532179728e+02
1.291374011835296187e+02
1.260022275433489511e+02
1.254683633942024557e+02
1.289849550535210199e+02
1.253303645025473543e+02
1.272872203498878463e+02
1.289045728864396381e+02
1.247871226199542747e+02
1.248758615816033455e+02
1.340221981270710785e+02
1.236771263866058632e+02
1.293070831812593724e+02
1.242494938676599361e+02
1.310656673972599719e+02
1.277998998617420341e+02
1.265089087434837580e+02
1.311049283656780062e+02
1.250495738747695640e+02
1.253246186636982458e+02
1.281866990446097248e+02
1.262809760251902560e+02
1.274134534708461928e+02
1.285613309249037570e+02
1.250842280982100476e+02
1.242606123521688346e+02
1.240789255739003636e+02
1.281895650402942124e+02
1.257653315606838902e+02
1.314408225779986878e+02
1.281611674134556154e+02
1.298647676197887222e+02
1.260230723751512301e+02
1.281733167900790136e+02
1.278144111744986304e+02
1.222509666669971011e+02
1.289656812617091077e+02
1.279743024508959905e+02
1.230418307434314755e+02
1.288075521984027603e+02
1.291056097972543171e+02
1.278683073422495085e+02
1.258903193312332860e+02
1.256503180552562640e+02
1.307621156788086410e+02
1.300177703445160091e+02
1.289860386056612640e+02
1.231959127603684294e+02
1.215816225278553020e+02
1.289975299652747367e+02
1.245202163440567489e+02
1.259297939757657616e+02
1.261795039891829759e+02
1.301209963423652880e+02
1.284894308427094529e+02
1.237776512099082566e+02
1.259299459505614607e+02
1.232006305716976726e+02
1.251423543180497973e+02
1.282055289883842306e+02
1.266578578608074821e+02
1.287282829600964362e+02
1.275576775555221190e+02
1.279019825165951971e+02
1.300564474694573676e+02
1.253065517634055368e+02
1.316745017482021183e+02
1.269108005993472403e+02
1.262997510302931516e+02
1.307079814834717411e+02
1.276891059624406495e+02
1.275333220469944990e+02
1.249944150080450669e+02
1.276129527555418264e+02
1.290436565881861952e+02
1.276798335094059240e+02
1.272100010166450090e+02
1.269058477677160965e+02
1.266076532889668869e+02
1.300039967504889944e+02
1.304458831525412279e+02
1.274907508278279664e+02
1.305467447912169803e+02
1.261505046776844949e+02
1.284391730773786833e+02
1.312994201378354546e+02
1.234267254870183734e+02
1.235748616782477711e+02
1.305800091132561818e+02
1.228333333028429735e+02
1.282292127858640072e+02
1.281932448227006205e+02
1.292112998952776195e+02
1.290563717584368248e+02
1.262789680574888820e+02
1.247866002950686521e+02
1.284554655281086468e+02
1.243729460405438800e+02
1.307277906943118353e+02
1.224261518868448917e+02
1.287359191414431621e+02
1.295276191947591258e+02
1.298928353762625818e+02
1.322029271561796406e+02
1.259886302854935138e+02
1.270866269459346114e+02
1.202128757736908398e+02
1.297120303853188830e+02
1.271566735007024107e+02
1.263886208505773965e+02
1.254673121921050409e+02
1.284335839991173600e+02
1.252107605384436795e+02
1.251834419095384021e+02
1.270893151551685207e+02
1.263560261292846434e+02
1.285668010571713751e+02
1.232190468076420586e+02
1.259828793837254892e+02
1.233173884627890260e+02
1.295835251364273404e+02
1.259064504165751686e+02
1.239586980630354844e+02
1.265867119003717960e+02
1.256406881359555712e+02
1.265382637305842337e+02
1.259804696645320377e+02
1.268858119183576036e+02
1.214903726535465580e+02
1.237464773892695149e+02
1.254749213714446086e+02
1.299980751001473038e+02
1.289399857544747476e+02
1.290651851489530770e+02
1.243565230094280878e+02
1.226459594243508064e+02
1.240608339066607329e+02
1.254170815989882186e+02
1.228731883619488912e+02
1.285380005996492230e+02
1.262133595568742095e+02
1.284308570528180837e+02
1.255797162233313173e+02
1.251311246640344876e+02
1.300607433926332988e+02
1.273203039794422011e+02
1.245624801519771410e+02
1.264404785235954733e+02
1.270950972433241049e+02
1.263015747025145146e+02
1.266645241136245232e+02
1.272726478440275031e+02
1.268515133664286481e+02
1.261078433540469774e+02
1.297906144017667884e+02
1.311745232716607177e+02
1.280689647269128386e+02
1.269708144642552128e+02
1.241101765781116910e+02
1.307376451658826113e+02
1.241520099730510651e+02
1.315651762412610424e+02
1.262788042081856474e+02
1.252627081204267512e+02
1.221461918590868976e+02
1.267748402244152715e+02
1.269890669195899164e+02
1.269923287122538227e+02
1.285810292522504596e+02
1.282889925189355722e+02
1.259472859980331521e+02
1.299051006739315994e+02
1.243098040083894489e+02
1.293181166455160280e+02
1.338107230105486281e+02
1.212260140792537300e+02
1.302486986960701643e+02
1.265798022481324523e+02
1.271722589965965824e+02
1.268090140829697958e+02
1.307379400757352528e+02
1.255719766246236588e+02
1.296264539850534163e+02
1.291554691797403223e+02
1.263320073318729868e+02
1.295049835898296635e+02
1.273775045183996468e+02
1.206239741087572526e+02
1.257017857176289652e+02
1.260001728921636897e+02
1.306721412504027171e+02
1.325852730225175264e+02
1.290649327688122128e+02
1.279873383227574521e+02
1.244159815831744567e+02
1.275514682892113711e+02
1.292965495942123368e+02
1.275755769099632602e+02
1.262192455171711316e+02
1.311927588785336241e+02
1.317212418523280348e+02
1.255110269733972785e+02
1.261636457521708934e+02
1.243565058844685609e+02
1.269685759991088787e+02
1.248671448130420458e+02
1.269046189490379817e+02
1.261912177015185108e+02
1.257891904968629149e+02
1.284712859699865533e+02
1.265741065100203002e+02
1.324241852407381543e+02
1.256300786688068030e+02
1.237677525650428123e+02
1.262122591030778977e+02
1.264411924384682493e+02
1.322371652242521236e+02
1.303673798863631532e+02
1.247355052003025975e+02
1.240737386569113028e+02
1.208930892095354892e+02
1.268997427453900997e+02
1.273247642509900288e+02
1.267954662376951376e+02
1.199152206168572263e+02
1.259667304423092418e+02
1.258722252826927388e+02
1.273065495094129176e+02
1.260566579397744960e+02
1.260525583122116586e+02
1.280118023647385428e+02
1.288946180109452939e+02
1.270770165727146548e+02
1.229752781391988066e+02
1.273343252056034913e+02
1.244841446861486389e+02
1.243391099284527996e+02
1.260648965343545171e+02
1.301103071480753783e+02
1.261926079550597422e+02
1.256023888097082590e+02
1.287435200854290542e+02
1.218151193577474487e+02
1.277216586110971974e+02
1.264787664864801542e+02
1.293323424560595356e+02
1.250318778184939532e+02
1.271537097184512106e+02
1.281746219681765808e+02
1.290359495380711792e+02
1.259568437377918428e+02
1.250488310380945052e+02
1.244184826618559896e+02
1.251816141995925591e+02
1.297219400975711210e+02
1.266121531302497942e+02
1.274391962897322514e+02
1.270489428521758271e+02
1.279935062964563599e+02
1.252786083875395775e+02
1.269629322104147775e+02
1.284706126836493638e+02
1.286782870577537210e+02
1.254202086860659762e+02
1.265898367016339989e+02
1.231719648986155846e+02
1.273119639296669874e+02
1.294274914897614508e+02
1.242965373523870767e+02
1.276700060991413181e+02
1.299403700551175120e+02
1.251977882800648985e+02
1.294567522588907593e+02
1.275173674676555180e+02
1.264726880115947267e+02
1.264441369752000242e+02
1.284788788220838569e+02
1.238975248283977493e+02
1.282073256374484345e+02
1.276148795659844524e+02
1.208830014643138497e+02
1.299800672270799851e+02
1.296569396999991852e+02
1.276308164277928512e+02
1.270159546601172735e+02
1.294960802946058038e+02
1.296411866508999253e+02
1.255431120230327480e+02
1.284189281763812858e+02
1.307479328795715503e+02
1.285392203646732128e+02
1.249350737219123317e+02
1.263233411867595919e+02
1.270747785684015128e+02
1.309313439035824160e+02
1.275585639268064000e+02
1.260797857594323119e+02
1.224902251329857847e+02
1.270003090174687657e+02
1.232360492241703867e+02
1.251291642216025650e+02
1.290165826698971614e+02
1.297054431985746419e+02
1.271484271581311702e+02
1.281818703825796320e+02
1.282340378019663092e+02
1.310937989609927854e+02
1.294576237701739956e+02
1.318677115259718846e+02
1.291642533081816566e+02
1.235589522480879054e+02
1.275810474205286340e+02
1.331227656294942676e+02
1.205952739754798841e+02
1.235428807243701215e+02
1.243712901077556836e+02
1.250689533959494639e+02
1.243071382910904958e+02
1.273430641696876080e+02
1.246110330029992639e+02
1.245028290513326681e+02
1.259719324496747817e+02
1.267177486460947478e+02
1.276970577945627383e+02
1.244512758619648167e+02
1.245147262744641097e+02
1.230610320526088515e+02
1.236135982431412543e+02
1.256407001649846080e+02
1.285141724537773200e+02
1.267908730926904752e+02
1.256454840317685466e+02
1.258280513579066167e+02
1.273958707165834454e+02
1.280588429069882750e+02
1.310594561695404821e+02
1.299801995826038308e+02
1.257496321782744957e+02
1.252699515186427845e+02
1.274424642744582883e+02
1.230015308986314295e+02
1.272835059817924019e+02
1.258384644087980178e+02
1.293459733398746607e+02
1.266338218537417646e+02
1.295645806280635099e+02
1.300770981679314104e+02
1.282926013940131327e+02
1.257487044328473189e+02
1.245877705969903815e+02
1.278411760803902268e+02
1.314751871284312870e+02
1.215479273106672622e+02
1.272534934484819900e+02
1.293154517900703979e+02
1.274779745082111475e+02
1.312480360133330066e+02
1.324625821635188743e+02
1.260673608839359900e+02
1.281606525441995075e+02
1.278911021731213395e+02
1.294294919411263436e+02
1.303038105790854218e+02
1.294518372866825473e+02
1.238409540420250039e+02
1.272500683937597898e+02
1.314728323598297379e+02
1.232812911784208865e+02
1.272356849005832942e+02
1.234003376452441358e+02
1.243542203764392440e+02
1.260175294941553688e+02
1.254110127157402701e+02
1.237685665869888822e+02
1.305807286995765537e+02
1.264343971901397339e+02
1.288279667860915083e+02
1.286505377045435523e+02
1.285882912985340738e+02
1.284384392884607848e+02
1.244599181693268974e+02
1.302343261042319114e+02
1.270414394162882985e+02
1.290075418589138394e+02
1.284266897722592375e+02
1.278380354676216939e+02
1.343635231308956861e+02
1.296438849093351564e+02
1.276859070450223612e+02
1.322735733628701951e+02
1.257558753160899272e+02
1.262275121510411680e+02
1.287605962277227718e+02
1.262456764787291945e+02
1.267864202550703396e+02
1.282036655346549594e+02
1.256505837087328672e+02
1.267584654864146074e+02
1.243269166746741519e+02
1.247697811523610341e+02
1.253990595872498233e+02
1.263113779315869323e+02
1.245269832219483419e+02
1.322230967152816561e+02
1.230745607509960706e+02
1.265400325522914926e+02
1.244657952167462298e+02
1.302368809730655244e+02
1.237822046239083988e+02
1.215416430776474499e+02
1.267736517724807612e+02
1.265357196460510636e+02
1.265378160064576178e+02
1.241902857141867429e+02
1.287163114168138520e+02
1.283506924413543402e+02
1.273174297357337821e+02
1.290128117892252249e+02
1.288772942846275669e+02
1.275661307923292753e+02
1.256309913949340284e+02
1.296284732241236384e+02
1.246663331084465938e+02
1.289464473935647106e+02
1.247468417952654249e+02
1.283285090442589933e+02
1.280941426527196256e+02
1.310383093832932957e+02
1.240420201065667669e+02
1.270264381641994902e+02
1.301901873251345592e+02
1.289093418346581359e+02
1.251752698597391316e+02
1.279451683223476550e+02
1.300705222151709677e+02
1.349644575697058428e+02
1.249654912696462077e+02
1.203881346626869373e+02
1.259758380836047280e+02
1.264880597710537842e+02
1.277516078662201124e+02
1.271582614013679517e+02
1.234860095610390971e+02
1.292973028497632413e+02
1.264654540491830517e+02
1.287678597598926160e+02
1.271540065161671720e+02
1.253391821753451438e+02
1.275638941456406315e+02
1.315585194215343279e+02
1.269346315325693837e+02
1.262341395130032282e+02
1.307077304619798213e+02
1.275007400666449513e+02
1.273969815846061948e+02
1.327938994968874624e+02
1.322288319589688115e+02
1.280342482647766360e+02
1.261728163066530328e+02
1.272226190095819049e+02
1.282239260242415924e+02
1.266541306891850382e+02
1.256312419678923220e+02
1.248448510505905773e+02
1.280544471729515124e+02
1.272446378574963859e+02
1.298104580580754828e+02
1.329303151078947280e+02
1.276756710812634168e+02
1.287030993589184504e+02
1.256234276918480077e+02
1.261416466289950051e+02
1.257885251718678887e+02
1.271601839678823325e+02
1.275217057743217453e+02
1.225580714742110899e+02
1.276986666419094973e+02
1.264729798991310190e+02
1.256189241418760076e+02
1.275155274022244214e+02
