1.005458961523797115e+02
1.020574716632149261e+02
1.023662628046813836e+02
1.011938137830477302e+02
1.024467416359780003e+02
1.016294076223427538e+02
9.987751956090151850e+01
1.032984864080258518e+02
1.045986477418720995e+02
1.011234305664052329e+02
1.013789190008198915e+02
9.984517978620759493e+01
1.040980665598918051e+02
1.012283687293522831e+02
1.025827365859251756e+02
1.018957939122534100e+02
1.027377024852829095e+02
9.949452993927317834e+01
1.034605290909421171e+02
1.024755760773477675e+02
1.001248616991690028e+02
1.043980667885038969e+02
1.003479210284757102e+02
1.001275074692860585e+02
1.001371298748537413e+02
9.923875471595631836e+01
1.024944179424820447e+02
1.021354724554077080e+02
1.041207661899973118e+02
1.012868033119167137e+02
1.021506841187815837e+02
1.007227914310346080e+02
1.016857012883964444e+02
9.820752100324331479e+01
1.030658285738281990e+02
1.020310190349122621e+02
9.799824447313343967e+01
1.012767535825304890e+02
1.030197986955223683e+02
1.037947019857412130e+02
1.004827763079320988e+02
1.024630668820026074e+02
1.003208346097175081e+02
1.056839869294731784e+02
1.043587393700108805e+02
1.019931572312135444e+02
1.029411406573570389e+02
1.023364510049344034e+02
1.022384687171314823e+02
1.018903463935240126e+02
1.016602132335488733e+02
1.031843038427994941e+02
1.016658869640403537e+02
1.002451899932075037e+02
1.012201010162505810e+02
9.979121118738308382e+01
1.012509746924763903e+02
1.048849259659583453e+02
9.880132791958533289e+01
1.038247210684028801e+02
9.949875445469935187e+01
1.022616287057974347e+02
1.029250195987723799e+02
9.961787461263126886e+01
1.000792694937560725e+02
1.051772255790870219e+02
9.996044088411899509e+01
1.048200875545658874e+02
1.022583288160772952e+02
1.026381963964558111e+02
1.034757124774309034e+02
1.024422555500027414e+02
9.554629551050398106e+01
1.010433726189506416e+02
1.021573468326549943e+02
1.051604780092727367e+02
1.010355460749368177e+02
1.044297469030985610e+02
1.051212743782813135e+02
1.016664396878319678e+02
1.063844780314303478e+02
1.013807465769615987e+02
1.011788700818712528e+02
1.053192703097408440e+02
9.915407165053781569e+01
1.029559244443380521e+02
1.012178917909104428e+02
1.003782539115357935e+02
1.015229010012981234e+02
1.023277765852604659e+02
1.007073343127013914e+02
9.995144203375168956e+01
1.040791308963750339e+02
1.032150764932512033e+02
1.049164110729511066e+02
9.723469212785374793e+01
1.038330827960063516e+02
1.019646454411173835e+02
1.030859853880698864e+02
1.013600831435201570e+02
1.029373299503837416e+02
1.006408532598926797e+02
9.934371526543243647e+01
1.024417396788900021e+02
1.021900660517251396e+02
1.011745541687036933e+02
1.015687893726774291e+02
1.000632031488459148e+02
1.020564314202996457e+02
9.918911535284060221e+01
1.028882936692468490e+02
1.009585992776230086e+02
1.025432301374818849e+02
9.821598284974962212e+01
1.047675653263310238e+02
9.814706712002644906e+01
1.006340995441236998e+02
1.000905331628547970e+02
1.031946881612105926e+02
9.784583808834609897e+01
1.036501862559136811e+02
1.049706461573082521e+02
9.952320726346579249e+01
9.853196043065833010e+01
1.011169488040341804e+02
1.020232574782019270e+02
1.023281765167899238e+02
1.019365878072901381e+02
9.927505624893900915e+01
1.016491734846499071e+02
1.052046110688066278e+02
1.061138855662399436e+02
9.999277577641731796e+01
1.026798251791496455e+02
1.034217987370094249e+02
1.017692582430967576e+02
1.028921414969151726e+02
9.827468173237042492e+01
1.044648205240304293e+02
1.038946360634915322e+02
1.015492455018987243e+02
9.978813471316338735e+01
1.026149871714244171e+02
1.039823754878744495e+02
1.003308086618899608e+02
1.015503784087724313e+02
1.019097774087437784e+02
1.004140655376827169e+02
1.023915934239679331e+02
1.026002534479266330e+02
1.034364649630533251e+02
1.030641852937302900e+02
1.025115886582611608e+02
9.786657182611611461e+01
1.032256101484902473e+02
1.033252786798039153e+02
1.015403702929678929e+02
1.018207674800997893e+02
1.010124853541024521e+02
1.004628405277158691e+02
1.001602351493229861e+02
1.008362172449126604e+02
1.003111934217160126e+02
1.032797670654294961e+02
1.021550654450920490e+02
1.022996212548853521e+02
1.006988383825033253e+02
1.015947887732712474e+02
1.035169534143372942e+02
1.042328952406486593e+02
1.021619780844760044e+02
1.018183654870533843e+02
1.014502801357075583e+02
1.023057607960954272e+02
1.029141247405604247e+02
1.027043591013810016e+02
1.028635905602855871e+02
1.028342477366103651e+02
1.002797466262832984e+02
1.024939681162621952e+02
1.002865266756323592e+02
1.035947006346387838e+02
1.022528509720164323e+02
1.013580143275682559e+02
1.010080124648710580e+02
1.006753457726393037e+02
1.023988930140014872e+02
1.013617283060409449e+02
1.004770358778836936e+02
1.029782229836895908e+02
1.025016467036806205e+02
1.003027038897675993e+02
9.845804315042823873e+01
1.001142254272738654e+02
1.038738478523402620e+02
9.988082497108986502e+01
1.035658136304429604e+02
1.002208587254841632e+02
1.045164468651444878e+02
1.016084180556540844e+02
1.029290380577097750e+02
1.030608727704665029e+02
1.033628324592966408e+02
9.802421908182660104e+01
9.857806821535515951e+01
1.003282331014431321e+02
1.021388904732128253e+02
1.010277749206744744e+02
9.854740162480396748e+01
1.010324445938958462e+02
9.879540938357467894e+01
1.018676920384591682e+02
1.026426906018651977e+02
1.036329544665465221e+02
1.025782139399485828e+02
1.035024200782599877e+02
1.008245977352246001e+02
1.027125905213634383e+02
1.007416284021867625e+02
1.037069053500186868e+02
1.000967241506795062e+02
1.023717511882547484e+02
9.996469032894798090e+01
1.032300195202114139e+02
1.020484169153366167e+02
1.050892286231134136e+02
9.912724117899949761e+01
1.007442803497891504e+02
1.009121255629198544e+02
1.018539863086130595e+02
1.050237203351850326e+02
1.022858288157234483e+02
1.036898613814154118e+02
1.027006465779872144e+02
1.025178094784315448e+02
1.021408338185184448e+02
1.022701603495758178e+02
9.844899755404904340e+01
1.015636188205115786e+02
9.921971884586379531e+01
1.015605703216917846e+02
1.023992181778193640e+02
1.028523191438178941e+02
1.010994779036345648e+02
1.001175921098049741e+02
1.026237870842033715e+02
9.830014749427455456e+01
9.998986896964657944e+01
1.018147594821366084e+02
1.042280799325344418e+02
1.045492658503821275e+02
1.011341866735798618e+02
1.019999048291551702e+02
1.058548071768625221e+02
1.043150619320865928e+02
9.878148351689083029e+01
9.842157932646901486e+01
1.014166773522071452e+02
1.040760074447164385e+02
1.024829160786877225e+02
1.001877543428410746e+02
1.022063302904884949e+02
1.049503396675434885e+02
1.012192652589513671e+02
1.008551117443504239e+02
1.031701997228755516e+02
1.029219443592294141e+02
1.026637944284580044e+02
1.011870831238766613e+02
1.009274140794695285e+02
1.039497116259694991e+02
1.032903064690810169e+02
1.041793781405715862e+02
1.023835868144030030e+02
9.864775182998809555e+01
9.904724830359324983e+01
1.046342866071136939e+02
1.038930087275818011e+02
1.032099068315559691e+02
1.023523306847426539e+02
1.005886627595002096e+02
9.877607110923871403e+01
9.973662830568241588e+01
1.015811971209503071e+02
1.005687237943469512e+02
1.020754736157861657e+02
1.043177267327544797e+02
1.003617201844773348e+02
1.028894523241696248e+02
1.052280518664733791e+02
1.001918649408361688e+02
1.024567620057573407e+02
1.054947973693078751e+02
1.006562184637068356e+02
9.754549573331208023e+01
1.010259761404871028e+02
9.924639905373766169e+01
1.035565210702025638e+02
1.046974162241309187e+02
1.021751057199424650e+02
9.907083545667252622e+01
1.043197319853931191e+02
1.032661000336388923e+02
1.019873535892139387e+02
1.037325157373303028e+02
9.613520723958859548e+01
1.036047791580872541e+02
1.044226451272031966e+02
1.038340380042966160e+02
1.005018174339991504e+02
1.014792695383411996e+02
1.025294041765370991e+02
1.005822696489707511e+02
1.029817123855794989e+02
1.004318569212501302e+02
1.014220914069361754e+02
1.041040627824103240e+02
1.012504801883999050e+02
1.021891560274209496e+02
1.043350255489467884e+02
1.046121958887743375e+02
1.011285865249259928e+02
1.018766064138185072e+02
1.015676183094194869e+02
1.028727951647380792e+02
1.033890873925503087e+02
1.043058345090126835e+02
1.040966073362475441e+02
1.046524730567933688e+02
1.027106634073183073e+02
1.027705054648627225e+02
1.032331519143361902e+02
1.046679821979473104e+02
1.018150708822211925e+02
1.011715765674657348e+02
1.038022099462582162e+02
1.013652273854796420e+02
1.044947880015747330e+02
1.040293972477595474e+02
1.005201970819335600e+02
1.026471503863647712e+02
1.034991467954018702e+02
1.021459546126153981e+02
1.013324193268615403e+02
9.976537851777945320e+01
1.003898357853634309e+02
1.010055884692927037e+02
1.035499877419836281e+02
1.015747886169493199e+02
1.034664129902883474e+02
1.022272384463054351e+02
1.023936107194468548e+02
1.020311584797978952e+02
1.014471968109639590e+02
1.046378165127077011e+02
1.020657527492811170e+02
1.009157067709266329e+02
1.017783451917953244e+02
9.992140798772348376e+01
1.018992554827875523e+02
1.000460197235085644e+02
1.035284018927522709e+02
1.020923729727088869e+02
1.022336031552974447e+02
1.042402636710988872e+02
9.828920124570176142e+01
1.032752782859509608e+02
1.018494070729424124e+02
1.050729380843361582e+02
1.019194520405032307e+02
1.003348806475283226e+02
1.043796249539275891e+02
1.019306333411971082e+02
1.028786202412790090e+02
1.007292564842891238e+02
1.018713187626471779e+02
9.894312688403108780e+01
1.025473884503246609e+02
1.031335907264476646e+02
1.027358686863747579e+02
1.026537846633562907e+02
1.035188972120908772e+02
1.017351640029855844e+02
1.048642816173732797e+02
9.833545482566199780e+01
9.931914357721495890e+01
9.951028433112574589e+01
1.013513593517772335e+02
1.025075471220162768e+02
9.773737895148904897e+01
1.057090452462683601e+02
1.013305303458175217e+02
9.814997201508688818e+01
9.926874959507412655e+01
9.823136417608984061e+01
1.034579581425836921e+02
1.057528707896217526e+02
9.715356365855483034e+01
1.047570468671573423e+02
1.002818901880820306e+02
1.023131488741089754e+02
1.018483174619868095e+02
1.008755456943323026e+02
1.020453258740383689e+02
1.028940303973565165e+02
1.005482183090295081e+02
1.003377366147899181e+02
1.002357544083482424e+02
1.048898369566531841e+02
1.012949184474616828e+02
1.006529106796478885e+02
1.009409852797882223e+02
1.004925165110808933e+02
1.004875771469946102e+02
1.018337866745822993e+02
1.033125980250232772e+02
1.009871818958530270e+02
1.023883878370596534e+02
9.766456929315666002e+01
1.000209860010494225e+02
1.018142328770594389e+02
1.016611177694784232e+02
1.048472280102448906e+02
9.898442726546528547e+01
1.002662166075244983e+02
9.989602940170553325e+01
1.005502510185550875e+02
1.014219493460628172e+02
1.026904280786097132e+02
1.041370014818846101e+02
1.001225375301865199e+02
9.892280606059490822e+01
1.017582481497580318e+02
1.007497721761694578e+02
9.766842268361112644e+01
1.037724979312375240e+02
1.037099327873280572e+02
1.018890603589725572e+02
1.028203243709045012e+02
1.023949821606847763e+02
1.040574711312617779e+02
1.021638309402510743e+02
1.029305313912234539e+02
9.773629245210099725e+01
1.013558681246764195e+02
1.043921448217548260e+02
1.018020665989561451e+02
1.033036467442461515e+02
1.006104753332803057e+02
1.036229174698420508e+02
1.042974120904583231e+02
9.579264216767717244e+01
1.003144203297099608e+02
1.008309753559321535e+02
1.044071301815370987e+02
1.040213499012408391e+02
1.013556019242150938e+02
1.025227939338222143e+02
9.944119423636952604e+01
1.010240841451430356e+02
1.030977270282222946e+02
1.036908648516696587e+02
1.031240898057927780e+02
1.032318166632185950e+02
1.033267154933432437e+02
1.041860796318285196e+02
1.028904046842827853e+02
9.928472760825118826e+01
1.008056317142657576e+02
1.024777069118435122e+02
9.870097732003257818e+01
1.017166808594889034e+02
1.023949640903846188e+02
1.020357919761104881e+02
1.009760589352024027e+02
1.018091048831291516e+02
1.031433712575014852e+02
1.037885122324631055e+02
1.045261091703419112e+02
9.983766545550803073e+01
1.001543145758690514e+02
9.955475469147643253e+01
1.039640842927013296e+02
1.008580063697018971e+02
1.035821956514679414e+02
9.826649617366298628e+01
1.018655530623247074e+02
1.007047899031737330e+02
9.783703172297664707e+01
1.018711677240587505e+02
9.994074451074490639e+01
1.024968278494805389e+02
1.013674784361867296e+02
1.011572098153621937e+02
1.081079603579580066e+02
1.011009333792010665e+02
1.022683732721532692e+02
1.023461440138948859e+02
9.988912912490589235e+01
1.003176806958664429e+02
1.052686779267992563e+02
1.018702023998565664e+02
1.034815867790812831e+02
1.034258866408492139e+02
1.027845741518826799e+02
1.018891456110815881e+02
1.023192890040697876e+02
9.953806457475398872e+01
1.032999826462505837e+02
9.918242737622121297e+01
1.018105638423552932e+02
9.909726276701358927e+01
1.034412249158716151e+02
1.007670151310391446e+02
9.942488546196257460e+01
1.011581690938750739e+02
1.027006668362834745e+02
1.009143738002695727e+02
1.020038970850180675e+02
1.047671985948659028e+02
9.844171646560786826e+01
1.004516304432705880e+02
1.024876182290378210e+02
1.013050669704619224e+02
1.002080757800271584e+02
1.002757395910030596e+02
1.023687445691158331e+02
1.025711863521712246e+02
1.010577821306812467e+02
1.034598044138420221e+02
1.001996705968718118e+02
1.003909785004330217e+02
1.009291875344305822e+02
1.015780151207644195e+02
1.059296318107699335e+02
9.991180410225938147e+01
9.993260246332145869e+01
9.953271894909981654e+01
9.766077636263111117e+01
1.046880844685583725e+02
1.042412033255250350e+02
1.000243702291405441e+02
1.034966026064565909e+02
1.042721990385807942e+02
1.015089798138824762e+02
1.021546967137609272e+02
9.932799959092962183e+01
1.025577693933094139e+02
1.011627581204939048e+02
1.010270526209766899e+02
1.010614972890788295e+02
9.770184846681647173e+01
1.004504606785525311e+02
1.003405060141841858e+02
1.026784662294564328e+02
1.009903047982750905e+02
9.953360899380480475e+01
1.031866315513114216e+02
1.025829837578191217e+02
9.881623089108400393e+01
1.013351837789335264e+02
1.048696740122355777e+02
1.032096187838838688e+02
1.036040598788604967e+02
1.007548642924819973e+02
1.048863850837541918e+02
1.001594243104817821e+02
1.006073301398221389e+02
1.043066860228929613e+02
1.025650854809128703e+02
1.003036441444655082e+02
9.920791672799626326e+01
9.970197820612612816e+01
1.018644376174987656e+02
1.067485389726257239e+02
1.031945418327894970e+02
9.929494413930069641e+01
1.005854296173476143e+02
1.002863012910470815e+02
1.036360539181536353e+02
1.014759976082641231e+02
9.876898277149049932e+01
1.013576582335883671e+02
1.010928068243619009e+02
1.028277676614968215e+02
1.018760912033124839e+02
9.759831882900037670e+01
1.033668065172382029e+02
1.028602992545339703e+02
1.012973797817512036e+02
1.004890023346496832e+02
1.036584771811234589e+02
1.047142425283656735e+02
1.027820010593236617e+02
1.018139910355488098e+02
1.053670815495067643e+02
1.001162184422436070e+02
1.004517509187062387e+02
9.986183362462564617e+01
1.009048677377141843e+02
1.058869252377916297e+02
1.006754436810634559e+02
1.008748246199286314e+02
1.011640819986590571e+02
1.043475130662809249e+02
1.005749857969272796e+02
1.021456059267738112e+02
1.064966012821683279e+02
9.922657599675143558e+01
1.031460269819815352e+02
1.026908306575366652e+02
1.020782498195470112e+02
1.026895564532254497e+02
9.972702823706659103e+01
1.017003031374578228e+02
9.873623263190120269e+01
1.006482524604745237e+02
1.010394307027484899e+02
1.038335307755343848e+02
1.023134319045339709e+02
1.045224802040314955e+02
1.028652072952436498e+02
1.015928242839999882e+02
1.017326212882866088e+02
1.027220147171418603e+02
1.034453810764690331e+02
1.028758174491711515e+02
1.011206089405466741e+02
1.023180576856821915e+02
9.568239147040300452e+01
1.014991595409285026e+02
9.871218196315683713e+01
1.003122146134232651e+02
1.013474931968379877e+02
1.032476343041417977e+02
1.053712834038869772e+02
1.002450322664473958e+02
1.039503404612480040e+02
1.028713223795995191e+02
1.024454093023075103e+02
1.047791865336649835e+02
1.040170894233165626e+02
9.886547836043995119e+01
1.006761977232069682e+02
1.038869191452458267e+02
1.036027560155841201e+02
1.047214803327022281e+02
1.015235094667407196e+02
9.853864639911944323e+01
1.035506681241701017e+02
1.062735077743259637e+02
1.022802895260871168e+02
1.042977138853404568e+02
1.039255911663648106e+02
1.008965853414021154e+02
1.009087079699483525e+02
1.000779549689101344e+02
1.026024161480822841e+02
1.023502873173366794e+02
1.009033697589161847e+02
1.015926354843906410e+02
9.853545258932666684e+01
1.047195340866118727e+02
1.030132468462967097e+02
1.002419748473636076e+02
1.011531783927898260e+02
9.981193545698342007e+01
1.031333103692671926e+02
9.841980040189389456e+01
1.031592921419283897e+02
1.001394683311327611e+02
1.013774486084374757e+02
1.020298439941121842e+02
1.009885019311400640e+02
1.025838959410191649e+02
1.023094120106867422e+02
9.764067228441875557e+01
1.037748040917431922e+02
1.032177555465639074e+02
1.027206989771415522e+02
1.023273973310053861e+02
1.049078530677772392e+02
9.677488849849189023e+01
1.003336945738686126e+02
9.976926997683851539e+01
1.016603793990832401e+02
1.034422325469869435e+02
9.841892270203285875e+01
1.013287907271376724e+02
1.040153376580617532e+02
1.002904727081121763e+02
9.610082535684740890e+01
1.021972688240660574e+02
1.020306801141498312e+02
1.040617401421810797e+02
1.073717440152244791e+02
1.044894666069576346e+02
1.030071993294028232e+02
1.028403644352977864e+02
1.015482118480040867e+02
9.810080042049006011e+01
1.032798436720916015e+02
1.048937233354042888e+02
1.023463851347940619e+02
1.010345620582165651e+02
1.034159344527511735e+02
9.978835972080403849e+01
1.023248990361030479e+02
1.051243983170286214e+02
1.010701068544812387e+02
1.007348016200057543e+02
1.064406152363757769e+02
1.041782041173097468e+02
9.972945052544380928e+01
1.018120917676497896e+02
1.024079699670226233e+02
1.058889920884656703e+02
1.017953354247895703e+02
1.022069240255070213e+02
1.027605449888609002e+02
1.004110616657321344e+02
1.020391082666293698e+02
1.019398258002716346e+02
1.037229868062113383e+02
9.773784652573043275e+01
1.008446647123425493e+02
1.033577759078656157e+02
1.011619642875920420e+02
1.028519481897326955e+02
1.012120426938821964e+02
1.049463131599871843e+02
1.008384738302556798e+02
1.032436648995528685e+02
1.008056224085620300e+02
1.003218630458082714e+02
1.021952604182091449e+02
1.025098408781568509e+02
1.012891802988142871e+02
1.009511937385957907e+02
1.007733983177459436e+02
1.016359507206748845e+02
1.027797385490649731e+02
1.020909284071084500e+02
1.017079227536931540e+02
1.005747947234309692e+02
1.001889928342542788e+02
1.052454145768922587e+02
9.738530869797288858e+01
1.022645218993815064e+02
1.019457289737015770e+02
1.012252042283596865e+02
9.925289196482013665e+01
1.021967449035628164e+02
1.048759932557533858e+02
1.028898136955982778e+02
9.900404601145891093e+01
9.959742053793166860e+01
1.006736186677270837e+02
1.013089488569073779e+02
1.013107485827146661e+02
1.020451501543644923e+02
9.792928874308144316e+01
1.035687000096728383e+02
9.918046729206412238e+01
1.033661336486071463e+02
1.035776026106721588e+02
9.932732140100868889e+01
1.031563775673189127e+02
9.967542152724894322e+01
1.021973481048165695e+02
9.944714591967026251e+01
1.055616013890515035e+02
1.043828723834248251e+02
1.029871242298221290e+02
1.021820777461554712e+02
1.029600149859582103e+02
1.023001340162544466e+02
1.028641904564546365e+02
1.011637350359114578e+02
9.949407375486298122e+01
1.055219056090122933e+02
1.001258080422189636e+02
1.005743059459893800e+02
1.023726963801823899e+02
9.525555002248081848e+01
1.013013405044280688e+02
1.031882332343277398e+02
9.930510229934081678e+01
1.063076217988433143e+02
1.004273962802778897e+02
1.015852929820492960e+02
1.042745765854439099e+02
1.015446159390966727e+02
1.054393782329707250e+02
1.005034639292429404e+02
1.014797637203632945e+02
1.023613337367905132e+02
1.032341162368786769e+02
1.007077411433276382e+02
1.003694906455482965e+02
1.005125388494521843e+02
9.889084509372463572e+01
1.042654558282755772e+02
1.056351685490001273e+02
1.016360034953287368e+02
1.032662556618404039e+02
1.025266043381383270e+02
9.454394040422569390e+01
1.000532060106946801e+02
1.049281233848626584e+02
1.008540589352856500e+02
1.023258724571916645e+02
1.031407342429361904e+02
1.036372729274425524e+02
9.873027751496414339e+01
1.031825712843713063e+02
9.859068095186800917e+01
9.917274238780316864e+01
1.029265019397979444e+02
1.008586511307950389e+02
1.009939351959664862e+02
1.031803782339506768e+02
1.039049501045807489e+02
1.038498085853840678e+02
1.014244354025735362e+02
1.034318165042829065e+02
1.029993176477968149e+02
1.028072968158102185e+02
9.935793563132651229e+01
1.023700578286044589e+02
1.019025300363151132e+02
1.019803835374044354e+02
1.005716900590675635e+02
1.034885176242196536e+02
9.571249709062692546e+01
1.014853045985103535e+02
9.909846618188474565e+01
1.024962493036720019e+02
1.067574547360675297e+02
1.047740169110028887e+02
1.030395004999938777e+02
1.017968859441078422e+02
1.022106952149376298e+02
1.021931942420302732e+02
1.019068738216318053e+02
1.008993063103846310e+02
9.965501361360730925e+01
9.899647958694856698e+01
1.038602802260631961e+02
1.008411647065684917e+02
9.943154225312365213e+01
1.022971828505921934e+02
9.973271661742170124e+01
1.012108300001823267e+02
1.053521049694144551e+02
1.028309533883785463e+02
1.029005158903715085e+02
1.015099083643083446e+02
1.026202844259486398e+02
1.030764431158824266e+02
1.035634151024696479e+02
1.028567554148605154e+02
9.921534140605106700e+01
1.013224004876549458e+02
1.014690215314931550e+02
9.858711168799682412e+01
1.036771301937979217e+02
9.930923243632977915e+01
1.020285650322342121e+02
1.024462092845927685e+02
9.998019928263539668e+01
1.027768786737952524e+02
1.000753562742046938e+02
1.041632172223865211e+02
1.052610183237503634e+02
1.037149274491008555e+02
9.946914885934305062e+01
9.966955209251459280e+01
1.029919572825371432e+02
1.026960128391639699e+02
9.954552013438215852e+01
1.011588139396813659e+02
1.013172608680720117e+02
1.016153243612604626e+02
1.015114280193184300e+02
1.034817690311053866e+02
1.043729984754832856e+02
1.027999454424789718e+02
1.029525482799375169e+02
1.002984508136830044e+02
9.993309953832685721e+01
1.023332074391019972e+02
1.019442869054280578e+02
1.005183501933665298e+02
9.743355212941916932e+01
1.019970254990730041e+02
1.016794180500496054e+02
1.039034931258427150e+02
1.050997785745116886e+02
1.054449295723169087e+02
1.017512456503967115e+02
1.016255116753875285e+02
1.013215931223024597e+02
1.012807162503927429e+02
1.012731000916531627e+02
1.026487365583160170e+02
1.010516602631330443e+02
9.995621277021317042e+01
1.031159142015057881e+02
1.021905808778705875e+02
1.014492154919076938e+02
1.014984576791505333e+02
1.005762619068107853e+02
1.034032837533682425e+02
1.036030037064978302e+02
1.049736753539267511e+02
1.016964802353531780e+02
1.001687558833637581e+02
1.038085576335364095e+02
1.020410812671765655e+02
9.812382022745092058e+01
1.040492559027206880e+02
1.020925908404668121e+02
1.038225685162996399e+02
1.005483273351975839e+02
1.058798793788174919e+02
1.017819905380078040e+02
1.041745107481955444e+02
1.008334239946683226e+02
1.014107364494319796e+02
1.032803624393491049e+02
1.030539393669857304e+02
9.870860826782529784e+01
1.031374508369705580e+02
1.007738892515885425e+02
1.015817844589220158e+02
1.055760961210785212e+02
1.048699804631432073e+02
9.913794614898598923e+01
1.010780395297787351e+02
1.013387639299612317e+02
1.002115595743436671e+02
1.014027727517838997e+02
9.838598813891375983e+01
1.019024316170644369e+02
9.960447103187807727e+01
1.000571530131018250e+02
1.034982411406038949e+02
1.032270245030340163e+02
1.020230913026491351e+02
9.817557880970457518e+01
1.053851883975135735e+02
1.008786150672416113e+02
1.029959539273112483e+02
9.991175901859750752e+01
1.014809763413583426e+02
1.027653882230830504e+02
1.063668912813182033e+02
9.978680388224258024e+01
1.022853273939512064e+02
9.833955636024498403e+01
9.832186049276616302e+01
9.939604877509329128e+01
1.046848607741895023e+02
9.931232238148334091e+01
9.992818709437401026e+01
1.022128128079734779e+02
1.007671084095902216e+02
1.004078092549655992e+02
1.017428649379601353e+02
1.022159425984758343e+02
1.029872005858902213e+02
1.000334826358085678e+02
1.012659448827728994e+02
1.043100064544301802e+02
9.907089579843521676e+01
1.040690331157995843e+02
9.922141391916395037e+01
9.715256363413814711e+01
1.015615671035634335e+02
1.035525994840026840e+02
1.019452201948033405e+02
9.820290026726230792e+01
1.013439373027499784e+02
1.007623040899289037e+02
1.001741716931506403e+02
1.048875223816461499e+02
1.015716722219051462e+02
1.004886917419132430e+02
9.790174538477525346e+01
9.927842802751533213e+01
1.002091530579807710e+02
9.964127644714274368e+01
9.825503591917683366e+01
1.024682208118313582e+02
1.022006864914188498e+02
1.036804121469386928e+02
1.021838256753561183e+02
9.989809206187388213e+01
1.035713397320626683e+02
