1.810776849337884187e+02
1.811453305133732954e+02
1.800732042753829489e+02
1.811818489860016257e+02
1.831190711252388610e+02
1.743080313777756771e+02
1.782417887654284527e+02
1.747196814636941440e+02
1.824159800038599144e+02
1.791489075489829759e+02
1.792941086302425333e+02
1.778438605851590921e+02
1.781020414676747237e+02
1.790946796685776121e+02
1.750173046095268603e+02
1.744759060194659241e+02
1.835334815002825621e+02
1.775410448295163803e+02
1.770053454944963391e+02
1.769799982121493827e+02
1.757347635329878699e+02
1.793952195188048506e+02
1.745473216166234067e+02
1.793927312221870238e+02
1.782872820393133395e+02
1.805445042656799615e+02
1.773396544195850026e+02
1.787406094844303084e+02
1.762542277797681152e+02
1.774400527007376809e+02
1.772006729890049428e+02
1.779113791209481406e+02
1.739713306577960736e+02
1.747327907636947941e+02
1.791982659619725382e+02
1.740749113728189457e+02
1.788161070221933073e+02
1.747232068757966772e+02
1.754778945207515335e+02
1.745380607146459511e+02
1.737378098068082863e+02
1.773124406503686146e+02
1.763718346880374099e+02
1.792385737598109188e+02
1.784622949186213248e+02
1.773172143105460634e+02
1.810339775190023488e+02
1.772982720502892846e+02
1.778160370022523011e+02
1.726985364868155273e+02
1.720565842979018498e+02
1.807265780744860137e+02
1.786735098461834923e+02
1.815025961717125824e+02
1.776486060889452290e+02
1.757208526731961058e+02
1.720389305946416982e+02
1.765194077386582308e+02
1.769971535834464191e+02
1.734965713142115362e+02
1.744630264824022845e+02
1.773211299826174638e+02
1.782691902320967188e+02
1.761023471892380883e+02
1.761441034653328472e+02
1.787664622978532236e+02
1.748265704650729049e+02
1.782386637169324217e+02
1.779109486769146997e+02
1.769318098236362857e+02
1.782782846780202135e+02
1.759114162784290443e+02
1.780940397012308267e+02
1.781746283620317115e+02
1.786374197350473878e+02
1.783212057250143232e+02
1.779052228050527731e+02
1.790802246128633897e+02
1.765201756540274687e+02
1.797422098666459647e+02
1.776125792545175557e+02
1.767699437397383520e+02
1.771982978282262877e+02
1.759325584989506979e+02
1.771778744044617611e+02
1.705958613485234423e+02
1.782356151894548191e+02
1.769082557674970531e+02
1.761481569408221333e+02
1.761374575885897400e+02
1.761488690825883623e+02
1.759480931092107028e+02
1.772623409781405712e+02
1.774194794507197628e+02
1.790420147697565199e+02
1.785800374733208002e+02
1.777599894787165908e+02
1.729922178950308762e+02
1.801764075206729672e+02
1.762559274841944728e+02
1.779199007963380268e+02
1.813684351620443351e+02
1.771445604721817233e+02
1.762594562887736629e+02
1.783040239568082939e+02
1.807361853300091070e+02
1.767289681924558522e+02
1.768773885947154554e+02
1.772741473399552206e+02
1.770428735917738834e+02
1.742421001986686235e+02
1.770993696557598298e+02
1.765391624958078580e+02
1.770322246226295135e+02
1.779109408809723050e+02
1.762278677239117428e+02
1.767080461651343342e+02
1.784092769235861624e+02
1.768851369195207326e+02
1.757560004104191478e+02
1.767092173214462889e+02
1.776075055261966327e+02
1.743976217670555684e+02
1.754422162332091943e+02
1.773894093226750499e+02
1.806129601338502084e+02
1.762849477344973366e+02
1.784367126061696069e+02
1.738774911514003634e+02
1.740211553186386766e+02
1.786252373880636810e+02
1.745312242094842361e+02
1.772212643424040266e+02
1.799312647672296350e+02
1.773340865229505994e+02
1.805163930116135305e+02
1.776325211229783463e+02
1.779132012681789661e+02
1.762936176860572743e+02
1.796020579942479856e+02
1.784698594329755963e+02
1.734341242169645625e+02
1.757061471624433011e+02
1.756676778035959501e+02
1.782289917370910928e+02
1.748138325881189701e+02
1.792108373649830639e+02
1.785066783503855845e+02
1.756869811542424316e+02
1.736367471340742270e+02
1.795079243031647138e+02
1.772683849682819073e+02
1.784509642584664562e+02
1.764012620068024546e+02
1.761756338251636578e+02
1.765885306835313600e+02
1.801818259410754877e+02
1.757234528309162442e+02
1.804621164894521144e+02
1.770443183036698827e+02
1.730600220483576095e+02
1.775121542541260169e+02
1.801459108578244184e+02
1.761798095802335808e+02
1.790177528534851206e+02
1.804203213487136850e+02
1.739259928585859996e+02
1.770872636282376504e+02
1.796921313849480555e+02
1.761918768862560967e+02
1.737385995374353058e+02
1.796257809698730910e+02
1.768094637446305057e+02
1.762459984149038519e+02
1.782820718567231495e+02
1.748246271157808280e+02
1.812696875493318203e+02
1.797907570757298004e+02
1.805367763045860556e+02
1.787084483591324329e+02
1.793358758683171743e+02
1.802650670608250323e+02
1.761081546106578060e+02
1.777276202630919784e+02
1.764173456632462091e+02
1.767089828168803933e+02
1.817956554925036698e+02
1.789953275265000059e+02
1.789672563995895302e+02
1.751464422156592775e+02
1.752201388412354106e+02
1.749866899842688213e+02
1.766925429274935766e+02
1.761843923109893808e+02
1.756226092975869051e+02
1.787455322876508887e+02
1.789805539841967743e+02
1.749082323894445494e+02
1.803786343589575552e+02
1.797612335597342224e+02
1.781147114511045970e+02
1.750438815908183017e+02
1.780479291387830187e+02
1.777421309861649661e+02
1.808548256217262917e+02
1.771291913045180308e+02
1.749387990596676161e+02
1.791753176020000353e+02
1.776450220177272286e+02
1.749951762537102411e+02
1.809367773093819665e+02
1.711932711763713826e+02
1.734551415670031531e+02
1.750698299770367043e+02
1.789957170225034702e+02
1.770390087358519793e+02
1.781898370573850343e+02
1.771932844342281612e+02
1.771818900198009032e+02
1.814389022538244660e+02
1.772380244409582133e+02
1.797082957940306756e+02
1.752448071285916171e+02
1.789923335538783533e+02
1.780163407704744998e+02
1.780919724673792075e+02
1.790157447019565780e+02
1.743618966100037255e+02
1.787518730023116404e+02
1.792706043310942334e+02
1.749777693437870880e+02
1.770822577026950455e+02
1.744765079966296355e+02
1.783340516974091656e+02
1.775985481733237066e+02
1.745281196579994401e+02
1.782646431159259350e+02
1.782202609336360979e+02
1.763567210610127631e+02
1.770909413781459136e+02
1.779103152517793092e+02
1.771261322366938487e+02
1.809696467688805797e+02
1.754367290408431757e+02
1.788629049886940834e+02
1.776413831455042498e+02
1.775514842906207775e+02
1.784610408082780850e+02
1.791173541036534118e+02
1.737891547609532381e+02
1.800534954403398160e+02
1.770563645791003466e+02
1.772661428884794077e+02
1.737654295523968528e+02
1.750266621414507142e+02
1.818599110676809119e+02
1.768293184357893892e+02
1.756570435398139978e+02
1.750331675272582004e+02
1.789017035143443479e+02
1.774976948451534327e+02
1.755544772454254598e+02
1.777397285956924122e+02
1.786213405950817901e+02
1.767811177595559684e+02
1.769150298415754605e+02
1.771791122269831078e+02
1.774378177600486879e+02
1.759112800309091540e+02
1.754017823732174577e+02
1.800887493817752727e+02
1.756398094193027646e+02
1.770903865159975794e+02
1.793567980409182780e+02
1.793242725390681755e+02
1.707491510906866665e+02
1.783472002288480098e+02
1.780653687506793403e+02
1.794352943603490189e+02
1.767058467832784174e+02
1.780436637732374265e+02
1.781009290452346931e+02
1.744375623831842859e+02
1.758251553722126914e+02
1.769420853271620047e+02
1.770589532475121359e+02
1.783701815079443804e+02
1.750062357942035760e+02
1.820645429011909471e+02
1.783793648160999794e+02
1.781514485219509538e+02
1.751621636645940043e+02
1.759939431368805458e+02
1.777057462355382427e+02
1.788842993102762193e+02
1.774068925530071965e+02
1.777098811939773384e+02
1.771272907256646931e+02
1.763704820772559572e+02
1.769742267357025014e+02
1.786269237288474869e+02
1.750179372633569130e+02
1.792335750265606862e+02
1.761151324011522092e+02
1.728446992936159177e+02
1.785049329581128745e+02
1.758629132008271085e+02
1.781514564335116404e+02
1.803306955225968125e+02
1.748957175672078392e+02
1.802263047197241121e+02
1.753566692346081481e+02
1.746327662711619269e+02
1.785250122379964068e+02
1.786726648509213362e+02
1.745805985823308220e+02
1.747863221072651925e+02
1.763759827375511975e+02
1.757865152558950967e+02
1.780978418179473977e+02
1.783574630547401796e+02
1.772644701362125659e+02
1.769417982099142534e+02
1.802809343914944407e+02
1.774168111350147683e+02
1.765231376638253096e+02
1.764869998515734721e+02
1.734002471457075103e+02
1.762170987811505540e+02
1.771545227845482202e+02
1.767549878863982542e+02
1.753193825688457537e+02
1.773042581954423440e+02
1.798309060581663346e+02
1.784556913175565853e+02
1.749841969876369490e+02
1.794542362814495675e+02
1.802591718831690457e+02
1.764307565984298094e+02
1.761789600781547449e+02
1.783921836478367311e+02
1.768067335720427593e+02
1.773025715802866102e+02
1.767611009153542909e+02
1.756475223525575871e+02
1.766710142175120097e+02
1.777681086883353601e+02
1.776691917181977658e+02
1.751617942836062696e+02
1.778352251089716560e+02
1.763878354586648811e+02
1.747160980916464155e+02
1.758008603878437555e+02
1.776397069726106679e+02
1.798298425293065463e+02
1.765772995757122033e+02
1.754634287831428594e+02
1.776134830128468138e+02
1.755186718343691439e+02
1.789109396858800380e+02
1.772294649599098193e+02
1.796280109405674352e+02
1.793820326155191367e+02
1.781092337933177134e+02
1.810502921495155135e+02
1.749020891716049277e+02
1.737712788104473987e+02
1.799398957419781482e+02
1.758701197509769543e+02
1.735819412757645068e+02
1.771410407347406704e+02
1.776188220826174700e+02
1.781030670270826306e+02
1.712921833056144862e+02
1.766488306005986431e+02
1.775314077861078204e+02
1.738457921107845721e+02
1.758146185813920681e+02
1.769279384397538877e+02
1.757659736648781745e+02
1.783374471493243050e+02
1.793064401847298939e+02
1.782816287806957121e+02
1.753819616936588659e+02
1.762867729867116111e+02
1.782955876598906286e+02
1.750127162017730313e+02
1.750052652465567462e+02
1.795464068157878330e+02
1.819850629973704486e+02
1.788054766147192822e+02
1.772005487765540011e+02
1.760195863817704094e+02
1.774628702064267145e+02
1.762701233524201427e+02
1.720550438094858237e+02
1.770692714392570792e+02
1.741414503074721551e+02
1.752632806475620839e+02
1.802383082493533379e+02
1.768711117699091062e+02
1.802962001201957776e+02
1.771147062866591000e+02
1.780835558480765997e+02
1.793406886846010764e+02
1.803875109176129854e+02
1.774484791276547924e+02
1.768507673939293454e+02
1.754402933154533173e+02
1.771086642090541261e+02
1.793920985910244212e+02
1.814591631528711844e+02
1.773088345201691993e+02
1.797517917215621992e+02
1.799132881320438173e+02
1.760401789872149436e+02
1.752111656389864720e+02
1.777021011203915748e+02
1.773502964622140610e+02
1.793656485544862846e+02
1.758984501731885928e+02
1.772912869104552556e+02
1.801027775902411463e+02
1.769901282229648700e+02
1.714579961737357507e+02
1.781179067413335417e+02
1.786113321924168531e+02
1.779739712497239168e+02
1.755394382699936386e+02
1.750762532852777156e+02
1.781083507291106116e+02
1.734356855232779537e+02
1.760038906644743406e+02
1.779928324742815278e+02
1.771987295946111942e+02
1.759761508676627670e+02
1.782555608838933949e+02
1.792199753635468937e+02
1.758921429960697651e+02
1.786317192253896451e+02
1.792486006668037248e+02
1.767174435792528300e+02
1.767298982697742247e+02
1.759807829663009784e+02
1.769631733272504164e+02
1.722684060588877912e+02
1.746975339491525858e+02
1.744557849096590871e+02
1.772807091618307140e+02
1.751243260791335672e+02
1.784371328964961094e+02
1.748871529560799729e+02
1.775179505707825740e+02
1.759564969311512641e+02
1.747882183073169529e+02
1.745727503367121187e+02
1.772782164546477759e+02
1.813303188398696193e+02
1.771272223248807336e+02
1.753006153403744349e+02
1.753457092819525087e+02
1.784350060412423034e+02
1.765251916222604223e+02
1.780967216700612425e+02
1.771357011533952743e+02
1.771399845246552900e+02
1.735658777209432628e+02
1.771902631053615380e+02
1.769343950841371225e+02
1.794562795527332071e+02
1.765659292165935597e+02
1.775971097483702863e+02
1.742374897922768753e+02
1.794050792061046877e+02
1.738835363509157901e+02
1.745286690910479876e+02
1.761422548800326240e+02
1.751199665176825135e+02
1.729881378835281112e+02
1.797969807898581962e+02
1.756224803196761002e+02
1.796680284819102837e+02
1.754765756491557340e+02
1.784890042919305984e+02
1.787869861216476295e+02
1.769056946210290846e+02
1.742343759801411238e+02
1.778255156962896137e+02
1.793732951402456024e+02
1.765488266864294928e+02
1.776089932290638274e+02
1.756457868308235675e+02
1.774768749452660757e+02
1.781268793324138642e+02
1.783187949469049158e+02
1.784924777247310317e+02
1.755134336573494238e+02
1.771238955767016989e+02
1.762247643375216342e+02
1.786227268508847033e+02
1.763995316341164425e+02
1.805044130771132700e+02
1.783643985786247015e+02
1.748145332144450492e+02
1.788192627801892343e+02
1.792602037215351913e+02
1.747739601565598662e+02
1.787390789769424941e+02
1.754340717481788658e+02
1.763313774303965431e+02
1.737417473001243025e+02
1.761287951943836561e+02
1.768368059170105653e+02
1.772718715814838220e+02
1.733376999018023525e+02
1.745887279339868599e+02
1.762822234132203789e+02
1.785000156010114836e+02
1.788574612077446773e+02
1.769720871844465364e+02
1.760408638746589816e+02
1.761084767372620945e+02
1.793494001021847168e+02
1.766024692606461315e+02
1.784663629058895822e+02
1.794442288139431980e+02
1.794296498917123017e+02
1.800326377715190063e+02
1.776131143512605775e+02
1.795644052160158708e+02
1.763514601823410715e+02
1.753976921327011098e+02
1.748374362261132831e+02
1.759774585029730076e+02
1.766469365552219131e+02
1.770473981108187616e+02
1.757519678185250598e+02
1.793482393789657010e+02
1.741071396483478395e+02
1.770622920748765523e+02
1.766872400626790807e+02
1.786834404237285128e+02
1.754398582601894816e+02
1.732542406682419767e+02
1.793520033861049683e+02
1.795788097440218394e+02
1.775906106254204246e+02
1.815175276299517577e+02
1.769818936434778607e+02
1.781093822243051648e+02
1.800732544134907300e+02
1.778898700421897558e+02
1.791510482723194286e+02
1.740216230088662996e+02
1.773875129832208017e+02
1.749332372575511840e+02
1.777415731323389991e+02
1.796060934158130067e+02
1.772164065565573310e+02
1.790504852124767581e+02
1.821451629118114397e+02
1.763517645908430609e+02
1.756087856545546231e+02
1.803215014874419353e+02
1.770348521891036171e+02
1.790202628491786641e+02
1.745516126191998865e+02
1.749574949691660493e+02
1.794648936479654253e+02
1.802729699224928765e+02
1.758574826149322519e+02
1.788527861118914473e+02
1.766078181695783087e+02
1.760650109474255771e+02
1.780691508734157935e+02
1.777853346918475381e+02
1.758500202120251856e+02
1.778959256287015194e+02
1.790003367067546662e+02
1.752107625419771750e+02
1.776772312532121703e+02
1.763629333418521696e+02
1.754298716551296309e+02
1.774137888685741871e+02
1.721369291114184534e+02
1.746875256723542975e+02
1.768939123191397869e+02
1.759672152025845833e+02
1.728124746267298804e+02
1.766139217918533291e+02
1.809218712856273612e+02
1.797036774224583837e+02
1.781183583834043986e+02
1.781532878435855309e+02
1.768241509541658161e+02
1.757688189522998243e+02
1.796480426967769972e+02
1.752376876893858082e+02
1.780701460488008365e+02
1.769075882924583709e+02
1.777681383113309721e+02
1.776506816443925629e+02
1.781405900363818660e+02
1.806251103864390473e+02
1.753910672501561407e+02
1.790952105510875754e+02
1.756911978749934349e+02
1.746126658884425922e+02
1.765511225425804298e+02
1.799474838134838421e+02
1.761578884307826343e+02
1.741995404198477218e+02
1.761617240302674077e+02
1.784461800878805775e+02
1.773574530128197466e+02
1.772710781212439031e+02
1.785424689027875900e+02
1.731032418480604065e+02
1.771661290922619401e+02
1.773367511753662598e+02
1.788337384806132206e+02
1.772293002659012870e+02
1.800045023782783460e+02
1.774914944271066020e+02
1.788153042886214905e+02
1.807023991144861839e+02
1.790714700350497992e+02
1.764077301837225775e+02
1.772675218719479631e+02
1.768628763182751698e+02
1.764056900934509429e+02
1.773877141682718275e+02
1.799716092116914865e+02
1.772901875361036446e+02
1.784735021214950450e+02
1.760824323894117356e+02
1.776621616452501939e+02
1.786054223484142369e+02
1.805630045524030436e+02
1.754058436184961352e+02
1.774359150525185100e+02
1.786723114714095857e+02
1.795089293360750560e+02
1.802883547605561034e+02
1.773203436390534478e+02
1.767892994120909407e+02
1.765381840863782656e+02
1.763749548716290008e+02
1.785456162840303591e+02
1.773308335097337647e+02
1.762269017582695199e+02
1.761799447541014274e+02
1.804918654017971562e+02
1.760307466714508280e+02
1.777300785693313117e+02
1.760806800072203373e+02
1.779436887712272153e+02
1.806744597459739339e+02
1.765559123945129727e+02
1.759764064096962954e+02
1.759901582831479914e+02
1.777764438166925345e+02
1.744040258786920674e+02
1.775941684390455748e+02
1.802954901530945051e+02
1.788481607100528947e+02
1.762045326242683814e+02
1.752712767305090722e+02
1.759275158164395236e+02
1.793777057575636888e+02
1.726581417017803801e+02
1.734985681610898496e+02
1.783843166792601380e+02
1.772278588023641817e+02
1.757701856544470900e+02
1.793436603188074230e+02
1.788742737139658345e+02
1.757745574369112944e+02
1.779967164861529056e+02
1.777708620311966001e+02
1.754514359244782327e+02
1.770317019977280779e+02
1.765564340447366476e+02
1.780212877806787617e+02
1.757748922665891769e+02
1.797942218637666372e+02
1.741570153448416249e+02
1.786058909020247825e+02
1.726430353505126050e+02
1.748928026177475488e+02
1.761444878288463656e+02
1.756679190797804893e+02
1.753488928279161314e+02
1.759369422908813760e+02
1.778855995408957824e+02
1.797966659142714718e+02
1.775156301387833082e+02
1.754202496496465074e+02
1.776595943659537227e+02
1.799413372319877453e+02
1.759219178199897442e+02
1.756104483066122270e+02
1.823441455468216645e+02
1.730493208840318289e+02
1.790375533870352456e+02
1.760089336240050955e+02
1.762257978324599321e+02
1.749276094264462245e+02
1.750828679642425243e+02
1.804337750570951471e+02
1.765640095544581243e+02
1.736790563129609097e+02
1.786984581268305305e+02
1.757650815141343230e+02
1.744623833107269490e+02
1.822451866501326663e+02
1.761023392400114744e+02
1.803198258019295679e+02
1.774457413006951754e+02
1.768047924865864786e+02
1.787877860841135202e+02
1.778101058615680472e+02
1.756535166530987055e+02
1.779931183930553118e+02
1.790449188489924381e+02
1.776928051876431027e+02
1.789261481648321990e+02
1.798060807277438187e+02
1.745349622029012835e+02
1.774546973525540920e+02
1.752184859825419778e+02
1.750951511412654327e+02
1.797387324029160425e+02
1.812394514855807586e+02
1.798035211791257950e+02
1.784285045328730348e+02
1.794431489411579435e+02
1.810652516586727074e+02
1.776813391169295073e+02
1.743449781428240328e+02
1.793810783822415829e+02
1.763491256436694812e+02
1.783504432102905923e+02
1.783841332547511627e+02
1.808827013542968132e+02
1.776979428681137563e+02
1.787968758885551779e+02
1.760598363532926101e+02
1.804968695320204688e+02
1.780548473361296828e+02
1.753747742192987573e+02
1.834244323178487832e+02
1.775594814806091790e+02
1.749028138818076741e+02
1.777330262263876932e+02
1.791687657078101950e+02
1.780754835975230321e+02
1.759020994945988150e+02
1.788533328825296849e+02
1.763874673155576147e+02
1.818980795955896212e+02
1.791759817664917875e+02
1.779839517634786432e+02
1.785159171007631755e+02
1.783869622479335248e+02
1.746333402906560366e+02
1.790747501982786503e+02
1.754424541234605499e+02
1.785334403649752346e+02
1.789253210669236864e+02
1.765607966678586820e+02
1.751046895498502352e+02
1.763150855494550342e+02
1.765210313223056176e+02
1.762197224878960640e+02
1.811010669191817044e+02
1.752976323646218191e+02
1.801743200442688249e+02
1.761652942468288359e+02
1.756757480745870907e+02
1.747440645615739641e+02
1.796731633264554375e+02
1.791299381421517865e+02
1.773641179356091300e+02
1.773666702175781893e+02
1.771852027869464621e+02
1.777294162115267113e+02
1.761183199047000585e+02
1.773574208224013660e+02
1.780046472628221466e+02
1.778305472413067889e+02
1.722468684446595830e+02
1.769048364230908703e+02
1.727141713618385381e+02
1.754629829206398313e+02
1.808134467413538005e+02
1.809576133953272858e+02
1.774868790411314592e+02
1.779126916942418006e+02
1.739718566423010202e+02
1.792000327055900186e+02
1.768772535764429392e+02
1.775231351774485233e+02
1.773743023827153422e+02
1.795838643815113187e+02
1.776526771610199376e+02
1.782984017223085687e+02
1.779158940025718607e+02
1.744633075339799575e+02
1.773859641243641363e+02
1.785186274885840874e+02
1.826504812101767357e+02
1.754676065546437940e+02
1.781758981791466852e+02
1.747633175086886297e+02
1.776725782202415758e+02
1.768589333763994489e+02
1.817188335602246241e+02
1.781012143124153511e+02
1.773566311485677147e+02
1.796053179447262380e+02
1.808693925943854879e+02
1.777253171309837114e+02
1.788338841200652496e+02
1.736347087705613887e+02
1.755022154292288690e+02
1.759710812379283595e+02
1.777617800682260167e+02
1.803040352170789049e+02
1.785793718678917230e+02
1.777974834640514246e+02
1.781250140865328717e+02
1.789211906178632603e+02
1.788622289188088246e+02
1.803597465215072475e+02
1.807401746889364915e+02
1.752652820739332640e+02
1.778203170167144265e+02
1.772493429848909727e+02
1.758352038420083545e+02
1.795604407852278541e+02
1.773099007931431572e+02
1.768144172110514774e+02
1.793188303629718519e+02
1.740927386217748847e+02
1.782496618259417005e+02
1.767241869273402699e+02
1.735878528472575510e+02
1.796437909956079295e+02
1.750463284453654467e+02
1.791550095192598633e+02
1.756544247301083885e+02
1.797055560904854588e+02
1.797228925067849730e+02
1.784493334468887724e+02
1.779058638247235535e+02
1.770812470195313324e+02
1.780139833642770100e+02
1.755117966820656648e+02
1.803886522635326912e+02
1.767691092823767747e+02
1.795807652909223293e+02
1.780762933796075060e+02
1.746369129258679891e+02
1.781877667395789331e+02
1.754156078065890370e+02
1.782159296171031144e+02
1.786400698287584703e+02
1.753163646913518221e+02
1.749547505731201795e+02
1.767361254143627605e+02
1.784087328051946315e+02
1.763147747032898565e+02
1.775404711415700660e+02
1.750439278492198696e+02
1.796771485962104578e+02
1.746137200199317761e+02
1.802954759642097144e+02
1.826103294228378502e+02
1.778594736787033526e+02
1.770366620392055950e+02
1.789987787835117388e+02
1.752347634228644040e+02
1.748913892993527384e+02
1.777006433948127437e+02
1.773742713139367311e+02
1.746757426891238083e+02
1.768228501837414797e+02
1.748079641979387020e+02
1.768910567928060118e+02
1.749169500399157187e+02
1.747752329880399316e+02
1.793959477148046346e+02
1.765096296494317585e+02
1.736712518225608903e+02
1.780141465819510245e+02
1.775496138204892986e+02
1.760425564423722449e+02
1.784912646523807211e+02
1.781247805694176805e+02
1.758313584694227529e+02
1.768284922476673842e+02
1.765821040932318340e+02
1.762144558334355793e+02
1.754251828301208036e+02
1.794210307275490095e+02
1.771205437534827070e+02
1.735792607453994947e+02
1.766029880866524593e+02
1.736708039704879809e+02
1.758956346625080585e+02
1.771144520806824971e+02
1.781060325808977609e+02
1.779018616619517275e+02
1.726691947960959794e+02
1.758855087231761445e+02
1.768985618257636077e+02
1.765983303765669348e+02
1.770019431932832958e+02
1.748825749559209726e+02
1.780278704966586361e+02
1.765189757971419908e+02
1.737004992834433779e+02
1.783293923362043074e+02
1.768930233435231401e+02
1.739931000531672964e+02
1.760485543347261626e+02
1.757841535334592891e+02
1.757314863222062229e+02
1.787764374190810486e+02
1.772121417331842679e+02
1.793205685432927510e+02
1.792607495814481240e+02
1.748715006461405039e+02
1.791132824205214149e+02
1.785010617061644780e+02
1.792321784411663259e+02
1.772658003693520641e+02
1.814724080644363937e+02
1.758216397660613950e+02
1.813880105495303496e+02
1.766130066917579882e+02
1.791193075109259212e+02
1.779485040346660014e+02
1.757786878138607278e+02
1.774219382342829761e+02
1.766830637149828362e+02
1.765278111358600484e+02
1.789790167424825995e+02
1.750854003893107063e+02
1.774961762005989385e+02
1.768663151174447137e+02
1.791038870222734829e+02
1.767675254747504709e+02
1.796030678298768919e+02
1.755260617925881377e+02
1.805805309165818358e+02
1.731002072660961346e+02
1.794824120233570000e+02
1.749892780133558006e+02
1.779313574572680636e+02
1.739022326152021094e+02
1.803886231789292651e+02
1.781696051525588018e+02
1.771502895252790211e+02
1.763610935136180160e+02
1.767720495498037110e+02
1.796296576489524170e+02
1.763183209102778619e+02
1.787619860422573481e+02
1.797803363524693339e+02
1.728204955576983934e+02
1.764380817562751247e+02
1.765368667817219830e+02
1.783810094767328849e+02
1.809415020576357733e+02
1.771885352586996305e+02
1.776946138218853832e+02
1.768933273878824366e+02
1.789387649959228099e+02
1.776914617204812714e+02
1.803992413959404928e+02
1.779286125354605588e+02
1.749778269526245538e+02
1.791695231607255039e+02
1.768864219328192746e+02
1.765493135150828152e+02
1.776861772328063580e+02
1.782788046098181098e+02
1.760682304845086037e+02
1.754780465145170467e+02
1.781060920020351261e+02
1.769668084204445222e+02
1.767597984322903244e+02
1.767738096928141829e+02
1.744361182940486401e+02
1.789159563717834658e+02
1.784611510136343782e+02
1.771455698784192236e+02
1.733666823788454963e+02
