2.046633142572445081e+02
2.042800729783742213e+02
2.027321872948825217e+02
2.031219413587267013e+02
2.053578055776692679e+02
2.048687502818746680e+02
2.039512938657417749e+02
2.052863552400129379e+02
2.021995395850408954e+02
2.052672656702797553e+02
2.047637626034184279e+02
2.027419516171851797e+02
2.035312637610164757e+02
2.035915505035403896e+02
2.059987064117144655e+02
2.033439897315206224e+02
2.039106864301093367e+02
2.053282715501518112e+02
2.044525029982037836e+02
2.030776984081248600e+02
2.029223226753464076e+02
2.056119526794285832e+02
2.044854742704107764e+02
2.042123518447843082e+02
2.037445785977241428e+02
2.029968724251441756e+02
2.031997237732203416e+02
2.023463121968224243e+02
2.056602703325835648e+02
2.037983520332496425e+02
2.045154933191712416e+02
2.061571095100037780e+02
2.031731223347328807e+02
2.023235779178578184e+02
2.007020375952909035e+02
2.047547476316739505e+02
2.027959404749727526e+02
2.054366595606461772e+02
2.052163600916996131e+02
2.015998825334439459e+02
2.029824088961817949e+02
2.032063201452344856e+02
2.042835651298958908e+02
2.012253066711314489e+02
2.035622757959137914e+02
2.023534081077209805e+02
2.028312509936102970e+02
2.032281245821730238e+02
2.052581474428054094e+02
2.035598376251068942e+02
2.010989587177883777e+02
2.038771596450026777e+02
2.020305157850567639e+02
2.027456582444413584e+02
2.011846491999019122e+02
2.027927219038495252e+02
2.056080623709761426e+02
2.047639921931563833e+02
2.037301000297918279e+02
2.052925515412082120e+02
2.048615873710902235e+02
2.007108364321142062e+02
2.032528398546995732e+02
2.038993325976573203e+02
2.013170642330496776e+02
2.029018835784977739e+02
2.028548470171428448e+02
2.016843547535394805e+02
2.074502522764823027e+02
2.029091298195921809e+02
2.053883973075903953e+02
2.052344089271503265e+02
2.004154346785753376e+02
2.028987267201117959e+02
2.036369236622898313e+02
2.023006730058289122e+02
2.012599690694048888e+02
2.022683584902632958e+02
2.040920670600378060e+02
2.055002863236714177e+02
2.021226283654705185e+02
2.043924698260707373e+02
2.031297763738570836e+02
2.031206262803506206e+02
2.030553895499025145e+02
2.063415088595625662e+02
2.067440214806850634e+02
2.020036407133754608e+02
2.041625925421740817e+02
2.052984488373466263e+02
2.035154903832955426e+02
2.026500787490609810e+02
2.031791620115835428e+02
2.041971594689424307e+02
2.053254214007197902e+02
2.038369535114124176e+02
2.056661036717556499e+02
2.028075314802506171e+02
2.039355413332648652e+02
2.054099040224565726e+02
2.041024945804907702e+02
2.029379133640738644e+02
2.034793092744170337e+02
2.052093676848050166e+02
2.028740607149448749e+02
2.043102916569449974e+02
2.035808147621005162e+02
2.019517350609795017e+02
2.061986064824455980e+02
2.045620300508336697e+02
2.037177956482892682e+02
2.062602625497988811e+02
2.036624632955709728e+02
2.023581360104172688e+02
2.055606073177369240e+02
2.021410963710809767e+02
2.057518143043718908e+02
1.999674639262778157e+02
2.025615823629930219e+02
2.035333188120876571e+02
2.035215379673484506e+02
2.035085483089862635e+02
2.032203082784045591e+02
2.034600841432358038e+02
2.036013168748461055e+02
2.037503946410889739e+02
2.050563394018947747e+02
2.026932236063618689e+02
2.034657593726625464e+02
2.019711508962734854e+02
2.022425201490188442e+02
2.034008689105599785e+02
2.057557896621895281e+02
2.043388223183278853e+02
2.043955339753663907e+02
2.022540055594807029e+02
2.051382038260417460e+02
2.032380124268144357e+02
2.033543672084043408e+02
2.022396081297595742e+02
2.007604729419506953e+02
2.035504803822072688e+02
2.043273586694740516e+02
2.046306604124917499e+02
2.000901743028876467e+02
2.035638337311056603e+02
2.031274766098397322e+02
2.034403091699310551e+02
2.026759380643763393e+02
2.030557628028370800e+02
2.042163646142466575e+02
2.040884306019511882e+02
2.041649975620599662e+02
2.031706789669450757e+02
2.047092025974513945e+02
2.038047392968661313e+02
2.050154217545323547e+02
2.033354474938118415e+02
2.057450093254893204e+02
2.043320794555929467e+02
2.042072735417115439e+02
2.015380328437438777e+02
2.032738835695180910e+02
2.038468868461238515e+02
2.053091006159209257e+02
2.035206792198432311e+02
2.023312845011524814e+02
2.025153346386207147e+02
2.032395681056287629e+02
2.023885197668035687e+02
2.044815382861404771e+02
2.054602387455752535e+02
2.033976407820466648e+02
2.036852468140597807e+02
2.039120530375359124e+02
2.022123685020797268e+02
2.049082856877804772e+02
2.035529983214352967e+02
2.037747434904540853e+02
2.029293426370824420e+02
2.040007940759356586e+02
2.014598434503519400e+02
2.043668507247777200e+02
2.049031479230955028e+02
2.064233939489188003e+02
2.035949527942845521e+02
2.037047826369570771e+02
2.044139346315623129e+02
2.042215265270778843e+02
2.014833103716361791e+02
2.022199521357593994e+02
2.034280700643599289e+02
2.032333339108689074e+02
2.038563342285377189e+02
2.018154583749602011e+02
2.028557825199449951e+02
2.030832795716004000e+02
2.039238144667810104e+02
2.062833436926939044e+02
2.060214505069654649e+02
2.042500100107220078e+02
2.057289651834122708e+02
2.045296649565416942e+02
2.031439335412996741e+02
2.043927355040227098e+02
2.044344226110184479e+02
2.033991214958940361e+02
2.021861142044406563e+02
2.020209980483374181e+02
2.037426829258594410e+02
2.027958551584116833e+02
2.035758705404263083e+02
2.045246667993552308e+02
2.037202476295827864e+02
2.039990052292389464e+02
2.018406853283752582e+02
2.005632589303633893e+02
2.036295772469117082e+02
2.029552785474078007e+02
2.023091651074404353e+02
2.043183821620938261e+02
2.049042061795079803e+02
2.042338307750666218e+02
2.026491908261267554e+02
2.046442515027978857e+02
2.020075686226639675e+02
2.034363236051046897e+02
2.051788655169511344e+02
2.030814830707346630e+02
2.067837959636218272e+02
2.043567797128544328e+02
2.034577291720110566e+02
2.039985530422453053e+02
2.030578950577906028e+02
2.056703883746110932e+02
2.022655241360275511e+02
2.050541418887371208e+02
2.037348984406281716e+02
2.052529506268733996e+02
2.017591892715604160e+02
2.036605631234525617e+02
2.037257173405060087e+02
2.023650835290154077e+02
2.002404791803501496e+02
2.036747813967005243e+02
2.029157681435373490e+02
2.036378247271598809e+02
2.025289278131319293e+02
2.047725647274193648e+02
2.040835825139797066e+02
2.042662204952023046e+02
2.040858227492703634e+02
2.034689693502767227e+02
2.028966827364768051e+02
2.042832596328184991e+02
2.047663603228976399e+02
2.048997975633205328e+02
2.015427224536194899e+02
2.046213014410060680e+02
2.023148311535232438e+02
2.032738113483442248e+02
2.034128446463946034e+02
2.031763783991319485e+02
2.044779579880529639e+02
2.052494906439309261e+02
2.032536241585671348e+02
2.024943346162085618e+02
2.029437344313488438e+02
2.050005092655226235e+02
2.047794517582163962e+02
2.019433884937908203e+02
2.048952562152275618e+02
2.023604457081765986e+02
2.039692418731600299e+02
2.031489980912413671e+02
2.043970767374084687e+02
2.028625509333795378e+02
2.038381896599164804e+02
2.022956018174481869e+02
2.044193123195210546e+02
2.024559635464742087e+02
2.026898238137362398e+02
2.045768733643861879e+02
2.040060781536948014e+02
2.025725364777134132e+02
2.042438189834003026e+02
2.053719377389424778e+02
2.029334064811524456e+02
2.017382596115298838e+02
2.065040463881494475e+02
2.059601284870052496e+02
2.034091931260474269e+02
2.024106122904936740e+02
2.036255391541509141e+02
2.033451317905841336e+02
2.048642284879034889e+02
2.030211997149862668e+02
2.053109978560561899e+02
2.042381680932520283e+02
2.031161088361947122e+02
2.045387443383664845e+02
2.042491325923703016e+02
2.041078411422969054e+02
2.029289306998335292e+02
2.028690596381694320e+02
2.031447614458030841e+02
2.014591289806601822e+02
2.026852093433403752e+02
2.040291975731859111e+02
2.032147282070440326e+02
2.030498343929321265e+02
2.038928937441767459e+02
2.040294406983433646e+02
2.038706336821458933e+02
2.051844751546604186e+02
2.027099767475419583e+02
2.049443070481245002e+02
2.029522774136171108e+02
2.022604373884743154e+02
2.044727839996928367e+02
2.032470338325866805e+02
2.022051800459240383e+02
2.028248439052486845e+02
2.018159842659481171e+02
2.051832932232046005e+02
2.014619480408630636e+02
2.014328814554644396e+02
2.033494040773470317e+02
2.037689670966457527e+02
2.007530335141558169e+02
2.047462126622210405e+02
2.054190105923984788e+02
2.057013952681667774e+02
2.035283575299907568e+02
2.052199546232147043e+02
2.062089748171014776e+02
2.028970111334914463e+02
2.019470578842940256e+02
2.047136526400826426e+02
2.045938706239615783e+02
2.040400908926126817e+02
2.057546467074137126e+02
2.039563185955928191e+02
2.059280615646047465e+02
2.024152385105232383e+02
2.028592052715197553e+02
2.027982832468545098e+02
2.034901637233876102e+02
2.062479297510811875e+02
2.047466727085248692e+02
2.061882407680810445e+02
2.025247930325236609e+02
2.052193322377281106e+02
2.046425655143912365e+02
2.049224925154497896e+02
2.035961944890910047e+02
2.045392510387480911e+02
2.020630118127804735e+02
2.051211178921635394e+02
2.038613164654691161e+02
2.062533275022661883e+02
2.054474338871237649e+02
2.043964735928954326e+02
2.037810189677328481e+02
2.056903968285606084e+02
2.034633089778974409e+02
2.039682613923235124e+02
2.032814116062801304e+02
2.046943065649319067e+02
2.045906202119105899e+02
2.060949209182425932e+02
2.017147361152125598e+02
2.051718350553063317e+02
2.063128219323004373e+02
2.027937007240319645e+02
2.011622817523837909e+02
2.040686860594215659e+02
2.037946183198174310e+02
2.040786884399885537e+02
2.025028133735555400e+02
2.048103764407765368e+02
2.035769450191197905e+02
2.048900209521698628e+02
2.028042980386037470e+02
2.042245776557225554e+02
2.047502912857580100e+02
2.059256907862863386e+02
2.032089094519210732e+02
2.029562189706726087e+02
2.034595759524223695e+02
2.040576922347933646e+02
2.036445646908847209e+02
2.056719908408218203e+02
2.042162608620119499e+02
2.039990652057602176e+02
2.021852191747038887e+02
2.058471592518188800e+02
2.048290223737579083e+02
2.045906166952700858e+02
2.041862299640188212e+02
2.021624155757846211e+02
2.025804880613704313e+02
2.022705766547335600e+02
2.034622113006854818e+02
2.056465306662814783e+02
2.028127213328681933e+02
2.061764364148309596e+02
2.047923924994513811e+02
2.044603156189423601e+02
2.060076169802733261e+02
2.044486377193863689e+02
2.018467105981476379e+02
2.030143363555781093e+02
2.023371205469728409e+02
2.008290802009518075e+02
2.025284646899737879e+02
2.052273717610237611e+02
2.035405656053019925e+02
2.032781107893320325e+02
2.022825696428932645e+02
2.017669122045628569e+02
2.038151704781859621e+02
2.062137590661060358e+02
2.018138555273957309e+02
2.039910890463106341e+02
2.039013359372768264e+02
2.044650835482722186e+02
2.041396911610421228e+02
2.061634886765687895e+02
2.033183605534150331e+02
2.034914017331298624e+02
2.036833781707713058e+02
2.043245928062029293e+02
2.025600139674335196e+02
2.023236669769702019e+02
2.018373725313153670e+02
2.049799795550062242e+02
2.034346681116676052e+02
2.047939810628022883e+02
2.056703494914680732e+02
2.056026591187269332e+02
2.049312039824931162e+02
2.027914458998307623e+02
2.030564393904085705e+02
2.027305252436764533e+02
2.029626902709450178e+02
2.043149661287608296e+02
2.042004473746527822e+02
2.044875241633400833e+02
2.034910021721453006e+02
2.019453386842305349e+02
2.033893414496002094e+02
2.027066707460007535e+02
2.051158017601367760e+02
2.042288451924547417e+02
2.022805532909198121e+02
2.051939674267717635e+02
2.036683689832462107e+02
2.031592532176391899e+02
2.043116704500319258e+02
2.044420817098539658e+02
2.068624498831056826e+02
2.031898941016893332e+02
2.029429896649729415e+02
2.021765547436744725e+02
2.051213267583873971e+02
2.047124650487236011e+02
2.036081385305078868e+02
2.034432061251347079e+02
2.038910089082147010e+02
2.055310429611594429e+02
2.053943574184562237e+02
2.041901163853076469e+02
2.025349794560443399e+02
2.029924939840996387e+02
2.031849686614752670e+02
2.031587681432015131e+02
2.034089954024246651e+02
2.039492397843085030e+02
2.023418422081037988e+02
2.053138544165897770e+02
2.047699211560649246e+02
2.040638251415246600e+02
2.026466907726810405e+02
2.018027637995376722e+02
2.052702462558326317e+02
2.023789446942862753e+02
2.053002251629136765e+02
2.029854383324399691e+02
2.033471048765551927e+02
2.040057600419590074e+02
2.012070486183228866e+02
2.032780444923866980e+02
2.033666551190372616e+02
2.042314746736675772e+02
2.030991831053680983e+02
2.046346201775341171e+02
2.034080689339091634e+02
2.047845744988533454e+02
2.032020871102130855e+02
2.041685723649017916e+02
2.039353105000141397e+02
2.047123222428170948e+02
2.041663408608093846e+02
2.057159737035493094e+02
2.056720458307388242e+02
2.042947224563123712e+02
2.027358978609250642e+02
2.061442469006692306e+02
2.055598602113076367e+02
2.030005127729889693e+02
2.027461339104193314e+02
2.038869561613070118e+02
2.039005026325860399e+02
2.038160760807340068e+02
2.043584166366476609e+02
2.014956669282565827e+02
2.047438226978272837e+02
2.057327558112655481e+02
2.026306421791779542e+02
2.059610939715859956e+02
2.008274165981594876e+02
2.036443011286584692e+02
2.045653449530710475e+02
2.027117004246020429e+02
2.049430202120288129e+02
2.021580669315739556e+02
2.033537416288137081e+02
2.044845056494445998e+02
2.040882680004272629e+02
2.022668949990876115e+02
2.038195853353788323e+02
2.027993558688283713e+02
2.030121365444117600e+02
2.044290946499975803e+02
2.034371016767269680e+02
2.024058558433312385e+02
2.062139289841557570e+02
2.051363385226937623e+02
2.044179101651734527e+02
2.036070410702332936e+02
2.038589234226669475e+02
2.040725490808478924e+02
2.033588820582436369e+02
2.013224797257144587e+02
2.047965657694229265e+02
2.017974050338486336e+02
2.020320401024563921e+02
2.040064726418617340e+02
2.057419613682433521e+02
2.040480258721062228e+02
2.031981008377070168e+02
2.023205713079322834e+02
2.051810726477998230e+02
2.050960621535970461e+02
2.036909926826649553e+02
2.024409122695532233e+02
2.026554078359807534e+02
2.043056735762394851e+02
2.021856937786089077e+02
2.037237080891858056e+02
2.021841766075294231e+02
2.035577163038342405e+02
2.048314198127922054e+02
2.063117459868573178e+02
2.040894179200796259e+02
2.017844660745522845e+02
2.057008660131035072e+02
2.043674835417688485e+02
2.044337193067532041e+02
2.035377549419349066e+02
2.030900172650638922e+02
2.039806964455097500e+02
2.048019575803424743e+02
2.065308886487590030e+02
2.049338004829942577e+02
2.023851161535728522e+02
2.034407223250512118e+02
2.055665809419793106e+02
2.036200575778944142e+02
2.046473334430641557e+02
2.033546770132079757e+02
2.050853514693739328e+02
2.018480058296730419e+02
2.034011557949094140e+02
2.032689265255435203e+02
2.050791919819446321e+02
2.030212557341831143e+02
2.046243914959813424e+02
2.047016990202057798e+02
2.048330801913251662e+02
2.037033522761352060e+02
2.047867869543695463e+02
2.032915507035380358e+02
2.031922343476738888e+02
2.032755044702712155e+02
2.049370528803779337e+02
2.034852066468006910e+02
2.027121898202094314e+02
2.054988720304848187e+02
2.027527505794127194e+02
2.029069220444732764e+02
2.019174985234625410e+02
2.051767781682320049e+02
2.032013985385473234e+02
2.036389254385181289e+02
2.033263316328754513e+02
2.056670256855144601e+02
2.044258007055741189e+02
2.050646656279789113e+02
2.031275850257955256e+02
2.056520540446471443e+02
2.036492121010498124e+02
2.039244179443118981e+02
2.004976062852770440e+02
2.041051411612317565e+02
2.032308748258261630e+02
2.033148726153565633e+02
2.057348381038427760e+02
2.030176120075479673e+02
2.038432125374766031e+02
2.031922871747599402e+02
2.025129502538964346e+02
2.061429977695447633e+02
2.039419040014892630e+02
2.038913459795371068e+02
2.029404511026124851e+02
2.023198510613120504e+02
2.033577735182973356e+02
2.034523196851363593e+02
2.045058329596599833e+02
2.047879307439295076e+02
2.026067374757492416e+02
2.046297378991953053e+02
2.039636344952405125e+02
2.016275143042012701e+02
2.025721554963636493e+02
2.036352738492635126e+02
2.024956782001743250e+02
2.018535173040385473e+02
2.037911387027222929e+02
2.063914068000838142e+02
2.053517181315971527e+02
2.028776366564325144e+02
2.045659257150809935e+02
2.037219576327350410e+02
2.017206934944203169e+02
2.031653637073045786e+02
2.014427724523722532e+02
2.048856886503770909e+02
2.041188399501413642e+02
2.034561155028367239e+02
2.070202642330332026e+02
2.051318433264823966e+02
2.020126315654723044e+02
2.044849203993174740e+02
2.026903874749495742e+02
2.074852615652918075e+02
2.022743222444671858e+02
2.047965884772921470e+02
2.036517457235382267e+02
2.062541339060972518e+02
2.067800811767241953e+02
2.037431160518047761e+02
2.050474951284182907e+02
2.056701157241848250e+02
2.022223625296449256e+02
2.015590935140218107e+02
2.038359307302777381e+02
2.040613488394493231e+02
2.021601161711620307e+02
2.032460341134389807e+02
2.040812254297327399e+02
2.042831864643062545e+02
2.058135751610287230e+02
2.026404810613632606e+02
2.040615727792411178e+02
2.034216818543796990e+02
2.040604030243886200e+02
2.036634358156601081e+02
2.029450124730074663e+02
2.033000879842951178e+02
2.033892650024497470e+02
2.039541432109518553e+02
2.056042498572201964e+02
2.018242019229268465e+02
2.058746632875769365e+02
2.024159320021019255e+02
2.019058714701087354e+02
2.016510924142664294e+02
2.017126763207664339e+02
2.049139423439951599e+02
2.047990403687714149e+02
2.020115145928012055e+02
2.036241617558217172e+02
2.050228496423906961e+02
2.018688560383951085e+02
2.016654787666183779e+02
2.037528699882991248e+02
2.043508340793854927e+02
2.029008369685356570e+02
2.034686345300977450e+02
2.050304112323858305e+02
2.041824780037190692e+02
2.052136118740141342e+02
2.020715287685049475e+02
2.023529890973469776e+02
2.018354023047394321e+02
2.009630440810553864e+02
2.028123113105401956e+02
2.007082768611350616e+02
2.047210187367018648e+02
2.027068513052385867e+02
2.040173134816246545e+02
2.040282586944042009e+02
2.021425736899435606e+02
2.049271914609657586e+02
2.027657081873183245e+02
2.025879777387093554e+02
2.051786095924676090e+02
2.032416345699341207e+02
2.037795385923283220e+02
2.044560036488814774e+02
2.021166927062006664e+02
2.011325563576324100e+02
2.048915328903894704e+02
2.046354151678814901e+02
2.060878978021015655e+02
2.042774217485651036e+02
2.072932057804769670e+02
2.057184752990277161e+02
2.034598307614849091e+02
2.040645870511193323e+02
2.039392576309699336e+02
2.044121286416172438e+02
2.029335999392843917e+02
2.038595575708281444e+02
2.065913130246201774e+02
2.017339368633271590e+02
2.041095826267949462e+02
2.060504440315278032e+02
2.034455369567327523e+02
2.035928047848015296e+02
2.033504329286714665e+02
2.020905532536311568e+02
2.019603845192591223e+02
2.038439952787824723e+02
2.040205584053283587e+02
2.027134045547712162e+02
2.034640058160870240e+02
2.026728260349695745e+02
2.030267088043316619e+02
2.054993427072103316e+02
2.050724723867855346e+02
2.039840033474197583e+02
2.024244269424364404e+02
2.042075162358241300e+02
2.015183263722970537e+02
2.039726384243858206e+02
2.008441332552671952e+02
2.027439915990092345e+02
2.023684852389110631e+02
2.056824212214254999e+02
2.033496773180047512e+02
2.050170731506020161e+02
2.060931805196022992e+02
2.034619822234141964e+02
2.046208289160310301e+02
2.036536940586553897e+02
2.032179186626983665e+02
2.041215826006408065e+02
2.024882433664239727e+02
2.032032323503190696e+02
2.023621950350421628e+02
2.025927216867669642e+02
2.037551566803990966e+02
2.034885695328307520e+02
2.047712363562888811e+02
2.030679421247457128e+02
2.026243563962504481e+02
2.035164625863547769e+02
2.021701243903988541e+02
2.050774013830709634e+02
2.040198937816850844e+02
2.037302457026637796e+02
2.070073306209487214e+02
2.018562424947164970e+02
2.024824684131907873e+02
2.054323780533484864e+02
2.041243802940277021e+02
2.035471149236874737e+02
2.033272739532093851e+02
2.029961935966654210e+02
2.041037501545245618e+02
2.046374617540314773e+02
2.020604550680239981e+02
2.053420861060565130e+02
2.051151909082441023e+02
2.049102094118987623e+02
2.051883076683061518e+02
2.033702060508044838e+02
2.059378098459471857e+02
2.053564319858520264e+02
2.047660175630277024e+02
2.035181310031510122e+02
2.015419087378257927e+02
2.024702037679626585e+02
2.052188995182754070e+02
2.049079265840056507e+02
2.026323815319018422e+02
2.039421591585022213e+02
2.045218976766618084e+02
2.067791987406359340e+02
2.033467230176978546e+02
2.041063197401701359e+02
2.042250114376332988e+02
2.031146335107432890e+02
2.044240470080698344e+02
2.022496423726721275e+02
2.034977200966238229e+02
2.038555360738135960e+02
2.027234737992800717e+02
2.024557331100676834e+02
2.037232164828873806e+02
2.037359948253943855e+02
2.026004266341734024e+02
2.034705573282889191e+02
2.032354855355191035e+02
2.029410642939665763e+02
2.031487981902710942e+02
2.024825616576169409e+02
2.022881641979946608e+02
2.031153555975402298e+02
2.013967491654301512e+02
2.040629089378555534e+02
2.052108276136803227e+02
2.021624348428494784e+02
2.018126240563274223e+02
2.040612207501166893e+02
2.015576360481213101e+02
2.010359073115856745e+02
2.047827009781094603e+02
2.043813339459548502e+02
2.032313793493417791e+02
2.050887487913003042e+02
2.031660618795982884e+02
2.021589162466393077e+02
2.024678151435487052e+02
2.039206509795446607e+02
2.052608063546589108e+02
2.064795014603377297e+02
2.051212608597284088e+02
2.053611341172580751e+02
2.056540594928277415e+02
2.031779942761684481e+02
2.046090093106471954e+02
2.038885498657825508e+02
2.043798738392342216e+02
2.036356185963909979e+02
2.032601181954331651e+02
2.028591103378044238e+02
2.043855079338773066e+02
2.019601469287404996e+02
2.058575643250230769e+02
2.054866964473283701e+02
2.025244172926577733e+02
2.032108520753866969e+02
2.039115610433032089e+02
2.030639732272616982e+02
2.037558109246252513e+02
2.040323695759455234e+02
2.042603714505963808e+02
2.045193732164454161e+02
2.032667870992780195e+02
2.032399428762241200e+02
2.027250536539407051e+02
2.059179524245548407e+02
2.012042723379995834e+02
2.041240379089731505e+02
2.056685244209257633e+02
2.024922197388566474e+02
2.045396160254531424e+02
2.032690756286456804e+02
2.006497079760666509e+02
2.060243090975702955e+02
2.059810077550504843e+02
2.033528546106810211e+02
2.058320796974539064e+02
2.039331696401111458e+02
2.033845319381905767e+02
2.053652374452371703e+02
2.028125717665067782e+02
2.035078191761458584e+02
2.038861478062407002e+02
2.059081264702350609e+02
2.033339731157848007e+02
2.054047663659086993e+02
2.036782732509083473e+02
2.059849583240205675e+02
2.047945029626839641e+02
2.073955571655680217e+02
2.037757986140070727e+02
2.036651352722844308e+02
2.023106375460997981e+02
2.021680354887556064e+02
2.045358401203541518e+02
2.058869086643268815e+02
2.028002970272190737e+02
2.040022341267533648e+02
2.033334482435096788e+02
2.033804967926928100e+02
2.031411184697349483e+02
2.036979624579980168e+02
2.044407403445898979e+02
2.039884122506648225e+02
2.007975490698039209e+02
2.045005484379017275e+02
2.059757184325437720e+02
2.034377195059417147e+02
2.065001094861127910e+02
2.018363171849333924e+02
2.040128218129216862e+02
2.031480407448305243e+02
2.047802890215490095e+02
2.000511436813389139e+02
2.030681624706574269e+02
2.036958164588525051e+02
2.040165830717074016e+02
2.057607857892685672e+02
2.037350265233307312e+02
2.025756701265284789e+02
2.038904668791481640e+02
2.044441731914665183e+02
2.060699693852453152e+02
2.046122080148964528e+02
2.038493103213208428e+02
2.032464183648164635e+02
2.031445807304751838e+02
2.040735691457680332e+02
2.042873572749994935e+02
2.032983226364819984e+02
2.026996694112391424e+02
2.044083352380887675e+02
2.050219967230483178e+02
2.036429201371879572e+02
2.027200170860116089e+02
2.024884997368632185e+02
2.045102770133996728e+02
2.035605281692231472e+02
2.050624289917744250e+02
2.029901336558712046e+02
2.035548023568174756e+02
2.027996033802869817e+02
2.029350784130189425e+02
2.040166401916968084e+02
2.031340785642722722e+02
2.052292335007992392e+02
2.047564976197083695e+02
2.038624296851432689e+02
2.046747778892223550e+02
2.027523580419012887e+02
2.049548811009550207e+02
2.030101593143594982e+02
2.043571425092540039e+02
2.031030567890769305e+02
2.040948819356842989e+02
2.040344410724462421e+02
2.029671057275794226e+02
2.013092171330299323e+02
2.018607562263693467e+02
2.055922639458763115e+02
2.047679665404826892e+02
2.047512745588961138e+02
2.048119635733346229e+02
2.048720966366165328e+02
2.044738388676261138e+02
2.035354896474136410e+02
2.025211531880169105e+02
2.017140823733482762e+02
2.043371568532996037e+02
2.029516607444426768e+02
2.024348873437021155e+02
2.039044329702245193e+02
2.017530765460870157e+02
2.038955942287439314e+02
2.039148622624859399e+02
2.013425969455658731e+02
2.021376963287091542e+02
2.046819611702463817e+02
2.048162493935548412e+02
2.046779107204230286e+02
2.061971343805037122e+02
2.026428479089932466e+02
2.047357864862613894e+02
2.046136837624966631e+02
2.020652701883879843e+02
2.041529943390083588e+02
2.005177802414933979e+02
2.037795625299260109e+02
2.040252624101138110e+02
