1.237315101716951204e+02
1.257697778798704178e+02
1.233394359722640417e+02
1.246580113044708469e+02
1.242743819548379349e+02
1.233465877691655095e+02
1.244784483871828229e+02
1.248908756786783414e+02
1.238364845357934740e+02
1.247453926321942674e+02
1.249572206669246697e+02
1.238789116963015573e+02
1.242911375261210623e+02
1.243398120002748044e+02
1.230615044215912377e+02
1.234226950630087458e+02
1.237489224320303833e+02
1.233204414704115379e+02
1.235309319495514444e+02
1.238360738601830917e+02
1.227596021186946018e+02
1.225085616293022497e+02
1.235934444507927026e+02
1.228038426042434423e+02
1.244865306181419129e+02
1.233442570410371246e+02
1.255397504329636433e+02
1.226540312530739243e+02
1.232392573396665370e+02
1.243248079955541243e+02
1.239717582162264762e+02
1.239541008702643268e+02
1.242806131139473536e+02
1.244987483039146809e+02
1.230826946353220990e+02
1.238318374210084158e+02
1.224973606397605721e+02
1.232141809108306916e+02
1.228587662715243738e+02
1.232893933317387365e+02
1.230484111608776914e+02
1.249269273034241650e+02
1.247134285051362355e+02
1.237550679778140790e+02
1.243034516230887050e+02
1.234149015956912905e+02
1.237294441067484314e+02
1.238752799101080910e+02
1.230692979618434180e+02
1.246354581993403770e+02
1.250098529925045057e+02
1.256459434573715868e+02
1.246218295634046171e+02
1.252884030269521247e+02
1.240821173290011075e+02
1.248663514036895350e+02
1.228419405130367750e+02
1.227297690196910480e+02
1.234692220806454657e+02
1.248309902098794453e+02
1.254172376686168491e+02
1.238128947759800980e+02
1.241793184742340941e+02
1.238848673640441689e+02
1.240661241620202730e+02
1.234473116126544596e+02
1.234551731125293941e+02
1.241323287258276622e+02
1.232401112966491041e+02
1.230318054847477356e+02
1.236333481079324628e+02
1.240851417894661637e+02
1.225192360465106702e+02
1.236153564575708259e+02
1.236840246339648672e+02
1.238099236637602161e+02
1.241683089665555713e+02
1.251668031516888675e+02
1.237426613476933142e+02
1.237134631925820258e+02
1.239613314265059785e+02
1.239169204275936949e+02
1.238687223840523188e+02
1.237764070310840765e+02
1.248387043284402580e+02
1.232128387087065136e+02
1.235657038625702171e+02
1.231023439982578367e+02
1.232937485003017883e+02
1.239920328578718340e+02
1.248771962137409446e+02
1.240043698249452291e+02
1.240833619651226769e+02
1.233390258929055960e+02
1.227215058766324631e+02
1.239892876381697846e+02
1.238045281206949824e+02
1.245235423420558618e+02
1.242568255553705825e+02
1.254833565218032021e+02
1.237035983418574858e+02
1.238525811360462683e+02
1.249858137018227069e+02
1.253633081258084729e+02
1.243694667086648167e+02
1.226767335155125380e+02
1.236068699617513005e+02
1.239132430506017073e+02
1.227566905773891222e+02
1.236782843894080344e+02
1.241512336963856598e+02
1.245299069199160868e+02
1.231508668807028073e+02
1.222953827579194126e+02
1.235413636355820159e+02
1.246054548069394201e+02
1.241111120678557427e+02
1.251511168879874134e+02
1.242653463162145329e+02
1.242811756203338547e+02
1.245651348479334217e+02
1.253054220966388641e+02
1.237976779492002919e+02
1.234685710970517931e+02
1.248126835388837037e+02
1.225464189542333031e+02
1.255277055628204579e+02
1.238308628097819479e+02
1.244943434423468602e+02
1.246327626842695224e+02
1.235435232393141121e+02
1.244029095536504315e+02
1.230088229328726612e+02
1.253702713528135604e+02
1.238926721764618151e+02
1.244571182169425185e+02
1.236962196362464681e+02
1.243759888624278886e+02
1.249966797036304058e+02
1.237625445063295473e+02
1.232837371189302047e+02
1.233821621946807028e+02
1.240449714080568668e+02
1.243342430422590184e+02
1.241393613611938349e+02
1.233432714653097406e+02
1.241622453712456462e+02
1.244447442557542303e+02
1.241974090716000205e+02
1.234060521239843098e+02
1.238346255941942218e+02
1.230737748401480189e+02
1.248693177550342170e+02
1.242814752468814419e+02
1.232320266629245822e+02
1.240544575712027751e+02
1.253458049361690598e+02
1.247486382516823795e+02
1.234469976999905754e+02
1.235746183300753955e+02
1.259264843206133264e+02
1.229543525972235898e+02
1.226616315618912409e+02
1.246559909544697433e+02
1.244480335598011607e+02
1.236326139819241092e+02
1.219932005093614009e+02
1.229748036363221644e+02
1.229775759796864065e+02
1.229561918516745891e+02
1.243939371872233295e+02
1.230462150041490474e+02
1.239276170967776807e+02
1.230028524698219599e+02
1.242911450002651463e+02
1.238836820169485406e+02
1.239973282414177191e+02
1.244329377664836471e+02
1.227439327428148630e+02
1.237470522474303749e+02
1.244733633249094140e+02
1.229167782547551866e+02
1.255882683438185126e+02
1.251490480275023316e+02
1.243863030723241963e+02
1.234382846574583112e+02
1.232413921133416039e+02
1.236808704888844517e+02
1.234025678214379838e+02
1.238958296223461844e+02
1.244083988873047986e+02
1.229785940573067506e+02
1.237911155369329208e+02
1.237799732921485827e+02
1.238786866903363659e+02
1.246303354709818905e+02
1.257017900855895363e+02
1.234049431892438520e+02
1.236534608312057202e+02
1.234622885642912991e+02
1.242720589961138700e+02
1.238357988319696403e+02
1.246567302956843690e+02
1.228802281214799450e+02
1.248007004259745827e+02
1.245387923141477700e+02
1.212516683659779204e+02
1.236595954992196482e+02
1.241982252422185269e+02
1.232190669554920959e+02
1.247794192086277434e+02
1.242912525000091506e+02
1.240781834181138521e+02
1.234001439842632664e+02
1.230840115856292698e+02
1.255686418912220148e+02
1.237288931610222988e+02
1.243720856126293484e+02
1.237428425973953523e+02
1.236012120427020164e+02
1.229082395108880092e+02
1.223047868046891864e+02
1.241445625316065104e+02
1.228202819125820469e+02
1.231114634708055320e+02
1.239817696344150733e+02
1.254122471033777231e+02
1.236891996968173828e+02
1.240119014529172858e+02
1.243023871963622753e+02
1.238422284805829179e+02
1.235403917695277016e+02
1.233759601572838847e+02
1.230010074765530419e+02
1.244279886399489214e+02
1.238901778509207929e+02
1.225414369613773289e+02
1.232846816952760634e+02
1.238497932919278384e+02
1.239380622475985945e+02
1.254136941177794142e+02
1.247681874930392070e+02
1.235655712765454979e+02
1.233107423668529350e+02
1.235569985210500761e+02
1.240669223729608035e+02
1.237977580318171817e+02
1.249095281433388607e+02
1.237434681487101784e+02
1.236063499930932466e+02
1.240888779252048550e+02
1.244424453753027819e+02
1.236326005165400232e+02
1.229408372469028023e+02
1.239773965509048992e+02
1.228123457134965122e+02
1.240008049070896305e+02
1.228134966514566457e+02
1.247182032610606512e+02
1.234598433003675382e+02
1.236525900533323323e+02
1.243648383148619132e+02
1.237058894201212382e+02
1.235543978222463011e+02
1.240526934480539438e+02
1.233996044434039874e+02
1.231872245561387444e+02
1.243247863627957202e+02
1.238524730446272599e+02
1.239062858196335526e+02
1.231273770300372945e+02
1.234226133430250911e+02
1.225967727608403379e+02
1.242100747399053660e+02
1.228817048216161112e+02
1.239042114589885415e+02
1.247137852761352264e+02
1.240403628973311214e+02
1.237274489322797280e+02
1.230109595095094477e+02
1.233089266223012430e+02
1.245676278738255434e+02
1.240059852497634552e+02
1.244926594078906845e+02
1.249256877933771221e+02
1.242235908288527355e+02
1.244870175816043059e+02
1.234307663584790191e+02
1.249949810415983649e+02
1.241035807621198046e+02
1.242140420321587584e+02
1.246454578821443846e+02
1.253654218369197082e+02
1.242031089247693956e+02
1.243217949417968526e+02
1.238021935787421910e+02
1.242921939358247982e+02
1.247951326244686356e+02
1.246167015174947323e+02
1.245998401683360441e+02
1.224039148681147111e+02
1.239986273733424582e+02
1.240679400886213841e+02
1.237929826929294137e+02
1.244380488942633605e+02
1.240489639633311185e+02
1.232213136304664403e+02
1.247425308079867534e+02
1.240252640325105631e+02
1.229948398483493435e+02
1.248175794195351358e+02
1.245920148833999974e+02
1.237090038533213630e+02
1.237862465594791672e+02
1.243689675075376186e+02
1.235372619939089844e+02
1.238193939417972587e+02
1.237155400775741185e+02
1.238305358870392041e+02
1.244477336807283052e+02
1.232244687739219415e+02
1.232012902441357340e+02
1.239727056997484738e+02
1.246186085062338407e+02
1.231773593706264194e+02
1.247192081909903436e+02
1.241605867967495556e+02
1.241613745923004757e+02
1.236575159052789843e+02
1.232171214977287121e+02
1.229152703785747320e+02
1.244086912650214884e+02
1.251142071937708948e+02
1.230674881856624125e+02
1.233279920417057838e+02
1.238523784903532317e+02
1.234890479484478192e+02
1.249647258744905400e+02
1.233693094309014384e+02
1.244169697842103801e+02
1.248894833114762122e+02
1.229059157375825748e+02
1.237257301325390131e+02
1.242656334713417721e+02
1.225726763682868352e+02
1.227531250574223805e+02
1.241670318385793479e+02
1.240899581547251813e+02
1.236987971705716518e+02
1.247712235340428890e+02
1.233576161193916931e+02
1.242863708890412369e+02
1.250643890334980028e+02
1.253844135748514503e+02
1.239501402762442126e+02
1.240376278857478241e+02
1.244508013829910738e+02
1.240080756883679953e+02
1.237263996290994328e+02
1.245787593562362048e+02
1.227985363112619126e+02
1.235170382295504083e+02
1.248588491185818015e+02
1.246645182751479695e+02
1.244144200122231183e+02
1.239486835896588417e+02
1.231270911806558246e+02
1.232653429085614505e+02
1.240118939187844376e+02
1.239781045494678864e+02
1.240932438723560409e+02
1.243148572365391544e+02
1.242026961803974956e+02
1.234453633447928240e+02
1.240970489337540954e+02
1.236233221181054347e+02
1.232053211304129690e+02
1.238614019954181913e+02
1.238163175726770362e+02
1.234555435286668796e+02
1.239680132033858513e+02
1.244996157643967507e+02
1.232833311569096111e+02
1.248663234816391849e+02
1.243772288101639560e+02
1.245420479675266279e+02
1.257101598949463721e+02
1.232719906590031798e+02
1.244480721855334480e+02
1.239346119804879010e+02
1.249621516472421234e+02
1.236673500173306763e+02
1.238223143745237422e+02
1.245899206278380547e+02
1.230877423909518598e+02
1.238514534256424611e+02
1.234677445943577538e+02
1.239664772274123976e+02
1.242534917732604072e+02
1.233006038689109403e+02
1.243127889901999055e+02
1.226529901590495939e+02
1.223570666815955548e+02
1.243759473721018480e+02
1.239206761906608278e+02
1.241757800900267199e+02
1.241161781387919945e+02
1.247399675041399973e+02
1.252516194207241824e+02
1.237695826892230571e+02
1.244357501018581615e+02
1.238959008495794762e+02
1.254062453060159186e+02
1.239961686569562005e+02
1.242087161045727157e+02
1.232350352015103851e+02
1.225533276776585012e+02
1.245432769932553754e+02
1.233784187636482841e+02
1.241423915398268321e+02
1.241392718431640532e+02
1.240861587988055561e+02
1.233440234042953421e+02
1.243448180481128986e+02
1.245841264756934095e+02
1.242163238525730549e+02
1.243326341618854372e+02
1.243324393630115594e+02
1.241637730963395114e+02
1.234796510745512990e+02
1.244730969281698663e+02
1.236259603555277806e+02
1.236232488177749644e+02
1.239205000407287827e+02
1.234772489361906054e+02
1.249747407343254508e+02
1.232033199242288646e+02
1.236754395633836339e+02
1.242455964780012181e+02
1.234237059383222999e+02
1.239846978123750603e+02
1.241129710855115036e+02
1.229846110377625763e+02
1.234707656998097036e+02
1.239294338139185072e+02
1.238304156471381532e+02
1.245199235557807071e+02
1.240777505925167787e+02
1.228895467716279200e+02
1.236435254675034798e+02
1.232559592209762656e+02
1.238113939457380468e+02
1.242052695287875252e+02
1.241696556046693019e+02
1.229493600586338857e+02
1.234710289280652944e+02
1.230914101663327926e+02
1.242969290971191754e+02
1.233999455605856781e+02
1.226048674720507137e+02
1.250506234047360579e+02
1.247055113006471458e+02
1.234921360027029635e+02
1.241640875275265330e+02
1.235341869776105455e+02
1.252746629742590017e+02
1.243097205986751703e+02
1.235589665831816006e+02
1.244893072199423472e+02
1.245578177006191680e+02
1.239617893313121044e+02
1.250801836487918166e+02
1.246010734334354169e+02
1.250002564300873473e+02
1.236148211204258445e+02
1.237075020651163300e+02
1.223342878141640995e+02
1.238585442082312653e+02
1.238772264941882213e+02
1.234727246314836435e+02
1.239996786563010289e+02
1.241005434384306341e+02
1.245890564001698948e+02
1.239762906409959555e+02
1.232941291584667169e+02
1.242954372452227290e+02
1.245028739842893941e+02
1.235449048763275499e+02
1.246710177957378392e+02
1.236322511559913124e+02
1.240428085312657487e+02
1.242122477648882608e+02
1.232233621815206419e+02
1.228942017427567492e+02
1.246903697526853989e+02
1.242536727661969280e+02
1.240944611110450779e+02
1.232015913509626017e+02
1.243500137882678871e+02
1.230978713682967225e+02
1.227470704093871490e+02
1.240792484265105173e+02
1.237756223866947209e+02
1.240198446019088721e+02
1.246304946660466157e+02
1.242362430250825156e+02
1.228434809303958701e+02
1.229025938443433859e+02
1.243475043844448038e+02
1.236654802870500873e+02
1.243075163085177763e+02
1.251757403036584435e+02
1.251963520651816140e+02
1.252268199143812808e+02
1.240332753628850497e+02
1.252252484308460794e+02
1.247722340012218609e+02
1.236403933169531655e+02
1.242292524832575680e+02
1.229729355349773243e+02
1.224792350938213445e+02
1.235836973072750737e+02
1.233156700107951309e+02
1.249179282586261053e+02
1.226392869999663731e+02
1.230744345974058689e+02
1.232900068603715908e+02
1.241775192571156907e+02
1.235355585936712544e+02
1.240423685723592229e+02
1.239250341547851093e+02
1.239711112983604266e+02
1.233516351312115376e+02
1.232593021592368672e+02
1.230260824187662934e+02
1.229133418333190662e+02
1.237276703844336083e+02
1.237705515201264461e+02
1.247647449411344667e+02
1.218209094511390163e+02
1.231616286267775138e+02
1.247148026336127344e+02
1.249045816112890748e+02
1.236571020698306711e+02
1.235330807703588079e+02
1.240470010990386101e+02
1.240363166441368890e+02
1.245570215121897917e+02
1.240112264673449971e+02
1.235511344493203865e+02
1.244964751332979915e+02
1.247339754310781075e+02
1.227048365324532426e+02
1.232781613252414843e+02
1.240615658798471088e+02
1.250627310098122678e+02
1.233828388299934886e+02
1.232571600700866696e+02
1.240079654766884119e+02
1.230355901462758510e+02
1.243629572234498823e+02
1.237700721026060506e+02
1.224287004894914759e+02
1.244195127007506159e+02
1.242784020334713802e+02
1.247320441764475731e+02
1.238437324728542563e+02
1.227212855712852502e+02
1.241505082244403724e+02
1.227240821801415365e+02
1.249536466534335659e+02
1.240721978017242151e+02
1.251998283603771966e+02
1.239516840502357553e+02
1.236419944994422480e+02
1.243625884306905931e+02
1.239691417978995815e+02
1.242280604437176521e+02
1.233509415209422997e+02
1.239144428281158810e+02
1.243202308452820688e+02
1.228601089684423755e+02
1.236180634106968057e+02
1.241429529169624999e+02
1.242579444699280202e+02
1.241669820543065299e+02
1.239708834818456182e+02
1.241803249455623899e+02
1.241532902851531333e+02
1.252434200960658046e+02
1.246038088048154862e+02
1.238429510880244635e+02
1.236093087305305431e+02
1.245131670774244981e+02
1.244240924669636001e+02
1.240217167100843056e+02
1.250752621239433040e+02
1.233704520248631553e+02
1.232979787437177492e+02
1.240674185277549100e+02
1.243012243821756044e+02
1.234979661737982752e+02
1.231522321606847896e+02
1.231250650685226020e+02
1.233624617652447029e+02
1.241985915523697770e+02
1.253740797730658159e+02
1.246877270545546850e+02
1.239198114255282377e+02
1.237083573325213024e+02
1.237636052473364003e+02
1.245795196288417657e+02
1.238821505517179133e+02
1.236764546467954204e+02
1.220324990725652015e+02
1.235853891264864046e+02
1.231502996532457814e+02
1.240987563935598530e+02
1.238254487234818271e+02
1.243142771581421755e+02
1.247845492620729004e+02
1.236547416324902713e+02
1.241751718403905898e+02
1.244511259207182832e+02
1.253026138770076017e+02
1.238146786093488032e+02
1.232215353395553308e+02
1.238303935881382500e+02
1.240579780187438246e+02
1.247483004996956311e+02
1.235272211416663311e+02
1.230278593455345941e+02
1.241053271261282163e+02
1.246454910728825212e+02
1.233632061662634101e+02
1.232610065180736711e+02
1.241862522534397897e+02
1.243438872502099031e+02
1.240781129583392897e+02
1.225317554856406446e+02
1.236165497338118797e+02
1.224998272907335206e+02
1.227953111731916778e+02
1.233315532747183738e+02
1.259130590690048592e+02
1.245440825367762585e+02
1.247269367790652979e+02
1.230701783118781378e+02
1.244103476400611044e+02
1.240480237258236684e+02
1.235442919336672958e+02
1.242707461314605268e+02
1.236785832811271888e+02
1.237706382472264153e+02
1.241065031653150470e+02
1.230545454692179845e+02
1.226720469685328538e+02
1.227991288803728906e+02
1.243552019885882487e+02
1.254242170792977475e+02
1.238179176196330218e+02
1.239601279231467004e+02
1.255162062206975122e+02
1.246717959611253690e+02
1.237045178075819933e+02
1.242781743072314811e+02
1.228251551575923486e+02
1.240968146265721117e+02
1.235537007818045652e+02
1.241802970209357113e+02
1.242376867065996180e+02
1.233003930923438674e+02
1.220623348889807573e+02
1.239508595529837436e+02
1.241126163113721788e+02
1.238842873442234520e+02
1.239349750632464406e+02
1.241606603371638613e+02
1.244160261266331560e+02
1.237579996391585695e+02
1.234525750882484658e+02
1.251774470275607314e+02
1.249794192487856179e+02
1.241409708321014165e+02
1.233170225594819129e+02
1.230949198498258284e+02
1.245819781838183644e+02
1.239210399996743632e+02
1.234734746921930508e+02
1.227297580476188443e+02
1.254729105499459365e+02
1.227132233570602438e+02
1.233704384730304042e+02
1.240891988688146341e+02
1.248327591129027354e+02
1.241620518291497461e+02
1.230116475970853571e+02
1.250922084960311764e+02
1.248867743249843301e+02
1.237141329794744706e+02
1.233743353885955543e+02
1.250820554944688325e+02
1.252449870811181682e+02
1.235406123591747019e+02
1.253907150819721181e+02
1.227913884996348912e+02
1.234662557822660602e+02
1.237963661983387169e+02
1.251959332100621509e+02
1.229798191167048600e+02
1.240426317037188113e+02
1.243656690145188719e+02
1.241400427862887454e+02
1.239213977056572276e+02
1.241165091352389140e+02
1.240000621714899154e+02
1.245044181409437130e+02
1.235533958402968580e+02
1.230148887546896219e+02
1.241520246935977809e+02
1.237754512079670945e+02
1.236677612635014754e+02
1.242389775220452890e+02
1.242630118226003475e+02
1.246823541703555236e+02
1.243110919915420283e+02
1.237397103609658160e+02
1.231701121877765956e+02
1.243084723562630671e+02
1.241514731520792765e+02
1.246293021169816342e+02
1.243284148278720949e+02
1.246246321965992934e+02
1.242608637007902388e+02
1.241593811295309848e+02
1.232789852683288103e+02
1.237522705138118368e+02
1.241873112063782258e+02
1.234874344275857396e+02
1.233165197162069404e+02
1.234467631251676494e+02
1.233374386600496706e+02
1.241676345298838555e+02
1.248344078100479351e+02
1.245036259621136026e+02
1.230830524216412414e+02
1.236622274909826160e+02
1.235455761001219912e+02
1.230633121175121829e+02
1.247539848940448195e+02
1.246208405628740081e+02
1.246400227825860014e+02
1.225778989270626624e+02
1.232047784728178783e+02
1.248005188105292831e+02
1.230759230344181390e+02
1.237162017773474503e+02
1.230397798213736991e+02
1.237802158760630533e+02
1.230676036759989529e+02
1.232419937876638869e+02
1.252300978960746107e+02
1.235098068898601298e+02
1.245096532776142482e+02
1.229639871031657634e+02
1.241968242865406040e+02
1.241206144987472300e+02
1.240761759029605287e+02
1.228776599892082260e+02
1.250162589142127132e+02
1.234360544085726019e+02
1.241602802166602828e+02
1.242583753877078294e+02
1.231516137808901021e+02
1.254078790830711796e+02
1.244630854069128958e+02
1.242775094116195334e+02
1.236199716522327776e+02
1.232802512132664390e+02
1.235441576464213682e+02
1.230266491526718937e+02
1.233592345778941279e+02
1.233951024524021705e+02
1.238165922196249937e+02
1.237850042323576503e+02
1.246877992514171751e+02
1.240287949149912095e+02
1.243822780048405150e+02
1.234648926520117129e+02
1.231652768334733565e+02
1.237512652989791917e+02
1.234954374351657691e+02
1.232163191182486486e+02
1.251287224209771409e+02
1.231560888202026831e+02
1.228684818657205398e+02
1.238642034569485304e+02
1.226366391060767000e+02
1.250082009229625015e+02
1.244446072362822093e+02
1.243819032910636793e+02
1.247544788202254011e+02
1.236827537197395799e+02
1.246447414908598290e+02
1.234720281166733429e+02
1.245121472769128559e+02
1.243516708218859605e+02
1.224888705755071214e+02
1.245143954933089958e+02
1.239619426913551052e+02
1.253069523124497948e+02
1.241920173540568300e+02
1.231732075580607955e+02
1.252904588797590861e+02
1.232974074479411826e+02
1.238434718470871019e+02
1.238089350385464371e+02
1.231068806287681667e+02
1.251011103071931529e+02
1.243081148123252859e+02
1.234921329325553785e+02
1.237311154804818329e+02
1.248324901204549775e+02
1.230960940701109365e+02
1.233663239092844748e+02
1.239680814258858561e+02
1.244927851642786294e+02
1.250449841556627462e+02
1.233017721339097506e+02
1.244774278185570466e+02
1.239880367615514700e+02
1.245004761525518688e+02
1.231405223659193524e+02
1.248654357243069342e+02
1.246952845695287380e+02
1.243132092914579516e+02
1.224974586264475391e+02
1.242274395759450414e+02
1.235852649989667356e+02
1.232726562573826072e+02
1.241221107677871913e+02
1.229385820636857005e+02
1.239012842709159941e+02
1.250425930009756996e+02
1.238285438267113108e+02
1.241677847243955313e+02
1.242058279392913249e+02
1.245599120361488161e+02
1.254645458931584017e+02
1.242908586189285387e+02
1.228632926164108881e+02
1.250075928379970946e+02
1.245573178898608973e+02
1.243398100863343672e+02
1.251468074426709904e+02
1.238483301713575173e+02
1.245180537480642187e+02
1.229925937165096030e+02
1.232255408412968762e+02
1.231006447296010151e+02
1.238398200406537484e+02
1.229197982860030862e+02
1.227305686392371911e+02
1.229808153092121046e+02
1.239585833875822374e+02
1.249327621556307832e+02
1.235258672266397610e+02
1.239104975623396143e+02
1.235213016123165488e+02
1.239692309152238323e+02
1.239658237748373324e+02
1.239886928785139872e+02
1.245474421313592757e+02
1.234471689830419905e+02
1.246591890580675113e+02
1.243833479919722009e+02
1.241470209123098556e+02
1.238626161266592618e+02
1.235945975776168950e+02
1.238582478213984501e+02
1.233332105584193101e+02
1.239023874057527195e+02
1.236383216114150088e+02
1.242858158181954735e+02
1.243368300048582427e+02
1.238010552843318095e+02
1.243428687364961007e+02
1.228311866394433594e+02
1.238721729396760338e+02
1.218597036130163787e+02
1.233662616412724020e+02
1.240253430576548084e+02
1.233733385347334490e+02
1.243570006280040872e+02
1.227639706030410025e+02
1.234188339260912954e+02
1.228946050454617591e+02
1.227166245543280922e+02
1.235730630376432941e+02
1.239796496613545145e+02
1.229638940270142200e+02
1.228215513848546152e+02
1.240723254802016413e+02
1.232506634388779787e+02
1.238634345929198162e+02
1.239525892962565763e+02
1.240480707314939650e+02
1.236182636091122902e+02
1.234260992143316713e+02
1.242404059401473972e+02
1.241107478323799995e+02
1.244519357927745773e+02
1.240336502353151786e+02
1.233860701659551182e+02
1.234510474348642219e+02
1.225778998733669454e+02
1.235027203587569318e+02
1.240681018318745998e+02
1.236594709996301447e+02
1.238920649592359382e+02
1.232487287362449848e+02
1.249002447915198957e+02
1.242353933018717527e+02
1.250098737333864420e+02
1.242057952800405758e+02
1.254259772955405907e+02
1.232682537665272520e+02
1.229340022188978168e+02
1.244986366397811963e+02
1.230855852046438343e+02
1.235469072885022825e+02
1.244508094915976670e+02
1.236263015618554135e+02
1.235459766388362794e+02
1.234857258096120631e+02
1.229279103541838793e+02
1.233150803852464605e+02
1.242219483634930555e+02
1.248948107322893719e+02
1.244336371170198419e+02
1.240919491010710658e+02
1.234769911578181052e+02
1.251853101509776423e+02
1.238364867104041878e+02
1.240046639809919071e+02
1.236644084201323892e+02
1.239006625170314209e+02
1.223805481162037836e+02
1.241548420817381384e+02
1.243208537722852753e+02
1.240009352233142152e+02
1.242139322892296036e+02
1.247263507816630153e+02
1.234058833768301753e+02
1.224678457316248767e+02
1.237352081591893977e+02
1.233234255121803784e+02
1.233214487220058260e+02
1.241052498560777479e+02
1.240976052201165203e+02
1.232694972069466246e+02
1.243042163290839142e+02
1.237954360781331644e+02
1.230585239438933911e+02
1.241672592299051558e+02
1.229544767166946855e+02
1.225520932936091612e+02
1.233870519179180860e+02
1.235248851252461719e+02
1.233536762223487102e+02
1.243573389189605365e+02
1.236112325166946420e+02
1.237318995409620754e+02
1.246542925599012364e+02
1.231326167774485469e+02
1.233406890684507573e+02
1.234046081462192177e+02
1.243506706096958681e+02
1.236183705163224431e+02
1.248161105033506146e+02
1.250956164381103974e+02
1.229063148052458132e+02
1.238253502468514853e+02
1.238450401781512795e+02
1.239207633529067323e+02
1.236104226970657862e+02
1.249069009246714757e+02
1.235024969059951587e+02
1.237266794000369003e+02
1.249119163896901341e+02
1.244105890426435366e+02
1.233084436128794437e+02
1.232589715858798058e+02
1.243915264036675836e+02
1.239366711257232652e+02
1.228593643707417300e+02
1.235983021830925281e+02
1.245430586395565200e+02
1.242448722569278203e+02
1.246959803164441638e+02
