1.604528766291566058e+02
1.601263779648482739e+02
1.592229017296212135e+02
1.610649159257298493e+02
1.607803283953743403e+02
1.576654231749474206e+02
1.591938395691627761e+02
1.578723419610244036e+02
1.581875369616675471e+02
1.584936795020987859e+02
1.603911000674556533e+02
1.561356940003905720e+02
1.580897715279513136e+02
1.597337342358235333e+02
1.596031814176059243e+02
1.545209642914227857e+02
1.631251795567663692e+02
1.573376114487244024e+02
1.605665968023802179e+02
1.559050941030465367e+02
1.604013934546775886e+02
1.593876427108766336e+02
1.580145244954305781e+02
1.559471831743947803e+02
1.566593115912672260e+02
1.589227085545972784e+02
1.589272716519489848e+02
1.584784921024629512e+02
1.601299739065063648e+02
1.615865393239296850e+02
1.585966414508611422e+02
1.651114268648308894e+02
1.604109898521473667e+02
1.588534770557553202e+02
1.566037038172941323e+02
1.579681904036768003e+02
1.600705561453693235e+02
1.617580619836701601e+02
1.587886981228214438e+02
1.584102847343549456e+02
1.626850653497979806e+02
1.620094871010366546e+02
1.590300930573012295e+02
1.605767917385927035e+02
1.577229933956663785e+02
1.524160223568809158e+02
1.616254894452175108e+02
1.613751014525433050e+02
1.556922011501422958e+02
1.603790191592661074e+02
1.594010576643993318e+02
1.608834822307053400e+02
1.564567408805324931e+02
1.558404185590711108e+02
1.581156278827644428e+02
1.613221558014434152e+02
1.588814185979930187e+02
1.573910573127349153e+02
1.607173319233945392e+02
1.583772676344393915e+02
1.587685921802341227e+02
1.592646375349148684e+02
1.567179379226861897e+02
1.590101980287569745e+02
1.591736400731030017e+02
1.601639583030404310e+02
1.598363291016170820e+02
1.581700037931538816e+02
1.555886671162245136e+02
1.569450762517580245e+02
1.587108991475226674e+02
1.605658978335381732e+02
1.607595348358638887e+02
1.566559756735053384e+02
1.588245821341384101e+02
1.590747594613924605e+02
1.571290058200552551e+02
1.557368376032694925e+02
1.600118772742795556e+02
1.610669528375744051e+02
1.596350679472990635e+02
1.564006253467892407e+02
1.578594127051881912e+02
1.589999533828757023e+02
1.583841060783449564e+02
1.589022678342582537e+02
1.581519680706113036e+02
1.604717371173818492e+02
1.592949860091602829e+02
1.603922359045019164e+02
1.580648367335666080e+02
1.585419683424068467e+02
1.592635000246691277e+02
1.584112605643016423e+02
1.593090310252708548e+02
1.588141805715801240e+02
1.585456974973862145e+02
1.559529379015577035e+02
1.559212237191093209e+02
1.621461421677569206e+02
1.587409067865110046e+02
1.566773082393549430e+02
1.592070217966627581e+02
1.559504381028521323e+02
1.579101827196751913e+02
1.529176944274296375e+02
1.595703947408039767e+02
1.585957996069264198e+02
1.609660894143150927e+02
1.568340758187706285e+02
1.619459668619804802e+02
1.582865335914893592e+02
1.642932578966513688e+02
1.610156147973198699e+02
1.629644136093611451e+02
1.581934700966619971e+02
1.578120874303090204e+02
1.598289497084373636e+02
1.606551615830175876e+02
1.562422706464729742e+02
1.560071947850796050e+02
1.585219118272151491e+02
1.624513585766078450e+02
1.595304028927853324e+02
1.599118705176747994e+02
1.609627315683875679e+02
1.591073239872531815e+02
1.571103335247624102e+02
1.564357398379451070e+02
1.593598505754458188e+02
1.575521023122127531e+02
1.559321144010512228e+02
1.596771722883823372e+02
1.594955008824684910e+02
1.611013942853640799e+02
1.574377349817359288e+02
1.600653703797287051e+02
1.596722787318077792e+02
1.588281646268342513e+02
1.573957380245083186e+02
1.592555486286063058e+02
1.581053682025101921e+02
1.616577547492240683e+02
1.596765718716963249e+02
1.591049412502839004e+02
1.609779067706010949e+02
1.549830323383411894e+02
1.575145890357296423e+02
1.592986998233314466e+02
1.575686845607870623e+02
1.598827047794335385e+02
1.569141068129054020e+02
1.583479563727884738e+02
1.640424130349434222e+02
1.590995312097682586e+02
1.647837363175378016e+02
1.580972501154648171e+02
1.593903835084603315e+02
1.619520970902007946e+02
1.598790515295482635e+02
1.587931404515578890e+02
1.587795371714569512e+02
1.587604786833289268e+02
1.571872477160940775e+02
1.585857826574136027e+02
1.586349683617738719e+02
1.588117914260739383e+02
1.576897748009666884e+02
1.607420044068585128e+02
1.579477438358010772e+02
1.623183273496490244e+02
1.602734730277383051e+02
1.592665642782126838e+02
1.585760078733433147e+02
1.601254211225812867e+02
1.581142497908704172e+02
1.624338463267962140e+02
1.564493632173376909e+02
1.621874863633925656e+02
1.623096227383420853e+02
1.604507111768739662e+02
1.557396591974210764e+02
1.617483348890512787e+02
1.585397295102501403e+02
1.564636707609788573e+02
1.608795304458782027e+02
1.617669434008874703e+02
1.617476681152017477e+02
1.581355779300253346e+02
1.626535558559480137e+02
1.620758597825450522e+02
1.593763867340412332e+02
1.592191696507510983e+02
1.606054176408051148e+02
1.567598654579692266e+02
1.574270443056391287e+02
1.570438928152753419e+02
1.628710603771648380e+02
1.557920013810944226e+02
1.587667401639318996e+02
1.569434349617064584e+02
1.609667070802908029e+02
1.583415264659381876e+02
1.589644246080825951e+02
1.607344155272600688e+02
1.579106075309057076e+02
1.586671089894008162e+02
1.568038654355081007e+02
1.588484871924714241e+02
1.608308404877513738e+02
1.554635201680744956e+02
1.571393201740195593e+02
1.575702126870676807e+02
1.601816786949775633e+02
1.600849205116714415e+02
1.587529238544181851e+02
1.618148108459638763e+02
1.610184015308592791e+02
1.556300948722409601e+02
1.602416749851430779e+02
1.578981706027559540e+02
1.566214163166447122e+02
1.596832756375561644e+02
1.626569835774749606e+02
1.594276837120611106e+02
1.604730547015559807e+02
1.570186095812951521e+02
1.579291968752556272e+02
1.613365103513133079e+02
1.604274027150557913e+02
1.553889462094091414e+02
1.585773466285585585e+02
1.593679441340994742e+02
1.594897079098639097e+02
1.588483409649831231e+02
1.604878556268735110e+02
1.592637106873119137e+02
1.578128613304963324e+02
1.610953084159349658e+02
1.618371472406998350e+02
1.582492271722582871e+02
1.598018557629268059e+02
1.571961899180471676e+02
1.565876783220038533e+02
1.585683289714103807e+02
1.621319765627387142e+02
1.599651147260055950e+02
1.612822023899399255e+02
1.589636054192115751e+02
1.583741549550322532e+02
1.594701160413649177e+02
1.559784862673388375e+02
1.568182967600122879e+02
1.593285850011129128e+02
1.577874588774519111e+02
1.590461814215686900e+02
1.570432197334629336e+02
1.614641690554205411e+02
1.568101140950134607e+02
1.597744753270438025e+02
1.584524858261852955e+02
1.565445535730136157e+02
1.596899339407268599e+02
1.583697831179366062e+02
1.578498462904440203e+02
1.566268254994098186e+02
1.599910650361794922e+02
1.585487434409422747e+02
1.605826594952204971e+02
1.557472294534825323e+02
1.552079589958756287e+02
1.597030188414458962e+02
1.600078451388460223e+02
1.605827592973249125e+02
1.608451362821569433e+02
1.598150049783512259e+02
1.570508769998812966e+02
1.594300255655038541e+02
1.589089098400043554e+02
1.582226856177165075e+02
1.574745904345294889e+02
1.604170055471448393e+02
1.590358406283231147e+02
1.600156143925273113e+02
1.598474840606077976e+02
1.582943157243921917e+02
1.552342484741346311e+02
1.603005371672915089e+02
1.561724276074986335e+02
1.584248023588976650e+02
1.579558567378352620e+02
1.596975754064138471e+02
1.615846852504604954e+02
1.587930735731787024e+02
1.614581895290492923e+02
1.586484963507973021e+02
1.576255451848591349e+02
1.579411836237570981e+02
1.604230948102340335e+02
1.580968732325680435e+02
1.610941489153804298e+02
1.603752966856723106e+02
1.545062401416276145e+02
1.595100919852491188e+02
1.582355898599785746e+02
1.567443553273489272e+02
1.609271625333282429e+02
1.590780473185949404e+02
1.612543808680087523e+02
1.600201874176635215e+02
1.576193400660251029e+02
1.588751520848734060e+02
1.575218297561224858e+02
1.612774783860195953e+02
1.614755328008794493e+02
1.567813460838810613e+02
1.596744069691497714e+02
1.593086435463642943e+02
1.601853758606255553e+02
1.587966190038881393e+02
1.606291230422332319e+02
1.556339591637108697e+02
1.581241759314855528e+02
1.582459293950100516e+02
1.605846049624224747e+02
1.558233879531684636e+02
1.619457214285921793e+02
1.597274198026995009e+02
1.525035372357586141e+02
1.583534866010701876e+02
1.586604028342950130e+02
1.630774747128689341e+02
1.598612904844776494e+02
1.599223941770315776e+02
1.549970152483175525e+02
1.588345130764924136e+02
1.581856870752768316e+02
1.553787395047222049e+02
1.588317754784661417e+02
1.573237706473760795e+02
1.592863587628749542e+02
1.629352515620734323e+02
1.596916591913257264e+02
1.559208239139613283e+02
1.577615520628131662e+02
1.598432932298515254e+02
1.577944511198197404e+02
1.569202256802263662e+02
1.593192444719718992e+02
1.577432812418350352e+02
1.616354639215872737e+02
1.583367020759318962e+02
1.585000650039008008e+02
1.567955463142168924e+02
1.614854606042642899e+02
1.575899616637420309e+02
1.606993748564088662e+02
1.610390037376419627e+02
1.590097644292772827e+02
1.601887998445520225e+02
1.552869663149586756e+02
1.590489619479189685e+02
1.608792571091085506e+02
1.574641435019249229e+02
1.587373342382179260e+02
1.590743800045573835e+02
1.580735600641125131e+02
1.622811089785278966e+02
1.586075278769010026e+02
1.614888991956675568e+02
1.583273774585538831e+02
1.585946390684436551e+02
1.564309312217316403e+02
1.568335682942117728e+02
1.578423625306784572e+02
1.588749873968312158e+02
1.593019663246944049e+02
1.577135340542028246e+02
1.589905960250358703e+02
1.562253972877038279e+02
1.623777313332758183e+02
1.569481550174242841e+02
1.617779796755339987e+02
1.616860156890764415e+02
1.587381225013271546e+02
1.558245572372120478e+02
1.582643427285343023e+02
1.591133112126096023e+02
1.610456392448952556e+02
1.577361158195953976e+02
1.584985361593067523e+02
1.576962315457595025e+02
1.576957252156836375e+02
1.590575974657608072e+02
1.556909984097671042e+02
1.584759573302623323e+02
1.586021964008378120e+02
1.583607634206429111e+02
1.610809704404364879e+02
1.584419092268239808e+02
1.559733729781574425e+02
1.588359369867525857e+02
1.572630380963992422e+02
1.617035636616970748e+02
1.618517775090630835e+02
1.596759412791379873e+02
1.602560926250401678e+02
1.577303910371508096e+02
1.587266530158480009e+02
1.569171069616452598e+02
1.583121204356736200e+02
1.554599811168980636e+02
1.588258136943143199e+02
1.571971911855115138e+02
1.617127710066062036e+02
1.597457849848915714e+02
1.589627979099700781e+02
1.580587809913316732e+02
1.602604522941027199e+02
1.593744647654107496e+02
1.568087418124152634e+02
1.591703287967694394e+02
1.591308443865946458e+02
1.585125508588952528e+02
1.574455402497565899e+02
1.591722709513994118e+02
1.617118695374334436e+02
1.604776318437689895e+02
1.593055765210997095e+02
1.587591698286784094e+02
1.612080563900725281e+02
1.569382252031262794e+02
1.592092217743695528e+02
1.590940624569322495e+02
1.582221033927757503e+02
1.619806199389781227e+02
1.584939919906776709e+02
1.576279858039202679e+02
1.609441200250762165e+02
1.608233348166326380e+02
1.565911975806600083e+02
1.565678217615584060e+02
1.600154969155796039e+02
1.586277726154560526e+02
1.624250383264917446e+02
1.563654361977556846e+02
1.593673360282430451e+02
1.624053260914498935e+02
1.589575252425092060e+02
1.604926867184837533e+02
1.592092163241975413e+02
1.579984868704989935e+02
1.562104576880844036e+02
1.616206819963635155e+02
1.618153284358230053e+02
1.610175046599554207e+02
1.633255798535660972e+02
1.571351224868958241e+02
1.556579679083567100e+02
1.604492245912060184e+02
1.606654020280070085e+02
1.594088806088652746e+02
1.608525145069905875e+02
1.601811688205820872e+02
1.574800397887655379e+02
1.583569030700742530e+02
1.611870641768256860e+02
1.597876230187925159e+02
1.578388614625928881e+02
1.568428239911032449e+02
1.541527710838032021e+02
1.588261477300273441e+02
1.563924563775935326e+02
1.620125181607772618e+02
1.588949382121307679e+02
1.595556724074810973e+02
1.584061307571830923e+02
1.570327231936977626e+02
1.595145679396376579e+02
1.629008382775534187e+02
1.582097349676586759e+02
1.575173017785899390e+02
1.588740006012802439e+02
1.611308833270588821e+02
1.582481694364647922e+02
1.628613137925519823e+02
1.571909887273780839e+02
1.592929372932629235e+02
1.586006443335096776e+02
1.607303998893319203e+02
1.561942486134089165e+02
1.577780413480263064e+02
1.602420438066304769e+02
1.563118802124539855e+02
1.596542877857506539e+02
1.582327719204844243e+02
1.549625374338573920e+02
1.562998273377362466e+02
1.559655910481704382e+02
1.604486339594960498e+02
1.608894949008804360e+02
1.578685989352993886e+02
1.557613708228148823e+02
1.560876161160458366e+02
1.574650014670797873e+02
1.601074218895960826e+02
1.542388048199287027e+02
1.620509629164637886e+02
1.612631382353097536e+02
1.577884790376241710e+02
1.580122526377929546e+02
1.604705592945652484e+02
1.577824789351023469e+02
1.619652862139826368e+02
1.595875576287263868e+02
1.614174788174987611e+02
1.559073941700926298e+02
1.599929307072064830e+02
1.578500366378208071e+02
1.577115252694833032e+02
1.617141627945024993e+02
1.619194192868820323e+02
1.568491547291614268e+02
1.580851249699335597e+02
1.593355703169276580e+02
1.592583597834806994e+02
1.582339252965964533e+02
1.600601226676558042e+02
1.548947838882323822e+02
1.567492195293165480e+02
1.605182331991531441e+02
1.597793953472838950e+02
1.576829993951603512e+02
1.584584244340906594e+02
1.560477510741414733e+02
1.585882348195376892e+02
1.593825134677103676e+02
1.603761298144602563e+02
1.587496097609420076e+02
1.581897329649461028e+02
1.612155258630956780e+02
1.579339557306684583e+02
1.591381405345645135e+02
1.593031936756264031e+02
1.595735432753585883e+02
1.603888460867698882e+02
1.571652624657917272e+02
1.593278621753962625e+02
1.594667840248169171e+02
1.596022145195604764e+02
1.601039122987772316e+02
1.606984330252818438e+02
1.609190958852609583e+02
1.598863222167025810e+02
1.588859080951145586e+02
1.561915984635651284e+02
1.595088173766150703e+02
1.602821702948255904e+02
1.580368652745033842e+02
1.584569086041696266e+02
1.581991861383156390e+02
1.585754486675864143e+02
1.579659398493492404e+02
1.568074145617114539e+02
1.564602657251541586e+02
1.579694498268748930e+02
1.566527674724637507e+02
1.600834252011673016e+02
1.579303799524801093e+02
1.554075523063155515e+02
1.596085883698865757e+02
1.609844463351646766e+02
1.639622067613688898e+02
1.601973033614477799e+02
1.590861170733638801e+02
1.591401759880443478e+02
1.611791984823119890e+02
1.578264183533856055e+02
1.572806118732360972e+02
1.558148913026377329e+02
1.601350926404452935e+02
1.603803223799270654e+02
1.571855085012911672e+02
1.571780270394341983e+02
1.573842730340743969e+02
1.608317335333936740e+02
1.637378201505412108e+02
1.596623716238827342e+02
1.594465966664285759e+02
1.590048822062771023e+02
1.592654358854841234e+02
1.614114370355596293e+02
1.588581070832164812e+02
1.577563709545128177e+02
1.606260530273979441e+02
1.586577788672177576e+02
1.572987227754961737e+02
1.621839743670169014e+02
1.571519728041444068e+02
1.577175938509966784e+02
1.566169818769292306e+02
1.559651633803763957e+02
1.574252748443272480e+02
1.601604637252167151e+02
1.559750366339276582e+02
1.598311656948710322e+02
1.568322074449024512e+02
1.562350162151751078e+02
1.620456604270537184e+02
1.575463125121725341e+02
1.601117672147443898e+02
1.607245384024557779e+02
1.551877527765269349e+02
1.579614700953016495e+02
1.612917428751194677e+02
1.588955439735293282e+02
1.603106578552872179e+02
1.568287099956266388e+02
1.557405467299842883e+02
1.592646138245468421e+02
1.584012678129157621e+02
1.603255938722460030e+02
1.584393699266817919e+02
1.557203609292974704e+02
1.593145857781044867e+02
1.606543614073262916e+02
1.563521459901103867e+02
1.601083533291642311e+02
1.609069858238744359e+02
1.573461549897592135e+02
1.559433810780242879e+02
1.589815076636116942e+02
1.611967047589588446e+02
1.598226257672785664e+02
1.611774062179984242e+02
1.565165747099986788e+02
1.573081056962304558e+02
1.571243608821995963e+02
1.570989702079658343e+02
1.577036373164534666e+02
1.636506556674588353e+02
1.574327192541184104e+02
1.584267788731764881e+02
1.597709914191080145e+02
1.594264882922796858e+02
1.581197947226814620e+02
1.626252757729611460e+02
1.579427204505709881e+02
1.556168731638539668e+02
1.578687884444091196e+02
1.606579191284556885e+02
1.591197794140126405e+02
1.611015661843674138e+02
1.595391827387679768e+02
1.608981540616298673e+02
1.587429687360033483e+02
1.582781024791416939e+02
1.583616616786084705e+02
1.616886311564027494e+02
1.612637374543933504e+02
1.583024091133014508e+02
1.608958211656318156e+02
1.602053663252670503e+02
1.599496942046469030e+02
1.573326743744856913e+02
1.579610819336949419e+02
1.609293000186188749e+02
1.594399755164815815e+02
1.586160862470682673e+02
1.626165546552298053e+02
1.588690152401319438e+02
1.636333460055642774e+02
1.573167982733721715e+02
1.563928384243554319e+02
1.605097281512245218e+02
1.579911426160052770e+02
1.580933272543884698e+02
1.590650384723982143e+02
1.589947388444506942e+02
1.616231385956706106e+02
1.599325592906011195e+02
1.583916057667825896e+02
1.586834569038303755e+02
1.597556387554650712e+02
1.580975631626862423e+02
1.601848509775779803e+02
1.581511141255145105e+02
1.564228131306288390e+02
1.574703956794870123e+02
1.568219766246111249e+02
1.557783597927803783e+02
1.586672600587507986e+02
1.586258994060939074e+02
1.574089024367087291e+02
1.607744851975582208e+02
1.608548985565513476e+02
1.570933729019784835e+02
1.603867465408640953e+02
1.575891047589652487e+02
1.602192136123368300e+02
1.574000497489915347e+02
1.596765535051114853e+02
1.593368489378086679e+02
1.533706267418133962e+02
1.591157608664462089e+02
1.594063854513768774e+02
1.613781949852500475e+02
1.613760918747090898e+02
1.577000957951361784e+02
1.584293980177117191e+02
1.609523909942057003e+02
1.584182539874774136e+02
1.605819113542196135e+02
1.617866344130304981e+02
1.584794543583838617e+02
1.557444387278728755e+02
1.622562736972807613e+02
1.597843344710055078e+02
1.569249062640346040e+02
1.614273121564886253e+02
1.589939293073022384e+02
1.597822277603953296e+02
1.607742400857095788e+02
1.581251586232889679e+02
1.578538163518269641e+02
1.614192760228582415e+02
1.580177215986064141e+02
1.613456031303217912e+02
1.633343595424151715e+02
1.601737073017036153e+02
1.580849510856639313e+02
1.574503695211632248e+02
1.597043660740911264e+02
1.582302329489872932e+02
1.582808696600208691e+02
1.613461785536998434e+02
1.596418475980114238e+02
1.574917408685179794e+02
1.605679039685141163e+02
1.589105843749896962e+02
1.607916632516410687e+02
1.597238005072333351e+02
1.599709359262328405e+02
1.562223085992755216e+02
1.599576389518325925e+02
1.561360211802893616e+02
1.545437678134712769e+02
1.572653159031250425e+02
1.580140179671662679e+02
1.564473030239003890e+02
1.570036142530368863e+02
1.608129230513064272e+02
1.578247815907650704e+02
1.595538914467189215e+02
1.596047609537738481e+02
1.574640188534633864e+02
1.595355153633008172e+02
1.607015555393365958e+02
1.587431112804861186e+02
1.630917574948987863e+02
1.591085929491803768e+02
1.589460486918383140e+02
1.569669385429067461e+02
1.585756695953325277e+02
1.587644146351104268e+02
1.549806603857135769e+02
1.571954162531025361e+02
1.627645480698044480e+02
1.611591848791003656e+02
1.618249574622835212e+02
1.582619028481172450e+02
1.586524950387550916e+02
1.575640553402217279e+02
1.571524002478154785e+02
1.570728423788167447e+02
1.570093182020800384e+02
1.595968756124846095e+02
1.589184146203311059e+02
1.592182506488162801e+02
1.552917157429206441e+02
1.582594690531367121e+02
1.630237481846726268e+02
1.603772349633854049e+02
1.617226578961731036e+02
1.570493376694427354e+02
1.625142090906620069e+02
1.643284912405879652e+02
1.623818302787719574e+02
1.609420403996241475e+02
1.593705996106639020e+02
1.570719942034625944e+02
1.601043962507053777e+02
1.583617740972885883e+02
1.578687479081338267e+02
1.608735927750926180e+02
1.573358408450325214e+02
1.584692260714771805e+02
1.565726692057690173e+02
1.606904851549853674e+02
1.585074102105975840e+02
1.585686473007399115e+02
1.592319850819872897e+02
1.569437209350543014e+02
1.606794068986002628e+02
1.603342615163023481e+02
1.581012639271977491e+02
1.612372858325304890e+02
1.591521942062702522e+02
1.582595889646573255e+02
1.594281709372044702e+02
1.608270709469376243e+02
1.580465735633648023e+02
1.566915847633126191e+02
1.580256819017120051e+02
1.603509379515858200e+02
1.597491414983327616e+02
1.606095296156507288e+02
1.592428529998198883e+02
1.635680725716426025e+02
1.592107916013924296e+02
1.617216444011048111e+02
1.608687839100898600e+02
1.609396954115443066e+02
1.606252674475713036e+02
1.614068592551818142e+02
1.601806001182816885e+02
1.581336571824997748e+02
1.594016201570228759e+02
1.567995608072800735e+02
1.609523174606309510e+02
1.595409611868039121e+02
1.590004893545943503e+02
1.609599436194919235e+02
1.603670113425303327e+02
1.576980984038435452e+02
1.591547360211495743e+02
1.608199342497705118e+02
1.599988776856995401e+02
1.605909433084018190e+02
1.604621306772807543e+02
1.597669787245040425e+02
1.574355736711070790e+02
1.613127892473786744e+02
1.614468033387240382e+02
1.565350458748527558e+02
1.605236135014175147e+02
1.563496851616888819e+02
1.592002633055759588e+02
1.580271115648741045e+02
1.581071093379383399e+02
1.613147626257392346e+02
1.582634493579774926e+02
1.588800455175292825e+02
1.601740553038994221e+02
1.618936102113879087e+02
1.551516772616112974e+02
1.603660169130676536e+02
1.566214931390078391e+02
1.576365899768622967e+02
1.586142180385016047e+02
1.608791046302465020e+02
1.598291872132925846e+02
1.603370946412045441e+02
1.600117089600564668e+02
1.594185967198760636e+02
1.587401740144012194e+02
1.582504236835223139e+02
1.594933931341179516e+02
1.592619621658017195e+02
1.574438718765946987e+02
1.598459751186578899e+02
1.606051344497637672e+02
1.569130157311018650e+02
1.593533913653213858e+02
1.571251072362935588e+02
1.596403252434284070e+02
1.626983874049774954e+02
1.609594235760038714e+02
1.578764772857147989e+02
1.600259657507356224e+02
1.577018452092331700e+02
1.564744781702202374e+02
1.586096778338360025e+02
1.608362370423002687e+02
1.605649040879393112e+02
1.575254470042874289e+02
1.600558791516108670e+02
1.582278165336537938e+02
1.590905343819549387e+02
1.563233567953533338e+02
1.609158309847018984e+02
1.558967105991946767e+02
1.600791466621618611e+02
1.596743817545348065e+02
1.609237202273322964e+02
1.579743852482108366e+02
1.563284916509092852e+02
1.560241463739272660e+02
1.577085463339191733e+02
1.596282810322168757e+02
1.595238353067270509e+02
1.566672002372309862e+02
1.612049225810995381e+02
1.608835492167322343e+02
1.610338655489726420e+02
1.599812744681568120e+02
1.607564275906294426e+02
1.604898849133504655e+02
1.607734235123668611e+02
1.560371026390728844e+02
1.593449985759272636e+02
1.604057085496048387e+02
1.565344519684337286e+02
1.575927825714824451e+02
1.602420198375225198e+02
1.626943497207137455e+02
1.577306972965112095e+02
1.587880127690179108e+02
1.578213107068752947e+02
1.582057524321965332e+02
1.583857629948520866e+02
1.585276054712180382e+02
1.600819651519124420e+02
1.575779979872065439e+02
1.603121698393463532e+02
1.595755823408250933e+02
1.598385578377414902e+02
1.592808983631484239e+02
1.599972000515386128e+02
1.589526012707817699e+02
1.577496903951399645e+02
1.595844263434757124e+02
1.611567120609559254e+02
1.583108703615588126e+02
1.604066274823030085e+02
1.567386242042997253e+02
1.618120042689446336e+02
1.566212649668824781e+02
1.584995106119084198e+02
1.565553050966207707e+02
1.562726080968197664e+02
1.571377927373758894e+02
1.611088049994181404e+02
1.610276096492093814e+02
1.600565478546100735e+02
1.544342159665073098e+02
1.582547286664140245e+02
1.577027830071355083e+02
1.559716074790570985e+02
1.580761804756401432e+02
1.585714233761905234e+02
1.592936150366138008e+02
1.591676151431705932e+02
1.580705367890574848e+02
1.552067443267670512e+02
1.600581185513481444e+02
1.573091158373214284e+02
1.614359158343878278e+02
1.609293316088185861e+02
1.596453048642108570e+02
1.591247799962269198e+02
1.607021790892466981e+02
1.592674284059177126e+02
1.611353139948062108e+02
1.639383850166965715e+02
1.618296123329647003e+02
1.595287663350477203e+02
1.652631185394734530e+02
1.606111529666749789e+02
1.611683256433724978e+02
1.594420142209947073e+02
1.598008296014123744e+02
1.616235767280268192e+02
1.643598553445098105e+02
1.590816348879848192e+02
1.584221832226852200e+02
1.606786086541700911e+02
1.587488293857252586e+02
1.612716818455378132e+02
1.579799444954350918e+02
1.598111034528727430e+02
1.568741218946936442e+02
1.578573360018210963e+02
1.584571580285514472e+02
1.583601424482107234e+02
1.566233082069798854e+02
1.566852854578366703e+02
1.585115946929549011e+02
1.591922765408218936e+02
1.581445804637769470e+02
1.582081786102550325e+02
1.596065418702897034e+02
1.617786554634084837e+02
1.567846654476165895e+02
1.586205485699775579e+02
1.567260774349377357e+02
1.578131892319579777e+02
1.602985248195866177e+02
1.580742956137653437e+02
1.594354978270182244e+02
