7.356646230685663568e+01
7.602545139536786678e+01
7.960864271395908531e+01
7.782918990535387138e+01
7.673707056376835567e+01
7.695118103375621388e+01
7.051069989811446703e+01
7.762896606373720942e+01
7.851415722654679996e+01
7.072127521141334228e+01
7.211782124267398331e+01
7.023454167840961304e+01
7.646354897935836448e+01
7.583237744113783663e+01
7.196906497418062543e+01
6.721869297579233660e+01
7.617393202688046472e+01
7.701548788837492054e+01
7.659601206172605714e+01
7.544069112169988500e+01
7.078483823378246598e+01
6.943440095823326885e+01
7.237190571895735047e+01
7.272034665527017694e+01
6.881077856140102256e+01
7.280817305985510757e+01
7.326650005921823094e+01
6.548876052118623647e+01
6.986996468816747097e+01
7.050658238827566038e+01
7.258980119470226100e+01
7.530995973626801288e+01
7.956181885944147325e+01
7.879225783385339810e+01
7.558119495599399329e+01
6.989749701802870163e+01
6.818745579776506816e+01
7.667776590149127003e+01
6.995633579518910494e+01
7.587662225661792093e+01
7.635718399868025585e+01
8.111636381053565970e+01
7.283957952392415791e+01
7.339828388381617685e+01
7.435664573205964700e+01
7.731660146606857609e+01
6.734152306970501911e+01
7.061361455166769474e+01
6.873995320259525954e+01
7.556401424642452014e+01
7.875704542737608449e+01
6.510153400197592077e+01
7.583862613327409008e+01
7.523536869657340276e+01
6.840135427843405580e+01
7.190891857480434624e+01
7.439130196863351330e+01
7.075782740600961063e+01
7.695854526360129455e+01
7.439578801596168489e+01
7.732104673697580211e+01
7.023695343871007424e+01
6.939899112337850795e+01
7.124781229972343510e+01
6.887951738932525814e+01
6.754802501366013701e+01
7.279490752136213416e+01
7.730171086381771772e+01
6.825092339038421585e+01
7.051200291018002986e+01
7.594528653233369653e+01
6.587771713250690198e+01
7.277628427335802996e+01
6.653281669153942346e+01
7.001601252864131197e+01
7.852971594638430020e+01
7.360860602921680140e+01
8.086867070846126637e+01
6.941198247363155360e+01
7.067897370539562019e+01
7.464168495830456607e+01
6.980162834101682279e+01
7.728884815570260969e+01
7.566139445549879383e+01
6.891960723393212618e+01
6.417693050554611034e+01
6.420142248152650666e+01
7.019578197799825148e+01
7.291295797662039035e+01
7.321216057174832770e+01
6.788948813613944822e+01
6.360766636243089067e+01
7.380616244915381685e+01
6.768325296799743285e+01
6.974095845534851890e+01
6.920318948524713676e+01
7.190565511508287955e+01
6.788940042140762898e+01
6.818810639765868586e+01
7.478745840187480098e+01
7.114371535065490093e+01
7.582021911504052980e+01
7.122352476825139433e+01
6.098670762400477230e+01
7.824154820126837251e+01
7.156521965432277455e+01
6.346960442421135440e+01
6.892980782386409544e+01
7.049732609073622314e+01
7.292322300024697768e+01
7.404829866724068665e+01
7.206260040257718913e+01
7.285547391378814552e+01
7.490063490166220106e+01
7.339268024367149224e+01
7.082876187497309672e+01
7.129229974009143689e+01
7.212812441385010231e+01
7.130373821943123858e+01
7.500800212569694736e+01
7.783627699955520995e+01
7.263382797013694869e+01
7.481207577828844535e+01
7.172344398127323473e+01
7.299925735870786525e+01
6.641987469973675218e+01
7.346509864540389856e+01
7.229283187323210313e+01
7.640833458206449791e+01
7.036645414800787535e+01
7.391439825995948354e+01
7.715845105423504435e+01
7.392295734371032268e+01
7.286945301360168514e+01
7.409711632455176300e+01
6.563694162107820773e+01
6.894491279564951469e+01
6.913058495542269100e+01
6.764945893816002354e+01
7.577909757672888702e+01
8.139324142994016142e+01
7.461360276819166870e+01
6.620269789398653870e+01
7.301186106439260470e+01
6.743846767623440996e+01
7.293551840485882565e+01
7.085309791520266742e+01
7.030877049793022593e+01
6.690734955835266362e+01
6.941866210839060614e+01
7.363328341040840996e+01
7.206349487612463633e+01
7.809042327881010692e+01
7.339683782707179205e+01
7.019677832998519307e+01
7.127584879202537138e+01
7.671948077185463433e+01
7.835516415432883264e+01
6.466014366182375284e+01
7.783635880519879890e+01
6.989565493515313221e+01
7.594517119046494713e+01
7.632135165411037292e+01
6.894030901187342408e+01
6.915142687539777455e+01
7.841204649994557485e+01
7.322656398183852389e+01
7.542961515707567344e+01
7.139013315433039963e+01
6.977240474025815331e+01
7.058688397632849387e+01
7.483221778079996511e+01
7.356916680058651536e+01
7.283389174073033701e+01
7.566569012276804074e+01
7.470721614450080494e+01
6.977811058707504799e+01
6.449416200994633641e+01
7.289091280541614992e+01
7.313298307066509096e+01
6.921448189786441674e+01
7.667001849365760791e+01
7.554373898752767502e+01
6.888534915320516916e+01
6.834447393231222634e+01
7.181036045127343925e+01
7.183338581133675405e+01
7.220394608251530144e+01
7.402835398013701251e+01
7.593928377609260849e+01
7.103085407039228016e+01
7.247036669269189701e+01
7.003974109673265502e+01
7.505980327707356992e+01
7.584177018027463646e+01
8.139203681855822481e+01
7.686190211787548776e+01
7.110470514301627531e+01
6.411629669314865509e+01
7.629097165920342150e+01
7.496886099598206954e+01
7.358514091703661109e+01
6.451411700478931266e+01
7.822420235263209065e+01
7.280649848965028070e+01
6.978331337722772787e+01
7.004791768348650294e+01
7.457465226373305711e+01
7.820344261926845775e+01
7.611018366525908618e+01
7.221027075558555453e+01
7.325871954069506842e+01
6.891425117948045909e+01
7.180496584818489225e+01
7.346268140551561032e+01
7.085759055499640624e+01
7.558229932492307057e+01
7.461747959887286186e+01
6.693839679541531495e+01
7.254270045841019510e+01
7.122742966471393800e+01
7.027076671062002333e+01
7.501464064706161139e+01
7.097336682526858453e+01
7.910933542872524527e+01
7.014080155747964795e+01
7.345389248978707997e+01
7.051678786771908847e+01
7.236765996661931410e+01
6.735242898253552823e+01
6.965133935611510196e+01
7.439453430865235362e+01
7.307786040801330785e+01
7.062326333288500280e+01
6.909455167137284093e+01
7.806001592935636779e+01
7.198107837741788728e+01
7.236505305749552974e+01
7.082139483049125772e+01
7.259728307688043003e+01
7.595802313709801012e+01
7.452649790451094702e+01
7.151044794505476432e+01
6.457113995763455705e+01
7.160081202957223923e+01
6.992472322318904787e+01
7.448327404542982322e+01
6.971281568815599883e+01
7.266444708142014974e+01
7.681032744825634495e+01
7.176722525283810228e+01
8.191118796868532570e+01
7.322509182506357206e+01
7.090311406663360572e+01
7.212604170866639208e+01
7.280606955488065068e+01
7.041840977736802643e+01
6.771655571247229943e+01
7.476709044800124104e+01
7.247458135420507119e+01
7.276249707160648938e+01
7.901292876284126976e+01
6.752927889373071935e+01
6.496940149969202594e+01
7.451149554749972026e+01
6.823059636930994998e+01
7.838231538757185035e+01
6.960373720854933310e+01
7.049491474070310915e+01
7.046206774474214285e+01
7.913208613317696916e+01
7.325386623213779558e+01
7.175061991481815937e+01
7.274416762002132941e+01
7.063394439629085753e+01
7.056437521556296133e+01
7.108758840237362620e+01
6.899549281465276351e+01
7.289897542532779084e+01
6.594831412057209263e+01
6.945861072872583009e+01
6.983315322809814063e+01
7.146876712124344522e+01
7.607080518328949381e+01
7.110537836080391116e+01
7.460620905789710378e+01
6.989259793980167501e+01
8.002377048112394675e+01
7.338060595674208741e+01
6.901326304821027691e+01
8.048620948271437214e+01
7.693096049074375742e+01
6.473365862449136898e+01
6.395077335432703336e+01
6.961609913318007159e+01
7.086145921696621031e+01
7.061142149879097474e+01
6.812924693387839170e+01
7.347118918738311777e+01
7.319914589005493610e+01
6.939913335368579794e+01
7.375759418452975069e+01
6.878313680163815036e+01
7.726812722834844749e+01
7.017867797818158238e+01
6.875548350964569977e+01
7.382066575185996271e+01
7.509581285201760181e+01
7.681752629831657941e+01
7.133861131771803343e+01
7.397887752700221142e+01
7.192702604716848214e+01
7.307033103946103836e+01
7.254425057246555752e+01
7.168004304366306201e+01
7.560299561367112631e+01
7.595363526065021631e+01
7.079093967825870948e+01
7.351203849668077339e+01
7.433601085388060881e+01
6.960568766913631578e+01
7.253443212264734541e+01
6.386485595288311856e+01
7.153019757944457524e+01
7.343837461343943573e+01
7.829221932642474258e+01
7.770349098784656405e+01
6.774987838741918722e+01
7.427283107011832897e+01
7.051487866033488672e+01
7.028385439464737772e+01
6.911431289842761316e+01
7.846853931397082249e+01
7.264804403569991109e+01
6.704497358373291149e+01
6.922121863510454887e+01
6.946420068964354755e+01
6.801707921250797995e+01
6.664268846270661584e+01
7.034228025749138169e+01
6.994165915081818241e+01
6.938936065228922700e+01
7.046353375637058036e+01
7.117526404279681174e+01
6.780804950631255679e+01
7.041975946016088983e+01
6.932786350977841039e+01
7.184509168957728775e+01
6.935831107424580466e+01
7.612383854120884052e+01
6.844251160970803483e+01
7.321789213019782494e+01
7.273818207929420510e+01
7.015489975609928308e+01
7.274629410834106125e+01
7.538296800840994649e+01
7.035111240351967865e+01
6.748595603573470214e+01
7.483999581724195593e+01
7.183429703893291673e+01
6.989641294740043520e+01
6.917280165758948840e+01
6.648123846432220319e+01
6.526002542887459867e+01
7.396259065353557105e+01
6.764087205682618276e+01
7.719480638111599546e+01
7.098436829956472138e+01
7.074732568884927275e+01
7.245371035148949090e+01
7.512427088606995085e+01
7.014999064345137469e+01
7.251941445347216586e+01
6.859056992172487810e+01
7.039885800578629471e+01
7.224924157723721407e+01
7.505752818860280229e+01
6.974203368674807280e+01
7.224257362291176321e+01
7.454138225708031484e+01
6.812628294754829028e+01
7.335265808520237840e+01
7.338709122341089142e+01
7.377580477981125284e+01
7.452076819091460891e+01
7.718524402604428758e+01
7.348858758122516122e+01
7.232561614200709244e+01
6.969246049269901278e+01
7.276327228231798472e+01
6.708386263984139930e+01
7.435168010305127950e+01
6.706027941245140767e+01
7.507617676977609733e+01
6.910933715203495353e+01
7.412069472662643932e+01
7.269734727771852079e+01
7.559585215036237571e+01
7.072445077415159176e+01
7.505772593064796183e+01
7.658096629933248778e+01
7.027416603778712556e+01
7.371829334775874543e+01
7.034703297930647636e+01
6.882675549072240528e+01
7.217716287778799256e+01
7.630562104479477625e+01
7.291660359338132480e+01
7.161433580138121613e+01
7.101540643426913846e+01
7.292316129920649814e+01
7.193669646349798086e+01
7.159743919370596643e+01
7.052203751054324243e+01
6.711437195843089398e+01
7.262056874755141678e+01
6.874027982459524821e+01
7.786875973929518580e+01
7.287246420277460857e+01
7.541090837758889620e+01
7.265658886329312338e+01
7.122172568127861325e+01
7.335548302948070898e+01
7.320324100243905718e+01
6.939551673109212970e+01
7.162981481942401274e+01
6.926800938918941597e+01
7.340116967651765378e+01
7.724710268035178728e+01
7.482720194382507373e+01
7.079499057798129513e+01
7.107401579940618319e+01
7.257951928952357434e+01
7.417783495549483064e+01
7.237869691867123834e+01
6.704753561868652412e+01
7.376912480736916677e+01
7.308828760624257370e+01
6.943284428284503917e+01
7.168544501375862410e+01
7.019329902308490432e+01
7.094397227184569488e+01
7.157831001618446010e+01
6.748883901400732555e+01
7.780346928774532955e+01
7.162099308732527447e+01
7.145964775993809326e+01
7.910545268661272189e+01
6.967513729174272896e+01
7.301312817003930888e+01
7.125894894053590178e+01
7.289014269305634741e+01
6.833690419514763903e+01
6.936322497752060201e+01
7.058129000718946600e+01
7.634473197166778391e+01
7.380948181414201770e+01
7.056818921656774535e+01
7.532330044787890699e+01
8.282500463076357278e+01
7.159393980095333632e+01
7.426031014736017255e+01
8.092041345760466697e+01
7.370114808639384307e+01
6.818456952618851119e+01
7.111660670831813036e+01
7.145510791369099479e+01
7.103048694616470016e+01
7.159032160069611450e+01
6.559550301681365170e+01
6.929278210342964428e+01
7.740480749916684999e+01
7.033095335760100397e+01
6.864575052680524436e+01
6.904732440202010935e+01
7.161248443448073431e+01
6.471014540170662599e+01
7.154644227510283372e+01
7.389822506089531373e+01
7.761489760856524356e+01
7.275335653683673343e+01
7.237715538006831650e+01
7.390067519150073849e+01
7.253103085707512321e+01
7.082519925463600430e+01
6.728592639458686619e+01
7.167509432979967698e+01
7.743286702880605787e+01
8.100340630651362517e+01
6.993230887062033219e+01
6.981377463782943948e+01
6.283910199269179486e+01
7.511888390027144169e+01
7.552210766153358179e+01
7.110704312879306599e+01
6.870245137725908080e+01
7.460944278896467097e+01
6.574777600145966971e+01
7.151986114301826092e+01
6.971517653629214806e+01
7.747072462109198909e+01
7.171937996542008875e+01
6.774937396958449654e+01
7.124931256875119345e+01
7.466845878066889952e+01
7.227559427497510569e+01
7.314132294739317786e+01
7.920198011636713886e+01
7.900433464650024007e+01
7.067186606104061752e+01
7.732630687073422848e+01
6.786860886733120424e+01
7.384252542541581477e+01
7.192693968788201175e+01
6.897365877920775290e+01
7.307223574938160482e+01
6.450612199963647697e+01
7.048741007105492429e+01
7.328848988269442088e+01
6.542155573325747753e+01
7.326689779285929660e+01
7.031616028007617558e+01
6.944289808733549307e+01
6.838828312859730829e+01
7.153657426976370459e+01
7.051016909544087241e+01
6.693846829833671563e+01
7.481170337903940037e+01
7.920810152887314359e+01
6.978729910015056248e+01
7.671397623807797572e+01
7.090693481298198719e+01
7.524159214126009942e+01
7.017101048918618744e+01
7.695216679132555271e+01
6.365225180450266862e+01
7.045773587283085249e+01
7.158855979471020703e+01
7.240729657297544009e+01
7.102889502226329910e+01
6.474428393823542649e+01
7.114534776146895467e+01
7.677117429156315609e+01
6.969680319867235596e+01
7.337209062352479805e+01
7.185907591951466600e+01
6.744004421081170619e+01
7.468194207063841361e+01
7.153925307111057919e+01
7.430356372706485502e+01
7.622148116435567999e+01
7.425467343019028021e+01
7.699296280698521855e+01
7.298317082093139163e+01
6.945300858018903511e+01
6.990730961956805345e+01
6.945904825207300348e+01
7.305232140808892893e+01
7.409424580014376716e+01
6.282993554325925345e+01
7.076153591302553991e+01
6.462018127038241744e+01
6.656349728823383316e+01
7.396481899631828583e+01
7.430956562152763922e+01
6.881994138077843104e+01
7.265173620044330960e+01
7.024851617072228294e+01
7.336353051982295881e+01
7.421721320298848923e+01
7.331650717505326043e+01
6.891271159589457795e+01
7.803508741692895967e+01
7.092763462601998015e+01
7.614549084823870828e+01
7.425461316189607430e+01
6.389215157740244422e+01
7.317779648828231132e+01
7.346455440012415750e+01
7.277220802955227441e+01
7.330481384613564444e+01
7.186889285703941255e+01
7.702822576476287963e+01
6.918883213048611935e+01
7.668117805239940310e+01
7.174070880548430296e+01
7.149575683398924753e+01
7.082560280517053286e+01
6.686045987291710446e+01
7.551156969478232384e+01
7.067765276184137235e+01
7.083725485899161356e+01
7.217911184554596105e+01
7.133228176349575733e+01
7.288147816604211471e+01
7.275962757112584711e+01
7.623596671389458379e+01
6.694086174464577255e+01
7.449841841395831921e+01
6.528763136193514072e+01
7.066808403195068422e+01
7.194953012792795732e+01
7.170567882150578498e+01
7.117620645451228256e+01
7.558693712516807750e+01
7.500178672296601690e+01
7.027433605389401805e+01
7.144927714956531872e+01
6.626025818820713198e+01
7.451278499140674683e+01
7.245479023255707318e+01
6.932285970008828713e+01
7.364155874414741731e+01
6.214456999115935787e+01
7.598274729926578175e+01
7.631490680633976353e+01
7.440659726149125675e+01
7.104952057333365190e+01
6.792187792585291106e+01
7.057548875382542519e+01
7.294726350980985785e+01
7.448338853636373358e+01
8.031377605192807323e+01
7.839572630559740674e+01
6.755370128236229732e+01
6.890423083068610310e+01
7.028678953894247172e+01
7.208052329587616214e+01
7.397423732767938986e+01
7.257890551999079776e+01
6.933024628466013439e+01
7.285914116443395017e+01
6.887460418585263255e+01
6.479567923396673734e+01
7.452296507948075543e+01
7.334254662600680774e+01
7.994418329220648900e+01
7.443899863172349285e+01
7.363088650243733468e+01
7.443638978743032908e+01
7.846924650348208274e+01
7.395547016987494260e+01
7.384612677908776845e+01
7.336542016927266729e+01
6.877306198415364236e+01
7.144468649275414407e+01
6.189776660340037751e+01
6.546121078473393595e+01
7.068281221210730791e+01
6.855507215052794834e+01
7.551123160656037214e+01
7.853152674424984525e+01
7.142791393187080473e+01
7.520810940788048526e+01
7.030850925587705547e+01
6.781104807389652933e+01
7.763270479139605129e+01
7.701566815231812768e+01
7.450032640281584406e+01
7.010001440402102446e+01
7.337511600880326057e+01
6.752680639777376825e+01
6.906845593113261828e+01
7.052115964148266869e+01
7.430966045486140104e+01
6.938648085846257629e+01
7.467682244025681371e+01
7.263955416307614144e+01
7.793736855886514547e+01
7.494102665097297233e+01
7.505426590670550979e+01
7.813721402963975038e+01
7.570402488657359186e+01
7.100049120407567216e+01
7.326160096089104456e+01
7.268645922875722931e+01
7.189126235092416550e+01
6.756108819340566640e+01
7.183558201105120133e+01
7.209499543734848714e+01
6.647558495121072042e+01
6.997604555481549937e+01
6.766412086088750755e+01
7.819962831313523566e+01
7.105591195879104305e+01
6.930315986965040054e+01
7.768939821228816811e+01
6.917308550480973395e+01
6.829244434483443627e+01
7.130674267540388200e+01
7.677731743614745596e+01
7.284560827519656812e+01
6.605823860882588860e+01
7.032284198792127938e+01
6.917860172657825046e+01
7.821167305762207889e+01
8.055290012588932314e+01
7.444151472208817211e+01
7.196412302244704051e+01
7.265571263406201297e+01
7.140650841033608742e+01
7.494533045570088348e+01
7.025782843964653068e+01
7.069348280140771124e+01
7.075062258600905807e+01
7.241256123203376660e+01
7.125276209161579288e+01
6.637076021720240249e+01
6.985493516083673171e+01
7.746729085395654124e+01
7.208531091401215463e+01
7.502705736627521560e+01
7.444643813238928942e+01
7.520395462518747820e+01
7.188894775245196911e+01
7.495047220618609174e+01
6.957204926034427217e+01
7.715426982172868975e+01
6.900505519335374061e+01
6.916344550524357260e+01
7.007405886008885432e+01
6.976115799809578277e+01
6.955727415252131607e+01
7.218485119632337899e+01
7.226529014065415879e+01
7.792060595267611234e+01
7.275223865184244687e+01
7.119499790493544822e+01
6.945616375325403169e+01
7.483771944107122920e+01
7.239296974890154956e+01
7.607764616780261235e+01
7.298309841493197325e+01
7.706550604796186121e+01
7.037329417209642202e+01
7.156745742785363973e+01
6.363035619294805656e+01
6.359454326919684064e+01
6.481236935142905509e+01
7.543700966288155030e+01
6.952300197243749835e+01
7.627570961934542026e+01
7.460211493395439675e+01
7.176149588072740926e+01
7.650873358926200751e+01
6.811530021427796555e+01
6.731916590040090398e+01
7.070713839997247874e+01
7.558733870000786226e+01
6.917107357617479124e+01
6.490692651355251996e+01
7.286704134974831959e+01
7.271305771381877037e+01
6.844295865055694605e+01
7.289385356254142323e+01
6.823185585946582421e+01
7.482544535622862725e+01
6.524896408234414480e+01
6.862707259594630216e+01
7.886059859054421395e+01
7.454182884211871851e+01
6.960311092304071678e+01
7.354556718623291545e+01
7.669963199936265141e+01
7.523316338718737484e+01
7.594961941380556425e+01
7.663020755295639219e+01
7.576059081401731987e+01
7.159746481134341423e+01
6.981116053053403903e+01
7.248867257352186755e+01
6.719665268597177032e+01
7.870027171137444100e+01
6.974073831402930068e+01
7.223389544914768123e+01
6.739967125309371454e+01
7.201485249489856244e+01
7.761433210890041323e+01
7.047833878627002946e+01
7.531770971023175321e+01
6.668014247633396963e+01
7.239874246705292649e+01
6.663159330324575080e+01
7.632439301686947886e+01
6.736315123263332794e+01
7.275733076273002098e+01
6.500522941095242402e+01
7.095907970298834755e+01
6.598979911719584379e+01
7.273403477353700453e+01
7.332747876445576196e+01
7.614918557882100458e+01
6.779743034454557460e+01
7.447743800431916839e+01
6.865725818674955860e+01
7.520136907340531707e+01
6.855026481993829179e+01
7.364907378259901805e+01
7.457925636099037092e+01
7.226980203698055050e+01
6.650374210853419754e+01
7.127480240360833363e+01
7.591156092914845033e+01
7.216000494927925502e+01
7.662953657020544540e+01
6.746519801757175117e+01
7.464115549169008546e+01
7.478413011473315919e+01
7.099415777776654579e+01
7.016309902058587511e+01
7.664198950851788084e+01
7.484261669422025420e+01
6.785114045615036105e+01
7.489586965559556120e+01
7.627696290066135987e+01
7.396199037283034272e+01
6.927347920914161250e+01
7.130550046508015782e+01
7.578128572227781490e+01
6.888498813134187060e+01
7.196952586076237424e+01
6.942726359360990784e+01
7.198876066321018641e+01
7.403428885526261638e+01
7.560487331506270436e+01
6.764282383435411816e+01
6.537062650347452575e+01
7.690704896795504908e+01
7.006754872777352716e+01
7.573941348223151238e+01
7.112103417234972369e+01
7.366246558784582987e+01
7.395326004138338760e+01
6.999064922756069507e+01
7.470113403327904678e+01
7.285597597023652838e+01
7.239082715661139389e+01
7.300621851732536527e+01
6.848250223984510399e+01
6.649092698815121594e+01
6.901909362229487499e+01
6.902003650817988500e+01
7.524762831785831452e+01
6.584961928797777375e+01
6.977899295651792499e+01
7.113706412345436547e+01
7.280673696896215574e+01
7.261051056842870821e+01
6.927715986959135819e+01
7.653737947430052202e+01
6.668244303145249319e+01
7.450625156920648351e+01
6.994198674327196841e+01
6.667361949067365856e+01
7.088318095077589476e+01
7.514517554974511881e+01
7.260734964096904775e+01
7.333263168291574630e+01
7.029968326503349374e+01
7.237369763494245944e+01
7.496610554397815918e+01
7.167109269449979081e+01
7.895656710793215893e+01
7.440902137156777485e+01
7.788203956338091416e+01
7.487991303253484432e+01
6.373054981243216588e+01
7.418544612348074452e+01
6.876589607378220137e+01
7.883618176143575340e+01
7.077015025468014642e+01
7.787473496406640550e+01
6.989889448077144607e+01
7.549966690330208507e+01
7.479013718779775388e+01
7.568370875462039749e+01
7.603041399599651129e+01
7.157961279161757773e+01
7.324848330759583348e+01
7.517389988505912868e+01
7.504078458860043099e+01
7.534051522517398780e+01
7.041086536831888054e+01
7.614503835113407604e+01
7.199832679691593285e+01
7.195167862945719151e+01
6.723490920220164924e+01
7.677742935261625234e+01
6.883155077119458554e+01
7.041190187471491413e+01
7.235851827669407044e+01
6.465917005980740839e+01
7.066726209934921599e+01
7.006876744105440480e+01
7.094301097560916958e+01
7.004206426523512619e+01
6.915568411072815991e+01
7.138854785395507463e+01
7.514537570442476522e+01
7.048702219923335122e+01
6.997395787270791345e+01
7.258973724346931533e+01
7.451445754666957555e+01
6.925091962154237990e+01
7.498433299391270168e+01
7.276547709730445490e+01
6.473116214335996688e+01
7.048602877117617993e+01
7.082128540134688421e+01
7.895262640297818280e+01
7.031516479952620102e+01
6.761320907766233290e+01
7.133123058419435836e+01
6.145038177893932385e+01
7.014090664176880807e+01
7.589556206957924189e+01
6.634230825404499399e+01
7.087687455886344878e+01
7.701126485592617144e+01
7.180243946046023495e+01
7.022137024273821737e+01
7.164591953168556415e+01
6.774645504500229265e+01
7.091627354884596457e+01
6.389589380369979921e+01
6.372589414947668729e+01
6.797636155570816641e+01
7.289294960906147480e+01
7.058372937437620465e+01
7.629049808763733154e+01
6.850487140656605334e+01
7.528310115665252056e+01
7.166701009880013373e+01
6.935968363611840459e+01
7.393184057901370920e+01
7.541091831374809829e+01
7.688273663610480924e+01
7.626023527659293677e+01
7.459624039054577338e+01
6.529667413292392553e+01
7.102440875272482401e+01
7.112069067438832803e+01
7.869897554591359778e+01
7.307535069078838319e+01
8.073560846583568207e+01
7.119126295447564701e+01
6.813005763899855083e+01
7.245245163273723676e+01
6.964930744559102038e+01
7.615314679814252941e+01
7.043103182982217447e+01
6.996635585281489966e+01
6.927112554939573386e+01
7.093961651806935720e+01
7.033644102237175844e+01
7.628446259054146594e+01
7.233044335132859715e+01
7.302997901060658137e+01
6.614168602493202798e+01
6.600092127973549339e+01
7.459877257393198136e+01
7.063466053055221039e+01
7.235505807707151860e+01
6.643767177916970468e+01
7.370404698821947420e+01
7.185951321999192487e+01
7.098275024356244955e+01
7.562643124937709160e+01
7.166717037833505799e+01
7.836918363502164198e+01
7.083458517987241976e+01
6.959337808698157346e+01
7.437149524546762791e+01
6.902217717687258869e+01
6.877764815713636892e+01
7.434063093256688148e+01
7.176659777563750708e+01
6.919615344682897273e+01
7.066044415427225545e+01
6.188634963161525349e+01
7.276562959217083915e+01
7.097284787587197741e+01
7.456752226297969344e+01
7.369090572784176629e+01
7.102708856725146802e+01
7.588206541081061118e+01
7.333026520445248764e+01
7.233917706214059251e+01
7.176148372778537521e+01
7.863772449572019241e+01
7.464616247053571385e+01
6.843095637691475019e+01
7.285801032556257439e+01
7.712605804304533308e+01
7.370603002784461921e+01
6.906123017161738176e+01
6.684314832248065841e+01
7.155358222747163666e+01
7.131765219008474332e+01
7.020988401415755220e+01
