7.792037868002850587e+01
7.830565160587676132e+01
7.527502879759349241e+01
8.108428081123142306e+01
7.656975091380148513e+01
7.699835996807964023e+01
7.440298574929524023e+01
7.886237667025706344e+01
7.791753200139051216e+01
7.825036974067555207e+01
7.864558982450670044e+01
7.582358139262046848e+01
7.736045523239002364e+01
7.942077522870934558e+01
7.486939675356725843e+01
7.765868954430379745e+01
7.597038996246757847e+01
8.032350481012427679e+01
7.935007096407731808e+01
7.651076307623472417e+01
7.583078562740898576e+01
7.970235728886369486e+01
7.800030051776670348e+01
7.917739043095480156e+01
7.688404763774680362e+01
7.847325170278507755e+01
7.525287815986780515e+01
7.760309019216131787e+01
7.755082411512847784e+01
8.069385441627920841e+01
7.980168501669736258e+01
7.351766797433047884e+01
7.814276964700853512e+01
7.571665339300952269e+01
7.697670800459815155e+01
7.574632374683929470e+01
7.724368685005458701e+01
7.385089653845307112e+01
7.715673540490061555e+01
7.899020325703223477e+01
7.519618258955691203e+01
7.752851988932661698e+01
8.088097116708951262e+01
7.793036372929670108e+01
7.664592935650794914e+01
7.669385775520665049e+01
8.004784382033200529e+01
7.720488843045100680e+01
7.759554895645443651e+01
7.600109422778989199e+01
7.623995209879016954e+01
7.586488709317524126e+01
7.531202047332713789e+01
7.387501282244419087e+01
7.746148608967600069e+01
7.822270476262066552e+01
7.839648779751370000e+01
7.959751037642949711e+01
7.800968623309441341e+01
7.789881142852743778e+01
7.992336202115464516e+01
7.614506694150058763e+01
7.995895054289316306e+01
7.536450396588257661e+01
7.633017058261879129e+01
7.875898904523155863e+01
8.114858432308524527e+01
7.815690395404348578e+01
7.727550085599678198e+01
7.656056002570822727e+01
7.982019195791797017e+01
7.821572586299227225e+01
7.857619754116197441e+01
7.480724690011862776e+01
7.633989375327696791e+01
7.795133587207915582e+01
7.581781552931209944e+01
7.863992506605769961e+01
7.747743954011026801e+01
8.059553966565103167e+01
7.783666008853874985e+01
7.756530345006973448e+01
7.962795662236727878e+01
7.610728445596353708e+01
7.543758927306308237e+01
7.609363737603091238e+01
7.897100574960859376e+01
7.944767745922598579e+01
7.506727856841933999e+01
7.626689255929875344e+01
7.724575804304909354e+01
7.640959447863563980e+01
7.753141335048215410e+01
7.893651487473557893e+01
7.912623911797129495e+01
7.910135040993945665e+01
7.994879419251056163e+01
8.044257377759961969e+01
7.428825137748265206e+01
7.539075228021577857e+01
7.921957017364040610e+01
7.524739500490304067e+01
7.975593049441316396e+01
7.721061658400687122e+01
7.979772293775749858e+01
7.755732411996369535e+01
7.409301789337577304e+01
8.326537910317769331e+01
7.714383555701969897e+01
7.871545640271365585e+01
7.865808025571676865e+01
7.767665444257777096e+01
7.354954314510730740e+01
8.451502444464595953e+01
7.838708369801204867e+01
7.507017103129915370e+01
7.833146830372135128e+01
7.803768638080182996e+01
7.791294656860455348e+01
7.787293818008734547e+01
7.457614093876263439e+01
8.057246598206843657e+01
7.350843814275550869e+01
7.673010134117504322e+01
7.751980286084699401e+01
7.899374535321089752e+01
7.694062396771877843e+01
7.901284853041781275e+01
7.888479856483689900e+01
7.795417269938801041e+01
7.684020148811676165e+01
7.682933297369550019e+01
7.455174001713153586e+01
7.617693801451770241e+01
7.577220750205140121e+01
7.869350911424643868e+01
7.711889248480723325e+01
7.605427263005040572e+01
7.768554147015821343e+01
7.561361686416989869e+01
7.954232674183374741e+01
7.802268545423912371e+01
8.099095178219124591e+01
7.725500924128567704e+01
7.906063415189113641e+01
7.681138052396040905e+01
7.506874459782662257e+01
7.925209542769613336e+01
7.643562019173144506e+01
7.610715459122221205e+01
7.548822944922771683e+01
7.783685010699099394e+01
7.520107895299537404e+01
7.587615286851708163e+01
7.989542592945828403e+01
7.680907726386381285e+01
7.337768840435428785e+01
7.818199839317782107e+01
7.533195346251039837e+01
7.655378214013941829e+01
7.816181394240931013e+01
7.457297435088364068e+01
7.632915586857809842e+01
7.704152532512750895e+01
7.831192739073586040e+01
7.668026675667015013e+01
7.889601010839834316e+01
7.490588429167839024e+01
7.781760443081041956e+01
7.585429601981313397e+01
8.014291217042891446e+01
7.910534996926564588e+01
7.831604801576895625e+01
7.549729285129465950e+01
7.561199165697767910e+01
7.886493833449166857e+01
7.519456290894477490e+01
7.917496845749403178e+01
7.524120306982213435e+01
7.915480959518646387e+01
7.880374337441216426e+01
7.668723965468167592e+01
7.802241006704286974e+01
7.572692534086273497e+01
7.965803977471830422e+01
7.598233047616029978e+01
7.630485048980085594e+01
7.819834985246885140e+01
7.576647947551902007e+01
7.569065289737628177e+01
7.569717024002716244e+01
7.812088752116574142e+01
7.939219006583746818e+01
7.939982646120073184e+01
7.289693384907693030e+01
7.839438850330517994e+01
7.725338672423607989e+01
7.746819118545116112e+01
7.616112456245890883e+01
7.411789262240598930e+01
7.742044391340647280e+01
7.810600782371272999e+01
7.493992400972884127e+01
7.806918195973588581e+01
7.373466276718352219e+01
7.864122567496701777e+01
7.537676629163442499e+01
8.136169357627244381e+01
7.805205828358504050e+01
7.635830791313010479e+01
7.535717808180068289e+01
7.990552749638341368e+01
7.263769860030311065e+01
7.889685410786981379e+01
7.977998930257980703e+01
7.548676038217379869e+01
7.704924289358964984e+01
7.781240348076278224e+01
7.759655205213307738e+01
7.863730922652639777e+01
7.715988399379942564e+01
7.816835087289042860e+01
7.662356570648761078e+01
7.945985807153478220e+01
7.538346348752402548e+01
7.980972615076191801e+01
8.168609914336047950e+01
7.918128921070864124e+01
7.831662358903291477e+01
7.774060960772196438e+01
7.630208737867872060e+01
7.150947170924138163e+01
7.834313195262933505e+01
7.646206497452268991e+01
7.909661275127707825e+01
7.696953915769051946e+01
7.861256891127784741e+01
7.651390989089520644e+01
7.703636109249035258e+01
7.850014111393845440e+01
7.568823250664232205e+01
7.628559307781171128e+01
7.945552095447168028e+01
7.476669110718860622e+01
7.694955174821045318e+01
7.997032266982056115e+01
7.796481957720496325e+01
7.768869948833545891e+01
7.895461912425014361e+01
7.581629940688442559e+01
7.684865412496669990e+01
7.822795797798093531e+01
7.433121054948662731e+01
7.589808862315446447e+01
7.775413240030540862e+01
7.532843748765675684e+01
8.056427164704889776e+01
7.774590498581279974e+01
7.760910089480974250e+01
7.656293698742273079e+01
7.717479880471755394e+01
7.874532530080932702e+01
7.872448916151941489e+01
7.540744853516766000e+01
7.703913244750366118e+01
7.844742698509624290e+01
7.766048610577838929e+01
7.877651018315923181e+01
7.478377431223246674e+01
7.852680097122579639e+01
7.987886549900187561e+01
7.558178757897400146e+01
7.589735807987455019e+01
7.991715020731959385e+01
7.696781716666640705e+01
7.916029198044289217e+01
7.975356054890094981e+01
7.674858671625125339e+01
7.514865598665709001e+01
7.363316881094841904e+01
8.267366247920232070e+01
7.689880916135913935e+01
7.543516419575425402e+01
8.120189086838585979e+01
7.726855093760015336e+01
7.889486046193334801e+01
7.849211745463466627e+01
8.131253515539836485e+01
7.885829640726318246e+01
7.856656722360591516e+01
8.039396390831251438e+01
7.509630686455636805e+01
7.399346289016280309e+01
7.886047116693370640e+01
7.964128726373641598e+01
7.927734784410324664e+01
7.725340728051784822e+01
7.518390803903676556e+01
7.598964793369206916e+01
7.785742577314304924e+01
7.582001596982773606e+01
7.902096500884719887e+01
7.944365006423423381e+01
7.872712010160827845e+01
8.149787828294678604e+01
8.169281317719082836e+01
7.856849173318039448e+01
7.992831424072942070e+01
7.790218221101801532e+01
7.964026827449281143e+01
7.974529589499148585e+01
7.668412764082671629e+01
7.775463155743069876e+01
7.240799969714126405e+01
7.563905498193781796e+01
7.614499673216384679e+01
7.521359108388182335e+01
7.544923784846713488e+01
7.243705706576433556e+01
7.852295418048647946e+01
7.457349732554725108e+01
7.490705173079595625e+01
7.677389513760316220e+01
8.086643936442428071e+01
7.592956743360252858e+01
7.693707442319305301e+01
7.744629694190648195e+01
7.958734447388050626e+01
7.875296161095705827e+01
7.480069886774830934e+01
7.807730358424346662e+01
8.010506375221082465e+01
7.690289660929421700e+01
7.979970528287461207e+01
7.728999445155423587e+01
7.716576885200291258e+01
7.823452880696622458e+01
7.929059491482857425e+01
7.698170457180182780e+01
7.480345784699491674e+01
8.121882448071100669e+01
7.832374226944202178e+01
7.945512624732164397e+01
7.415853850870207964e+01
7.824493691638150494e+01
8.013807910447408744e+01
8.131140118975559972e+01
7.799940927491594778e+01
7.876834224853310218e+01
7.649655971231932483e+01
7.664946565354043173e+01
7.515330292692634373e+01
7.798777114500411756e+01
7.436438777746137418e+01
7.723550342403903812e+01
7.642698016471204880e+01
7.778571965819570266e+01
7.830265518595884089e+01
7.640548780898461700e+01
7.803766172242774246e+01
7.872327395924824600e+01
7.776455077571587537e+01
7.902014531082690496e+01
7.788322424984946224e+01
8.054169826395902021e+01
7.513251218700766287e+01
7.716688720725809958e+01
7.532554496245036546e+01
7.493823187245851614e+01
7.536257139745610800e+01
7.950307612472140306e+01
7.622547584217610961e+01
7.642137118282396102e+01
7.589992091131220775e+01
7.554841151629671003e+01
7.557173884389635532e+01
7.633051935153112311e+01
7.502702794977268752e+01
7.614638149918722831e+01
7.775948869493277016e+01
8.039414076698626843e+01
7.426419299880305402e+01
8.198416041009132016e+01
7.612210024217580440e+01
7.471879833601830967e+01
7.803027275649199623e+01
7.593217126248795523e+01
7.978120230966371196e+01
7.982190566243212970e+01
7.999616930393717951e+01
7.974966755187881517e+01
8.053886342670145382e+01
7.613182952004841297e+01
8.056588679620810467e+01
7.675602680318135640e+01
7.360549872116136783e+01
7.919082118573841456e+01
7.698876570008134479e+01
7.716155140478883823e+01
7.520014102429342984e+01
8.021894536978997792e+01
8.061238779207518235e+01
7.887300472581254951e+01
8.048169885838041182e+01
7.384953243180677873e+01
7.613087846002906645e+01
7.825854424055363268e+01
7.669621522206873010e+01
7.707592762216464166e+01
7.811143855604382225e+01
7.757147657970641319e+01
7.885287123272703980e+01
7.775362841727719854e+01
8.024253347221269905e+01
7.663326873838795450e+01
7.630865146871505544e+01
7.864988551354939261e+01
7.696221819444917855e+01
7.538970744872703733e+01
7.664291625595663504e+01
8.163723035148130691e+01
7.731280287515663474e+01
7.454211260958265939e+01
8.073590454985883014e+01
7.841533328452607066e+01
7.502255154739428633e+01
7.900035106826649667e+01
7.494934375742553812e+01
8.157793005519023666e+01
8.151881059908266991e+01
7.867939507475105643e+01
7.944722247203341681e+01
7.712094624611417260e+01
7.502406838809018552e+01
7.447364054158197177e+01
8.085197714414051973e+01
7.869631187844697706e+01
7.684024822330607662e+01
7.753192540687821577e+01
7.952201307146621900e+01
7.742006669331888702e+01
7.593223416584007168e+01
8.163994948180717870e+01
7.411904866534116820e+01
7.670960074062041656e+01
7.672012469206566720e+01
7.954851579912218540e+01
7.967086033592832450e+01
7.813665764631166155e+01
7.747629989149197627e+01
7.630947539649095290e+01
8.076349992415670442e+01
8.240081897170364300e+01
7.791070397575653317e+01
8.110557313892633147e+01
7.979401986753694587e+01
7.468360294552392986e+01
7.555144453658192560e+01
7.852231245540349391e+01
7.607982547051314270e+01
7.712498667527590612e+01
7.390498750411603623e+01
7.740524724369790022e+01
7.730467607136094443e+01
7.596451276510119044e+01
7.769485144556678335e+01
7.540963970427422680e+01
7.848712655544753147e+01
7.525976734145935154e+01
7.991599175285958268e+01
7.960620772263023071e+01
8.039119232838200446e+01
7.768367507655278814e+01
7.984568985480630943e+01
8.038059091704593584e+01
7.806843402343747584e+01
7.470549675976124604e+01
7.989206734902943197e+01
7.597811606197363687e+01
7.816674209581717037e+01
7.960021733091321039e+01
7.768447208105946800e+01
7.715741400287933516e+01
7.634847647959551864e+01
7.648435425049541436e+01
7.971402053505067897e+01
7.658864207993872242e+01
7.567105456015993070e+01
7.526464606746012009e+01
7.792085658561626360e+01
7.960171148236823058e+01
7.428816625716304145e+01
8.054596583672146437e+01
7.804146261739796842e+01
7.813757095939124042e+01
7.592035072149079156e+01
7.809047886957132789e+01
7.830864807459597898e+01
7.571476634024602959e+01
7.449669105056878493e+01
7.815985121196875696e+01
8.162781004568425658e+01
7.746654981688352848e+01
7.490064164195698027e+01
7.624636650893700107e+01
7.817508701136809179e+01
7.650960215969834621e+01
7.612254062546325883e+01
7.671106898186543788e+01
7.660150094052187342e+01
8.118783561379768798e+01
7.804711159446266322e+01
7.903533434591963669e+01
7.831241962443591831e+01
7.769874203011407587e+01
7.760356492329593436e+01
7.696516308458357969e+01
7.975337115446106395e+01
7.650676207355131453e+01
7.652870901577921359e+01
7.830004455544997199e+01
7.556640153591366982e+01
7.621654755174725437e+01
8.019767528317700567e+01
7.456424385712711000e+01
7.375804483197902073e+01
7.670974557199100730e+01
8.049529748766792636e+01
7.952701690349012154e+01
7.580803504327077746e+01
7.453740541097332084e+01
7.929305681895536395e+01
7.791965245827363162e+01
7.503899875646551720e+01
7.471394373082154061e+01
7.836457505988352068e+01
7.615291877636366280e+01
7.729930726634991345e+01
7.898554006184554055e+01
7.745795368558739824e+01
7.602934965630292652e+01
7.888125354118702148e+01
7.486785486862372352e+01
7.719379172366356556e+01
8.040492837572806195e+01
7.541730250790494949e+01
7.752440151467963858e+01
7.363867992349939584e+01
7.690550812257208690e+01
7.699120665078719128e+01
8.017568568499352466e+01
7.881844941635404211e+01
7.453519826679058724e+01
7.716848425992900218e+01
7.693425287896270959e+01
8.128547112754597492e+01
7.507229127178193551e+01
8.124475125412052989e+01
7.738961962793928251e+01
7.703093704766959604e+01
7.803627323745634214e+01
7.841327607626314489e+01
8.008509614097404494e+01
7.614920346210271873e+01
7.597568414769563105e+01
7.513446931542854657e+01
7.848411202439268664e+01
7.644832029725688471e+01
7.838628527794450918e+01
8.020761606101797270e+01
7.935007415410892406e+01
7.938736036823398479e+01
7.768854345678788320e+01
7.598249717926064761e+01
7.519120473114396930e+01
7.406965864776270791e+01
7.559627481371235547e+01
7.639612806755141605e+01
7.723274396235700578e+01
7.981592740118296092e+01
7.496514167925072059e+01
7.595101885432407585e+01
7.821973405076231245e+01
7.938231506988023511e+01
8.095699222444342524e+01
7.728968636392679059e+01
7.743810218480382446e+01
7.299309593317144618e+01
7.753397743367982287e+01
7.562881772913310385e+01
7.931735406807757727e+01
7.557793678624345546e+01
7.605787174371202752e+01
7.539320779435458064e+01
7.923600495965604296e+01
7.949442540421972581e+01
7.833738292945642456e+01
7.708272703305742368e+01
7.608547673785554366e+01
7.913250820107207062e+01
7.600575873294114615e+01
7.634553459934672048e+01
7.707783669864487308e+01
7.611916433144101291e+01
7.640460822569669119e+01
7.774263180457241162e+01
7.328448412499582787e+01
7.523165029258902337e+01
7.725127027788701639e+01
8.031952855069604880e+01
7.766740408848387744e+01
7.612993427305575267e+01
7.762963988164867146e+01
7.996239684322495123e+01
7.591224151857994684e+01
8.084203381909071595e+01
7.744340176144515908e+01
7.723728721372150119e+01
7.938132606097180144e+01
7.859027108062636557e+01
7.330097791892148962e+01
7.985123152645741129e+01
7.554530524861519325e+01
7.535208387028285415e+01
7.688612832432100674e+01
7.549984331495635104e+01
7.698187347666420521e+01
7.714491529306144457e+01
7.694566048734463948e+01
7.707039016468333159e+01
7.860853549187390854e+01
7.481243813644765339e+01
7.533737485627135300e+01
7.684468560889561672e+01
7.558093071506829119e+01
7.819843306848464692e+01
7.809700182532654367e+01
7.922489520967116050e+01
7.830793170078653986e+01
7.688917256386530141e+01
7.966249518504315574e+01
7.498465137958909565e+01
7.589121270034530653e+01
7.376637046086503346e+01
7.545106745323676023e+01
7.851629636789222388e+01
7.458709379603538991e+01
7.617118276186948833e+01
7.856948114599934740e+01
7.873599211801941067e+01
7.591657347181715920e+01
7.965893430473866488e+01
7.633185356949205413e+01
7.764469923830556297e+01
7.269974236752442209e+01
7.744935074062017577e+01
7.953960367712295465e+01
7.774352009535127195e+01
7.797806607603733653e+01
7.664094854618556951e+01
7.774290842224762343e+01
8.197175993213487288e+01
7.487739881210701753e+01
7.847303364073951570e+01
7.573242031531280816e+01
7.811653898931507456e+01
7.688771759371810788e+01
7.691949707854489304e+01
7.576662785364484876e+01
7.688523594348994550e+01
7.273008071136422359e+01
7.702848946339690883e+01
7.672219472720647104e+01
8.225963595680254059e+01
7.495151711384717430e+01
7.511853761663233797e+01
7.585293669131431216e+01
8.094373305609093450e+01
7.820997288117249013e+01
7.719878154880763077e+01
7.855950231429601160e+01
7.577260362414527606e+01
7.589517338173347127e+01
7.567046172174639196e+01
7.582204278638742778e+01
7.982961545795251368e+01
7.798428421642343267e+01
7.775947930330137581e+01
7.694978042824106979e+01
7.886288866475132409e+01
7.801375562494528992e+01
7.931858261608873306e+01
7.429979860627710764e+01
7.624397390397376739e+01
7.955704731436743771e+01
7.551663770736362835e+01
7.470843738400611755e+01
7.492494276788934826e+01
7.578442495800615575e+01
7.346280623449823111e+01
7.541029515861275456e+01
7.966394295553504890e+01
7.872775025757191258e+01
7.836607242592165790e+01
7.238233606348894966e+01
8.105642036000476480e+01
7.866987073662905061e+01
7.724138784997262519e+01
7.693161011440760433e+01
7.830361200507597630e+01
7.659902279739111464e+01
7.872318886245943759e+01
7.854634286594556158e+01
7.866180209895257747e+01
7.779275284141262148e+01
7.623343663889589550e+01
7.791363552430065909e+01
8.065098669678289411e+01
7.777983854093665173e+01
7.861929663489524955e+01
7.716065894454771978e+01
7.649573785117785008e+01
7.924105664992416109e+01
7.785141510617884819e+01
7.927723980908956491e+01
7.743043064832161804e+01
7.876598413440096635e+01
7.748833339597578629e+01
7.278666439756811712e+01
7.752413478353709309e+01
7.945300700566775731e+01
8.193516757517100757e+01
7.820727734019747857e+01
7.509214635297826135e+01
8.141889101936540385e+01
7.476120269140930930e+01
7.610619644764442171e+01
7.919441488566870646e+01
7.842151032260112231e+01
7.700593857492499694e+01
7.647468140012705362e+01
7.427204628405038989e+01
7.595786518812408872e+01
7.545459614800596171e+01
8.122332805371634379e+01
7.862835149759128228e+01
7.593991644883028869e+01
7.909105719614522911e+01
8.159480547394043981e+01
7.688087292247303139e+01
7.814345167108356804e+01
7.811362891497402927e+01
8.131933403042431507e+01
7.893701297829244368e+01
7.591116080966862967e+01
7.918029983809626060e+01
7.707810132966122296e+01
7.935340331775849165e+01
7.728011281753553874e+01
7.997430936745544727e+01
7.738679722574401865e+01
7.698424134345367520e+01
7.631907753970072861e+01
7.632174880049372234e+01
7.860257971205390959e+01
7.864293812218683399e+01
7.704608157071618280e+01
7.752366933942660410e+01
7.908883839035165408e+01
7.963914865414554356e+01
7.625864756352396512e+01
8.125355050788598987e+01
7.798879948665766904e+01
7.786469383475147765e+01
7.270991151198062141e+01
7.456905788057531481e+01
7.627147382820216137e+01
7.864762720360046444e+01
7.435727233476448816e+01
7.821978982168302252e+01
8.125328929380610532e+01
7.717109616018977647e+01
7.622005031116263751e+01
7.977225588581707427e+01
7.920394115200558360e+01
7.889551187521871611e+01
7.695947728928204867e+01
7.768128270941890889e+01
7.748803437335858746e+01
7.641720137570052884e+01
7.458277547578117606e+01
7.837269242469973562e+01
7.338679221039338074e+01
7.614921430020066850e+01
7.750608226738322060e+01
7.862892104883657396e+01
7.814326345619338099e+01
7.671529542522610257e+01
7.700406102255675478e+01
7.626849774279327221e+01
7.630720041539385079e+01
8.063135457951528906e+01
8.000058489593767774e+01
7.846691565144587344e+01
7.591450598721384324e+01
7.961072011814623295e+01
7.868860413217574035e+01
7.693562143651963936e+01
7.774924101327036396e+01
7.836421462694939066e+01
7.693780507953248105e+01
7.822719102056424845e+01
7.614443831399553630e+01
7.608833497344980401e+01
7.834377932563772617e+01
7.618078594657812630e+01
8.012488299984863716e+01
7.457793294445532695e+01
7.706888168027626307e+01
7.725506864831028508e+01
7.543708934308463654e+01
7.416343880933071375e+01
7.750022480371342226e+01
7.701600976928526165e+01
8.067669946776490519e+01
7.647102336007013434e+01
7.684375255078438727e+01
7.356337537952074968e+01
7.998145981786446157e+01
7.837602000798365509e+01
8.068284044820607903e+01
7.838591806333438683e+01
7.745070599254333388e+01
7.676907937710454632e+01
7.662479841630567989e+01
7.837376501440826360e+01
7.804249882176580400e+01
7.264865464685219365e+01
8.276191417428432828e+01
7.722069611050086735e+01
7.396326419340583413e+01
7.716784875936833998e+01
7.433386371776876445e+01
7.884737285677509533e+01
7.716676124717565699e+01
7.917162155033452109e+01
7.762474366444752150e+01
7.800100905509002303e+01
7.182105035910832669e+01
7.780649448000728796e+01
7.545033348819089269e+01
7.816722621163108897e+01
8.058280127556902528e+01
7.829882770002103598e+01
7.613133083359998921e+01
8.004155067417488567e+01
7.731990815078664525e+01
7.796470314475831742e+01
8.015026723676243137e+01
7.496488740695954789e+01
8.044787213794869274e+01
7.589232353443462387e+01
7.478110763526507299e+01
8.273934809535397505e+01
7.842342216002276700e+01
7.831925870890668762e+01
7.601034237320536135e+01
7.510199676035769301e+01
7.535265634962745196e+01
7.861408379494950793e+01
7.916202914827672998e+01
7.749487295410983734e+01
7.859422917805632380e+01
7.607310514833559978e+01
7.771280945507291449e+01
7.849951377970509725e+01
7.859035975217315695e+01
7.470779073541345383e+01
7.465808433292984603e+01
7.528399065929798439e+01
7.675323429665279207e+01
8.037844312384270040e+01
7.582268746226991141e+01
7.913180948023486394e+01
7.605177474592106535e+01
7.721533123282537758e+01
7.447852024177605301e+01
7.994668726916002299e+01
7.590948683903293670e+01
7.753306566279599110e+01
7.284986702216774290e+01
7.739000389449888928e+01
7.844391787847682451e+01
8.083349838220293293e+01
7.928253899660801096e+01
7.922720645123777672e+01
7.848373824645040031e+01
8.113201127328109408e+01
7.697048989446243183e+01
7.712301194520972558e+01
7.710739599844455938e+01
7.996234477168928834e+01
8.028805897954720194e+01
7.837646534806957277e+01
7.942120621654638057e+01
7.608782963977077429e+01
7.678548800560695042e+01
7.836971257311539318e+01
7.824052343255040398e+01
7.758544246534594890e+01
7.876215679032907246e+01
8.004900680460374929e+01
7.630598129653063211e+01
7.751236079206250906e+01
7.577802104766946911e+01
7.618706445715176301e+01
7.859996946455723332e+01
7.746793733752615196e+01
7.710231024537895905e+01
7.783586381495781836e+01
7.644416392626068557e+01
7.544839543460872733e+01
7.891758588939521246e+01
7.229543711757716551e+01
7.585076688273676382e+01
7.797935800978437726e+01
7.862749910418385468e+01
7.864338555433239719e+01
7.700328520205184191e+01
8.386127917587087666e+01
7.727771800623838772e+01
7.656927077478044907e+01
7.769075064151975596e+01
7.612005897345261474e+01
7.563901513380203312e+01
7.819270490210689672e+01
7.682064418956372265e+01
7.474634232276211776e+01
7.655853643776352158e+01
7.779455932175314103e+01
7.901968467723501988e+01
7.552156967035026014e+01
7.339127153658769487e+01
7.821006757957960076e+01
7.566814408839668715e+01
7.733822692506187479e+01
7.760803196943982130e+01
7.776357235544162450e+01
7.894207573752613882e+01
7.352051126037035544e+01
7.816418162415070015e+01
7.581180563624587876e+01
7.678342746074973491e+01
7.763052323587676540e+01
7.852279409707539060e+01
7.799516244007513421e+01
7.835866273060125309e+01
7.615417834804392783e+01
7.652544330349610391e+01
7.719054339132472364e+01
7.541078922443048782e+01
8.038944454453799437e+01
7.949973018177723816e+01
7.773418720329682685e+01
7.838884048283799189e+01
7.436379414477769956e+01
7.736625530825708097e+01
7.843599935251981492e+01
7.816884014873465958e+01
7.957944467870231620e+01
7.904053658611447020e+01
7.835743499150926539e+01
7.548637158684306314e+01
7.444691183750765617e+01
7.495232380884817758e+01
7.598712682668985963e+01
7.951516754915638785e+01
7.679440755428224463e+01
7.852763533615777192e+01
8.087539941239623431e+01
7.947201264471679849e+01
7.724266043180269037e+01
7.606015112146897650e+01
8.234588961792289297e+01
7.504503035668209066e+01
7.564937184627906674e+01
7.993483823567379432e+01
7.937481172605069446e+01
7.560164025501494223e+01
7.304063739933890531e+01
7.718296089119469627e+01
7.857084040117594270e+01
8.049593431874014016e+01
7.656556007100417105e+01
7.692300191812412891e+01
7.475423579962175324e+01
8.020641607685968211e+01
7.917054235795735906e+01
7.938824546329874465e+01
8.014867433173797906e+01
