7.480401081081390657e+01
7.518590223911864712e+01
7.590252986845317196e+01
7.550888491941763903e+01
7.731492862558282297e+01
7.600064421646148105e+01
7.877659494462325540e+01
7.992282936045432962e+01
7.421077030703679611e+01
7.661815379431450879e+01
7.441403746960614285e+01
7.392907813619521562e+01
8.053675573712891378e+01
7.562907977489167877e+01
7.538760320282580096e+01
7.634560218904597662e+01
7.775917027938218951e+01
7.867733068513068417e+01
7.820119002255846397e+01
7.809908375130623881e+01
7.458238952576974157e+01
7.436393390477661569e+01
7.186830006724005671e+01
7.875864780388781128e+01
7.770474483826833989e+01
7.081120927312419155e+01
7.891021762264882966e+01
7.498918243716951793e+01
8.134976263225217963e+01
7.399179208326141577e+01
7.493138921695611998e+01
7.629700316712732899e+01
7.000597879485296460e+01
7.695381538219457696e+01
7.344953761885190602e+01
7.900799866454458709e+01
7.636530353425912665e+01
7.409352321211956394e+01
8.106632587067610984e+01
7.815158473260001415e+01
7.408637160959233370e+01
7.364331746811896551e+01
7.419037567059703520e+01
7.621793495565124488e+01
6.810757129130121257e+01
7.802435791473065763e+01
7.780439919343805855e+01
7.528506556205088884e+01
7.731363474264580304e+01
7.844818181927639955e+01
7.893885550994164646e+01
8.015615397536726050e+01
7.409111724340502292e+01
7.320009628650403499e+01
7.287918568473043024e+01
7.513988331659585640e+01
7.232348742436779787e+01
7.719860100532987701e+01
7.330735362985225834e+01
7.268269961834182880e+01
7.466153912495722977e+01
7.506837900042962985e+01
7.626760596447350338e+01
7.490492321203291226e+01
7.846057099284873004e+01
8.061376552823860209e+01
7.712513040527396413e+01
7.452506560954313386e+01
7.551043833609303135e+01
7.480131572340390278e+01
7.543822412680528089e+01
7.860899013119062317e+01
7.370246822096710559e+01
7.414170776218368530e+01
7.504485732441078483e+01
7.532384081277564292e+01
7.761315710991486583e+01
7.140280057765572508e+01
7.985293508313618815e+01
7.365541181785640390e+01
7.722890532651280182e+01
8.041418810612232448e+01
8.274746388546847697e+01
7.450370264737136949e+01
7.684245496492701477e+01
7.854387924945815769e+01
7.604056750831723832e+01
7.323241448557095623e+01
7.343677471652230793e+01
7.879938986272370016e+01
7.441502566898540749e+01
7.756349017635525911e+01
8.145916280176649593e+01
7.211930936423541993e+01
7.614779431378957497e+01
7.505057367694926995e+01
7.529635879826481926e+01
7.345610942265265919e+01
7.760574950411185569e+01
7.380204168822115207e+01
7.627969195785742329e+01
7.689787664159530323e+01
8.050714508792032120e+01
7.811395901655889418e+01
7.584610730614863883e+01
7.507184683336645037e+01
7.301395749329820717e+01
7.300031704240412012e+01
7.947693657271764778e+01
7.162383812573071395e+01
7.851919447080879877e+01
7.666030334341516550e+01
6.958102532871861001e+01
7.319509714049164018e+01
7.928473925624732033e+01
7.954821291065083244e+01
7.806545697128163397e+01
7.623803604990678195e+01
8.074677494955977863e+01
7.808638095607889795e+01
7.572117314737778315e+01
7.567885559944754448e+01
7.875045841007823810e+01
7.584845551845185696e+01
7.827977325787738039e+01
7.770205282873429553e+01
7.437843929371312868e+01
7.462621035660785651e+01
7.594416909119868819e+01
7.819330722088972152e+01
7.586369500666287990e+01
7.825397662341509886e+01
7.515371710785677806e+01
7.672617282676374373e+01
7.497122963841668764e+01
7.876917672126289460e+01
7.525001046131136206e+01
7.213847690558166903e+01
7.557707163694149699e+01
7.439271184958043648e+01
7.787234598777776284e+01
7.446220477355362277e+01
7.454233097308200229e+01
7.815134707463013797e+01
7.722603860889155669e+01
7.486165828120861931e+01
7.465039740928992273e+01
7.700186799901560164e+01
7.630721932355046988e+01
7.607693191521428844e+01
7.898852711597612597e+01
7.449016173610044689e+01
7.648951960821196394e+01
7.583203563901990663e+01
7.978701527902218515e+01
7.781438973758783106e+01
7.703082890694143714e+01
7.610410555060140325e+01
7.699664221363100580e+01
7.809165388860544965e+01
7.624264938576084205e+01
7.545142540787558971e+01
7.593920834650201357e+01
7.694977192812004319e+01
7.663785889075819568e+01
7.441297087926719200e+01
7.932923185750237849e+01
7.537170970394782898e+01
7.461986812012885650e+01
7.885788972037464362e+01
7.286188140640213362e+01
7.688275226537010099e+01
7.358829412362788958e+01
7.730443862466850646e+01
7.768680021622162712e+01
7.705983011190402010e+01
7.529685824699221541e+01
8.030650535246968502e+01
7.009454951669501099e+01
7.686215610367760576e+01
7.998446939022478830e+01
7.482540982164749721e+01
7.497369813080059942e+01
7.640687707942959150e+01
7.860365461446643565e+01
7.403002359138737631e+01
7.330098192311297112e+01
7.641749057852604210e+01
7.272371628346735406e+01
7.265415341674037109e+01
7.574825305080456417e+01
7.468071461657811483e+01
7.409864562057447301e+01
7.535776123741780452e+01
7.589774912221530201e+01
7.433697456007323012e+01
7.612809304713566405e+01
7.405552905813610209e+01
7.988099568712118526e+01
7.939043909498776941e+01
7.078266028460215864e+01
7.743574155820179783e+01
7.951749059687375620e+01
7.412514571924377549e+01
7.400483050081076897e+01
7.192277075839666622e+01
7.787024595403605076e+01
7.968732754511890448e+01
7.857548438798964696e+01
7.916355591499386435e+01
7.274524081624015537e+01
7.653394226913314924e+01
7.797664204939964350e+01
7.394734491143634614e+01
7.251817085423326148e+01
7.906381603752045351e+01
7.381586136032920820e+01
7.287133700962068872e+01
7.712300804392984332e+01
7.470203290608634461e+01
8.144023033993616423e+01
7.393678106578953191e+01
7.477206556821064964e+01
7.608461751464382417e+01
7.596978322108638793e+01
7.605617578185011496e+01
7.706971556118264743e+01
8.005161107204375526e+01
8.293969256380486854e+01
7.403060425292835589e+01
7.649518440252602147e+01
7.844289226017205863e+01
7.533109358885150186e+01
7.578604541276418161e+01
7.707114668611184527e+01
7.655879319417009299e+01
7.375568243653297884e+01
7.788262194383868575e+01
7.967852795280710154e+01
7.047163925801963558e+01
7.700099680475211983e+01
7.729505183427383486e+01
7.432558252153309297e+01
7.382850724816194088e+01
7.789538722704774898e+01
7.895489093618910204e+01
7.337545824775281744e+01
7.115661782898240517e+01
7.297319694499213938e+01
7.762994163262098368e+01
7.914686660104720772e+01
7.825623364533399240e+01
8.165126466065910904e+01
6.999596774999113791e+01
7.533085768591276121e+01
7.747214192299423985e+01
7.514828602079934683e+01
7.431938842390704281e+01
7.384179544887820157e+01
7.862631422466309061e+01
7.497088204496874653e+01
7.929531336341851500e+01
7.765072734542229682e+01
7.611823172850193941e+01
7.331613310108409109e+01
7.869476045448926982e+01
7.920802893769332798e+01
7.723764835666241879e+01
7.623331744422200984e+01
7.696680363628384214e+01
7.079552334551358683e+01
7.308157697705806299e+01
7.519994138029434794e+01
7.729973443329205907e+01
7.370828228707321728e+01
7.260634102836816339e+01
7.908834462034214141e+01
7.775537524111221899e+01
7.355176991120173113e+01
7.587193812291155837e+01
7.779222043142182486e+01
7.474652354129408138e+01
7.524140486621854507e+01
7.945824281038044035e+01
7.493459060468327948e+01
7.536010770331613173e+01
7.793024612259212347e+01
7.742369057409983668e+01
8.011462774068263570e+01
7.591473986576288269e+01
7.841168143762837417e+01
7.373446180708464226e+01
7.951725612373317631e+01
7.499856068074697646e+01
7.553050879164683806e+01
7.726372010371494525e+01
7.480394944408455160e+01
7.530513278122545273e+01
7.148134011703436386e+01
7.759712316024176459e+01
7.475120807904981746e+01
7.274539123649027772e+01
7.483181580521399212e+01
7.481871247090099075e+01
7.169084869894808776e+01
7.882278311405720217e+01
7.474052184857119130e+01
7.450817760325901418e+01
7.892857667882032047e+01
7.150611712475773629e+01
7.874595928700803427e+01
8.071883652895104433e+01
7.484904195961070172e+01
7.825055675648401632e+01
7.518288302394294931e+01
7.488591762422035458e+01
7.615491018998450556e+01
7.722935565643159350e+01
7.424029452941098839e+01
7.757262928491246612e+01
7.732878721676647160e+01
7.300486799129851079e+01
7.391750933988843997e+01
7.234619237707023842e+01
7.486642364275660100e+01
7.509241655368623469e+01
7.576867344157000161e+01
7.691631878355292429e+01
7.011182207717152437e+01
7.753485241094135461e+01
7.517226613482469588e+01
7.479200179660703895e+01
7.812630741926804490e+01
7.468244737265729327e+01
7.633462841909556573e+01
7.475701404301557318e+01
7.906753118945023573e+01
7.327218535132942634e+01
7.530248248777088804e+01
7.771207186278908807e+01
7.529980996343238075e+01
7.747687115122263890e+01
7.641609197966408829e+01
7.522517442419217559e+01
7.803004752098362928e+01
7.502721983103694470e+01
7.458291304602981597e+01
7.919176916830159030e+01
7.405039845277919142e+01
7.452776673201482538e+01
8.041414212090653280e+01
7.606193183142471526e+01
7.948156366635919312e+01
7.543478591333801830e+01
7.385236930464508021e+01
7.484956982817156756e+01
7.936089839577729776e+01
7.849643526683550476e+01
7.361978328941164307e+01
7.970764555213341396e+01
7.501904112819009640e+01
7.606193821191560289e+01
7.331451761901853104e+01
7.879127119026529158e+01
7.456782584564786021e+01
7.529553174152898976e+01
7.436549182732854035e+01
7.246426965116084773e+01
7.030010766337926498e+01
7.239367002102301285e+01
7.518773092377337264e+01
7.607373935189265524e+01
7.457750557196530394e+01
7.921804084433283322e+01
7.988168766850165525e+01
7.328464647478642746e+01
7.856688430966380565e+01
7.367299271734182753e+01
7.519415366818255109e+01
7.917356854389402088e+01
7.664845379430254013e+01
7.794274277962381348e+01
7.830373639316118783e+01
7.376765108756214318e+01
7.512139953452052055e+01
7.489179242526837754e+01
7.810079503977102888e+01
7.401705630592293517e+01
7.174131137794891799e+01
7.839102047417071617e+01
7.333459550397412841e+01
7.089591104370796870e+01
7.288536040016815321e+01
7.521758352656252100e+01
7.524633460018630160e+01
7.744453451030341284e+01
7.764531059320113116e+01
7.591283396029871255e+01
7.365287547349787189e+01
7.599170422847161888e+01
7.698295437648391726e+01
7.759147798896832171e+01
7.634238370020847242e+01
7.926133866099337411e+01
7.732480265742898951e+01
7.677630585746508984e+01
8.037650589970826331e+01
7.654546123560187709e+01
7.263945193428851610e+01
7.760687792147284370e+01
7.530309393419179287e+01
7.648953930719540040e+01
7.812010319856560159e+01
7.441183240488322781e+01
7.407416710048767072e+01
7.341792562709834158e+01
7.242302302624246124e+01
7.898569904051225876e+01
7.920065930074468952e+01
7.289365172493150169e+01
7.792504772669519753e+01
7.225194650953041275e+01
7.657007970290337084e+01
7.927544624015870056e+01
7.871051172277900321e+01
7.633132264296234837e+01
7.679676155303192786e+01
7.699662249526846836e+01
7.259950658829498593e+01
7.451076403127744641e+01
7.565775980116367805e+01
7.445161516282449554e+01
7.550630679552675417e+01
7.924603420545784616e+01
7.647977152452716609e+01
7.721470068023651834e+01
7.589980450102632403e+01
7.489238692931532171e+01
7.493066953933967511e+01
7.749839851194671780e+01
7.131331999358573626e+01
7.417048416586298742e+01
7.690014609098696496e+01
7.822149816635328534e+01
7.746738332322456699e+01
7.557173886578110000e+01
7.247069005860545587e+01
7.553415488027810909e+01
8.003243070600629494e+01
7.971111770238117344e+01
7.641517708467175396e+01
8.080941204246957454e+01
7.753080775361357269e+01
8.084772387774285107e+01
7.611749734729933436e+01
8.034307473280010470e+01
7.399543859724346362e+01
7.286528066293880102e+01
7.233469264130711451e+01
7.301475311408455582e+01
7.140171703354174326e+01
7.427686867008711147e+01
7.623648807856469034e+01
7.139159527249694293e+01
7.800687677130555642e+01
8.051570827237821959e+01
7.813302514626433037e+01
7.269006676396998046e+01
7.410500768462681265e+01
7.574473844905057263e+01
7.860588898906650002e+01
7.178649526509111922e+01
7.606417213959588253e+01
7.396986086187385467e+01
7.252033783680147394e+01
7.232827732559907474e+01
7.513910807494865196e+01
7.437214102090808865e+01
7.264128699462335703e+01
7.169558178261875980e+01
7.692436309866266697e+01
7.910167671416074597e+01
7.726712610773638801e+01
7.674694434193354198e+01
7.611220311816336448e+01
7.480436077127157546e+01
7.100929728070396152e+01
7.150430683064992365e+01
7.989066710225684176e+01
7.634799783724925248e+01
7.215574977225942632e+01
7.195106297046197597e+01
7.856444744248061340e+01
7.506532963808618319e+01
7.545237659124900631e+01
7.690425367211899754e+01
7.537529218731894787e+01
7.339453697534048615e+01
7.434374250288317398e+01
7.613612180817739272e+01
7.182215193929160080e+01
7.617795996813453030e+01
7.627071836208396860e+01
7.296285968517831577e+01
7.584228684179606716e+01
7.542080401450625970e+01
7.205297152994015164e+01
7.136956084182460813e+01
7.889596770127164405e+01
7.792156558745871564e+01
7.581759656426500271e+01
7.875975925626980256e+01
7.411110932285454567e+01
7.334296039333565886e+01
7.429119861335851738e+01
7.894318407046657171e+01
7.423897231440197686e+01
7.241509858449963133e+01
7.595172452435620869e+01
7.637671944631709664e+01
8.024258331438544189e+01
7.623867769592486354e+01
7.880087139629043236e+01
7.612864731097434401e+01
7.613230308257057288e+01
7.877138680316255659e+01
7.335988671855243126e+01
7.411875397172170210e+01
7.912391359366579024e+01
7.431623597361601696e+01
7.413523884157923760e+01
7.390301436412110547e+01
7.273728617486894166e+01
7.353041404892886135e+01
7.843900429554899745e+01
7.349387896945275145e+01
7.656259259407322304e+01
7.678770943708555308e+01
7.716144868327717177e+01
7.223195194788918627e+01
7.658475329631345119e+01
7.047584134866249883e+01
7.479503662213743098e+01
7.745901065013133291e+01
7.466550005374517696e+01
7.683210846993053167e+01
7.282491941842701522e+01
7.988411149255277621e+01
7.576017171921630222e+01
7.058449205716169672e+01
7.895774724257658761e+01
7.486011936734504957e+01
7.269260802510225972e+01
7.558486603085931677e+01
7.507333991929750994e+01
7.605999395607859981e+01
6.885719917261542378e+01
7.840794250515399710e+01
7.760542410934900204e+01
7.637648413225134902e+01
7.659630136474791584e+01
7.663337508740372073e+01
7.665852723978359506e+01
7.445723151582829757e+01
7.466492374761190831e+01
7.812462604552186463e+01
7.321779686490127403e+01
7.615841559396088201e+01
7.270344076260340671e+01
7.123692211060465240e+01
7.963666388549499686e+01
7.625376306344428201e+01
7.308989151138295881e+01
8.218992454211640108e+01
7.402456655845438149e+01
7.269689826131973120e+01
7.936347997070976135e+01
7.140545757464509791e+01
7.273900694066001904e+01
7.610777325368302115e+01
8.176273658986478665e+01
7.280533533322527262e+01
8.085944248786316280e+01
7.323346160473207078e+01
6.944552459738186201e+01
7.285931707733838891e+01
7.723629278168630208e+01
7.199110914721676124e+01
7.435052938708481918e+01
7.577959376325870267e+01
7.587312836857870479e+01
7.460058580406506223e+01
7.145626961372633446e+01
6.917806666765206103e+01
7.867389706592146581e+01
7.436789440196783119e+01
8.006119922012825896e+01
7.190210339672574946e+01
7.845398437004837433e+01
7.539536280941108259e+01
7.463839669771164154e+01
7.677239465686440667e+01
7.415251203806047897e+01
7.852567923224587787e+01
7.750541155802201843e+01
7.713296796911012621e+01
7.718134049366744875e+01
7.229452649264389663e+01
8.007803505946367295e+01
7.523417000980315095e+01
7.976996327883796312e+01
7.787701609389795010e+01
7.652530534708273535e+01
7.762206693238964306e+01
7.436427320656855500e+01
7.684524694074752915e+01
7.320797280407231256e+01
7.828464802448264948e+01
7.503531346954245862e+01
7.170189020219065412e+01
7.205947790087667215e+01
7.344084306897430281e+01
7.504450561892097937e+01
7.475992972706444561e+01
7.534371562225697971e+01
7.549769711283340712e+01
7.738428323347275750e+01
7.135740395135574943e+01
7.311768580811246920e+01
7.855183264142600308e+01
7.740470008099455868e+01
7.344640114231739858e+01
7.299489366940403556e+01
7.594809807682040059e+01
7.602600784520842581e+01
7.929993355425797574e+01
7.523903454103970034e+01
8.021658441902411596e+01
7.573603037348414091e+01
7.492870867265072832e+01
7.594599348867664901e+01
7.918490223657396143e+01
7.690944470656347676e+01
7.265904871345223626e+01
7.670023927050119994e+01
7.533013270273013973e+01
7.799169781371151089e+01
7.708848253503653325e+01
7.575862178952247916e+01
7.621737887484714236e+01
7.563979206811139022e+01
7.890381373220583328e+01
7.348193416174768799e+01
7.256248910721082268e+01
7.965873229624608598e+01
8.274818944044137936e+01
7.290281142452928975e+01
8.001798766777204719e+01
7.905274329739272332e+01
7.479296074049641163e+01
8.327587524083313042e+01
7.532728412123852024e+01
7.683186591204697891e+01
7.765776405566961671e+01
7.831647490026506375e+01
7.451875417012605851e+01
7.398010555870075677e+01
7.734397734625785858e+01
7.560652909607972560e+01
7.559893003271449174e+01
7.710690453534871835e+01
7.280933501679237452e+01
7.544825777693345970e+01
7.521718415765381849e+01
7.627752586089242470e+01
7.556098215240189120e+01
7.377647624124514891e+01
7.434402796710810435e+01
7.529917035192319474e+01
7.511072053306777718e+01
7.291167399015948547e+01
7.442505146089193602e+01
7.183109656828074208e+01
7.441502554712229767e+01
7.574122243510166186e+01
7.584138554834490265e+01
7.566798896059488300e+01
7.705255305321573189e+01
7.444189412438817044e+01
7.299014701444151854e+01
7.370859453307991771e+01
7.549722417851045009e+01
7.377987317203110251e+01
7.405031743863636962e+01
7.367053806942602989e+01
7.554900778411075635e+01
7.608559267989748776e+01
7.814297881900736797e+01
7.422099453266152125e+01
7.361633145516947252e+01
8.059320135054737477e+01
7.590047253145662864e+01
7.404538914429325303e+01
7.630274513965331096e+01
7.184943180799423601e+01
7.473531325716132301e+01
7.429076340489882568e+01
7.546456664137330961e+01
7.520277489007976612e+01
7.539767410012517246e+01
7.837714573590979228e+01
7.430589688786025704e+01
7.725931757141221112e+01
7.315047425117376179e+01
7.476133219106647232e+01
7.469030869127058736e+01
8.028027826835889869e+01
7.762773714024037019e+01
7.064936310688855770e+01
7.529238844656434537e+01
7.449555940330907333e+01
7.184754797906521162e+01
7.667506370191108545e+01
7.555693639777625492e+01
8.136574944599576042e+01
7.522785166173530058e+01
7.566235023900125611e+01
7.514956468191826389e+01
7.615914633611440365e+01
7.669123742259519361e+01
7.919475902019510727e+01
7.497416895531893033e+01
7.678231776539961118e+01
7.653903367207458075e+01
7.940783071641313029e+01
7.429017966385228533e+01
7.844427076769949281e+01
7.343538137660461018e+01
7.164054624979581831e+01
7.821806024537832513e+01
7.802139171789990257e+01
7.585995501809598807e+01
7.625933898415934209e+01
7.723423047454907930e+01
7.630772173360082888e+01
7.946278337235671074e+01
7.493455122196806428e+01
7.526402601598711328e+01
7.772473180710686336e+01
7.344236869486168473e+01
7.361323567088480502e+01
6.750682819673120605e+01
7.400715011952662792e+01
7.687958313006123490e+01
7.589767088039351961e+01
7.288464988883703199e+01
7.762610799246810700e+01
7.827525340631501649e+01
7.318460939529394693e+01
7.588694360348111445e+01
7.562481239371626884e+01
7.532912074065355057e+01
7.802250255199200524e+01
7.525842899641226325e+01
7.837796218462692366e+01
7.356479413223958375e+01
7.460267963374259637e+01
7.960814743498646351e+01
7.603672561804789609e+01
7.236352352606357385e+01
7.714282583411861083e+01
7.546479093791266735e+01
7.616203691561781852e+01
7.503510400946332481e+01
7.575000234644198827e+01
8.077673437291655034e+01
7.404662409880505436e+01
7.655642676254906576e+01
7.466285689396944747e+01
7.589996966387448651e+01
7.644176246303173627e+01
7.936656063942712080e+01
7.458067385138460281e+01
7.656413802599446683e+01
7.438871209802240969e+01
7.558962538903053030e+01
7.588798480220640386e+01
7.657010964300071976e+01
7.490697857395628034e+01
7.500520199105010022e+01
7.635716046911082344e+01
7.284587776749116017e+01
7.595786050616827367e+01
7.631185845501617848e+01
7.654388425861853307e+01
7.996110471879212866e+01
7.638579710584450311e+01
7.516092780364446924e+01
7.671152220372810859e+01
7.566757279549933912e+01
7.353308866755357087e+01
7.424413978052052698e+01
7.268661856810612676e+01
7.676009530821873739e+01
7.476427288792636716e+01
7.887481710999004747e+01
7.667811784530844932e+01
7.061052584612424710e+01
7.682985180624739030e+01
7.789593707249194665e+01
7.528081297185347864e+01
8.037619834315933076e+01
7.586299268407168483e+01
7.796437991926767097e+01
7.459156688183932715e+01
7.114072605975768226e+01
7.582133772230098145e+01
7.482235126282671445e+01
7.775022282984836863e+01
7.163068338183603601e+01
7.819396143671211519e+01
7.414035128775795158e+01
7.389214569484349227e+01
7.488620770749830058e+01
7.275053864275299986e+01
7.611111583586519203e+01
7.389726469342677717e+01
7.678116402611254898e+01
7.609719149184765286e+01
7.511404302101922781e+01
7.725769606581829407e+01
7.534483462182939206e+01
7.420467486145120972e+01
7.807707316249327789e+01
7.951032707276428368e+01
7.745745530566168213e+01
7.001816397614939547e+01
7.723864766049553054e+01
7.526263573127545214e+01
6.983839819637012170e+01
7.590443206949258581e+01
7.413939667222437890e+01
7.617574154294064215e+01
7.633331999832697079e+01
7.500551779674400166e+01
7.524244473981876524e+01
7.657750353367453044e+01
7.750796593036959337e+01
7.665728762286185827e+01
7.478479344807857387e+01
7.754336210925102080e+01
7.394318737509942707e+01
7.849548559293984340e+01
7.745489935932391745e+01
7.653437696707059956e+01
7.612280341028593966e+01
7.770273063465310770e+01
7.659303005307459955e+01
7.550672606400422637e+01
7.520270973612636567e+01
7.802972165185792619e+01
7.448816004391649415e+01
7.444640157750765752e+01
7.614481410945855089e+01
7.180557536777503458e+01
7.420508132546002855e+01
7.365487010703935766e+01
7.887102135689761440e+01
7.512323430086308917e+01
7.366472999969752777e+01
7.265320384686646094e+01
7.886158166444468520e+01
7.868176292513740577e+01
7.912411578155611380e+01
7.673087990660691560e+01
7.034065589743690339e+01
7.245269205000478507e+01
7.268239330777348073e+01
7.480979045012169593e+01
7.928119201962753948e+01
6.916525685371934173e+01
7.664864648620314824e+01
7.654402984104841323e+01
7.954611507537649118e+01
7.561953679719802324e+01
7.674146188301455140e+01
7.716900802567525375e+01
7.843894481931370422e+01
7.286340303445558675e+01
7.723019741785874714e+01
7.364813048395458850e+01
7.782189968998932272e+01
7.327457716649851704e+01
7.104438327630640515e+01
7.406067279285349514e+01
7.316162119147102771e+01
7.317100980646186770e+01
7.260749530037172406e+01
7.290895288976457778e+01
7.750822716530370826e+01
7.477757163020518760e+01
7.470136219495768160e+01
7.860355763600183820e+01
7.833438924931613201e+01
7.369985009652252472e+01
7.441200142955219121e+01
7.935691843855707361e+01
7.800771351410125476e+01
7.725607881087431394e+01
7.166508747672827440e+01
7.856254262254002185e+01
7.928380006979350014e+01
7.700446261165836859e+01
7.779443845189793194e+01
7.585807568320625194e+01
7.594478284536735657e+01
7.630887571013298043e+01
7.431761203533670823e+01
7.802963160705503753e+01
7.714775380454757681e+01
7.478900645996419883e+01
8.049693357920816084e+01
7.523791575308227664e+01
7.863411815553418194e+01
7.737636025995549005e+01
7.618092964765648389e+01
7.475527162743910026e+01
7.305716349709712176e+01
7.397397777240544769e+01
7.414526896806601997e+01
7.411884668553709332e+01
7.426260518445482717e+01
7.784189630825109418e+01
7.449573735404999297e+01
7.366896716472433582e+01
7.872381911147478206e+01
7.991484758638480912e+01
7.659067843612875492e+01
7.760585119221768480e+01
7.354648608626433770e+01
7.790156943998886163e+01
7.723179396330102975e+01
7.475487617232336390e+01
7.322362712118500383e+01
7.790720443866116796e+01
7.585159116919436428e+01
7.736513193786750264e+01
7.631315078401972585e+01
6.996199041720886669e+01
7.835594607611366769e+01
7.535932260690232454e+01
7.700475542293104070e+01
8.059197129442219421e+01
7.343702591516559153e+01
7.858642844969992325e+01
7.731597050286738693e+01
7.486206091591883194e+01
7.285205369999160041e+01
7.381666911352289162e+01
7.574828017586705187e+01
7.418373122421954236e+01
7.600622736272646307e+01
7.471772789083662758e+01
7.648286922092493967e+01
7.729395292330393374e+01
7.078134930512808864e+01
7.710222526868807336e+01
7.386939214543730259e+01
7.444430460837070029e+01
7.611011083144165923e+01
7.647072475384047152e+01
7.809825677606393413e+01
7.292269651041934253e+01
7.379112849303426458e+01
7.631493764992045215e+01
7.431107980852638661e+01
7.365936420124232598e+01
7.538793848458446689e+01
7.689691080886412067e+01
7.468687701350336283e+01
7.889428180888782549e+01
7.855924620203975905e+01
7.339758029541758333e+01
7.666051649866926709e+01
7.609607011604791182e+01
7.745468770217037502e+01
7.363137115453355364e+01
7.908437131077060656e+01
7.688341285088488064e+01
7.727046994352281217e+01
7.240598664933489204e+01
7.441453002978333586e+01
7.444706762503192010e+01
7.733084058997543764e+01
7.854835592834163549e+01
7.330267191621076961e+01
7.108052789232858970e+01
7.661831689828166247e+01
7.619573200494582466e+01
7.242366602018319099e+01
