2.538701554442392023e+02
2.540029157880530875e+02
2.540654043262314872e+02
2.540637865667177664e+02
2.539477931315986154e+02
2.539654778167721929e+02
2.536350068928379358e+02
2.540331183370462327e+02
2.536456740288483616e+02
2.538881884955522992e+02
2.541496082977106994e+02
2.539798846166754345e+02
2.535521974237315419e+02
2.540962403391568500e+02
2.539764700234747465e+02
2.536642435794043422e+02
2.540464269643500472e+02
2.541154462050706684e+02
2.538578358904064771e+02
2.537575387263237587e+02
2.537050075975620018e+02
2.541688286142226900e+02
2.539485490248617054e+02
2.542583875680522851e+02
2.540650251414430727e+02
2.534119868954990977e+02
2.541003496433513646e+02
2.536368463010860808e+02
2.538829394912300756e+02
2.537106954438291382e+02
2.539078983217073073e+02
2.535449155501586347e+02
2.540912631044335797e+02
2.540758792105808368e+02
2.536395890768480115e+02
2.538388994694603866e+02
2.538139563518427622e+02
2.536190415588194185e+02
2.537853764238353733e+02
2.538932856691543236e+02
2.537624479436463218e+02
2.540159078266403583e+02
2.537909094975439643e+02
2.536697987418916398e+02
2.539742997328324066e+02
2.536796461700766088e+02
2.538751136374545467e+02
2.537323327605330974e+02
2.539848772387437350e+02
2.537722888820253502e+02
2.539922700460460305e+02
2.533438022956883344e+02
2.536301640855816970e+02
2.537961672444851047e+02
2.537136347774348053e+02
2.538217727070033618e+02
2.541289519929168534e+02
2.537325638462753545e+02
2.540966334157615449e+02
2.538183738006361523e+02
2.541215595026197605e+02
2.534408560193292885e+02
2.532691728251633947e+02
2.535821934792037382e+02
2.541433240262680044e+02
2.535763819343185617e+02
2.538863716095821985e+02
2.534361786114267829e+02
2.540249100243098610e+02
2.536572220418378834e+02
2.534018344031609615e+02
2.534164596449556939e+02
2.537787663546289991e+02
2.541200866138208312e+02
2.537836913854836496e+02
2.538196030174655107e+02
2.539489107339672103e+02
2.545797401948711070e+02
2.537038919824065033e+02
2.540304728277779418e+02
2.539153365853733249e+02
2.535608430142924590e+02
2.539815355381942368e+02
2.538409101403609043e+02
2.540575009135677931e+02
2.542833167681734210e+02
2.544253748597159586e+02
2.537231452998458678e+02
2.534747493182560731e+02
2.540455429913439787e+02
2.534148413645422977e+02
2.538878690803013001e+02
2.538837387623490258e+02
2.538925545416106502e+02
2.541128392011464712e+02
2.536700836696145132e+02
2.539064695606285795e+02
2.538755499582299251e+02
2.535781113597603564e+02
2.539072052527978371e+02
2.537548955037401299e+02
2.535185871931854251e+02
2.539703573152428930e+02
2.545079140867860303e+02
2.542000553022251381e+02
2.543305916746134585e+02
2.540885227810448725e+02
2.538289750831512492e+02
2.537004884766261625e+02
2.535361327126996116e+02
2.539036906056254566e+02
2.541028064255266372e+02
2.534993635751466172e+02
2.537015801691642594e+02
2.538680163382834394e+02
2.535894316088832170e+02
2.539223655048092212e+02
2.536054819216289502e+02
2.539001081312525230e+02
2.541162188808973212e+02
2.540470217166823375e+02
2.538351657564040522e+02
2.538006221378933560e+02
2.538965287667815289e+02
2.535954411915930109e+02
2.534448329225011491e+02
2.543576153215202567e+02
2.537364516810747830e+02
2.542217950816915959e+02
2.540061815194808048e+02
2.537308093231853263e+02
2.540973036862349943e+02
2.542395700294603671e+02
2.535944928529668800e+02
2.538835947389337377e+02
2.539742089017364890e+02
2.535376261958611508e+02
2.539481014526359388e+02
2.539501201115972435e+02
2.538771530128966845e+02
2.535143281482908719e+02
2.543236775418567390e+02
2.537486303275256319e+02
2.534918371868105851e+02
2.540705877880745334e+02
2.536539430516067171e+02
2.537023406743082319e+02
2.539026140797164999e+02
2.538906002373584272e+02
2.537412955900884697e+02
2.538869222309480449e+02
2.537701472574133845e+02
2.539320090496235309e+02
2.535660232644758025e+02
2.535395736500365160e+02
2.537499880586366032e+02
2.539026477145604019e+02
2.540300403790969028e+02
2.538567644832288011e+02
2.535394232713202882e+02
2.537503238768016445e+02
2.541102025471113279e+02
2.536764000049114998e+02
2.538789695451221178e+02
2.542408958027045003e+02
2.540838820181721758e+02
2.534702185073651606e+02
2.539318553794597904e+02
2.535757852741313911e+02
2.539260685978388494e+02
2.540351999410922019e+02
2.537571384143116120e+02
2.535733192609818047e+02
2.543594460466874523e+02
2.537207677020700487e+02
2.538863954023364613e+02
2.537439744895846729e+02
2.537717578083473029e+02
2.539514212037983043e+02
2.537352599811924279e+02
2.537368620591555555e+02
2.538446374785018520e+02
2.541366797917515896e+02
2.542665683393508971e+02
2.540876662503007424e+02
2.540106448064997835e+02
2.538757550173048116e+02
2.540216746802254306e+02
2.537720227148699621e+02
2.537272241941750792e+02
2.536039271259068073e+02
2.543180019498669537e+02
2.540198377086142045e+02
2.538125237962950962e+02
2.539971021104468036e+02
2.539576258690605357e+02
2.536094225639135686e+02
2.541712521450907047e+02
2.537697985811223305e+02
2.539071405311580065e+02
2.535737126544999285e+02
2.535008220407586634e+02
2.539598080159371420e+02
2.538613671396568918e+02
2.537505498911270365e+02
2.541646099491322843e+02
2.539200391726902239e+02
2.535760947692976117e+02
2.540344278698331379e+02
2.541653032109756793e+02
2.539213971405794723e+02
2.537722455322469841e+02
2.537552707548362037e+02
2.538794627630877301e+02
2.535936979502301369e+02
2.538789771505002193e+02
2.534285319895477926e+02
2.536249708126981091e+02
2.541993559781207637e+02
2.541735788990164338e+02
2.540733667057774596e+02
2.538171011432352486e+02
2.541292426204161643e+02
2.539180665976965656e+02
2.536517436910128538e+02
2.539964696448966777e+02
2.539319341141728898e+02
2.539905137905153367e+02
2.539540597419492656e+02
2.534830516581373274e+02
2.541684543337381399e+02
2.540005918118293096e+02
2.538612619598262938e+02
2.540199425527234780e+02
2.537929141487843481e+02
2.538966707453855065e+02
2.532403206488210969e+02
2.538146186208046515e+02
2.539137706346919572e+02
2.539684834646917295e+02
2.538208459970586546e+02
2.541424063044240143e+02
2.536992277943983822e+02
2.535011983212535540e+02
2.536184224157857443e+02
2.540178610697111594e+02
2.538119640768803436e+02
2.535763453895229702e+02
2.542313743403277329e+02
2.536242284641720062e+02
2.535523209976843191e+02
2.540697496098053989e+02
2.536609079640084019e+02
2.540060206349542682e+02
2.534612008274467030e+02
2.540079415054404990e+02
2.540645226218256028e+02
2.538852190227648293e+02
2.539459238266994987e+02
2.536328705594035000e+02
2.537175765203887465e+02
2.538099786339755610e+02
2.540435420325288760e+02
2.535864405005047786e+02
2.535671574099785630e+02
2.536866099582609593e+02
2.543383426654096979e+02
2.536401787342512932e+02
2.536850888075013302e+02
2.539610229630574736e+02
2.540232438017169443e+02
2.545339865715951930e+02
2.538686172031240460e+02
2.537230683763519892e+02
2.540828074202730988e+02
2.540630480382390886e+02
2.540345252463673944e+02
2.536553786519218363e+02
2.540128548063815401e+02
2.537004420025291154e+02
2.536093379596273678e+02
2.535470279187780704e+02
2.537563251174414916e+02
2.538183500297658952e+02
2.539423313318739304e+02
2.537554272408490306e+02
2.537985806350945666e+02
2.539648788213859234e+02
2.541137287454310183e+02
2.537947973735388700e+02
2.539208211942927846e+02
2.543280041940064677e+02
2.539084524049699780e+02
2.531372314605542044e+02
2.539974104911742643e+02
2.535236272930629866e+02
2.539718049423863704e+02
2.537832657461556209e+02
2.540614389166863987e+02
2.538145294069098838e+02
2.540904200519925666e+02
2.539098282761624716e+02
2.537672506528853944e+02
2.537701871345797144e+02
2.536475146042890003e+02
2.541811231663802744e+02
2.538825827535512190e+02
2.536836996135621405e+02
2.536862040643553087e+02
2.539327396041885834e+02
2.535095806748026916e+02
2.537334414667535043e+02
2.535132885010238510e+02
2.536019067523441208e+02
2.541977317623537544e+02
2.541328443723638486e+02
2.542389563816404632e+02
2.536287875969761956e+02
2.539567443005198299e+02
2.537759384739334223e+02
2.540032534158586373e+02
2.542078969308445267e+02
2.540542495145017199e+02
2.540366596606476435e+02
2.538603250859284231e+02
2.537706348139713270e+02
2.535566407092773602e+02
2.535193238689298028e+02
2.537621943838265111e+02
2.541700041439542019e+02
2.540258273394262005e+02
2.540182295198887346e+02
2.537419502585569262e+02
2.535066504116548174e+02
2.538506164190893628e+02
2.538592407373940318e+02
2.543268079927630083e+02
2.537326134123615020e+02
2.539980774658775147e+02
2.541362886757039803e+02
2.540080357879294581e+02
2.537836716131524213e+02
2.535003185203459282e+02
2.539122920934289311e+02
2.541125850853079271e+02
2.539786404976974836e+02
2.536372942936731079e+02
2.541355272940866428e+02
2.544175277642182778e+02
2.538898011115952613e+02
2.541338704469027334e+02
2.536152778174290461e+02
2.538509717654995654e+02
2.544261701525429942e+02
2.532996195875511773e+02
2.540165113101464271e+02
2.539144272464700407e+02
2.538684158877182142e+02
2.536967418813350150e+02
2.537419793474461187e+02
2.538984368751665102e+02
2.543275373279333849e+02
2.540438187495687998e+02
2.538430109974081574e+02
2.537965325176683677e+02
2.539940667758610573e+02
2.537024713294787830e+02
2.537585316538804534e+02
2.539344273712620463e+02
2.538286262426688609e+02
2.538877029861707513e+02
2.538916143476770628e+02
2.534650009333644221e+02
2.538164332903372156e+02
2.540084125648566555e+02
2.536202755815108105e+02
2.537507090579832720e+02
2.540286747752876977e+02
2.540237191503793213e+02
2.540011327500960192e+02
2.535340958797601729e+02
2.542174805253746399e+02
2.538498313177912848e+02
2.541689984686842365e+02
2.537094206306914828e+02
2.541215878368248582e+02
2.539456823891954969e+02
2.535345867551256447e+02
2.540846231449061179e+02
2.538593552676329068e+02
2.539971805906085933e+02
2.537594188965202306e+02
2.541845689375920188e+02
2.540251615066590603e+02
2.535859562608301303e+02
2.537659731805881052e+02
2.536849203926670100e+02
2.536103091890974781e+02
2.540097818607654290e+02
2.538700368758318575e+02
2.541742340419077379e+02
2.539501895734155994e+02
2.535654321310529724e+02
2.536689213974612755e+02
2.538786143386253684e+02
2.542786581386101261e+02
2.534610032075382549e+02
2.536324542623946172e+02
2.541752035027946590e+02
2.540898646002601140e+02
2.539782778928759512e+02
2.536165806672083818e+02
2.540844955238177647e+02
2.536120516372891984e+02
2.540424823943135664e+02
2.542382385957952522e+02
2.542550315276799893e+02
2.537461471160632698e+02
2.541822464230280616e+02
2.539249193595954353e+02
2.537890970789898120e+02
2.538785953815936978e+02
2.538205745570677720e+02
2.534768028506953499e+02
2.534969545544917082e+02
2.538871061457021199e+02
2.541344037644288107e+02
2.539195819150730529e+02
2.542369603372177380e+02
2.538814074554754541e+02
2.538960495527959722e+02
2.537211349459194594e+02
2.542489038371152219e+02
2.541138564540117386e+02
2.538930254310145642e+02
2.537587782956850617e+02
2.536601529097721652e+02
2.539012205273022857e+02
2.538638724627380725e+02
2.540063251702557068e+02
2.538464440384382783e+02
2.537127866177507656e+02
2.535449550071788849e+02
2.535065246076892720e+02
2.539346370358528873e+02
2.534721490934803683e+02
2.538136465438169864e+02
2.539909220791223845e+02
2.536384251717774134e+02
2.537428746375691162e+02
2.537976844778479801e+02
2.537593707723260650e+02
2.532880456692815869e+02
2.536844680647073460e+02
2.536760053824906151e+02
2.535665571881966400e+02
2.531603333039890629e+02
2.543212648964746450e+02
2.537566694943150765e+02
2.538166692409921268e+02
2.539020058958625157e+02
2.538479023051450270e+02
2.543164677463262535e+02
2.539133933058642469e+02
2.539504362606637073e+02
2.540014190139783921e+02
2.537926761676855278e+02
2.537662929663371187e+02
2.539793303352742839e+02
2.538118211965287117e+02
2.538100623572260588e+02
2.540364916462803251e+02
2.540655918048900048e+02
2.535525820934062722e+02
2.538281905456999539e+02
2.537001038983807462e+02
2.539029329361132454e+02
2.540939838330386920e+02
2.540037972640170665e+02
2.538051053154673298e+02
2.540781170458446354e+02
2.540656617392192231e+02
2.537226901962871466e+02
2.539409508246522478e+02
2.541349416553720459e+02
2.540895904974145765e+02
2.536918834118227721e+02
2.541254848686427295e+02
2.542196607274412088e+02
2.539146055581158237e+02
2.537655474853004591e+02
2.539978017074967056e+02
2.539190554773187785e+02
2.537309397278830545e+02
2.540130259394261429e+02
2.537946837619103349e+02
2.538809850936110593e+02
2.540650958829579622e+02
2.538335566590398571e+02
2.541306415353595867e+02
2.539509260851051806e+02
2.542019534971057624e+02
2.540673222940663436e+02
2.537342800353610812e+02
2.539516471285505474e+02
2.541389790045890891e+02
2.540406143054142660e+02
2.539883680376913162e+02
2.536922071748820713e+02
2.535458453107136734e+02
2.541143976653842742e+02
2.541525678638747081e+02
2.539516056352070734e+02
2.540132234083731930e+02
2.535969395679117611e+02
2.536784480927998402e+02
2.537955180486954134e+02
2.536612933686683391e+02
2.540174449423775513e+02
2.538737065949377154e+02
2.536870271323985548e+02
2.536806236289321248e+02
2.537988329085294481e+02
2.538329314784165831e+02
2.539468436742559447e+02
2.537312076048602876e+02
2.538012735729584222e+02
2.536198820884200984e+02
2.541905666538263233e+02
2.542128355236546042e+02
2.537242001990432527e+02
2.540097165004125657e+02
2.539785033011192183e+02
2.538180005019954990e+02
2.534277038560792619e+02
2.539298399533277006e+02
2.541380492624753060e+02
2.539031439131879324e+02
2.537222082956634210e+02
2.535148498475770680e+02
2.542963873965262565e+02
2.540121156353570484e+02
2.539817317205862821e+02
2.538592433654298759e+02
2.539146697628386562e+02
2.531956118057324261e+02
2.539217846668894083e+02
2.537479069528576190e+02
2.539210761934167806e+02
2.538048083627917322e+02
2.538823512215548988e+02
2.543074853312393202e+02
2.536816885818872152e+02
2.539882193540989590e+02
2.536434872716454265e+02
2.540064276887993913e+02
2.537536548585247829e+02
2.535842859257853377e+02
2.540405262783813214e+02
2.538274279314063335e+02
2.542028353179650253e+02
2.539311212195918586e+02
2.540190537097015806e+02
2.538707580759274833e+02
2.537168324511501964e+02
2.538433316481361430e+02
2.539320541033256120e+02
2.536145088810957873e+02
2.541758106451708272e+02
2.533060002892081002e+02
2.541054201694901735e+02
2.538313544923035465e+02
2.538015703075822671e+02
2.537801590828837561e+02
2.540926201145945527e+02
2.538531877949604620e+02
2.536926037294965113e+02
2.536707774098236712e+02
2.537787677031207068e+02
2.540693545984502180e+02
2.537771122473467926e+02
2.538616623026851187e+02
2.537888531638331528e+02
2.539495706829284245e+02
2.538263559397500728e+02
2.542471091714463682e+02
2.536612408955591320e+02
2.538133423267623243e+02
2.539632359194837647e+02
2.535654361431218717e+02
2.541236212689565264e+02
2.540558825326996555e+02
2.539785767336335880e+02
2.540295066505264856e+02
2.542370609683616749e+02
2.538401374512876032e+02
2.536759165000556209e+02
2.537538407819984627e+02
2.534871936906289704e+02
2.536493035841911023e+02
2.539934590476570690e+02
2.539476807491237764e+02
2.542820724519466182e+02
2.536017719307842526e+02
2.537659204596929499e+02
2.534910304835894692e+02
2.534502023680912259e+02
2.537822620093721184e+02
2.539159322294779031e+02
2.538278430166971305e+02
2.538820055822694712e+02
2.540413692097014859e+02
2.535616046202377163e+02
2.536750071060225764e+02
2.537649208826080098e+02
2.536570912028408031e+02
2.538151456001769191e+02
2.540391440461920354e+02
2.536228699723376678e+02
2.535731118907367545e+02
2.534343818840914651e+02
2.535308539874813789e+02
2.542527766738424475e+02
2.538866212419710848e+02
2.537955909491541036e+02
2.537852423785920450e+02
2.541574806462174081e+02
2.537915007489175139e+02
2.543379367676967888e+02
2.538777912406525559e+02
2.537451758344631401e+02
2.538140455400416045e+02
2.538578220581856328e+02
2.534579129766508458e+02
2.536888226152523202e+02
2.536229208653780063e+02
2.540350374455936162e+02
2.539356328897403614e+02
2.540529009033587897e+02
2.541275920946532381e+02
2.539560759513474864e+02
2.537487857963806448e+02
2.541920098548592648e+02
2.537986534554717934e+02
2.538632909078205557e+02
2.536999307097814835e+02
2.540953717607682734e+02
2.539477384947696805e+02
2.540219866006216591e+02
2.540549525278221097e+02
2.538091423471820463e+02
2.539632537128196645e+02
2.537445901008648832e+02
2.535651869265417986e+02
2.539856307908462441e+02
2.540348184727373280e+02
2.542202974975798782e+02
2.538819640479634359e+02
2.539119083728758710e+02
2.537699657177652455e+02
2.536152520568000739e+02
2.538034039362770500e+02
2.540194276936436779e+02
2.543524055476998740e+02
2.534843526318830698e+02
2.538803995421627349e+02
2.542009962029606811e+02
2.537544380307495544e+02
2.538887471278347050e+02
2.538269833530846427e+02
2.536098576331593222e+02
2.539442985152577421e+02
2.537725132770011101e+02
2.537472851576304720e+02
2.533135262463292747e+02
2.535967148061378111e+02
2.539595357773905562e+02
2.533336334243880401e+02
2.539243767645738501e+02
2.537369290199688407e+02
2.541047394952348384e+02
2.540170341884759750e+02
2.538641005380163449e+02
2.539487586248247624e+02
2.535426417794247698e+02
2.540146950220114945e+02
2.537476259945723598e+02
2.545451035473670345e+02
2.539634679935939232e+02
2.538876778131556762e+02
2.538961519593839569e+02
2.541735933494597930e+02
2.537253657320914044e+02
2.543890008588950593e+02
2.540202572883528944e+02
2.536774114740798041e+02
2.535690559980035346e+02
2.537798996150526136e+02
2.538680280194645604e+02
2.536809231328878127e+02
2.535577334246160603e+02
2.538930192834771447e+02
2.539748199507487527e+02
2.540576969896906121e+02
2.541701115387960215e+02
2.540012918019299946e+02
2.540381147879559194e+02
2.537554400511872643e+02
2.540286141093397418e+02
2.540494044270650420e+02
2.535714058063422556e+02
2.537728035608130028e+02
2.537977789049718069e+02
2.540618713687249794e+02
2.538591473327536789e+02
2.543236956110882545e+02
2.541513776668991795e+02
2.538919926969203971e+02
2.539510294536923141e+02
2.537865911728461867e+02
2.538627219901805745e+02
2.539538031422615347e+02
2.537426553915410921e+02
2.535254027082144717e+02
2.533421274417505629e+02
2.536830090822608383e+02
2.539582440817258657e+02
2.540431698680483805e+02
2.538082352286778587e+02
2.540828215392593563e+02
2.537708934176719993e+02
2.535082013624707145e+02
2.540891463219771822e+02
2.540085480206062982e+02
2.531688250692780002e+02
2.537173653394784480e+02
2.533175449482625936e+02
2.540559157289343375e+02
2.540738154867206049e+02
2.541489463259550803e+02
2.538858835143662702e+02
2.536804398496251167e+02
2.537160663779534389e+02
2.537575095209913059e+02
2.536212281887152642e+02
2.536008925423877542e+02
2.537513337136312828e+02
2.536362982824229277e+02
2.538415791614973784e+02
2.537489575108922395e+02
2.537555664024939688e+02
2.539985502276181819e+02
2.537938142504491736e+02
2.537845543827132815e+02
2.537655476782040296e+02
2.541559100121758661e+02
2.537520600053252338e+02
2.538167853747650895e+02
2.536740451397415654e+02
2.540490453382999476e+02
2.542021269224709386e+02
2.536417267974559309e+02
2.537968762504329163e+02
2.536408032436933411e+02
2.538868106028282341e+02
2.536534346902628556e+02
2.535964949621769335e+02
2.543632184938772411e+02
2.540885080605227984e+02
2.539487150474125770e+02
2.542132879196875024e+02
2.535010869963665812e+02
2.540188965790384543e+02
2.537534054061395921e+02
2.537596543925087360e+02
2.538371576873362301e+02
2.534792080662959961e+02
2.539929713379529232e+02
2.541170504997835735e+02
2.537598202913831074e+02
2.535432198191118403e+02
2.539470577101460265e+02
2.540423545379813106e+02
2.536312565222762601e+02
2.538843374947349218e+02
2.538241520147649339e+02
2.535762589961728111e+02
2.540864097745194101e+02
2.538669954683037702e+02
2.541252898300941183e+02
2.535798177397417135e+02
2.536378132338633975e+02
2.539152656942013664e+02
2.541228135847571252e+02
2.542716116018519870e+02
2.534246362660984175e+02
2.537833685258146375e+02
2.537473880777168915e+02
2.535959491942509487e+02
2.535289982827432027e+02
2.536871057144684016e+02
2.543746511239025949e+02
2.536808701924630896e+02
2.538533086495658040e+02
2.540578207752978130e+02
2.539334265105603095e+02
2.534772761770078660e+02
2.539442940178466870e+02
2.537847827710293984e+02
2.533455467666753691e+02
2.538503682814915692e+02
2.541934824501552725e+02
2.535082538911411518e+02
2.538648482944652187e+02
2.540816286347048276e+02
2.539807758531840420e+02
2.537941678429928345e+02
2.538357157805407098e+02
2.535585663663781872e+02
2.536250193865431015e+02
2.534542578620606719e+02
2.541250061111938408e+02
2.538888186016752684e+02
2.537443407683155101e+02
2.537227650160891415e+02
2.535283590539525278e+02
2.539277454507573850e+02
2.540817956678189091e+02
2.539134024980451443e+02
2.536043777292211701e+02
2.538216844264511565e+02
2.538896479574750060e+02
2.539213249219359056e+02
2.537603461194883891e+02
2.536519254294313441e+02
2.543057860713961702e+02
2.537044422442103269e+02
2.537665639172151657e+02
2.536363985731200046e+02
2.539521357759809348e+02
2.538067665578073502e+02
2.543914713815082962e+02
2.540955188272609178e+02
2.538095219448908324e+02
2.540151975256624723e+02
2.537845235987977901e+02
2.542934716999845079e+02
2.540226140827676318e+02
2.537626358632074073e+02
2.538666720371353733e+02
2.540451045025054384e+02
2.538245193029166842e+02
2.538203170225754945e+02
2.539467347006711293e+02
2.538669976312450842e+02
2.537533117702502636e+02
2.540019129421149842e+02
2.540662334950723960e+02
2.537797432968564522e+02
2.535777591061890064e+02
2.538952671563574768e+02
2.539393611240129758e+02
2.539762679164753081e+02
2.539590319712928306e+02
2.535631287583733524e+02
2.540276959101017837e+02
2.538185733632553536e+02
2.540548205086472819e+02
2.537650681490698048e+02
2.533947119981426681e+02
2.535672294359536068e+02
2.536465417139322938e+02
2.543899220560039112e+02
2.535562534483620425e+02
2.542038025059877953e+02
2.538482259968328378e+02
2.540558198288135259e+02
2.540952594709889922e+02
2.539165799725479360e+02
2.541226467058081937e+02
2.538594787294210278e+02
2.539181546181735030e+02
2.536564154066963681e+02
2.540708764254571577e+02
2.542578522532406851e+02
2.537354262589217342e+02
2.532044075805195575e+02
2.533225758452603600e+02
2.539017905537982642e+02
2.541017815504681607e+02
2.541330811916797359e+02
2.536073698784076669e+02
2.539919042338744930e+02
2.541048638372895994e+02
2.539199990719557150e+02
2.538558761650285476e+02
2.540235768783101378e+02
2.537322618621105903e+02
2.541154090666388754e+02
2.536073020559030624e+02
2.537369978001619870e+02
2.538744677341955764e+02
2.536296059067331896e+02
2.540105735375383915e+02
2.538755839987422007e+02
2.539537240285228847e+02
2.540541127039036553e+02
2.539728266317454768e+02
2.538931761624496914e+02
2.539078374758526024e+02
2.536189319166460905e+02
2.540531930864641765e+02
2.537022406673449666e+02
2.540245966409659957e+02
2.538750867047894815e+02
2.536372199550698951e+02
2.536389245456407480e+02
2.537680989385937380e+02
2.539118314439238588e+02
2.541765890519774587e+02
2.540320003741117034e+02
2.539792230065990282e+02
2.532565021501488047e+02
2.539819833514454501e+02
2.538416952975475169e+02
2.539383026631287805e+02
2.538499495503692458e+02
2.541812216858292857e+02
2.540823419244710522e+02
2.538141663701784410e+02
2.539903681006918816e+02
2.537528934581650901e+02
2.540739917258966329e+02
2.536873647848452151e+02
2.536169731893981805e+02
2.541548787944213359e+02
2.535050779131608181e+02
2.538744995993258442e+02
2.538180786895100027e+02
2.540547420807895094e+02
2.540920188545085523e+02
2.538354879276838574e+02
2.538193014833083794e+02
2.540164307035055060e+02
2.538658544697495927e+02
2.538550595053039842e+02
2.536425981219110213e+02
2.537486114754918844e+02
2.538430704113407614e+02
2.536638464109870199e+02
2.538828785437283386e+02
2.538985740462271679e+02
2.539166421211192244e+02
2.538801382313071429e+02
2.539325078051285516e+02
2.541799595379749803e+02
2.537926628730741925e+02
2.532875017748474136e+02
2.541280056951478628e+02
2.538682571086968665e+02
2.537650293085200417e+02
2.539480340510369274e+02
2.537512068492407877e+02
2.537585935784279627e+02
2.536232569511204531e+02
2.536565494788417254e+02
2.535293860572425899e+02
2.539334672640650865e+02
2.539308243277147028e+02
2.537758095365900033e+02
2.537810817500582061e+02
2.540793205565583435e+02
2.542652728880442226e+02
2.539793276766928614e+02
2.538189648773726219e+02
2.540536510737783544e+02
2.542184541461086553e+02
2.539812944243793993e+02
2.539323498231191536e+02
2.539547490117055304e+02
2.538602592874086099e+02
2.540054455621484237e+02
2.544974730855828682e+02
2.539008024860860928e+02
2.540378889977284587e+02
2.537204474972120920e+02
2.540147476272740050e+02
2.539121959266428235e+02
2.538596621807564588e+02
2.537414640621716728e+02
2.537646708533337971e+02
2.537560104365137761e+02
2.540394414209545744e+02
2.538769181956576801e+02
2.538241185753269633e+02
2.535008569494875132e+02
2.540263915175694649e+02
2.534731726028955450e+02
2.535590008346934212e+02
2.535538803082754384e+02
