1.242430653112604233e+02
1.202383847302678248e+02
1.255239148764422907e+02
1.253218409231306509e+02
1.209089782481768083e+02
1.248483264305482408e+02
1.234911447048535678e+02
1.203832409702715296e+02
1.223024212768171566e+02
1.229211471720751092e+02
1.217889692034012654e+02
1.239626792290408730e+02
1.264326180726121862e+02
1.206800259499377859e+02
1.241821032254910762e+02
1.229311718418478137e+02
1.231483123148431389e+02
1.229336086398030687e+02
1.219367500182735284e+02
1.210228443804692091e+02
1.218086031158516107e+02
1.216052270694630266e+02
1.244701929890998571e+02
1.244283153444832237e+02
1.258210631789386014e+02
1.274289052311323474e+02
1.250986637908667802e+02
1.252334859464454837e+02
1.228354711593668185e+02
1.236112631542838187e+02
1.262370674115181970e+02
1.253013200027797183e+02
1.240191115767833878e+02
1.221265935748550646e+02
1.237193032641790893e+02
1.243997408394874071e+02
1.268880058542098084e+02
1.256661778247728591e+02
1.259866887697979223e+02
1.241417453128256341e+02
1.254396379993110457e+02
1.247445211147033604e+02
1.237833150818691053e+02
1.274215596096881598e+02
1.250831496436936874e+02
1.232997163881378242e+02
1.212834518067834892e+02
1.275285623047713273e+02
1.213478507885483566e+02
1.268728373141950669e+02
1.218289179017336323e+02
1.238258515430011215e+02
1.225368185272945425e+02
1.252628769408391349e+02
1.234664923544740418e+02
1.243011313896669208e+02
1.248810365997824192e+02
1.259748720567858271e+02
1.224377824675004689e+02
1.258179965811360148e+02
1.231087880809576944e+02
1.182703728794191704e+02
1.238529099155437194e+02
1.208691972238364372e+02
1.246501475941700932e+02
1.256021596278369827e+02
1.246714551124370018e+02
1.246879506197485057e+02
1.272560159489008811e+02
1.234832152441179716e+02
1.209945950680550339e+02
1.257632793005805496e+02
1.267854120784208476e+02
1.233072493511445629e+02
1.290883036182894728e+02
1.267952760433179265e+02
1.256369880856497616e+02
1.250499450879980259e+02
1.244266268219016069e+02
1.224024316943552435e+02
1.201617709153039897e+02
1.260376079691792910e+02
1.239202634885189838e+02
1.207041743550333308e+02
1.239227934512075251e+02
1.248918465973552117e+02
1.292522645759721911e+02
1.272114385946293851e+02
1.250964497969862919e+02
1.223430142591848551e+02
1.271068085508914862e+02
1.242470136551630304e+02
1.228577995667002227e+02
1.217585651781412821e+02
1.249448746573017246e+02
1.239653514426563419e+02
1.235196789451254489e+02
1.243241346324062704e+02
1.228360092476639664e+02
1.254301010184997835e+02
1.250408102230268810e+02
1.210811520030920292e+02
1.229910682328535358e+02
1.270621084962755560e+02
1.176165706407268345e+02
1.208553512960993430e+02
1.243080613329177311e+02
1.195441767086707330e+02
1.236312986886865559e+02
1.230983882597687398e+02
1.257359526688496629e+02
1.252470615845828092e+02
1.248778690257047543e+02
1.242687907144176478e+02
1.242421256585389671e+02
1.250528247946129881e+02
1.205665196231657887e+02
1.246631915996903359e+02
1.266909098160393228e+02
1.229850659520870693e+02
1.275136902384958688e+02
1.227316307461783822e+02
1.264011496155998344e+02
1.227928415669833129e+02
1.263642407212598044e+02
1.247197751474256080e+02
1.207376161581973122e+02
1.251295381545639032e+02
1.225441114139463963e+02
1.219343558857773075e+02
1.216985631688805967e+02
1.241079304817773874e+02
1.251619219246033197e+02
1.235550362347479592e+02
1.245701754963168497e+02
1.259292687064930760e+02
1.229701461251021186e+02
1.198664223442264358e+02
1.233516389276481107e+02
1.235506765147669057e+02
1.256135479121119261e+02
1.247383084853881599e+02
1.249127441085497878e+02
1.261674539018937651e+02
1.208515456265843255e+02
1.233125443546809663e+02
1.233059093255935608e+02
1.241871910307904159e+02
1.247246782217079044e+02
1.227351634298272813e+02
1.232160683996787753e+02
1.250932454595493510e+02
1.233932597597418663e+02
1.248550390442836573e+02
1.258425249787538860e+02
1.247117292457533040e+02
1.257566004602363989e+02
1.197252439815693776e+02
1.253484087057116056e+02
1.241152993956007862e+02
1.302819189910109401e+02
1.239806061637122809e+02
1.243260919856938074e+02
1.265944084721082561e+02
1.224415007506684105e+02
1.260779184776520339e+02
1.222222676567378699e+02
1.242720964912557378e+02
1.260676456146518092e+02
1.223530716777979421e+02
1.211921259993036415e+02
1.293067164252628913e+02
1.226571969920349829e+02
1.236254957417776978e+02
1.238489323846912527e+02
1.294209198825612077e+02
1.236568976968472526e+02
1.221053694782982433e+02
1.222461973275977556e+02
1.214398358468880019e+02
1.216021827686952435e+02
1.249137522693082047e+02
1.263832036025312107e+02
1.269229173002920703e+02
1.230912903488682986e+02
1.228579888649899772e+02
1.257508762417972576e+02
1.262777247990381824e+02
1.236764803940906887e+02
1.221745441865955684e+02
1.222232222077824702e+02
1.234384435144578021e+02
1.212548108517118948e+02
1.265519088395046907e+02
1.230285815830292222e+02
1.223650442882780851e+02
1.241204125662058857e+02
1.226795377130732163e+02
1.193938861993952258e+02
1.253851907020160468e+02
1.212839339203337516e+02
1.226589039838219719e+02
1.231341598142441285e+02
1.206051615751220538e+02
1.274936776589408822e+02
1.236033921031862661e+02
1.238022209077964817e+02
1.216128572630169060e+02
1.238434136296692571e+02
1.231602288820262601e+02
1.205667103376886615e+02
1.246033074282863709e+02
1.268059904747629503e+02
1.217804400766661672e+02
1.233916592313221656e+02
1.244171022640480544e+02
1.219655909054008447e+02
1.235208556180968174e+02
1.218159551662683384e+02
1.221185395911048062e+02
1.226070324667168734e+02
1.240258151227220083e+02
1.243084649512281885e+02
1.234484972594404866e+02
1.253569727995740806e+02
1.290778806145554540e+02
1.244652332789094231e+02
1.214920031309707866e+02
1.258193476371877324e+02
1.246907431632536571e+02
1.246406010952479875e+02
1.253292149935265201e+02
1.258388113465543228e+02
1.273715242451256557e+02
1.247114783274405312e+02
1.264868479498746439e+02
1.252786161591014746e+02
1.263729949357623354e+02
1.226778774426349088e+02
1.269696411134514307e+02
1.186268925465833775e+02
1.251937549552559688e+02
1.273639516511070866e+02
1.242938215997066322e+02
1.259729768067625884e+02
1.235995053257070140e+02
1.238135623418108509e+02
1.236868860269883612e+02
1.256243593264590857e+02
1.228712771664077223e+02
1.240996952896065579e+02
1.278774138489107770e+02
1.254379772700845592e+02
1.212620249792798433e+02
1.185784558594576765e+02
1.244484888348716396e+02
1.257444522020331021e+02
1.239011500447777649e+02
1.231987090185226634e+02
1.260078746170947710e+02
1.257033729961800930e+02
1.215268139248882875e+02
1.276590100027415531e+02
1.224772841135193744e+02
1.239598815987170326e+02
1.214336476301035503e+02
1.231760565074510794e+02
1.241988383834650591e+02
1.215764320197532697e+02
1.219067066182758481e+02
1.198702082766499046e+02
1.219389044306599601e+02
1.236835107746628211e+02
1.230796694843349854e+02
1.226097797074447300e+02
1.260165439793855455e+02
1.238308845541773877e+02
1.256920444692523660e+02
1.253110104764071480e+02
1.228974403028749691e+02
1.267708969729190613e+02
1.246622290730093994e+02
1.230580035264774779e+02
1.240081896147902114e+02
1.243684739744203256e+02
1.284793440110284735e+02
1.202263776466974434e+02
1.255355879579828269e+02
1.268752680167365980e+02
1.240935765799844148e+02
1.226394938029624342e+02
1.223789873894252480e+02
1.239969751285208446e+02
1.219851519387195822e+02
1.240905808058963089e+02
1.288713503457148022e+02
1.253832148180818535e+02
1.266333918902124367e+02
1.228541874298344538e+02
1.247950630318333367e+02
1.196867612367979348e+02
1.255448020006354142e+02
1.206830130660198677e+02
1.218641953245216882e+02
1.211854524677429765e+02
1.217735968892337723e+02
1.239107022961826772e+02
1.202359489508249908e+02
1.224326550809493597e+02
1.276107122303675538e+02
1.239183259523060059e+02
1.242539907913384525e+02
1.234783803840483642e+02
1.259479048151180365e+02
1.233483753281923612e+02
1.249152798618381439e+02
1.254648783026598124e+02
1.249595600969538651e+02
1.203171032929849389e+02
1.220442204182416361e+02
1.225108397594629963e+02
1.251688179113368022e+02
1.272258274828739246e+02
1.253023233268547472e+02
1.209445531731047794e+02
1.202126954106919925e+02
1.201071880888737127e+02
1.230165402475524985e+02
1.240077000770667723e+02
1.258696281490448001e+02
1.230069353596614548e+02
1.274258234165744454e+02
1.245262109950915317e+02
1.215883898440323634e+02
1.230203764057614393e+02
1.255558977369144031e+02
1.229656302534987304e+02
1.202598041842553300e+02
1.283015365688735017e+02
1.232509614341721118e+02
1.235097869861216822e+02
1.248381079739674959e+02
1.222931264370931643e+02
1.263153453757709315e+02
1.254188461468486224e+02
1.202663304644298421e+02
1.245045292045618339e+02
1.257740196689743897e+02
1.258969992005781933e+02
1.244853517188061716e+02
1.230357616288187046e+02
1.251889058112068938e+02
1.247653670648649609e+02
1.260635739982515418e+02
1.257300349492481217e+02
1.240017148386729104e+02
1.266157350485151909e+02
1.245789315452988859e+02
1.223980888779266536e+02
1.263008931654289881e+02
1.226073693307963595e+02
1.196856395596327900e+02
1.200235343010618294e+02
1.216776531479660122e+02
1.233581736034912950e+02
1.266587191989229382e+02
1.211284873981061025e+02
1.215191401507740210e+02
1.234553535286639487e+02
1.269272029235702774e+02
1.282837622483058340e+02
1.224133196304225635e+02
1.245764412820846587e+02
1.247368380421507226e+02
1.226896791698267464e+02
1.291122784140498538e+02
1.249769652967183049e+02
1.251687806866761434e+02
1.244710077685506064e+02
1.214366677906969869e+02
1.230026563959685291e+02
1.271838017963773524e+02
1.248705422233446711e+02
1.198273532934750278e+02
1.186640022083818735e+02
1.231455771035330429e+02
1.271046310437755693e+02
1.247143788243054985e+02
1.226698616491703433e+02
1.231750091369051177e+02
1.219652800353490960e+02
1.213190362153879818e+02
1.228047384476776642e+02
1.198726643747126701e+02
1.243190639528095858e+02
1.246504164294353529e+02
1.220310360235652922e+02
1.246708795318217113e+02
1.234420956953067332e+02
1.215356450842267151e+02
1.228034755610532045e+02
1.214880008198575467e+02
1.211934887635010369e+02
1.268185467376373907e+02
1.277961568622882709e+02
1.260617922233497552e+02
1.251210690428824392e+02
1.246968185896287338e+02
1.214563270867527507e+02
1.249667223348506582e+02
1.247723212565779676e+02
1.258229053407469706e+02
1.259584183097382493e+02
1.260507529128313848e+02
1.221720088837692373e+02
1.222421626742955283e+02
1.228775830740939625e+02
1.227464980135148664e+02
1.238878581885379333e+02
1.265709755172057385e+02
1.219595679417939209e+02
1.289274231082422943e+02
1.238789642465946912e+02
1.260070491613642361e+02
1.240737124008348928e+02
1.266081608663485696e+02
1.286398529321110686e+02
1.249127182799099245e+02
1.227333952741294496e+02
1.248307710209670063e+02
1.250036654768210695e+02
1.242875348155635464e+02
1.262798317588288342e+02
1.255516927617229470e+02
1.211648623882568643e+02
1.227618239218184755e+02
1.213632871566437359e+02
1.233483769776316592e+02
1.203054924778073911e+02
1.263817658003878108e+02
1.266255183474996784e+02
1.223052670585440325e+02
1.224651449161504644e+02
1.216221995952778485e+02
1.206969239649189376e+02
1.270820949076039170e+02
1.228537401650043677e+02
1.250362877877629160e+02
1.232476116385614233e+02
1.254292899566630979e+02
1.256757957442639650e+02
1.258897091352892943e+02
1.240451453821527821e+02
1.266058360513862766e+02
1.282863518791249646e+02
1.220671296131948509e+02
1.243142935889222258e+02
1.256571280214960780e+02
1.252651233664519310e+02
1.247213678276234248e+02
1.235316163302460382e+02
1.244949324693641870e+02
1.275097064454981535e+02
1.228316857089317864e+02
1.229910814896680193e+02
1.200154930078422240e+02
1.250465573223868176e+02
1.216283741645563055e+02
1.206998039328342287e+02
1.231573812419851066e+02
1.225427454872164219e+02
1.236766637991073736e+02
1.252789959824171717e+02
1.271323524952909594e+02
1.209965707096118166e+02
1.218717268504714610e+02
1.277251530648104705e+02
1.208945127649417657e+02
1.227571022578736830e+02
1.226165995656606782e+02
1.261538863524604750e+02
1.232981391447544013e+02
1.218440943570554822e+02
1.233816200315442160e+02
1.266821881665292580e+02
1.219556305561913518e+02
1.253107489907339271e+02
1.244718640997402730e+02
1.217623082718306335e+02
1.266003210581933303e+02
1.258959644998817851e+02
1.239640240672916747e+02
1.244747060285202451e+02
1.213902657573529780e+02
1.256706324057742137e+02
1.218168530667853702e+02
1.241739707707777285e+02
1.220348024307256196e+02
1.248748931928960104e+02
1.232601465874010387e+02
1.221122144075378628e+02
1.258671557817411042e+02
1.251056145506787516e+02
1.253111687275614798e+02
1.235735066046345594e+02
1.213209867445259249e+02
1.216383518807837874e+02
1.234498705159996348e+02
1.251317744891702546e+02
1.276595269219864690e+02
1.230618268432570090e+02
1.254586765841786189e+02
1.274901558078569366e+02
1.226772685836681944e+02
1.263140501827129896e+02
1.233759600780203698e+02
1.256735835891830675e+02
1.214551608992504583e+02
1.241966965176771254e+02
1.245983068163115490e+02
1.242817149797681111e+02
1.215278392150876670e+02
1.238713390254463178e+02
1.215501706343993078e+02
1.218929919483937994e+02
1.246625164832423991e+02
1.251036219376890273e+02
1.271433571279027319e+02
1.237265160519616956e+02
1.234514299806905910e+02
1.208609602555045655e+02
1.241058636529415793e+02
1.244524955455741093e+02
1.240280096264347520e+02
1.242327330000786958e+02
1.245713525452665920e+02
1.245150711081819423e+02
1.222833402132462481e+02
1.236849606272767090e+02
1.182722471029210283e+02
1.242927577169756717e+02
1.254646471818928433e+02
1.234744125616242343e+02
1.223595310167785755e+02
1.216175022754850659e+02
1.246435902548049057e+02
1.202114578318740996e+02
1.244167840128858273e+02
1.228344685699617713e+02
1.261834532930082702e+02
1.260395218219674263e+02
1.211571479593044955e+02
1.256438571199804102e+02
1.257358215539145903e+02
1.274267997490707955e+02
1.213551295771964931e+02
1.295060067612379555e+02
1.252896127140684115e+02
1.230897442461409099e+02
1.222658428675241566e+02
1.224773444019459845e+02
1.224176619160710402e+02
1.243243393558972514e+02
1.248013628820962992e+02
1.224435303273078688e+02
1.225726481977624189e+02
1.218857113237244505e+02
1.253666892574352971e+02
1.216568240233759752e+02
1.258627652976551303e+02
1.215904573859653794e+02
1.254072414976390206e+02
1.250681425903996598e+02
1.214769207620071967e+02
1.208461069118065581e+02
1.217777316793905129e+02
1.260797515452083104e+02
1.236530640544537221e+02
1.271411858652102040e+02
1.241964915467074206e+02
1.253987685581800378e+02
1.248790391294269853e+02
1.229743844825713524e+02
1.249860319783362286e+02
1.222507325460064180e+02
1.217833474186685976e+02
1.245475870694697846e+02
1.246934949419919008e+02
1.225143883876174158e+02
1.229526307414529498e+02
1.268085147546533307e+02
1.236478857704811816e+02
1.241503253563126634e+02
1.227219338011240950e+02
1.254241623366804106e+02
1.251300904068139630e+02
1.269014685046872728e+02
1.267655216671374347e+02
1.270184450704379202e+02
1.271519530398362861e+02
1.260955471425714336e+02
1.230647653484806341e+02
1.235619550381330072e+02
1.232614572172016665e+02
1.268784925604483504e+02
1.248414203963675249e+02
1.261749303395268669e+02
1.232341973131207595e+02
1.235000573132195285e+02
1.211696872711559081e+02
1.238242220895836425e+02
1.263945133364004221e+02
1.237591716025916924e+02
1.225149829677161932e+02
1.239505444432182202e+02
1.215530819375501039e+02
1.238899677877435295e+02
1.233245881116928047e+02
1.209538763308193268e+02
1.281175164847537076e+02
1.241480355622443597e+02
1.265890158725487709e+02
1.215672830279273313e+02
1.235347740301662327e+02
1.258591814153863595e+02
1.243436426721404047e+02
1.237438789191843398e+02
1.246695547208980770e+02
1.233403164615045711e+02
1.229310317185543795e+02
1.216846206399917349e+02
1.205642398688406303e+02
1.236775809943813442e+02
1.268159839089423855e+02
1.202156234727563771e+02
1.255800608389836555e+02
1.215552140819942224e+02
1.228263947481427039e+02
1.223304292703649736e+02
1.195657932071765828e+02
1.222584766516810930e+02
1.220102828931449892e+02
1.239903110342536365e+02
1.250405224519247014e+02
1.224865621445557053e+02
1.250817110500081668e+02
1.244104077857161030e+02
1.254241674330610294e+02
1.250628601926237309e+02
1.278996760207904941e+02
1.231705999741759570e+02
1.243996560958673285e+02
1.232517746674730432e+02
1.241014277276453726e+02
1.229182990190223848e+02
1.243569896670035604e+02
1.219514229859070724e+02
1.214366527798454456e+02
1.272376087896379460e+02
1.221210250366413703e+02
1.207391595642440620e+02
1.232109229654112994e+02
1.259285864112158606e+02
1.209301284153019225e+02
1.247689762889397969e+02
1.252963775694609296e+02
1.231953287340339642e+02
1.295189914119392824e+02
1.201349863841441845e+02
1.242977294099926979e+02
1.219426588273900336e+02
1.231994518102413565e+02
1.262525362576200507e+02
1.249966116069382167e+02
1.249060328558709472e+02
1.215689137745036135e+02
1.259284593882456278e+02
1.225753471485185031e+02
1.269633632798136915e+02
1.237516439854815360e+02
1.250448799778654916e+02
1.272498472371641327e+02
1.232438338114557581e+02
1.213267577240922037e+02
1.257276252920496233e+02
1.246746480320436348e+02
1.217872630421883429e+02
1.221806751039077881e+02
1.216926611239657774e+02
1.259718656293186285e+02
1.286912492865250499e+02
1.188246384499715163e+02
1.248211270317221846e+02
1.226609666069500264e+02
1.240242541834971490e+02
1.196079886222784552e+02
1.202901475745540694e+02
1.257576320538804140e+02
1.264642462925788635e+02
1.271999158977712483e+02
1.253276660419267046e+02
1.258202104197117137e+02
1.216848942418309463e+02
1.255896426113821889e+02
1.246154610242230234e+02
1.251877153447971125e+02
1.247680808783475186e+02
1.239235832462587581e+02
1.206659323639337487e+02
1.241284874404141760e+02
1.269071544419755213e+02
1.243654806911927437e+02
1.232412738019786076e+02
1.220088311199631761e+02
1.288567892844299365e+02
1.232091301238169336e+02
1.234620522400164049e+02
1.208912511114754551e+02
1.224151514643058363e+02
1.246573841225235952e+02
1.245936837474342269e+02
1.249760573330350582e+02
1.229963924555158599e+02
1.266741190777674575e+02
1.257304761355297558e+02
1.262864150539445944e+02
1.243892282701699372e+02
1.236692019807610308e+02
1.237870400725531397e+02
1.263062777783169679e+02
1.231644070312476344e+02
1.248749219861058464e+02
1.217627263562177689e+02
1.201381037164584171e+02
1.236351872619500512e+02
1.224443230875897370e+02
1.236763868078157174e+02
1.253232080416639036e+02
1.259337477666508391e+02
1.237395828093912797e+02
1.246558083893197164e+02
1.188592579292053131e+02
1.247652589569123194e+02
1.227523673625759102e+02
1.250364245685071296e+02
1.259951176427225761e+02
1.233869444094900416e+02
1.202294827355745639e+02
1.236459626316921572e+02
1.266454558099582499e+02
1.258906204820091261e+02
1.240996167682062890e+02
1.262904891403502745e+02
1.256672360773246879e+02
1.254486975870144931e+02
1.241797590501878261e+02
1.204352106110743819e+02
1.240800427836742585e+02
1.220178581350276374e+02
1.250422575284014783e+02
1.236992430600088824e+02
1.269782254069066596e+02
1.201757998749180132e+02
1.207088894681383948e+02
1.214998331280745703e+02
1.205551426915065321e+02
1.207028196400884070e+02
1.247940785786341280e+02
1.250508486285465892e+02
1.242757365320223641e+02
1.232573339265356509e+02
1.239034597492022982e+02
1.274715814938825815e+02
1.218703500265764461e+02
1.234515036232388780e+02
1.227573470320815829e+02
1.207899439505432468e+02
1.223306363842640963e+02
1.251766061208780201e+02
1.244440178557538417e+02
1.244988863375163390e+02
1.240216350608231437e+02
1.255377589666970266e+02
1.263076987156957358e+02
1.243628141123685822e+02
1.286350529097707067e+02
1.228667252736293420e+02
1.296707334042334026e+02
1.245984581269132434e+02
1.254851057049547052e+02
1.213966873116281704e+02
1.264262120369337765e+02
1.203627291840330855e+02
1.213900895699830613e+02
1.273709529349039116e+02
1.244539146402907619e+02
1.235475448232741940e+02
1.259515675852918974e+02
1.248377849795670329e+02
1.282044135083260414e+02
1.215273730910525245e+02
1.227989918357607451e+02
1.267186518156722741e+02
1.230273938264281668e+02
1.239141180447367816e+02
1.216081501099930904e+02
1.207089186453616065e+02
1.255651271420260002e+02
1.259362068988202310e+02
1.264598975379974064e+02
1.252885464872176158e+02
1.219180202191080014e+02
1.206163516869268335e+02
1.221314248874674036e+02
1.227871930456031322e+02
1.268924631931073890e+02
1.193513653231897109e+02
1.199023062811431117e+02
1.203349819469464848e+02
1.235292390642739377e+02
1.252695315989657985e+02
1.245794792615046305e+02
1.253536430919449174e+02
1.208332598003482872e+02
1.216117461152255856e+02
1.244961197328787819e+02
1.206778753032827325e+02
1.208956336954428963e+02
1.259429348695063169e+02
1.233380740420035124e+02
1.220473407866438009e+02
1.210935403819715646e+02
1.231683547190674517e+02
1.281336802602219507e+02
1.262375250994550413e+02
1.242396744727389688e+02
1.231515489678207729e+02
1.241963994658505896e+02
1.234919550264233692e+02
1.218900499306397194e+02
1.245244471957296497e+02
1.225211391158182863e+02
1.256594540401849400e+02
1.254018573165167538e+02
1.228307697513734951e+02
1.242776925113546440e+02
1.245037528575343657e+02
1.240874765690068813e+02
1.270091772512494828e+02
1.220768859888555653e+02
1.225079018744152393e+02
1.242238358032211210e+02
1.268893509196684164e+02
1.256800672030298500e+02
1.252022246319263132e+02
1.227128263084097881e+02
1.235907839304727105e+02
1.273512687395401173e+02
1.225938604008181727e+02
1.244077440420912666e+02
1.262037166561464403e+02
1.233669743422871505e+02
1.254800127185402658e+02
1.190339855048275837e+02
1.222071814605664173e+02
1.249067456846052693e+02
1.249697192149826890e+02
1.261584787093404572e+02
1.260258068102999971e+02
1.247505265237039964e+02
1.286022939158562224e+02
1.238076377402642692e+02
1.249132641727489954e+02
1.228485704249074217e+02
1.229880002596778894e+02
1.239759410013392937e+02
1.236061611621545921e+02
1.198208530195740593e+02
1.242997517350036532e+02
1.223319141280798590e+02
1.196738053688356729e+02
1.277021397032751651e+02
1.267585019605616168e+02
1.246695006649916309e+02
1.274885800771894964e+02
1.184245196171716543e+02
1.289187847157426745e+02
1.239340450951216468e+02
1.228875816974574349e+02
1.253229310949345745e+02
1.218701556416723548e+02
1.240250844638659089e+02
1.249929823852672683e+02
1.271326873958172143e+02
1.219513197142320564e+02
1.219634736850111238e+02
1.222081406771385588e+02
1.224302486581459561e+02
1.294568281527697877e+02
1.217773255163664174e+02
1.218260472991355670e+02
1.255197240245087755e+02
1.251436485749554635e+02
1.256656991408977717e+02
1.284423734004461437e+02
1.233199477583597741e+02
1.220851558978845617e+02
1.269482125254060350e+02
1.202187630314201812e+02
1.259216761722102831e+02
1.268338611775944713e+02
1.242203983112727457e+02
1.181070635688907799e+02
1.253508153226574819e+02
1.226091930856116363e+02
1.267746239559564572e+02
1.266080317120907921e+02
1.219013407820933566e+02
1.257015187572139610e+02
1.254211908428899278e+02
1.269612396483376244e+02
1.237062309867869345e+02
1.221606267619981026e+02
1.248239998372544903e+02
1.221566694507110924e+02
1.259349867180409177e+02
1.236540189000740781e+02
1.221494539259025203e+02
1.237658356805811053e+02
1.247752063360726851e+02
1.223063282923151434e+02
1.241473948048925706e+02
1.231224572684669312e+02
1.219447651769827985e+02
1.249829320714644894e+02
1.177646790362194480e+02
1.235112267775776473e+02
1.196769697178574603e+02
1.229336409337276592e+02
1.240360830270296617e+02
1.216413684291314468e+02
1.268848447737756118e+02
1.261680949926905129e+02
1.238617729927588869e+02
1.229156005216366907e+02
1.210653873655709418e+02
1.232395282308862789e+02
1.213190118513206670e+02
1.240521870665776021e+02
1.199171632182260367e+02
1.246981254858074948e+02
1.246170764548495100e+02
1.221412390101573777e+02
1.235287611914739614e+02
1.230813787979432163e+02
1.221015932211325747e+02
1.229476259933373257e+02
1.252066624807357016e+02
1.206729293550055075e+02
1.262931065598619966e+02
1.218048546190454857e+02
1.214725367537474199e+02
1.248817679771812408e+02
1.252370952798352874e+02
1.221100225296768116e+02
1.255919308676244270e+02
1.255340467644059714e+02
1.238124517190042013e+02
1.239667125295925842e+02
1.269861300822884687e+02
1.258345205913033880e+02
1.213130913681810625e+02
1.249783236825725368e+02
1.211749331252193826e+02
1.264304121401217600e+02
1.247178421972153046e+02
1.194285034924997433e+02
1.250800658679616504e+02
1.246623592450722526e+02
1.232758254879685893e+02
1.275938021633834580e+02
1.217453866860444407e+02
1.244967274385579401e+02
1.219218203335611577e+02
1.264253958195476457e+02
1.266921041802695527e+02
1.226820733186830523e+02
1.255632441660047931e+02
1.290025129869834473e+02
1.250319750202319540e+02
1.232923603605371170e+02
1.203986155226001813e+02
1.225740251078941299e+02
1.255468398205771763e+02
1.236031624158174367e+02
1.264877869658016749e+02
1.252480748721457644e+02
1.223179856288958973e+02
1.238804308828368477e+02
1.271610654609635276e+02
