1.547891679908894957e+02
1.551536598452607620e+02
1.557759777310746188e+02
1.564856050809706005e+02
1.602240110150516728e+02
1.580616150556559774e+02
1.560358157349173212e+02
1.536138516335443569e+02
1.559275599087592923e+02
1.554395910864116388e+02
1.558191531872227813e+02
1.593490444545195999e+02
1.535014751149697929e+02
1.597800124785747755e+02
1.574393384813362502e+02
1.560501152245350625e+02
1.566482091827746785e+02
1.568071800854864080e+02
1.554596724118420923e+02
1.585256670172147722e+02
1.561907940491200577e+02
1.581544674222118090e+02
1.542038063563949208e+02
1.631485517805598988e+02
1.551834969195806195e+02
1.575475040390722370e+02
1.544766504842882853e+02
1.552654598515559599e+02
1.547470552058202600e+02
1.543384649807903202e+02
1.576933279647559800e+02
1.582440661996055553e+02
1.555416795319705443e+02
1.578610333536040855e+02
1.564172694312138105e+02
1.562590458928131056e+02
1.576868231745987146e+02
1.573413127624661740e+02
1.541813039783323518e+02
1.571814996077754927e+02
1.539370477543887716e+02
1.561565139831740794e+02
1.577064017415981425e+02
1.577291228611650524e+02
1.550236584643608353e+02
1.586793206697879270e+02
1.563676605339642549e+02
1.552211383251564598e+02
1.570054408558702903e+02
1.565392229343601400e+02
1.523845765958389507e+02
1.578507426179650963e+02
1.559077913206882897e+02
1.565983581845524668e+02
1.596308112057571122e+02
1.591267013235004697e+02
1.514035418491374401e+02
1.567464925172303367e+02
1.578744479828697251e+02
1.533969024756794113e+02
1.557427377898953296e+02
1.572916627524970465e+02
1.552244606829378881e+02
1.562647964886353407e+02
1.565637773306788176e+02
1.602625529200457208e+02
1.589019895512913934e+02
1.565439598088416346e+02
1.600537780846597684e+02
1.548780797601898769e+02
1.558867526336701133e+02
1.584056712997670786e+02
1.566496279244271932e+02
1.570929709544684840e+02
1.549168542113852993e+02
1.592032975395670178e+02
1.622296614166946824e+02
1.569541283623748029e+02
1.559985169269185121e+02
1.571856984507825530e+02
1.547454183286230318e+02
1.573036641621296496e+02
1.544874465761916156e+02
1.573997052498800429e+02
1.598560044474739641e+02
1.573708841547117174e+02
1.560840338307112631e+02
1.546757870431577828e+02
1.557835538735272962e+02
1.590719873929024857e+02
1.590510000558194861e+02
1.562990412634265454e+02
1.572001518125520647e+02
1.575262898051853426e+02
1.595426308223904925e+02
1.595716732131811000e+02
1.594336620557486128e+02
1.575579354908823291e+02
1.554360905365838050e+02
1.584578490921529124e+02
1.570537147088140273e+02
1.532373233566470105e+02
1.570940891839533151e+02
1.576439998612631257e+02
1.565942273907579363e+02
1.537441798821523662e+02
1.547184192193427918e+02
1.568189525480443081e+02
1.538085171180074724e+02
1.538983539358945620e+02
1.587535442031099819e+02
1.554790867417135871e+02
1.561258103860778021e+02
1.575085382125736544e+02
1.569426027971121869e+02
1.572990407025527588e+02
1.595526634515435092e+02
1.575247159593082529e+02
1.552680403895714676e+02
1.575256622303639631e+02
1.555014836422668054e+02
1.559151364038353051e+02
1.538936260347213363e+02
1.569107753702062382e+02
1.572157194242783476e+02
1.606649469099102987e+02
1.564881110383927307e+02
1.544515419595205401e+02
1.571095048286734368e+02
1.547152944786528508e+02
1.563202257196030018e+02
1.548694865762514610e+02
1.575767935597205565e+02
1.574720552572317160e+02
1.580107666239334492e+02
1.563702279642161272e+02
1.557617440320386777e+02
1.534339768222458247e+02
1.568408078512881900e+02
1.569019583207509925e+02
1.539636493522033049e+02
1.593446709587062173e+02
1.568230370469713932e+02
1.554008112986799972e+02
1.562572500939383531e+02
1.576865014142039172e+02
1.536722209678860054e+02
1.576827189285636166e+02
1.587226080835033315e+02
1.558399182058829524e+02
1.560958355903171082e+02
1.596203902594479587e+02
1.584949074472789334e+02
1.580518510163007875e+02
1.569845882693217902e+02
1.547701209455425158e+02
1.564397891864264523e+02
1.535607797715682352e+02
1.566028143672453723e+02
1.582328662531048735e+02
1.536194742658891244e+02
1.571237933698164113e+02
1.558451987404893657e+02
1.532181271685042248e+02
1.565275915224238474e+02
1.564357137573574335e+02
1.565762813301212475e+02
1.613082150010212388e+02
1.573970185495185490e+02
1.589625651623127567e+02
1.592628797203217630e+02
1.554826853710887349e+02
1.598421063677651830e+02
1.545872700263520869e+02
1.565546906005491223e+02
1.575854987715164555e+02
1.578850184027389503e+02
1.582490057359026991e+02
1.560059675612387196e+02
1.570149018025585690e+02
1.541683613653506768e+02
1.618527823270350154e+02
1.570529209241081787e+02
1.582816705153680630e+02
1.547850301856521753e+02
1.571489038943407479e+02
1.569547742780739554e+02
1.561608155838912637e+02
1.561706338456030210e+02
1.528250546818371447e+02
1.588412217276011518e+02
1.557672596006935635e+02
1.570564112187187220e+02
1.581910848749341199e+02
1.575806002561473917e+02
1.539904745468147951e+02
1.534472127667283416e+02
1.534563388221241382e+02
1.535085286994135743e+02
1.583858750243313978e+02
1.529634278581301317e+02
1.581439647968648217e+02
1.588972440322160082e+02
1.581037182688961593e+02
1.535402664638082797e+02
1.601195106964493675e+02
1.561082328272099460e+02
1.566383557721557906e+02
1.575196290974080569e+02
1.594249877097204831e+02
1.548807047627181817e+02
1.544790081514292694e+02
1.528728843484231277e+02
1.561467240070243179e+02
1.581246407727654457e+02
1.572592073439715250e+02
1.549994030092072990e+02
1.543653677767636054e+02
1.530537932552651341e+02
1.600658605462069204e+02
1.576078642138771784e+02
1.546720162098185938e+02
1.596144141983490101e+02
1.531270552166054699e+02
1.543052415284130632e+02
1.578175967959610091e+02
1.541375556125357491e+02
1.598447403803878331e+02
1.577307993673588271e+02
1.589050126850448521e+02
1.562016982456201504e+02
1.575178770577456362e+02
1.584663188088625247e+02
1.535267462217835828e+02
1.567400559816021826e+02
1.546452750664288658e+02
1.549103579450752761e+02
1.579025114991148939e+02
1.553331717995766041e+02
1.606995170019516479e+02
1.556689770219175273e+02
1.589208698112738318e+02
1.542810662369698207e+02
1.567830073106116515e+02
1.535645784864888412e+02
1.569807909868946751e+02
1.589798812127749557e+02
1.564335039327409334e+02
1.561283671661758206e+02
1.617649060485050541e+02
1.565576253069600057e+02
1.546620103298640743e+02
1.584275576957793987e+02
1.558508587000476382e+02
1.575832184679503030e+02
1.558178280579419379e+02
1.567843008051248432e+02
1.550936686806965952e+02
1.533893594278125363e+02
1.541051207991285708e+02
1.526319722777337802e+02
1.567572977722770986e+02
1.576296405446954054e+02
1.560697157053700721e+02
1.546053604486509130e+02
1.578442596121859935e+02
1.568405577614386459e+02
1.559221911000711884e+02
1.592186723453539514e+02
1.523673651949640089e+02
1.527334658379882910e+02
1.537346573892816650e+02
1.551312147246062807e+02
1.539148524867322863e+02
1.607051731956863705e+02
1.552579280284459173e+02
1.571272098995046349e+02
1.563819971610914479e+02
1.552713987791132695e+02
1.542012885931542883e+02
1.585967064057949756e+02
1.539157702155929144e+02
1.509784955474358128e+02
1.562770110155979637e+02
1.575744201764554475e+02
1.541419421359141779e+02
1.572952488346344353e+02
1.571927522791135630e+02
1.543570476443857160e+02
1.587658942646593800e+02
1.583382605559818899e+02
1.570679737314000590e+02
1.577188186289790792e+02
1.589425208013936128e+02
1.563648923870414080e+02
1.597776515830505275e+02
1.543065698122585445e+02
1.538482201907730484e+02
1.533006481426743051e+02
1.579183292565902832e+02
1.614175424278210755e+02
1.564097588495648949e+02
1.555785610635303442e+02
1.529365228899187912e+02
1.558660654732172759e+02
1.595747785251259074e+02
1.550957189570187040e+02
1.541926866513725258e+02
1.573282204133576556e+02
1.561835484757585277e+02
1.562534464379712347e+02
1.581477718835132578e+02
1.576868453252677114e+02
1.585891797713399569e+02
1.596902895540409020e+02
1.568092497613898217e+02
1.578839066164024132e+02
1.550133289955160478e+02
1.574124342689417801e+02
1.562880787224324877e+02
1.542376623084398091e+02
1.555074322600611652e+02
1.552973464321421204e+02
1.584019284184436742e+02
1.567693575506433774e+02
1.532685743976599326e+02
1.525914609009137450e+02
1.580300251680086205e+02
1.566124720065866427e+02
1.558438923505653122e+02
1.558972773580784690e+02
1.587312920962450846e+02
1.552337571120325492e+02
1.544619409203474447e+02
1.560480023078121974e+02
1.518617857171626895e+02
1.564617410278180785e+02
1.561983865138672058e+02
1.546186337417088907e+02
1.592644965175532832e+02
1.552279158108490265e+02
1.557038539004191193e+02
1.538727533162520160e+02
1.542867629010855524e+02
1.560307485546781550e+02
1.568953490870021028e+02
1.577383663089701997e+02
1.562745170989170731e+02
1.601745970782666575e+02
1.553642454916025883e+02
1.555262075891996290e+02
1.562801233438371185e+02
1.541365586752116030e+02
1.570621555412048735e+02
1.554865247128901160e+02
1.560010512703385928e+02
1.585453620216114814e+02
1.563543179878703597e+02
1.581649149981733444e+02
1.555448646316431223e+02
1.561316961051705619e+02
1.618745809921448142e+02
1.570089442643790960e+02
1.552637641371573523e+02
1.582304379853455600e+02
1.557414053837278516e+02
1.567642309944024817e+02
1.543343957771794805e+02
1.549482850034796684e+02
1.554828412764111647e+02
1.550392957582384668e+02
1.555612377581656744e+02
1.516413891158371712e+02
1.581469212706599876e+02
1.582281386131484169e+02
1.582489735779518583e+02
1.585296402075120739e+02
1.568172475271526594e+02
1.556584114461104775e+02
1.562687906101444639e+02
1.575397072836116195e+02
1.549895362251391191e+02
1.580455479033845734e+02
1.578318542054581712e+02
1.540377743580137633e+02
1.545898148238879344e+02
1.591129215681703215e+02
1.562544774586118876e+02
1.575116822883820191e+02
1.532826951564423155e+02
1.564715717984468597e+02
1.564296047601963551e+02
1.540051929134316993e+02
1.570452472677363289e+02
1.582392083253557473e+02
1.574173797121931386e+02
1.559425740820108501e+02
1.542334492970921644e+02
1.576982882813900062e+02
1.585013235852056255e+02
1.586980611067919540e+02
1.529736585348561277e+02
1.559792824197693619e+02
1.562378104771014762e+02
1.528211072425885106e+02
1.578618444029056889e+02
1.557498314828781645e+02
1.596194545479842475e+02
1.553574634267811234e+02
1.548710312352049527e+02
1.548780492122621126e+02
1.554500714038130695e+02
1.571784034564308854e+02
1.574237203032722903e+02
1.616108966992838418e+02
1.579271524910159314e+02
1.586879878477140267e+02
1.545935758661890702e+02
1.594547941311715817e+02
1.556489422011179897e+02
1.536007598928363791e+02
1.549401458712719091e+02
1.567038297362821595e+02
1.569470769563172325e+02
1.572994215169592565e+02
1.529163374964191746e+02
1.555729331660748471e+02
1.562772566709722639e+02
1.555684770488595632e+02
1.593498904647535710e+02
1.578164390469942475e+02
1.570926507477290102e+02
1.580514357450647367e+02
1.563587250679210001e+02
1.565554471949479876e+02
1.569570824108183729e+02
1.551500744270850021e+02
1.611853972267459767e+02
1.541112411023979405e+02
1.581594117888103028e+02
1.548429931072543013e+02
1.578298565154159974e+02
1.601426932533039746e+02
1.532865828768046867e+02
1.578020271701182935e+02
1.551586579577462714e+02
1.558611255896036596e+02
1.554282827652429830e+02
1.553596446555755222e+02
1.525830691472589535e+02
1.580102431312556632e+02
1.548126648555326028e+02
1.551967354099828640e+02
1.552587805969166652e+02
1.600637156435288091e+02
1.522984826487046064e+02
1.531780666484837070e+02
1.542545835211412850e+02
1.560471230479191433e+02
1.558443553228131293e+02
1.549991206030373974e+02
1.568795079397787902e+02
1.547967655845112631e+02
1.528797677038620009e+02
1.579931233061014098e+02
1.574814191578618647e+02
1.563090458612909401e+02
1.543071315614920422e+02
1.567770108734794405e+02
1.549689843798929019e+02
1.599130131121619058e+02
1.539239261269824510e+02
1.535982526187335111e+02
1.563924227002472378e+02
1.568317060718464404e+02
1.583089190601220366e+02
1.534245505832573144e+02
1.594831847842666832e+02
1.544674703232046227e+02
1.577829565673316381e+02
1.539842052413920044e+02
1.557016411937601958e+02
1.519726631501714849e+02
1.544942065295209090e+02
1.565854259932581556e+02
1.611740312545559561e+02
1.578155733069647511e+02
1.584852661624423718e+02
1.581324698516950775e+02
1.605670355567082197e+02
1.527182579247021579e+02
1.558868170895288756e+02
1.558680457464150777e+02
1.521250616138953262e+02
1.576146620779753391e+02
1.584193840406414040e+02
1.586889769880290828e+02
1.566881780599435672e+02
1.569499552578164980e+02
1.536543579728959514e+02
1.583836162919762671e+02
1.577376519538814819e+02
1.585848029063460558e+02
1.562598954084645584e+02
1.562618249327668707e+02
1.541295111792401258e+02
1.542343619662550225e+02
1.544822366295384484e+02
1.531216321254728143e+02
1.594652579322929000e+02
1.574330537078269003e+02
1.566071595900164652e+02
1.539829427657040242e+02
1.566561460471473879e+02
1.603348072885978297e+02
1.559719088041019859e+02
1.523927308677328369e+02
1.592207463199840163e+02
1.560288448857107255e+02
1.579168569505773121e+02
1.575681697786990867e+02
1.574686094770727323e+02
1.562829196757478485e+02
1.551098112302497043e+02
1.606799318577647284e+02
1.593918680981464604e+02
1.568186840110583091e+02
1.554698970359237364e+02
1.545931826397766145e+02
1.584918674040728206e+02
1.586088723488318237e+02
1.564889889512508319e+02
1.577641381995366885e+02
1.575275877453595115e+02
1.550474763198912740e+02
1.563453342189846182e+02
1.554402507377889151e+02
1.544071404808686907e+02
1.575387151633919132e+02
1.568693280807673602e+02
1.527758413673290931e+02
1.573474701797734951e+02
1.522756273455699443e+02
1.552547226716729085e+02
1.554593121306488968e+02
1.580776457408581734e+02
1.569472926220190061e+02
1.549385235546445756e+02
1.566136901781260633e+02
1.566070640023064016e+02
1.610754972347386342e+02
1.561865853317383710e+02
1.526322627851922391e+02
1.565423589220804388e+02
1.546644698389462178e+02
1.576491191247988581e+02
1.570436236120907836e+02
1.559757505998080660e+02
1.558867371790610434e+02
1.579197390885636594e+02
1.542454808274895584e+02
1.586412333338616634e+02
1.549086052974111567e+02
1.575094719996631625e+02
1.546457962951773766e+02
1.591741033623623309e+02
1.548278010065184560e+02
1.558376747771006592e+02
1.564383789046758295e+02
1.567520357396104771e+02
1.538548896046372647e+02
1.560233631455091086e+02
1.555493261402174880e+02
1.564516252774071177e+02
1.562642185240880792e+02
1.633635806288172603e+02
1.578082199174246227e+02
1.576388377672512888e+02
1.534786013980298662e+02
1.585521624264175671e+02
1.535445953971538415e+02
1.585822988926271080e+02
1.551204910140813524e+02
1.557972378930619470e+02
1.561289803636287274e+02
1.520392503818737282e+02
1.559295519016750973e+02
1.576905059455539515e+02
1.538887789057138207e+02
1.539924571978397694e+02
1.554105321660011612e+02
1.548080692690227806e+02
1.573573738977171388e+02
1.524128365387063866e+02
1.557847286305360512e+02
1.559024244282962002e+02
1.579953278460296815e+02
1.591376356007980633e+02
1.526882563673069342e+02
1.566036210617692745e+02
1.609529270389228373e+02
1.576836486779719166e+02
1.603133314590873510e+02
1.544365887285712233e+02
1.590628607978209743e+02
1.556943328886462439e+02
1.541563786911607110e+02
1.561389969487247527e+02
1.564788864381453379e+02
1.572820247345878784e+02
1.539614154837400974e+02
1.564491430303710899e+02
1.592630567016507825e+02
1.575180042311014290e+02
1.556759903984720665e+02
1.527191725481052060e+02
1.558842073389927521e+02
1.583901237641006787e+02
1.561926943441294213e+02
1.530939197377927599e+02
1.549160405557953766e+02
1.601929474470623802e+02
1.564164952052603894e+02
1.548968931070194799e+02
1.571821144690849792e+02
1.577103205392577081e+02
1.568766872240299506e+02
1.546954648434113722e+02
1.564345006127093995e+02
1.558145842135939461e+02
1.606554493489917945e+02
1.565024662278034384e+02
1.573889357286423376e+02
1.563620890626501421e+02
1.548179488395872738e+02
1.552188003151611326e+02
1.558964278379500854e+02
1.559681330911087116e+02
1.590603948540343993e+02
1.604392227248400218e+02
1.543035413784857894e+02
1.530192142892600771e+02
1.599686501206377045e+02
1.573325418790606705e+02
1.533944135615510049e+02
1.571180432159540601e+02
1.581220130332347651e+02
1.564426317098080119e+02
1.540537047677935902e+02
1.561375773181964348e+02
1.573628208029261657e+02
1.582254137698753027e+02
1.570846075996100524e+02
1.532347486815804132e+02
1.563891901622994567e+02
1.568822923448350366e+02
1.552936916941347363e+02
1.561649191568523349e+02
1.531062241929342633e+02
1.549172012556115305e+02
1.561403432116923113e+02
1.564981307810333249e+02
1.547962125955019133e+02
1.557803979122520843e+02
1.538966862268005400e+02
1.577843874510542435e+02
1.550634446572491072e+02
1.548682967632051088e+02
1.577878476778610093e+02
1.564525743043420789e+02
1.548426820216967883e+02
1.551521424903607169e+02
1.563252763145916902e+02
1.587648265806604400e+02
1.560138067682158010e+02
1.554944372674604267e+02
1.569312702406694484e+02
1.551229227003227322e+02
1.588248850471311755e+02
1.600974990558778472e+02
1.593851126063341610e+02
1.561004632225315447e+02
1.558960513524080227e+02
1.525531092450427195e+02
1.574061360115505011e+02
1.570767706634959495e+02
1.564318166487226449e+02
1.548641444682895951e+02
1.562494262661376183e+02
1.559033679060755446e+02
1.554832759753058440e+02
1.598061963860371577e+02
1.606479439582235500e+02
1.580068150030770369e+02
1.558315298402436326e+02
1.553266091711906256e+02
1.577834117659861590e+02
1.568045324429618006e+02
1.628369350338714412e+02
1.566181985401159409e+02
1.539915925578069107e+02
1.571028349401101991e+02
1.602803585305067031e+02
1.545676067315561966e+02
1.567245508037073023e+02
1.573885699466907795e+02
1.572463660343172762e+02
1.548244787844205064e+02
1.584782760301983444e+02
1.571570187771215217e+02
1.535317599689332155e+02
1.566159693775145456e+02
1.589339941093792845e+02
1.552320709580671689e+02
1.547588392339987138e+02
1.539222409433456562e+02
1.575945546018832033e+02
1.561972717929193948e+02
1.548724013337123608e+02
1.512376044758917430e+02
1.559022919998344889e+02
1.542371263787078135e+02
1.601140795933220033e+02
1.583103659843957018e+02
1.581947876468698837e+02
1.581669632671600141e+02
1.580932305682287904e+02
1.565768223466366464e+02
1.589432835307824234e+02
1.575693793663230053e+02
1.554014655366883630e+02
1.605348529175958276e+02
1.568748730994719551e+02
1.531790433176623196e+02
1.567541051541948889e+02
1.540221049454745241e+02
1.606060914576871141e+02
1.573880583524756673e+02
1.569411883293785479e+02
1.568311167072957630e+02
1.534155482047581245e+02
1.569729568657876939e+02
1.569000885828186256e+02
1.597989897271491202e+02
1.533658871414768612e+02
1.571836238823021290e+02
1.545372608122265490e+02
1.535406253501105596e+02
1.578712331556538686e+02
1.612231276703749927e+02
1.575002172099417521e+02
1.568598310437461691e+02
1.573858949028035852e+02
1.583162882482697569e+02
1.562260836652009459e+02
1.568130483628613661e+02
1.566497326006168009e+02
1.567829430588535331e+02
1.531959669252491949e+02
1.545662170290639210e+02
1.560582396071396261e+02
1.603033283102039093e+02
1.595734570726299353e+02
1.542424386815116861e+02
1.582977733785705254e+02
1.529246827232935573e+02
1.589211498244629297e+02
1.551377785922858266e+02
1.532632886650096395e+02
1.553035874434596906e+02
1.560291919167767389e+02
1.547548350060706639e+02
1.582301325419531395e+02
1.544903182509616499e+02
1.558337920294452772e+02
1.583750797655931422e+02
1.573277320761372664e+02
1.581478894795954204e+02
1.580726972608793801e+02
1.518609997734564843e+02
1.565456739627734635e+02
1.579077291553165878e+02
1.575932885398767951e+02
1.592454850916488454e+02
1.540434221407771815e+02
1.572558384779070764e+02
1.577813424284265125e+02
1.553762379972520478e+02
1.583731076989080009e+02
1.573424117374589741e+02
1.575843748871781429e+02
1.583733369332506697e+02
1.583895117619329937e+02
1.568114068384672919e+02
1.548767483570879619e+02
1.576231445133310842e+02
1.523996901549138272e+02
1.603395039536839874e+02
1.554487996525807603e+02
1.574720643625530556e+02
1.581596631518314666e+02
1.539588092550042688e+02
1.585874291310236970e+02
1.571352813002589528e+02
1.571367860187534120e+02
1.533592609532688300e+02
1.570757940032315219e+02
1.560405350225075267e+02
1.588726257800483950e+02
1.554461712165018810e+02
1.550603380561633458e+02
1.530639283577802985e+02
1.533512071318919254e+02
1.562200700361630936e+02
1.595894047686791453e+02
1.609230479522961446e+02
1.548494236092222991e+02
1.549184528554906706e+02
1.594172583097944766e+02
1.548886912063952082e+02
1.539020156903459906e+02
1.556724136638330265e+02
1.606336770114684498e+02
1.594164783132261505e+02
1.533884986511798729e+02
1.585429945822297668e+02
1.557662579606846407e+02
1.558821936128762502e+02
1.563244678611546874e+02
1.597596745032882382e+02
1.568412657486221065e+02
1.580855544384153575e+02
1.587409993371166195e+02
1.574168561733866341e+02
1.581377888533590124e+02
1.564907222144363459e+02
1.527115285713037451e+02
1.540265846024144878e+02
1.561641715345917021e+02
1.596140745493771078e+02
1.570030514962425912e+02
1.606838356634926299e+02
1.573985128084253802e+02
1.546975020378059753e+02
1.576270964576212066e+02
1.593167409122204958e+02
1.574527628784074977e+02
1.576049161509375836e+02
1.563006563052916249e+02
1.562771798963757135e+02
1.566504676356389609e+02
1.555009931472658309e+02
1.578844552861272916e+02
1.576207355008274362e+02
1.605145971777306784e+02
1.551761536496788381e+02
1.560937109938627998e+02
1.600563113869293090e+02
1.579152214594138854e+02
1.554115751445093281e+02
1.578775236027321114e+02
1.541290780498066795e+02
1.553310285386498890e+02
1.587161876333320834e+02
1.582486060054406494e+02
1.531105714028963405e+02
1.573859400361159260e+02
1.578607485899350991e+02
1.557030927164778404e+02
1.571381387400762719e+02
1.555248928721914865e+02
1.565842676421758597e+02
1.578176724565520601e+02
1.547402712891010879e+02
1.565644486453563786e+02
1.587234880055322321e+02
1.614428926581825863e+02
1.569550837712678515e+02
1.568090733007398967e+02
1.544016261570658912e+02
1.552088710246332539e+02
1.557447956468236896e+02
1.543023688572276626e+02
1.570633215919836516e+02
1.578875353166334321e+02
1.595261409073050913e+02
1.556204569234626263e+02
1.548202003972467935e+02
1.557444558203449958e+02
1.608020724416355165e+02
1.566191289488862424e+02
1.603145556812889652e+02
1.560189168598222125e+02
1.559359796420755515e+02
1.571391513674849705e+02
1.564086686806808189e+02
1.613885484077755734e+02
1.579493639133211786e+02
1.573264286512934689e+02
1.574851995611200266e+02
1.551205670162385104e+02
1.531471074051022470e+02
1.580318105185960746e+02
1.562881182396805002e+02
1.564981903763970479e+02
1.557095967193089621e+02
1.567649581658383795e+02
1.585255592760442482e+02
1.581068498494154824e+02
1.547894195326658178e+02
1.542939578015819393e+02
1.553135810875619711e+02
1.531828545818861755e+02
1.556998236557676307e+02
1.571938965437012996e+02
1.566433885776048101e+02
1.575159360586388004e+02
1.536777685980855779e+02
1.562076159537759565e+02
1.553525330516156657e+02
1.581649655627034576e+02
1.597502740854485239e+02
1.500145193166790420e+02
1.587236041084858584e+02
1.607921901278482721e+02
1.550393218693114932e+02
1.546671679718805592e+02
1.551109659650486492e+02
1.561480906034108216e+02
1.603097547725517131e+02
1.581706368523893502e+02
1.564309688460747907e+02
1.551490158418413046e+02
1.568734637423667664e+02
1.528774807041164081e+02
1.573026306968184258e+02
1.535892323923352194e+02
1.546695872154556639e+02
1.568020841530436940e+02
1.573434748952980442e+02
1.538261045783447685e+02
1.542407621330312679e+02
1.553867009052611081e+02
1.595192055419742303e+02
1.596604494872366331e+02
1.557643475186582975e+02
1.558245371264337109e+02
1.572692029392456163e+02
1.563325204515062126e+02
1.556406394408776634e+02
1.525693512729141901e+02
1.587827032081930554e+02
1.591293145080535965e+02
1.578016614259410630e+02
1.568044108699709795e+02
1.547689538861994549e+02
1.529108304392295281e+02
1.553143794172393655e+02
1.530349486556942509e+02
1.579660690794799791e+02
1.559527848153420280e+02
1.573446685991247591e+02
1.590137516539100488e+02
1.588850647735903863e+02
1.574720849690327498e+02
1.557275642539920568e+02
1.563136769143461891e+02
1.583324250697993705e+02
1.562418483669142688e+02
1.574235390391467888e+02
1.550559400334020950e+02
1.569872733197400692e+02
1.568013817869385491e+02
1.550159262163305129e+02
1.525421747990318693e+02
1.564166381290847596e+02
1.549026969272458985e+02
1.556203510865961448e+02
1.610940135046364503e+02
1.569316126173090424e+02
1.621494431638323874e+02
1.545647811333041091e+02
1.568846740012610042e+02
1.560968209875538832e+02
1.499596634686645871e+02
1.598609031530524760e+02
1.537154382184140786e+02
1.579114998149102576e+02
1.573582533684802343e+02
1.535094255957318410e+02
1.591628439982034138e+02
1.567547990520361054e+02
1.562011886142067567e+02
1.573758732088458601e+02
1.563618550282865272e+02
1.582795831837812841e+02
1.557434596004853802e+02
1.575297045167749275e+02
1.584190349220223482e+02
1.573471899933705629e+02
