8.712557318772650206e+01
8.539876833151376445e+01
8.416829503182241012e+01
8.796946277043473117e+01
8.532271090480622888e+01
8.399393548025174994e+01
8.384200265582380496e+01
8.270944429133236042e+01
8.544857542081042823e+01
8.346382812435882670e+01
8.040217318922142908e+01
8.499879002685453599e+01
8.837915133089312292e+01
8.023209923805796961e+01
8.356414753244675353e+01
8.422174633273611732e+01
8.455463246848228209e+01
8.550990059006008437e+01
8.444288341590015534e+01
8.336006274482741674e+01
8.366291750560004914e+01
8.457656454775360544e+01
7.970925768987034132e+01
8.712721831112314419e+01
8.307564759739496196e+01
8.497449664294509830e+01
8.087512669436128476e+01
8.451895073537880876e+01
8.424582465319282676e+01
8.348504862184722697e+01
8.426139553364076562e+01
8.595011388678885567e+01
8.495685720182997613e+01
8.581053917051679036e+01
8.163326044022140593e+01
8.088011382466207522e+01
8.651623924258643683e+01
8.205033064808966969e+01
8.406322794507339324e+01
8.543487869364390974e+01
8.636560545419773405e+01
8.496831375107818474e+01
8.568244155780175220e+01
8.582502906947004817e+01
8.381448766500977854e+01
8.424013941384444593e+01
8.501727852159956456e+01
7.944721369150306600e+01
8.569449767169766119e+01
8.358419491505779320e+01
8.479955010883203670e+01
8.642679374475979159e+01
8.199444935224239828e+01
8.859867071359343527e+01
8.536567932509181844e+01
8.389444378862108920e+01
8.602736599346873447e+01
8.694261216905748313e+01
8.625875471698651609e+01
8.558835487261089270e+01
8.509290018745514317e+01
8.877371056603762156e+01
8.577052912715626576e+01
8.213571177986214877e+01
8.625733815347699363e+01
8.641394629197095867e+01
8.683306477730184270e+01
8.650953738879867672e+01
8.612471739161128426e+01
8.777998940052215460e+01
8.431606423034446607e+01
8.455215302739472349e+01
8.517078240290322810e+01
8.768853477756341874e+01
8.830133824985183821e+01
8.605527566749641721e+01
8.268739979769125625e+01
8.625220624273552517e+01
8.616336849589474411e+01
8.092072223549628518e+01
7.888136027107205450e+01
8.289556277626248004e+01
8.321241395917546413e+01
8.540081520401670900e+01
8.476720486329769244e+01
8.527935911083504550e+01
8.351506596702482454e+01
8.376309346670306866e+01
8.455538433170625012e+01
8.792411515894957574e+01
8.615699424654147265e+01
8.765621045207046791e+01
8.448588452995170428e+01
8.448195554810871499e+01
8.666010324464568271e+01
8.442710588045389386e+01
8.699918015027100182e+01
8.344010221261797255e+01
8.423202095923967647e+01
8.313002125233947481e+01
8.245090876369161492e+01
8.698355973230584937e+01
8.280863301064690063e+01
8.385963037238063578e+01
8.719687625471624415e+01
8.560624591881553158e+01
8.728989925136123418e+01
8.543474922581594910e+01
8.112272257958808552e+01
8.334555094400732855e+01
8.434297781308825392e+01
8.574634873953861813e+01
8.511276850292036045e+01
8.241806201506726381e+01
8.748547041946414993e+01
8.504257401686473372e+01
8.502864452462985412e+01
8.618453019309879437e+01
8.492042999691517480e+01
8.465770264127512235e+01
8.679943179420986610e+01
8.599889022254212989e+01
8.455550636017365207e+01
8.419198653126346699e+01
8.334448894401887742e+01
8.295028616266330346e+01
8.135126727117643952e+01
8.654856477343821552e+01
8.231580648201592965e+01
8.516949937193929543e+01
8.552799794355951235e+01
8.627537512437565681e+01
8.452207107056563018e+01
8.279720112121299280e+01
8.491917217320039413e+01
8.287710759876021882e+01
8.642142134411552945e+01
8.422887949351368775e+01
8.643540897643580934e+01
8.484736277473433574e+01
8.398347451042570810e+01
8.385149491948361344e+01
8.422852263587606103e+01
8.683024001856983887e+01
8.369150030953385055e+01
8.348560209095796836e+01
8.378238437806982120e+01
8.459620582305367975e+01
8.538690718869217733e+01
8.482673492130889770e+01
8.782443685165144132e+01
8.864185117602464459e+01
8.475501890095041801e+01
8.875770403130886166e+01
8.518907033394451389e+01
8.792716323331168837e+01
8.411495850656145024e+01
8.510891167660720669e+01
8.133829826689468234e+01
8.673532914179924092e+01
8.611146724237637784e+01
8.636980654115578204e+01
8.381563541873249790e+01
8.188862971990212714e+01
9.092866042050799535e+01
8.470740708005324393e+01
8.573675134625852934e+01
8.976152866268138553e+01
8.558378806048669674e+01
8.834111973214029945e+01
8.515758685190958488e+01
8.622970864644564415e+01
8.312637960349995581e+01
8.583656774599961636e+01
8.427970783628481399e+01
8.602441008970491509e+01
8.722444506383745022e+01
8.634248951473679767e+01
8.118240312255548474e+01
8.342006914226402614e+01
8.296045221618405208e+01
8.703952486145558964e+01
8.596216352282782225e+01
8.608847075090025669e+01
8.375771185117835671e+01
8.382582006684002351e+01
8.614988199245223655e+01
8.780547677346761759e+01
8.494897746290672558e+01
8.798824193390495907e+01
8.632079256663722333e+01
8.752103924915732591e+01
8.574133078667988173e+01
8.710375135638305721e+01
8.546940816665522789e+01
8.562270044503893018e+01
8.084014473984866811e+01
8.504408208227800969e+01
8.397111463874639981e+01
8.469536882656392152e+01
8.408122294416705245e+01
8.457135672223569145e+01
8.734770314791165902e+01
8.092531395453305265e+01
8.580699505533972626e+01
8.525835824849086464e+01
8.490217410610479476e+01
8.504924545294332461e+01
8.278893480903832369e+01
8.308382324375493511e+01
8.147317963806278840e+01
8.538889498084479612e+01
8.480758276032379683e+01
8.157414920858660423e+01
8.459733924709424002e+01
8.372432306479521458e+01
8.318101326766854697e+01
8.578505402512868727e+01
8.690380907652772180e+01
8.636801173054412573e+01
8.393174359149372776e+01
8.260115259787690434e+01
8.670092057810417430e+01
8.430775463433801065e+01
8.516093414031931275e+01
8.589046766471324190e+01
8.949320630500388063e+01
8.302120454220899148e+01
8.352444285816955016e+01
8.396198883669336510e+01
8.410815103172640761e+01
8.860981270609715921e+01
8.318771584983986145e+01
8.454209197193767977e+01
8.525133302682003489e+01
8.478120168602765716e+01
8.146693910347116230e+01
8.122114173881681154e+01
8.635501314998396083e+01
8.400239875551686453e+01
8.955172412805839599e+01
8.132353855279016841e+01
8.660084551659963381e+01
8.435669568270870400e+01
8.778860623548361275e+01
8.323879864777104842e+01
8.273481580236195043e+01
8.426116682363627319e+01
8.725419227998447980e+01
8.538380039427880774e+01
8.236235121149533711e+01
8.270392638775281569e+01
8.359664681601358893e+01
8.613296326047537832e+01
8.590346830053012184e+01
8.679574672198798169e+01
8.559554570546389130e+01
8.371192105612031753e+01
8.437083520956353766e+01
8.576724979854587616e+01
8.658779428486649010e+01
8.257165906945392919e+01
8.513334074500372139e+01
8.493438620847030052e+01
8.372688242443683748e+01
8.247620047316004843e+01
8.326364859451646794e+01
8.709417927680725313e+01
8.695201029938365878e+01
8.590641675289062107e+01
8.423934005774837885e+01
8.444393983880617327e+01
8.601681647340254244e+01
8.280547827919107817e+01
8.689360917293984699e+01
8.507258459944740991e+01
8.411713374398978260e+01
8.144708638011793767e+01
8.573861286204035537e+01
8.362595316140296120e+01
8.357654863280437496e+01
8.484941055565741408e+01
8.244591455435516991e+01
8.539099870331810394e+01
8.380955879721643953e+01
8.851159976507260296e+01
8.443352924433229134e+01
8.411816449254081363e+01
8.732487193899395095e+01
8.730744690909544659e+01
8.481963070089511803e+01
8.441545873491710950e+01
8.460349997024341917e+01
8.833433251009515175e+01
8.305912684159633841e+01
8.662860259029442034e+01
8.528446188414189066e+01
8.490584121150337182e+01
8.491680271347829034e+01
8.387330222752073894e+01
8.787217859333175340e+01
8.146042162707180978e+01
8.472213166792684547e+01
8.787396543170756047e+01
8.710224692231841459e+01
8.500429074020951248e+01
8.731620046716375327e+01
8.402385899438630190e+01
8.157356193401537325e+01
7.951084173013785517e+01
8.385498169689057590e+01
8.454223962170920004e+01
8.321552115786548143e+01
8.481039064160606245e+01
8.542240586471515940e+01
8.430090587503885047e+01
8.621637299046233238e+01
8.402173097277415081e+01
8.298841374568129936e+01
8.696504371001235256e+01
8.543718964048431985e+01
8.792767960699424634e+01
8.534755772800993157e+01
8.566220631738882219e+01
8.590490229625913798e+01
8.618861951015469458e+01
8.205357486679127987e+01
8.558272776959141481e+01
8.551841555845254561e+01
8.387330500447664861e+01
8.631237683897198565e+01
8.498063640308191680e+01
8.612828294148040698e+01
8.245534511460245142e+01
8.452894939957326415e+01
8.372721385548511819e+01
8.725005372026600980e+01
8.320151384318920407e+01
8.628931772286664170e+01
8.431261942515713770e+01
8.529017076157578003e+01
8.765243850631037503e+01
8.680446394449710112e+01
8.157669018273358574e+01
8.477414148256079329e+01
8.353456305497059020e+01
8.172929373720390345e+01
8.282158785371493082e+01
8.580796135879904796e+01
8.754570161701516895e+01
8.504380300854460017e+01
8.171596384846708361e+01
8.283588556360784594e+01
8.381211024071295412e+01
8.780736701197587024e+01
8.529138603136283336e+01
8.507799527331054890e+01
8.769281599811539252e+01
8.318200116079239592e+01
8.385632010488556887e+01
8.283128322530164667e+01
8.541535013940799104e+01
8.844955680819519728e+01
8.766446931456074765e+01
8.414475842523131632e+01
8.641751067692024435e+01
8.133346351877773373e+01
8.351632946276913572e+01
8.795049002499681023e+01
8.711782860979327836e+01
8.553764615413794559e+01
8.600175024038766480e+01
8.318678721301590429e+01
8.512702198656782571e+01
8.132926179050609505e+01
8.333894751051519734e+01
8.611633294681146822e+01
8.266639807634169301e+01
8.305241754718332459e+01
8.463404191885686600e+01
8.609058967327928258e+01
8.375592989327232374e+01
8.506575624250133671e+01
8.450573962500016023e+01
8.334305854894466847e+01
8.554060056886980590e+01
8.225788591943485528e+01
8.528326996758897849e+01
8.389776152132930065e+01
8.241734825929249553e+01
8.379795387743321555e+01
8.518681222010735610e+01
8.634219564691632343e+01
8.421537773789128778e+01
8.418147902715440978e+01
8.344348637269892777e+01
8.598440661386598549e+01
8.756012436520497033e+01
8.648790838158784311e+01
8.718644609910849397e+01
8.430891415354831508e+01
8.496846804573235090e+01
8.574010129721793305e+01
8.701384796382122033e+01
8.965824528284890960e+01
8.549779682971748684e+01
8.361885287921960241e+01
8.745498897939482674e+01
8.435172932764587017e+01
8.693463118353425045e+01
8.805317627694917348e+01
8.217703321338022704e+01
8.746499711955257794e+01
8.560931871878931076e+01
8.320188025308776503e+01
8.531628659949662108e+01
8.552309374248200413e+01
8.577484261804441701e+01
8.675296300128484006e+01
8.537667085498956965e+01
8.645808383462012614e+01
8.587518335438903705e+01
8.566609467491633723e+01
8.636248979739970366e+01
8.398309243013477499e+01
8.652275026442795536e+01
8.490692965432896244e+01
8.314641612831765372e+01
8.695500742121137705e+01
8.628057382971699951e+01
8.310548593429216169e+01
8.609105734781648778e+01
8.616264285102424481e+01
8.370502034098011279e+01
8.386771430242860959e+01
8.443033205604443481e+01
8.316992882648611385e+01
8.798236740003251555e+01
8.380595160403026966e+01
8.507737969719160276e+01
8.553493754376336256e+01
8.461982791609888466e+01
8.771214275431802321e+01
8.578102116057164039e+01
8.390367189575403017e+01
7.968135524532409875e+01
8.419871391313147058e+01
8.544307674802011832e+01
8.553207149010957266e+01
8.506157412064553114e+01
8.379271985440843196e+01
8.719163016890826157e+01
8.456005974765319877e+01
8.401322788946332309e+01
8.171439863088083655e+01
8.600779270885500694e+01
8.584826583540797174e+01
8.660602288770598989e+01
8.513318567047281249e+01
8.441062300654735395e+01
8.423831270899717083e+01
8.255894713843026977e+01
8.511709908213326514e+01
8.742455186653143073e+01
8.593781639780928572e+01
8.261964817027228491e+01
8.771087710664460246e+01
8.962736361233166349e+01
8.424043246350692016e+01
8.388031509397733032e+01
8.478332875906976085e+01
8.639859120283850302e+01
8.436117143944018437e+01
8.703445555301642855e+01
8.698870798705624452e+01
8.646310658344113165e+01
8.317475545159217631e+01
8.227765789488320536e+01
8.506600442954332664e+01
8.578618301833982684e+01
8.608954462266811447e+01
8.463772342198930687e+01
8.406424623847937028e+01
8.253979034093515565e+01
8.154890214922843938e+01
8.669067527132648365e+01
8.733121762562828394e+01
8.713448941428957539e+01
8.653602199511284709e+01
8.476773502591929343e+01
8.708147970537285687e+01
8.492710992698583539e+01
8.504625256379489429e+01
8.435148209114031204e+01
8.681462433922645516e+01
8.654530410045764199e+01
8.867645399821253704e+01
8.544946908500517679e+01
8.470894591555543229e+01
8.611798302252208259e+01
8.373571645736673474e+01
8.533012840120686349e+01
8.412878069708098394e+01
8.664495261845515017e+01
8.857663718921949680e+01
8.469014251739211829e+01
8.275895270604547704e+01
8.814022850725913827e+01
8.262582870913995237e+01
8.477711883900512646e+01
8.523653978189885549e+01
8.461668360349240459e+01
8.777848818386586061e+01
8.665719239001288088e+01
8.514630946526469302e+01
8.724272948033723196e+01
8.286339920380511614e+01
8.126496988623738105e+01
8.469650520195119725e+01
8.612976612273681098e+01
8.490622658044065929e+01
8.415640443434368478e+01
8.477504741200455385e+01
8.841257355311350352e+01
8.867669553157242035e+01
7.998284502413382313e+01
8.511454423842836547e+01
8.344918608281513173e+01
8.608500364024665430e+01
8.528148331908631974e+01
8.551841242655733311e+01
8.372433613901722538e+01
8.179790764958093519e+01
8.321713416054703316e+01
8.489869663769790975e+01
8.253708848444343005e+01
8.489406714453075153e+01
8.493097101379059666e+01
8.903417204947029973e+01
8.503546383136392706e+01
8.639873846242967659e+01
8.566484769602871552e+01
8.224189853898843694e+01
8.031616171381736535e+01
8.780825703590653575e+01
8.719919529336878838e+01
8.804273073941246253e+01
8.375033808916768407e+01
8.687020471541956113e+01
8.188224857577992566e+01
8.698840252895311664e+01
8.487493512210518531e+01
8.823479089557321231e+01
8.691314427892405092e+01
8.326669528500291051e+01
8.267547257714605280e+01
8.554083358597608822e+01
8.553107149474428184e+01
8.452453243506751335e+01
8.172629956959843867e+01
8.737987409990257959e+01
8.343984792307504961e+01
8.627872595151025337e+01
8.615905450918950237e+01
8.454091500374232737e+01
8.262393882564551006e+01
8.682031824631681616e+01
8.943595044415621942e+01
8.396617815976695454e+01
8.420980456276831205e+01
8.363387668056650170e+01
8.418643280156211972e+01
8.357296535003291638e+01
8.386911384966491312e+01
8.572256944105335208e+01
8.278145965561211028e+01
8.440759365948132142e+01
8.730200053665129190e+01
8.524053286813899888e+01
8.372008264957023016e+01
8.181708846436139027e+01
8.491224548138778516e+01
8.780649529718741064e+01
8.575299299899289451e+01
8.395070629668904871e+01
8.274138126828351858e+01
8.226126649609595631e+01
8.403611829045804882e+01
8.589516745977425671e+01
8.383187848618005944e+01
8.418583476997687853e+01
8.308032663561975539e+01
8.587566702618252634e+01
8.043971789306445430e+01
8.130562793632559249e+01
8.726006331752840595e+01
8.885672832923033582e+01
8.480278346946303714e+01
8.782137053167205920e+01
8.542819320758579238e+01
8.142541326542615820e+01
8.643999962341725052e+01
8.540372990403990627e+01
8.679590197844139254e+01
8.480477548536048005e+01
8.539864899692271649e+01
8.906460819435378085e+01
8.285423209476159911e+01
8.270193573535867415e+01
8.187766540608348009e+01
8.132178954838568075e+01
8.480928801095375036e+01
8.226403829063994522e+01
8.852199337392026735e+01
8.556465089222608356e+01
8.671280243631255757e+01
8.773217362607771008e+01
8.373600489115692369e+01
8.407963231835573481e+01
8.230344277823222399e+01
8.695726918785160819e+01
8.691095000356072831e+01
8.060884389788535032e+01
8.381587071539418332e+01
8.731375633618773691e+01
8.373804762279027614e+01
8.605817735037189209e+01
8.553145493776024466e+01
8.512510930298152800e+01
8.557497709528192331e+01
8.604593250867527843e+01
8.175124468146806578e+01
8.349903084165298139e+01
8.604508039442063705e+01
8.741222995445366450e+01
8.500348984955448373e+01
8.656205674893648450e+01
8.476785694993775166e+01
8.528985590121278904e+01
8.312941414828257791e+01
8.661198116958610171e+01
8.541667921573289846e+01
8.640041894412084389e+01
8.283976527781446464e+01
8.343472927891646407e+01
8.599780424907253007e+01
8.568954753697883575e+01
8.502773147256721131e+01
8.578590348200425808e+01
8.173602081366951211e+01
8.765635085935923598e+01
8.176572195498557960e+01
8.680948014691188064e+01
8.906021566168887205e+01
8.405056379843686898e+01
8.179248945201025833e+01
8.524543055631421851e+01
8.329366575153011354e+01
8.365853195216239158e+01
8.199434540160923746e+01
8.581251027034717538e+01
8.281152232380340195e+01
8.334189888017580472e+01
8.379675658073610123e+01
8.297749324773315038e+01
8.771367662122369779e+01
8.619067573772412061e+01
8.316819533720007485e+01
8.710798817373718350e+01
8.540730784156416178e+01
8.318980545122543901e+01
8.330691803179168176e+01
8.388942677197023556e+01
8.609593338668706508e+01
8.596098672483250880e+01
8.500304631990076132e+01
8.688656652337492403e+01
8.354977948086394690e+01
8.538071120349695775e+01
8.355459754748849832e+01
8.726277586820923204e+01
8.398979301555318955e+01
7.892575252075768333e+01
8.117048683334027714e+01
8.549322403927807557e+01
8.286266333563112596e+01
8.228039796540670636e+01
8.488172026435083239e+01
8.471785885801328675e+01
8.521062289189232786e+01
8.426646000099142952e+01
8.500284826735260424e+01
8.640148932857393049e+01
8.359853256829715917e+01
8.858558887802287529e+01
8.752655394325940108e+01
7.892300758702606345e+01
8.390627432522884988e+01
8.315519769415453766e+01
8.164345490315936615e+01
8.202103638304342326e+01
8.472503296266387451e+01
8.263781207094152137e+01
8.595992037792845508e+01
8.707557281412296390e+01
8.449343421954812072e+01
8.492194197981716286e+01
8.490054535204255615e+01
8.446335314706031738e+01
9.119973403793409261e+01
8.518680983681076668e+01
8.424296359595223294e+01
8.766539099291890125e+01
8.441376097099526987e+01
8.171001896004784726e+01
8.811258843321952838e+01
8.337217033143572564e+01
8.622944875193269354e+01
8.679460950781721351e+01
8.378265113266061803e+01
8.433550971288481435e+01
8.305048276000889018e+01
8.397258747835888926e+01
8.411750628414438324e+01
8.211489068216066300e+01
8.178917372284608689e+01
8.299556302685769538e+01
8.741649135832875572e+01
8.383126144495668086e+01
8.817693490739385709e+01
8.196870687520946319e+01
8.610552111050022006e+01
8.135183637933835143e+01
8.406014480777682252e+01
8.241368368588626936e+01
8.299338950362960077e+01
8.487844878001610027e+01
8.295104306931472138e+01
8.391220816650225345e+01
8.633414398229321307e+01
8.439677175138798759e+01
8.626829495869725406e+01
8.650385834581564382e+01
8.532310744525081248e+01
8.622968574389996377e+01
8.366734800591461862e+01
8.569323947156951249e+01
8.561373867633051304e+01
8.420040599765914635e+01
8.486609161431708515e+01
8.622908237469458470e+01
8.276509219131837369e+01
8.445848923613885972e+01
8.722278792493132471e+01
8.429368898599993543e+01
8.448592746821879018e+01
8.475734133410742288e+01
8.301068321695439067e+01
8.453210076840197473e+01
8.387429336626892962e+01
8.385851382156840828e+01
8.636132245050910683e+01
8.506596521319575288e+01
8.260724017591644497e+01
8.653233582515714772e+01
8.672460315582131329e+01
8.311726724770812780e+01
8.355919269534587102e+01
8.802341324406123135e+01
8.482189930431334801e+01
8.363684479128517069e+01
8.619735147601898007e+01
8.519179597860365050e+01
8.711393437690311714e+01
8.629762184786174828e+01
8.412912888780915921e+01
8.403231592182828535e+01
8.396724450706690845e+01
8.502395904970805418e+01
8.735050854663815301e+01
8.403189307663279806e+01
8.217488363138797069e+01
8.552563441971888381e+01
8.670868216516497284e+01
8.525588556816877883e+01
8.431922415837635754e+01
8.367290033220369594e+01
8.227941643927508153e+01
8.297934570893582418e+01
8.808657747734146426e+01
8.816113173743841003e+01
8.390771100994864184e+01
8.431832602158560519e+01
8.418804380895502959e+01
8.095520667081262900e+01
8.344566877463419985e+01
8.196308909098237905e+01
8.539695024694358949e+01
8.445830448700242243e+01
8.763338283687930641e+01
8.654372497570443556e+01
8.293784756275742609e+01
8.607064786577126370e+01
9.230303389741075648e+01
8.658107001614143883e+01
8.700424067580193821e+01
8.502654769130036527e+01
8.538223069045140790e+01
8.792213027729785324e+01
8.248674912713920548e+01
8.957042519378570944e+01
8.692725086865694095e+01
8.692612347181371035e+01
8.371813071609039980e+01
8.252266499435263825e+01
8.431229508675519924e+01
8.692831973738925910e+01
8.838262308682172375e+01
8.721814540410697703e+01
8.718665415726538015e+01
8.521370311161912525e+01
8.355615698095128607e+01
8.366015917011783642e+01
8.642377912253056138e+01
8.662322402594693926e+01
8.428504255818509705e+01
8.298966270589114913e+01
8.155557947990155299e+01
8.696338513064442566e+01
8.460284546503086744e+01
8.241061345743581512e+01
8.345286207498244835e+01
8.424586710725716898e+01
8.369226241223975649e+01
8.326338506712463072e+01
8.175926558241363296e+01
8.675592987089473240e+01
8.454503146296966065e+01
8.820469259362091918e+01
8.986725129621568442e+01
8.381485703298348255e+01
8.027384605598987832e+01
8.256786983919232625e+01
8.646410701752893146e+01
8.361826418910321479e+01
8.509632643013983966e+01
8.450964006109759907e+01
8.564574051785895392e+01
8.438330177788986930e+01
8.556945419188036794e+01
8.574876613585267648e+01
8.618434476592595672e+01
8.405203192705722870e+01
8.368808207038253499e+01
8.523992882446806618e+01
8.322864332889442096e+01
8.677456908615721431e+01
8.684594182051081646e+01
8.231560246667881131e+01
8.565858761580123826e+01
8.566612963344964271e+01
8.446731089307195361e+01
8.835351660390576001e+01
8.718607618138587156e+01
8.446666537715093170e+01
8.675274975056447602e+01
8.491290348253247089e+01
8.258369304069532291e+01
8.414768970917791080e+01
8.552429296693584604e+01
8.484179098032936395e+01
8.457649648306707491e+01
8.498320138859081396e+01
8.588398280976505816e+01
8.587805609038952070e+01
8.673825159313618371e+01
8.590939767302226926e+01
8.421511939249437262e+01
8.676633444651143634e+01
8.484069957010291319e+01
8.434204871228745048e+01
8.188560110680415960e+01
8.507265957049355620e+01
8.715795493559924978e+01
8.377278669265619726e+01
8.465687934315282348e+01
8.170624909163637994e+01
8.766262791573454649e+01
8.408527028204289877e+01
8.443455662648491966e+01
8.519161765810201814e+01
8.484712723658670086e+01
8.643716333058996781e+01
8.366364830070385494e+01
8.668082257845395588e+01
8.499998384289565934e+01
8.597409930648829857e+01
8.190548973627332430e+01
8.775593678015081878e+01
8.425328032006584067e+01
8.447211336927583147e+01
8.304656913690847375e+01
8.677592674851955223e+01
8.309345176644561093e+01
8.824978853160209269e+01
8.688977236966420037e+01
8.555123193622900146e+01
8.156012703052347490e+01
8.890878789570686536e+01
8.702574361497914879e+01
8.462244527189602650e+01
8.826435818204706152e+01
8.616438210938093789e+01
8.748635798771118743e+01
8.440291540348293609e+01
8.863743205725776875e+01
8.474842921047253697e+01
8.497345218960265356e+01
8.427960630242525042e+01
8.897537623219777458e+01
8.608531155859807882e+01
8.284345492141683565e+01
8.475291732566840608e+01
8.710324179981405734e+01
8.310057153606230429e+01
8.165532461442214185e+01
8.466601394746372478e+01
8.269555246471125542e+01
8.476754542211428145e+01
8.501572317396608014e+01
8.364799985967943030e+01
8.226317714951676408e+01
8.333030798609013345e+01
8.770420178924148047e+01
8.444318036511603509e+01
8.345546253851031793e+01
8.838084435213181678e+01
8.517584875228256180e+01
8.388567321236101293e+01
8.655130016298635098e+01
8.399197022025288106e+01
8.894444955234881434e+01
8.389332929452314147e+01
8.754018829282141212e+01
8.388054463983584697e+01
8.254010496593832613e+01
8.496317265834302646e+01
8.635840833985132292e+01
8.488328394541744615e+01
8.479492778284232202e+01
8.590389268979103576e+01
8.433032758428950615e+01
8.167471658579165705e+01
8.553328195612802176e+01
8.465272014265349299e+01
8.178721246408044010e+01
8.345605466554661689e+01
8.781859204315810530e+01
8.446875192966179213e+01
8.414437239352412234e+01
8.653401225434905086e+01
8.122866883873545873e+01
8.428305342671239941e+01
8.461610173629257758e+01
8.501488920268272409e+01
8.574957378767054195e+01
8.422801945557910130e+01
8.441153476981524761e+01
8.201455991099932419e+01
8.636344102207227991e+01
8.333665622299608344e+01
8.468223305177363613e+01
8.537218011361166248e+01
8.942157241638126663e+01
8.436474012547675727e+01
8.663807222590919821e+01
8.604235064302598346e+01
8.442582463413177152e+01
8.278583242058581959e+01
8.700063599885977794e+01
8.622514493568408511e+01
8.497704018394257730e+01
8.430740961151997226e+01
8.740607945375207066e+01
8.385839794243823064e+01
8.658286405385806006e+01
8.322415352798822141e+01
8.595026534750633118e+01
8.701844475545436808e+01
8.634099006102955798e+01
8.642361378830155161e+01
8.400211797430672789e+01
8.769128017478617210e+01
8.428068107669723474e+01
8.276513745586301241e+01
8.519864055262468128e+01
8.115970218201549358e+01
8.518350240736781132e+01
8.812344177451498695e+01
8.777974077793652441e+01
