2.218036100142663258e+02
2.233840404732345064e+02
2.248597723018781096e+02
2.150623210678860744e+02
2.187227137600041260e+02
2.254747090668273870e+02
2.219875398113910876e+02
2.207471749725376924e+02
2.284082984800626548e+02
2.215459064309613382e+02
2.151215898899409922e+02
2.204532206235995773e+02
2.286254243712492098e+02
2.128409536350873736e+02
2.285128977873778524e+02
2.255549578506559385e+02
2.244595081741961451e+02
2.189117772235450730e+02
2.243444020453416954e+02
2.254129555392500492e+02
2.273948935696624005e+02
2.292587623737542231e+02
2.234015060812548086e+02
2.274754470815634591e+02
2.171309500832637980e+02
2.260352267067413834e+02
2.235090882340316796e+02
2.241740340258018875e+02
2.304078580723758876e+02
2.253388436377816788e+02
2.224106081072471000e+02
2.208113869488756222e+02
2.201979350933789021e+02
2.215966570531157345e+02
2.221233406533343100e+02
2.239030135569731783e+02
2.203713170846616549e+02
2.255808285311086365e+02
2.139007934014522903e+02
2.258723475858098482e+02
2.285698336818844609e+02
2.283771832952447198e+02
2.184839521766788835e+02
2.275544622340610204e+02
2.227161696098771131e+02
2.236623413985873867e+02
2.240015595105134594e+02
2.180597002451778224e+02
2.310188379110409187e+02
2.218337287160241544e+02
2.256050042082183893e+02
2.229780557006886852e+02
2.260548021720651661e+02
2.236976666653372092e+02
2.208547740951110256e+02
2.259484350699252957e+02
2.258876896640659311e+02
2.245956090462672705e+02
2.265182481073056806e+02
2.250824923910829511e+02
2.320306212899391767e+02
2.164875944143843469e+02
2.251317989448546086e+02
2.236624826006429601e+02
2.219474596920972829e+02
2.247111954840105170e+02
2.235400412177638998e+02
2.175527520540621254e+02
2.237102583074454003e+02
2.186265899555312728e+02
2.275083993786547012e+02
2.232591563183181336e+02
2.206575656205872633e+02
2.198928061915379999e+02
2.183989911079543731e+02
2.247266590744769417e+02
2.256875045404006812e+02
2.222849464869662484e+02
2.282909298699089504e+02
2.228909286932848204e+02
2.208503047539499278e+02
2.230885632144288024e+02
2.264592342497040249e+02
2.185920120063844081e+02
2.250521498153201776e+02
2.210009452017566218e+02
2.199283242480345564e+02
2.221388606368865055e+02
2.250759628008149491e+02
2.248134660595831633e+02
2.214530939703307979e+02
2.227673023737434619e+02
2.298793383036624789e+02
2.185041269728819486e+02
2.279097838883526492e+02
2.287473587557674932e+02
2.264122834868642826e+02
2.121146698827243711e+02
2.255994851114155608e+02
2.198429116696176493e+02
2.243846950442014361e+02
2.165569158056141532e+02
2.189742144651228557e+02
2.219553036249235163e+02
2.253009970002821944e+02
2.229246420109769247e+02
2.313619524626662667e+02
2.258447978121861865e+02
2.231950987640730375e+02
2.170113449922554310e+02
2.227496164310863946e+02
2.237716635653449657e+02
2.230829044597534505e+02
2.313735386291929785e+02
2.189528745520453583e+02
2.244904429038054445e+02
2.273327155102905124e+02
2.153203773116813977e+02
2.289561233545622656e+02
2.180365124738865177e+02
2.297102739378600234e+02
2.222983989931770168e+02
2.264721813579402294e+02
2.165676449398431771e+02
2.241455828111876372e+02
2.151934315345663151e+02
2.210957229037719287e+02
2.193366646460829656e+02
2.180837108664616153e+02
2.275087476617372602e+02
2.274602234718498437e+02
2.251302005311372909e+02
2.281699470823384672e+02
2.248593365488785025e+02
2.205434360122428359e+02
2.295561934967518880e+02
2.211074819169546117e+02
2.266688519045607109e+02
2.274859772253682308e+02
2.197739698018354204e+02
2.160909360095077432e+02
2.259790325289096984e+02
2.155764961693492978e+02
2.273022390052502431e+02
2.211930026942114864e+02
2.353693510848761719e+02
2.270734786648731074e+02
2.240290629893999608e+02
2.216956203175072346e+02
2.194017456168998876e+02
2.204519729285984226e+02
2.204472909478744782e+02
2.232494829122163651e+02
2.218786862877199155e+02
2.120548270342138153e+02
2.152955620047986258e+02
2.218031290575870287e+02
2.203355338391086775e+02
2.183714383787585973e+02
2.213679802132701013e+02
2.142104625727094742e+02
2.210553708149605256e+02
2.254022131268955604e+02
2.260202242627646854e+02
2.195589252318160050e+02
2.216210099029185017e+02
2.290949119691983640e+02
2.233036003099612969e+02
2.207508637840035988e+02
2.190347511495496065e+02
2.240252254706902590e+02
2.263365244390024316e+02
2.316936783844697914e+02
2.198535672252139648e+02
2.299428988391090343e+02
2.214354342579271133e+02
2.260402218853591592e+02
2.241402418495924280e+02
2.257605666377144757e+02
2.210055875657243121e+02
2.193749328232683240e+02
2.244384430607903198e+02
2.250091279575837007e+02
2.237720939819381840e+02
2.253309072583191153e+02
2.256105848269601211e+02
2.165653493419978020e+02
2.194088544652551889e+02
2.319551005520286537e+02
2.204027258528254265e+02
2.235363336612373928e+02
2.168218002328271439e+02
2.240422000902515549e+02
2.222701141164450007e+02
2.252175356909731079e+02
2.224373238928897365e+02
2.190856325418498045e+02
2.262626059841733763e+02
2.279301267386581173e+02
2.279246690966137692e+02
2.231921730910216866e+02
2.295695727198388170e+02
2.226432331634526918e+02
2.228208796077005900e+02
2.233665254817463222e+02
2.275870281951519587e+02
2.242558581764303938e+02
2.293311681806450792e+02
2.201163415989609575e+02
2.187684602698138576e+02
2.200365240586090181e+02
2.182204701142788394e+02
2.191417512253841551e+02
2.261033591851112590e+02
2.219298909381431599e+02
2.301223986747525032e+02
2.202511793302811327e+02
2.239805014627109188e+02
2.226130519315185552e+02
2.218563788383384008e+02
2.243700181959397639e+02
2.114793182356053762e+02
2.275963345624511476e+02
2.227460649024375243e+02
2.202954919381150773e+02
2.158669931331973544e+02
2.260343590832899565e+02
2.204096612419044732e+02
2.227877475209330669e+02
2.284638271846846749e+02
2.282399275749375533e+02
2.183269261812359616e+02
2.216315157219617333e+02
2.241514533183837443e+02
2.306817980407564050e+02
2.273266615550905101e+02
2.206925243940166013e+02
2.196649191333384010e+02
2.264976547963320002e+02
2.285594296715213432e+02
2.198475293205182197e+02
2.210855188819340071e+02
2.267703923567000288e+02
2.224451315952712775e+02
2.263126273020383792e+02
2.239031640759038737e+02
2.245379856569057893e+02
2.274665834038668777e+02
2.285594036258918891e+02
2.252209309994179023e+02
2.215068602138189817e+02
2.235861783530815501e+02
2.229044260698903770e+02
2.247703543200226477e+02
2.231752710561797812e+02
2.216385568826613053e+02
2.244585644517984235e+02
2.196270644447658640e+02
2.244525148558429066e+02
2.180383385213322072e+02
2.243727979581603051e+02
2.249933023178798521e+02
2.201517487371523032e+02
2.338007518495343220e+02
2.209887680622571509e+02
2.152066517514865893e+02
2.242664758020462727e+02
2.262805553320082481e+02
2.232073000105975495e+02
2.207608493611799361e+02
2.255680663953849887e+02
2.155144794961778700e+02
2.246895269114397991e+02
2.303174314269421359e+02
2.241547235226960026e+02
2.215429404532630713e+02
2.214916944634871641e+02
2.230983981163732608e+02
2.241055260122470258e+02
2.293141549914116126e+02
2.195865165166761699e+02
2.248644658285101343e+02
2.203226631193658420e+02
2.288198439890828126e+02
2.135380289176585791e+02
2.207132355864368094e+02
2.220932309452794300e+02
2.181443547828551175e+02
2.278020402240708222e+02
2.159950743810904328e+02
2.220913951217394811e+02
2.193051700275137250e+02
2.198554426950706500e+02
2.218140372462014511e+02
2.179965241238355702e+02
2.214771256159079087e+02
2.178113993016829966e+02
2.166194174900114433e+02
2.292850495227760348e+02
2.236530399151355084e+02
2.219712188240983721e+02
2.209180320181220338e+02
2.297455003204798345e+02
2.247992714975984825e+02
2.151780939202733975e+02
2.253544191263366656e+02
2.231567039479634786e+02
2.256797011047022465e+02
2.200457546866845178e+02
2.252814898388687084e+02
2.153535218444232271e+02
2.218766594521325999e+02
2.295169254772634702e+02
2.175340781380351700e+02
2.171155035767011441e+02
2.260885770921946403e+02
2.264668123926391274e+02
2.303440836662046820e+02
2.177533646907835134e+02
2.214246205374727481e+02
2.244339455521985656e+02
2.228088040661110654e+02
2.236330204881411419e+02
2.229040331806368727e+02
2.224151161950073003e+02
2.178551932047928972e+02
2.250054951911052399e+02
2.179269836139126539e+02
2.332938835793268879e+02
2.223558733019076215e+02
2.267558573664189510e+02
2.237498695816082943e+02
2.226346497464056142e+02
2.220123868201357880e+02
2.223877030932959826e+02
2.195938198807075139e+02
2.201674709971403558e+02
2.218298563922803339e+02
2.192111798233367779e+02
2.272523457926644141e+02
2.277454088849130756e+02
2.165026189796697622e+02
2.276941940388443015e+02
2.208931572758816060e+02
2.288640896507758953e+02
2.255866456174556447e+02
2.150822454124203773e+02
2.223002841060628896e+02
2.222333444389829253e+02
2.377530252276098395e+02
2.200246898497711072e+02
2.202262918506328901e+02
2.182423721472207205e+02
2.214411373380561372e+02
2.242664402670999095e+02
2.188312998875260007e+02
2.240290467491617790e+02
2.238566284357244172e+02
2.218790249081951060e+02
2.259690653049368905e+02
2.152292576545532370e+02
2.192368220824296259e+02
2.195856711459119310e+02
2.188148498628258380e+02
2.193360874920321919e+02
2.176076724859294416e+02
2.284641988448879601e+02
2.249953749327129060e+02
2.226908023170782087e+02
2.345545710789038196e+02
2.229234858801870587e+02
2.221006305593674028e+02
2.232358847987832462e+02
2.168924980427389926e+02
2.183210613602291232e+02
2.224634755111406150e+02
2.245539466111361548e+02
2.188064822800567129e+02
2.284930627165867918e+02
2.176335985328996117e+02
2.223825926228901722e+02
2.313630870980829570e+02
2.209636918215015555e+02
2.280856813915401347e+02
2.189439292415167699e+02
2.246245101933906483e+02
2.236524871980574289e+02
2.228022507411083666e+02
2.159632221985415867e+02
2.246588550566637537e+02
2.195983661053104754e+02
2.154945157386568724e+02
2.238532815185657512e+02
2.215915163129989480e+02
2.221511985721099904e+02
2.246834098371702169e+02
2.198452762205176896e+02
2.279127391558620843e+02
2.204631470613796012e+02
2.226546503509119646e+02
2.230151720422614119e+02
2.175195999519884538e+02
2.288602416604071550e+02
2.177615427739265499e+02
2.282680369584454070e+02
2.258642190234830593e+02
2.260635296796951081e+02
2.157603620535568609e+02
2.232440596554281456e+02
2.232994364488411350e+02
2.245317876447001311e+02
2.178939372128389778e+02
2.212868838016328255e+02
2.181248256902288745e+02
2.264596161317496126e+02
2.284893738775981262e+02
2.219665677336909653e+02
2.180433703986261094e+02
2.264600581116762044e+02
2.183923590876092646e+02
2.226994147841252527e+02
2.270831545173925861e+02
2.182435946906285267e+02
2.215786263191109242e+02
2.296728401191107309e+02
2.264141857498699153e+02
2.310023811985138593e+02
2.251916850885795327e+02
2.263479100031207167e+02
2.209524683523490864e+02
2.213123097225196148e+02
2.290088172190824025e+02
2.201124309320905468e+02
2.246586804457146229e+02
2.232586188452486056e+02
2.342034889104129434e+02
2.217695062787858546e+02
2.229659521381496461e+02
2.169547343931014041e+02
2.278598572927532473e+02
2.217865653159897477e+02
2.256802900285791225e+02
2.168988616798062310e+02
2.181525410944895214e+02
2.307024501859431780e+02
2.232363352814703603e+02
2.265784345940066657e+02
2.272559902148361743e+02
2.244942433595632281e+02
2.288499252442279328e+02
2.301410721546866114e+02
2.164777426201217168e+02
2.277068198052184300e+02
2.280750856602318493e+02
2.163007560459486172e+02
2.263927664330721825e+02
2.228338292509526468e+02
2.209871032840607086e+02
2.288231669270954569e+02
2.224401210630832111e+02
2.278698115257170116e+02
2.209139552484160163e+02
2.258653097645182015e+02
2.243032743941497529e+02
2.281687715622303756e+02
2.152282129822062871e+02
2.252459619405721583e+02
2.197577826170692106e+02
2.168566444737626284e+02
2.252214813364408030e+02
2.264141869900329880e+02
2.184472320379045414e+02
2.296329447820889698e+02
2.268293253891575603e+02
2.260093857751912196e+02
2.205792140232731526e+02
2.251950522359504419e+02
2.163462187759576238e+02
2.238036827163101918e+02
2.185580800789890645e+02
2.231321452621796482e+02
2.219404568127158655e+02
2.253423707600016144e+02
2.185638613914055952e+02
2.248687855247244727e+02
2.290554585063230206e+02
2.251445467853610296e+02
2.289176691031636608e+02
2.330385376705417571e+02
2.205521707038088550e+02
2.225099082260216221e+02
2.332681091447896335e+02
2.283983660421041009e+02
2.238396547372915109e+02
2.254611123693129286e+02
2.217553647821321761e+02
2.195372623801474390e+02
2.338238347365794141e+02
2.231341741592995334e+02
2.272858532335732491e+02
2.209759046822270534e+02
2.201036970459452959e+02
2.131179608499818983e+02
2.264837207511386055e+02
2.172219565330996147e+02
2.222581767629449701e+02
2.271432249078962684e+02
2.190043781145616038e+02
2.237819357076839424e+02
2.340258541538177042e+02
2.275581251887728058e+02
2.196305023394145337e+02
2.214231566171166321e+02
2.216022931696477372e+02
2.276449300652443810e+02
2.268694316578585983e+02
2.177037043813872970e+02
2.205032751748242674e+02
2.166070829745618482e+02
2.175930773374414855e+02
2.220708292640804302e+02
2.256894109241316357e+02
2.244601618127269376e+02
2.153250587361942223e+02
2.251726917806236088e+02
2.178501256444063188e+02
2.256719820409257693e+02
2.171984264441983896e+02
2.177537654675541887e+02
2.253646701218217743e+02
2.134744394274869705e+02
2.230787333046284289e+02
2.218722726205549804e+02
2.273407374400466949e+02
2.147138004469877899e+02
2.250202385583654916e+02
2.285297579625348590e+02
2.242921218882035248e+02
2.211184959295073895e+02
2.240706286183252303e+02
2.211956273778370132e+02
2.169425649611035283e+02
2.298022085441387787e+02
2.196253371748190375e+02
2.268884107781462092e+02
2.189856770003856070e+02
2.185934168369000759e+02
2.276674834166403798e+02
2.263579290196100260e+02
2.247807943529389547e+02
2.265624292504526522e+02
2.235870693191008343e+02
2.166725967387104674e+02
2.210587775709615244e+02
2.289411286686474796e+02
2.177753518215064901e+02
2.230410624343054451e+02
2.305089864569501117e+02
2.191888340793905456e+02
2.260499726099914994e+02
2.209157848090422647e+02
2.319049243775233720e+02
2.243872233138864374e+02
2.158237146347468070e+02
2.257979870513638616e+02
2.241223735525814504e+02
2.272681569473597847e+02
2.231967520765585391e+02
2.190514243656799351e+02
2.285434286037812797e+02
2.205989169764379199e+02
2.242412030927298190e+02
2.230565891061993398e+02
2.259140506963674113e+02
2.211169692742266477e+02
2.229784114441103782e+02
2.214251002891661244e+02
2.254438593127570982e+02
2.205677964723999764e+02
2.146704152635709022e+02
2.260758175311853790e+02
2.205373481310515160e+02
2.271759816116714603e+02
2.109358573762058597e+02
2.264604509725921275e+02
2.190026324579444292e+02
2.288871928672512297e+02
2.172003752880794423e+02
2.184811875859867314e+02
2.222980707690794873e+02
2.283602979568196361e+02
2.218371239856934380e+02
2.227169254781890970e+02
2.272016888202458631e+02
2.257308542529470685e+02
2.103403790217114135e+02
2.204233457314753082e+02
2.202335469716333591e+02
2.153117804502798549e+02
2.203609676236843029e+02
2.207751032325136293e+02
2.261738195380529532e+02
2.220496317020182175e+02
2.180381057117209878e+02
2.190569371897494761e+02
2.196139956377644751e+02
2.245448845329042058e+02
2.286480174457196881e+02
2.245171543086207464e+02
2.243705654363690201e+02
2.271975417377007318e+02
2.290818368375866783e+02
2.208909818378095622e+02
2.152255483801754394e+02
2.179002849567584121e+02
2.292255182889039418e+02
2.216915671153703897e+02
2.219393397816768640e+02
2.232971138956851007e+02
2.222701589450972222e+02
2.215388114898910317e+02
2.136391469821454052e+02
2.271530022391604575e+02
2.305814515469843968e+02
2.321634501647203308e+02
2.242080797236172884e+02
2.269234675713526030e+02
2.257379499509331424e+02
2.192440153915255792e+02
2.251570863110361245e+02
2.195115424042832331e+02
2.275821354292114336e+02
2.155616651684779015e+02
2.308196890565887713e+02
2.296634236995443246e+02
2.206882861028559830e+02
2.254820270008574994e+02
2.175387238018791152e+02
2.216114346741319139e+02
2.249024145757018971e+02
2.216545769257910763e+02
2.199121288018744451e+02
2.194524049674766388e+02
2.240511194922754044e+02
2.286785509824455858e+02
2.230459632776246508e+02
2.183230398532019478e+02
2.251343450018453609e+02
2.238407347650442034e+02
2.253878737012363729e+02
2.206518997825978943e+02
2.291869695664221354e+02
2.269853530320132506e+02
2.247681525349124740e+02
2.237697744089925322e+02
2.294361600231716523e+02
2.339604009493125432e+02
2.278586584569147533e+02
2.200560892895036318e+02
2.198474916775390113e+02
2.228808231297223870e+02
2.286626776785976460e+02
2.272084064656421276e+02
2.200138879253158564e+02
2.204731222914003581e+02
2.287855367079283724e+02
2.187953933155491484e+02
2.167106954186305927e+02
2.201878401623548882e+02
2.204440361388669203e+02
2.200147721451405687e+02
2.275755098213286942e+02
2.205046936132795281e+02
2.294096574978697163e+02
2.206542209082376758e+02
2.289419649935694849e+02
2.269340683408345001e+02
2.219911199516993747e+02
2.232933285009958126e+02
2.211327002442490368e+02
2.204012944339066280e+02
2.226293111089256627e+02
2.299462154678523405e+02
2.213110790019011915e+02
2.229890933646532574e+02
2.219576487125150379e+02
2.274564586582142454e+02
2.226116668571544892e+02
2.221434441033298697e+02
2.217620996194765439e+02
2.246096649812788257e+02
2.222842382356379858e+02
2.189367969945575112e+02
2.290299028971149369e+02
2.279891723216013588e+02
2.230112164846271128e+02
2.242126324389552963e+02
2.232669372819882767e+02
2.214772929379554398e+02
2.189537451100075316e+02
2.175429199219501299e+02
2.251340993215363540e+02
2.239295388099537547e+02
2.202106151952324353e+02
2.294637774302372861e+02
2.187388749785054927e+02
2.185394579606085586e+02
2.237047854730737129e+02
2.224916823481369761e+02
2.223783027027165247e+02
2.275843341009447443e+02
2.251572186446264539e+02
2.226642781821592791e+02
2.166988637073025359e+02
2.186258317388244450e+02
2.215685992269040412e+02
2.206567195304900224e+02
2.143420212858065383e+02
2.314036887962016067e+02
2.197346132039375277e+02
2.306603019443075482e+02
2.216829041568101957e+02
2.237299613450133791e+02
2.246199880736334364e+02
2.182749716015114529e+02
2.298724987198127963e+02
2.220938662445472289e+02
2.234803052196294573e+02
2.191264431666196231e+02
2.255394090925479986e+02
2.357036646517632903e+02
2.228542748415518702e+02
2.360073259740834715e+02
2.275854698917491703e+02
2.193789668803187851e+02
2.317101284329237387e+02
2.247005612438418609e+02
2.217080228436829827e+02
2.159182944415579755e+02
2.207456018459570259e+02
2.280539470167224749e+02
2.290128723315431785e+02
2.277044472381049047e+02
2.341696415615662659e+02
2.148039048374097604e+02
2.186559211405320582e+02
2.113711120089196811e+02
2.285546821471344856e+02
2.200074752820706294e+02
2.187184740054474332e+02
2.161137453217637869e+02
2.187509863658710856e+02
2.267079324150423929e+02
2.140078950973299925e+02
2.330788206599818579e+02
2.193259423844567380e+02
2.225172952166997220e+02
2.224291064008112357e+02
2.328546530743471408e+02
2.214911861996833977e+02
2.172793185036527177e+02
2.286659953853068146e+02
2.215429769446476769e+02
2.250880584997517246e+02
2.217463372350866564e+02
2.228174921505820123e+02
2.211410952364441300e+02
2.244608932498877039e+02
2.280556870523154487e+02
2.289750389339165224e+02
2.229644405512386527e+02
2.215924254262184547e+02
2.265181301805137082e+02
2.261691175529639111e+02
2.228392871323133022e+02
2.233833838088116579e+02
2.227183662848511574e+02
2.177599161701213575e+02
2.213692858537163204e+02
2.258267197564476305e+02
2.255634896795524753e+02
2.179965613633543171e+02
2.286884712620626487e+02
2.248703527428549478e+02
2.271483031630860125e+02
2.211392406030471136e+02
2.266672196770525716e+02
2.186806927655766231e+02
2.238195467828810479e+02
2.205465867152792612e+02
2.177771887390934467e+02
2.220132778955689332e+02
2.204954435495097300e+02
2.226164866854645936e+02
2.240558844085376791e+02
2.297518226103738641e+02
2.305673255552140404e+02
2.158793526334852402e+02
2.176601572768130950e+02
2.190844993772523708e+02
2.251153410745187102e+02
2.200497780613891052e+02
2.230912095203660783e+02
2.218793945957522737e+02
2.295981629375886826e+02
2.271928882941964218e+02
2.261968976881251763e+02
2.210213573924630168e+02
2.311547736606887042e+02
2.209851512440781960e+02
2.173638832305511812e+02
2.260433416309068662e+02
2.239420702251200055e+02
2.296973132245013858e+02
2.210542031135788363e+02
2.220672259304892862e+02
2.275543840352239044e+02
2.278667574309722852e+02
2.255133372588786358e+02
2.234901591420111799e+02
2.264953583600088791e+02
2.243068193869073355e+02
2.260717432456168297e+02
2.182452948031125288e+02
2.224496562462642260e+02
2.246384525186063854e+02
2.242694245192834330e+02
2.172119490782727667e+02
2.238005288508867068e+02
2.249688127777594389e+02
2.248964435314064474e+02
2.187450667662306500e+02
2.193364379853395292e+02
2.184308821242467786e+02
2.234796715459551990e+02
2.270217948484977910e+02
2.212002120905333982e+02
2.317513902795420222e+02
2.221190241264431791e+02
2.257598398553199956e+02
2.280275855200157480e+02
2.289877552289210882e+02
2.278672840327240294e+02
2.245046081623905820e+02
2.194779724595652795e+02
2.263619590047473196e+02
2.241571756230223400e+02
2.248347573544930071e+02
2.203370427547759789e+02
2.249940336950351991e+02
2.297350721504527939e+02
2.238574224395335648e+02
2.219645364217634551e+02
2.233411432305488802e+02
2.175950132966437991e+02
2.231237933639901883e+02
2.214616042593648046e+02
2.198126934065346347e+02
2.197394593018287878e+02
2.204811641147732075e+02
2.259169203364063492e+02
2.241169510989890625e+02
2.237562763421808540e+02
2.237603638955707197e+02
2.192681253302502284e+02
2.200724640282220719e+02
2.236073282744455355e+02
2.244485512707046553e+02
2.239030205753273890e+02
2.279938707949895047e+02
2.237036929125417828e+02
2.280074776572027702e+02
2.177437563002858099e+02
2.290730642569850204e+02
2.224196698560184871e+02
2.195795282299287408e+02
2.290952855896461529e+02
2.330328761546908538e+02
2.256551203765319258e+02
2.206213629826530394e+02
2.226023355352815258e+02
2.234521873141720789e+02
2.236517074920066079e+02
2.160461012743066647e+02
2.242914877822836388e+02
2.251776248523090658e+02
2.196436861734643458e+02
2.228727399182915008e+02
2.282968690094129727e+02
2.217228832501164106e+02
2.252566998678324239e+02
2.203938792489456091e+02
2.290116566027416809e+02
2.296390725802612565e+02
2.213136150491885701e+02
2.173692183807919491e+02
2.216977609364012380e+02
2.238037671726768281e+02
2.227820425867159031e+02
2.161367185556348147e+02
2.181055873850511375e+02
2.228121330947129195e+02
2.216866406987695655e+02
2.205217222669294301e+02
2.218882787237419052e+02
2.135093184718422492e+02
2.279644004939166848e+02
2.154234549509038743e+02
2.162029877447851334e+02
2.171963087871085349e+02
2.207487334474259910e+02
2.290404222893569965e+02
2.268988068418525188e+02
2.199662914095227393e+02
2.289109223195642926e+02
2.190847283617832488e+02
2.227260079355068285e+02
2.183426268148109273e+02
2.176802012907351127e+02
2.212767168046543134e+02
2.173856556298907208e+02
2.269615452915355434e+02
2.251036845998009994e+02
2.228759445079095372e+02
2.186908404017940484e+02
2.218434657182533556e+02
2.302000912839974944e+02
2.235282480903506155e+02
2.278313571623425844e+02
2.304897153633565949e+02
2.267369303063051689e+02
2.255819290812807481e+02
2.163910641590734656e+02
2.283679020123832970e+02
2.181059318314162283e+02
2.203129065053882414e+02
2.329355266734378915e+02
2.189423409118064114e+02
2.210349656158441576e+02
2.174274738860378591e+02
2.248006009080815204e+02
2.198112683398317131e+02
2.199653277998970680e+02
2.234768286881935637e+02
2.218699754204084229e+02
2.287058246744616099e+02
2.243440212487433882e+02
2.267888424973074279e+02
2.256155296646161617e+02
2.225736654882649077e+02
2.200646465641055443e+02
2.243933391698403454e+02
2.209377565141500668e+02
2.283181114681873680e+02
2.243899351817821355e+02
2.155108460528590513e+02
2.168800570331793267e+02
2.204424359241630214e+02
2.231695574342368218e+02
2.237429624171147964e+02
2.225636927203306357e+02
2.320853436396596692e+02
2.294130142544340458e+02
2.226100752028833085e+02
2.270605262149919668e+02
2.330177489958701074e+02
2.170321584911922059e+02
2.170721273318184785e+02
2.260624285483974916e+02
2.182603871167942202e+02
2.281522190770571967e+02
2.259782149443051082e+02
2.260275444660910011e+02
2.310243613711373030e+02
2.290459313092335663e+02
2.225721214394576748e+02
2.297979137062006032e+02
2.269770225683593594e+02
2.251284210001670942e+02
2.249081293398023718e+02
2.188944164314901286e+02
2.261026677380596084e+02
2.217220462925004085e+02
2.219786857871906989e+02
2.219285515851304922e+02
2.265644378625229933e+02
2.299627223247803158e+02
2.191871802369743136e+02
2.138525352414647216e+02
2.214610493958358290e+02
2.209517238606581486e+02
2.189297811453256202e+02
2.274786604789483704e+02
2.207693048392805508e+02
2.208421562185259006e+02
2.288032771359430910e+02
2.312640586138243179e+02
2.175448849582301136e+02
2.225143813173451406e+02
2.214529060281806778e+02
