2.339153336310196778e+02
2.326138278382533144e+02
2.309260058221359770e+02
2.336839708525520507e+02
2.348223674005329826e+02
2.324430687466794438e+02
2.339550484649036832e+02
2.338701445425441250e+02
2.343327919833148769e+02
2.337521656180772140e+02
2.325512438024186963e+02
2.340151797364864024e+02
2.342675514336665685e+02
2.328316919961880558e+02
2.334616720323026584e+02
2.350918336595582900e+02
2.328504815930231473e+02
2.342172752289512232e+02
2.330087193894210600e+02
2.319921014789956075e+02
2.335434181241546412e+02
2.342317733010112875e+02
2.338764547765174768e+02
2.347268666785620610e+02
2.353543668420668382e+02
2.315014346617944625e+02
2.339270766704748894e+02
2.322749139411357078e+02
2.353400020691892394e+02
2.329128379211602748e+02
2.312657541468612976e+02
2.333844334469073658e+02
2.324219860881146644e+02
2.310709499707229497e+02
2.347348887948228651e+02
2.344251067508286326e+02
2.332714834976542022e+02
2.352973929512966720e+02
2.332019276854246925e+02
2.324071004678281156e+02
2.336189987497002960e+02
2.327749936002570621e+02
2.347061357284420069e+02
2.348110104591131631e+02
2.321492007968007272e+02
2.307209824691612425e+02
2.350241025686045475e+02
2.335167381118917547e+02
2.343077735631382552e+02
2.314047588770475841e+02
2.353481034992058198e+02
2.336505025548873107e+02
2.334992688901411384e+02
2.334916679892075138e+02
2.320021338634965957e+02
2.323874212492618767e+02
2.350631723863561433e+02
2.363838617247591287e+02
2.315004806531208033e+02
2.366018472037208085e+02
2.342498718610017363e+02
2.351079762140866762e+02
2.324574824115302079e+02
2.332941024366328691e+02
2.350265376762200731e+02
2.345249922495794408e+02
2.345884337293936994e+02
2.334383568446851314e+02
2.318520152617490169e+02
2.332224133736779947e+02
2.334593142774485273e+02
2.352317330310914940e+02
2.332894830234325525e+02
2.320737547959174094e+02
2.326330665733566434e+02
2.344563325883262621e+02
2.329715515528152139e+02
2.329694100844095033e+02
2.349727593810666235e+02
2.339647813271099608e+02
2.312938430709952797e+02
2.340085741802877806e+02
2.331472996015113779e+02
2.327605047664331437e+02
2.351104214480487258e+02
2.346787812002591238e+02
2.353862140705199977e+02
2.338420430413455904e+02
2.340317397050546049e+02
2.329403791771045746e+02
2.333393079514366661e+02
2.322323884599829000e+02
2.336969992319312439e+02
2.318175830646378301e+02
2.334509098089424981e+02
2.340023939407339526e+02
2.336179482004602050e+02
2.337859525005810042e+02
2.337110360175875314e+02
2.347807569251540087e+02
2.350509925377288880e+02
2.342103636462554164e+02
2.357524195589783744e+02
2.348557437614743719e+02
2.359454859992516447e+02
2.322530452766010569e+02
2.323533544483217668e+02
2.350371961359286956e+02
2.333863849404292523e+02
2.322039327058797085e+02
2.344949667755913083e+02
2.332232203306465408e+02
2.334811101985094695e+02
2.351865573706089663e+02
2.350987623921919294e+02
2.336162492170288090e+02
2.360275677946155213e+02
2.336314341575505296e+02
2.349944049523799947e+02
2.333730061346366540e+02
2.332757559584777880e+02
2.316329506124642705e+02
2.366157814786733411e+02
2.328191084218728122e+02
2.340067709174001322e+02
2.357813163467171762e+02
2.348238790837677925e+02
2.334599015681046410e+02
2.326276607357836212e+02
2.336702752254713573e+02
2.340191512830857050e+02
2.340577303041158927e+02
2.324896032152986152e+02
2.353353138508379629e+02
2.348698663233559500e+02
2.368583736518214380e+02
2.354714492364041973e+02
2.327748848183527741e+02
2.357221183438051355e+02
2.306871122958326623e+02
2.324402383593324259e+02
2.316029452081950240e+02
2.343552161024282725e+02
2.324947980865416923e+02
2.332697649337615076e+02
2.328806665849967317e+02
2.342939075834646587e+02
2.328186790152994377e+02
2.344001973310809888e+02
2.349796072621799112e+02
2.323786674974128630e+02
2.341223850681621741e+02
2.350060403917189547e+02
2.331872291622868261e+02
2.344605507253381802e+02
2.359783449479199646e+02
2.336671266543907279e+02
2.350925649767767993e+02
2.348201598611189524e+02
2.321248594778895438e+02
2.336084630688161212e+02
2.338909142275020088e+02
2.346502892669793141e+02
2.337367478982974376e+02
2.336686119549430316e+02
2.340529859659396550e+02
2.334131281793529524e+02
2.338232644726245724e+02
2.342167640123363981e+02
2.311981160025633528e+02
2.349467926435549430e+02
2.369529797350838578e+02
2.321065372742901616e+02
2.352869122042913546e+02
2.334447503351047999e+02
2.351956848121571682e+02
2.337968615958283749e+02
2.341825807506926083e+02
2.342984824721250448e+02
2.324820920634979586e+02
2.337824891713746354e+02
2.350807221005298402e+02
2.338780998866238861e+02
2.322547617235984490e+02
2.328619464222420845e+02
2.346391598185439875e+02
2.348042372583295219e+02
2.316625233233204710e+02
2.337540157401263343e+02
2.322442563905561315e+02
2.347990545014860686e+02
2.329946728686402651e+02
2.330966321541274340e+02
2.341123992490858825e+02
2.338844722890022467e+02
2.345684872908044554e+02
2.340745610805292074e+02
2.347033584235605588e+02
2.334707655105209767e+02
2.320060552774460234e+02
2.339843590773886888e+02
2.363588776135550802e+02
2.306879656156337717e+02
2.347090594330236684e+02
2.359165169524789860e+02
2.336734805848743122e+02
2.298625679739888312e+02
2.317725804382315857e+02
2.343766172657865923e+02
2.357803311924732839e+02
2.343197691557033409e+02
2.346552226596902244e+02
2.341842246588875582e+02
2.318106955884908871e+02
2.362911656622130749e+02
2.360186987790103501e+02
2.375985131449869812e+02
2.316118060146253583e+02
2.345694777014745682e+02
2.357024191387349106e+02
2.337855175037398681e+02
2.353098356187063018e+02
2.341934431188290660e+02
2.355344548463876038e+02
2.331415261783462824e+02
2.338870136073686297e+02
2.344527275666588935e+02
2.356971814291306941e+02
2.309526235553466904e+02
2.346995393276852440e+02
2.328673305024999536e+02
2.339658251354382230e+02
2.334224089271998253e+02
2.334749210631786411e+02
2.337588705559323898e+02
2.347527455251569108e+02
2.339151741960647826e+02
2.340867575141806185e+02
2.341999556715266806e+02
2.362045718628420445e+02
2.341956344087672903e+02
2.336184575586723042e+02
2.322584609773199702e+02
2.334630936081813957e+02
2.317738015069601261e+02
2.352380275573929111e+02
2.337025228107762302e+02
2.311783934613039548e+02
2.336295560471827741e+02
2.330742623850792654e+02
2.344350379736349339e+02
2.322480397133543875e+02
2.338409558784134674e+02
2.345878373792639593e+02
2.334857242929594747e+02
2.333312937388986938e+02
2.330953098467855114e+02
2.338712691191419424e+02
2.326793100386570075e+02
2.349665816872422681e+02
2.345395461526380814e+02
2.332934077394045858e+02
2.340875908284360492e+02
2.343983666902465188e+02
2.326167211192886839e+02
2.328650529468972366e+02
2.324409143318291626e+02
2.371358196125733571e+02
2.353966961534551388e+02
2.330393990513396147e+02
2.370824038434501233e+02
2.343352198290095885e+02
2.339380654119648284e+02
2.321594952654848782e+02
2.344996316548733830e+02
2.348919996355878084e+02
2.343251623371057804e+02
2.323768581690163728e+02
2.334948579680739158e+02
2.325283536610183148e+02
2.313117567652900846e+02
2.343185904052322996e+02
2.327997020645085513e+02
2.324122634670011678e+02
2.337753798318275358e+02
2.334291426423687881e+02
2.345917876060051412e+02
2.346198158758283512e+02
2.352115902514982224e+02
2.331428786984192527e+02
2.325922438214240913e+02
2.332743455792931968e+02
2.322176010937560307e+02
2.330961724463145401e+02
2.321436418023171484e+02
2.323370505995117128e+02
2.358759527592954726e+02
2.353617677865393318e+02
2.329410550876183095e+02
2.340513924328568294e+02
2.321917606237961138e+02
2.335263166787773059e+02
2.333904834087216500e+02
2.311439454458840714e+02
2.336541461205387122e+02
2.320090649007068180e+02
2.313365222138113779e+02
2.332698030375134124e+02
2.326937271951848629e+02
2.344834272317828550e+02
2.353332501212432817e+02
2.339065526113981548e+02
2.345147034285672589e+02
2.324754471369639077e+02
2.336010212388362959e+02
2.337045143400265772e+02
2.346937575582581417e+02
2.343649192705838971e+02
2.329789199024977790e+02
2.334704468366441006e+02
2.347107613593674103e+02
2.350594900913886249e+02
2.328611872461911219e+02
2.345430512254690711e+02
2.342122049454108890e+02
2.348754667435894419e+02
2.335638654905819180e+02
2.323478519935019619e+02
2.350899499155986803e+02
2.351595652414626727e+02
2.332611098264441978e+02
2.322091707990021234e+02
2.307192721272531060e+02
2.333332422078500485e+02
2.337720886977059536e+02
2.340432643655873335e+02
2.343693864357780967e+02
2.324746921023370305e+02
2.336499094767418399e+02
2.313001372843033039e+02
2.339134547730027691e+02
2.359037051421368290e+02
2.323322824342541253e+02
2.336111572849117124e+02
2.325921491263317762e+02
2.331156075177916875e+02
2.323026017019846847e+02
2.334877082730853317e+02
2.340126489382670911e+02
2.334934213934919285e+02
2.325277031052196435e+02
2.337737937462321440e+02
2.344096158210082024e+02
2.353053880167835246e+02
2.338559583419722969e+02
2.308961382953782504e+02
2.324887251923764779e+02
2.317389217536300805e+02
2.342664673277436407e+02
2.331242170303171406e+02
2.310506711433509679e+02
2.351285133628009021e+02
2.323462398480077695e+02
2.317468228424484380e+02
2.335109626357352397e+02
2.315404194606604733e+02
2.323122075019102795e+02
2.332646037843281306e+02
2.336571760404790155e+02
2.341713664729105062e+02
2.334631173947693981e+02
2.341524620243017409e+02
2.334118352366125464e+02
2.345889947466867795e+02
2.348576420932172368e+02
2.312619495185135463e+02
2.343724086576124819e+02
2.332946553511297338e+02
2.338624909414134834e+02
2.303094869579178123e+02
2.338272980884813990e+02
2.327927263252359467e+02
2.340767263862300638e+02
2.352890122221743070e+02
2.333845771499119621e+02
2.345730618779746237e+02
2.350896625040169283e+02
2.320761146166251478e+02
2.338041869014266751e+02
2.343401925789652864e+02
2.311904353351391137e+02
2.327468242560508997e+02
2.330523114366960158e+02
2.329369053975928239e+02
2.329526657695672611e+02
2.323561846022370787e+02
2.357114303013977974e+02
2.321059059968647773e+02
2.354334036168191915e+02
2.318575455004658750e+02
2.347997629807320834e+02
2.343784813717107056e+02
2.336335735456288774e+02
2.336663500976057435e+02
2.346407664964468438e+02
2.355353069199582592e+02
2.310096089200495157e+02
2.354002126045538716e+02
2.343120726755757914e+02
2.331147820646257003e+02
2.345023309643692926e+02
2.350723031660602658e+02
2.339689824911615972e+02
2.320461813313186781e+02
2.324775251907131803e+02
2.319029756133979276e+02
2.317815310914155020e+02
2.315911901394530332e+02
2.332144839341060560e+02
2.325019298742961951e+02
2.320314598092616052e+02
2.323602978701146640e+02
2.349559842531749609e+02
2.351643729243549501e+02
2.336076324987804185e+02
2.349158365097746071e+02
2.311709910024539170e+02
2.350401475822459076e+02
2.375630457541024896e+02
2.340427169251273369e+02
2.322723192340713467e+02
2.351979083448676704e+02
2.324169237862325588e+02
2.328925385353745980e+02
2.339088160389054565e+02
2.351361722453842731e+02
2.321037095489545834e+02
2.343745560824585255e+02
2.352276360389281820e+02
2.327453979425978048e+02
2.328352881497563374e+02
2.331862180807997333e+02
2.339083889932271916e+02
2.313164526077644609e+02
2.349387471246597840e+02
2.330821519725279813e+02
2.319048460849802495e+02
2.337582679085735151e+02
2.357185328393534576e+02
2.331557027802484754e+02
2.341521669785802828e+02
2.354149379646135571e+02
2.339044522630106826e+02
2.333576287566907865e+02
2.317925948652133172e+02
2.358524694619639774e+02
2.340050984720862459e+02
2.331593520581220957e+02
2.325750530927653585e+02
2.351462070706082272e+02
2.344569330212197542e+02
2.343252684750750916e+02
2.354302887120098262e+02
2.312297288405135873e+02
2.338825486801844136e+02
2.327563918956425937e+02
2.335800484222694138e+02
2.356365679743219061e+02
2.324399448222049784e+02
2.358581272779481992e+02
2.333112853934584621e+02
2.321255771771089371e+02
2.348751603759359909e+02
2.342488036098523594e+02
2.345935997285826318e+02
2.356474604169510769e+02
2.350798859493384327e+02
2.351341110585857734e+02
2.327896301808115425e+02
2.317748975913607978e+02
2.318821853812827101e+02
2.355704490307771835e+02
2.335069047813118743e+02
2.342812077851934305e+02
2.340498166573661649e+02
2.332564485610413101e+02
2.346652598791988282e+02
2.350498678333890723e+02
2.337738839563906197e+02
2.328333565447486535e+02
2.340949404865185670e+02
2.310350891735415928e+02
2.346045727457041608e+02
2.326192990256837732e+02
2.335320848347952847e+02
2.326797295858232246e+02
2.336414355082088719e+02
2.319894198589028065e+02
2.337317383192070395e+02
2.335440690015065570e+02
2.330125338492724154e+02
2.329153349350299891e+02
2.315585385736079616e+02
2.337026162490965646e+02
2.334204368340432154e+02
2.343574641586351959e+02
2.322455163255731918e+02
2.344859390147077818e+02
2.351792174350944435e+02
2.355641507023723022e+02
2.341869719586757412e+02
2.347808229301851668e+02
2.335535001480440371e+02
2.334913534436221596e+02
2.345526246531610752e+02
2.341777130877227364e+02
2.325774253133677405e+02
2.345754102015139324e+02
2.336340070090116399e+02
2.342424645696269465e+02
2.326645756108965770e+02
2.324325432914134240e+02
2.362295870633883794e+02
2.365395066437866944e+02
2.331171154447064566e+02
2.350384412455834706e+02
2.335162624155066169e+02
2.324095381995660716e+02
2.338398455436023653e+02
2.325745680165356077e+02
2.349537735743649023e+02
2.319917013772850112e+02
2.346122026136382033e+02
2.355167496533283327e+02
2.359478310603962541e+02
2.314902447458402719e+02
2.333681232943758062e+02
2.337757492476575862e+02
2.347196795574579937e+02
2.368227708471965798e+02
2.337075503889294339e+02
2.353584118435275343e+02
2.341557925596329142e+02
2.339541451796335707e+02
2.339717241530854324e+02
2.345682878565625344e+02
2.356242367677684797e+02
2.361299082327802239e+02
2.341641670056593512e+02
2.339345182457570047e+02
2.303440129418645483e+02
2.324748600674473948e+02
2.337898677570661334e+02
2.321151334467310505e+02
2.343423079921782630e+02
2.334228540426098562e+02
2.353755521995071831e+02
2.332517669655182431e+02
2.343476585430268813e+02
2.349141470685412969e+02
2.345524703221539653e+02
2.330546669258660017e+02
2.326361687629944868e+02
2.323567293564467207e+02
2.341074937883668099e+02
2.323652786209821954e+02
2.345526771813602238e+02
2.341813739557456984e+02
2.330630956415145647e+02
2.335317265425232165e+02
2.321222853268071162e+02
2.337415650281420483e+02
2.330907917266427773e+02
2.341406184709439344e+02
2.326397462953758577e+02
2.331967693742396079e+02
2.346668648171711311e+02
2.348504803476005804e+02
2.340083715611417574e+02
2.359516585932977364e+02
2.360076773671615911e+02
2.338992048962960837e+02
2.352487510237671415e+02
2.339481038560394666e+02
2.345028170682652728e+02
2.340522598918707899e+02
2.358043539016641148e+02
2.340008680820259030e+02
2.342227877272618457e+02
2.336360376164469983e+02
2.340528484100928779e+02
2.333519002446200261e+02
2.323537531664909466e+02
2.326113961677473299e+02
2.317828486814655378e+02
2.349373124085767870e+02
2.350644343776442895e+02
2.333195690224644920e+02
2.323729382009028939e+02
2.355202637812259354e+02
2.317935839746545525e+02
2.346908362111899748e+02
2.373327497628810079e+02
2.346247165331251381e+02
2.328225057833454059e+02
2.346057453895179776e+02
2.360737782698210765e+02
2.337239692764655672e+02
2.334065184172803811e+02
2.334181602479060587e+02
2.330775305544869695e+02
2.343839004821703611e+02
2.331641040620315835e+02
2.319407850817175074e+02
2.339449510371127587e+02
2.337321641634622722e+02
2.321451220425324777e+02
2.320949527181898588e+02
2.343570804115663861e+02
2.362191273388156390e+02
2.329812089937920234e+02
2.335861026515621290e+02
2.344134866904368835e+02
2.348168873959652103e+02
2.343437090084433976e+02
2.323579076435550803e+02
2.332503951478215924e+02
2.329797702757343814e+02
2.351043765382407571e+02
2.329859278390501629e+02
2.330246832402134487e+02
2.332049284424281552e+02
2.333445418724985529e+02
2.340530163516979485e+02
2.345994265432193231e+02
2.339876374853244840e+02
2.323487255630732591e+02
2.336638692328963316e+02
2.343753500172095983e+02
2.351628078124368812e+02
2.346745065354957944e+02
2.329168975402791091e+02
2.334195824025071033e+02
2.350126691418466010e+02
2.322653172513255981e+02
2.331988089286272157e+02
2.337766175629307384e+02
2.324854191676184314e+02
2.322577148075227740e+02
2.332141257113219694e+02
2.367846670669945865e+02
2.331575373795752455e+02
2.324614726918708527e+02
2.338482625318763155e+02
2.333958971525867128e+02
2.345479948531694845e+02
2.355758063462596965e+02
2.330964530406308199e+02
2.334367321362802272e+02
2.337471470948858041e+02
2.335022995770891612e+02
2.325270099549460951e+02
2.331820045232491623e+02
2.348555047626500709e+02
2.318737997379272713e+02
2.320406566569816391e+02
2.357028505835375256e+02
2.345102813404958511e+02
2.337475412168873277e+02
2.325288918299452519e+02
2.343966690706479881e+02
2.340358936700674235e+02
2.348646976178406760e+02
2.336209530361193458e+02
2.366197349592898149e+02
2.349472044361045846e+02
2.355129482081947287e+02
2.333541744325817149e+02
2.320310193410606985e+02
2.345844391924576655e+02
2.337534856464812094e+02
2.358940550946439600e+02
2.313861180543873104e+02
2.335644819422157354e+02
2.336675876321082228e+02
2.345764175314528188e+02
2.329436545501533544e+02
2.327022017758932861e+02
2.328499736219770284e+02
2.348722894454703578e+02
2.337050915653501022e+02
2.346557519174892263e+02
2.320638795779646273e+02
2.336700686115605947e+02
2.318569495189427698e+02
2.343914944819357515e+02
2.356719294124852411e+02
2.320690066733744175e+02
2.344522919729453463e+02
2.342617193719480326e+02
2.336611190560377054e+02
2.349348610734769807e+02
2.342445781632491162e+02
2.352182155089656419e+02
2.363427772361288248e+02
2.329644300515535065e+02
2.329643811276072256e+02
2.325286967238891123e+02
2.359410351156841159e+02
2.356226523796138395e+02
2.320732843345423078e+02
2.350815124149270900e+02
2.331624158646098977e+02
2.321262598434784081e+02
2.333312802426996768e+02
2.313506736692653192e+02
2.344102874821960256e+02
2.339276786943096624e+02
2.345829859727791700e+02
2.317938411583760967e+02
2.339146080663019802e+02
2.328660958041796221e+02
2.346843824506208307e+02
2.354812579665265559e+02
2.334594105355025704e+02
2.345019754503396996e+02
2.334411670970783064e+02
2.345775497045880513e+02
2.331585791513784045e+02
2.329184015023931238e+02
2.347511731712825167e+02
2.346522971074442978e+02
2.332530218092705923e+02
2.334599054776693663e+02
2.340917223086084675e+02
2.333904978517163613e+02
2.353289091366318644e+02
2.340018686702601087e+02
2.327038832491019491e+02
2.337451018007691630e+02
2.358199177644447673e+02
2.338904944534691879e+02
2.339831061416504383e+02
2.346597807305721801e+02
2.349005281217947072e+02
2.371108717055229533e+02
2.334043718202564150e+02
2.332807478445774620e+02
2.334834653949421579e+02
2.349164699032445753e+02
2.349899509973751890e+02
2.328634289806105073e+02
2.332375429679578644e+02
2.320408425824494998e+02
2.359378415588578264e+02
2.326225887743556768e+02
2.344739938161533246e+02
2.338285870821233061e+02
2.323624591158738326e+02
2.327896536818574020e+02
2.324983320139460830e+02
2.341101623379613841e+02
2.336323317861204032e+02
2.370774613858006887e+02
2.340390693930669954e+02
2.343895960031526329e+02
2.335219396751530496e+02
2.335314840491999178e+02
2.331577872207590190e+02
2.332290054407138484e+02
2.322087894145709868e+02
2.334396589023320985e+02
2.340844146336341964e+02
2.343502552504726850e+02
2.335638885543032472e+02
2.320758375829391298e+02
2.349295755489459054e+02
2.351459338717848766e+02
2.313828256713564429e+02
2.347348705404978659e+02
2.340451045381425104e+02
2.317761591140520068e+02
2.306375657941453028e+02
2.340196951319897494e+02
2.336493095714204458e+02
2.354157165472749966e+02
2.337515454902107876e+02
2.324479924037042622e+02
2.343081424800418233e+02
2.337544443205959510e+02
2.332061327582703143e+02
2.346960309020711577e+02
2.339216056090542679e+02
2.328589310366553207e+02
2.366469737220990339e+02
2.347343886695485935e+02
2.329159364903192966e+02
2.343289467466769338e+02
2.331053316693797512e+02
2.350515665997613439e+02
2.317015300503554442e+02
2.357379456846264532e+02
2.328884168601614419e+02
2.328239613361245119e+02
2.365969994344430063e+02
2.343881525832968862e+02
2.345865380698470517e+02
2.332697633299246149e+02
2.341215709918534458e+02
2.301809528685589612e+02
2.326327948135264307e+02
2.326679170759109070e+02
2.336372638213945265e+02
2.331267837662220188e+02
2.327042870247878454e+02
2.342156628862132948e+02
2.327245913250939964e+02
2.306184370611631209e+02
2.314089888336208674e+02
2.328192727789675871e+02
2.307343850878331466e+02
2.321631834298503350e+02
2.336303448651386816e+02
2.325905519025103843e+02
2.332940104847490375e+02
2.341820977020586554e+02
2.329072297691504332e+02
2.316151850036854967e+02
2.337572128894539674e+02
2.332686725411147961e+02
2.328601528780680496e+02
2.324717508545144256e+02
2.329813094089950312e+02
2.344557469264360634e+02
2.349670113130512448e+02
2.337194166419519092e+02
2.341270303213010777e+02
2.333448253618495869e+02
2.325553656067309873e+02
2.338213450245173988e+02
2.362479127924135582e+02
2.333475946921605555e+02
2.339652016339875615e+02
2.337063911231988982e+02
2.348310677437387426e+02
2.338386120123964815e+02
2.338819444897660844e+02
2.333762187338130047e+02
2.327320716071844799e+02
2.336374775058250748e+02
2.311995492021006271e+02
2.307780452944597016e+02
2.367121132293230517e+02
2.336521168223235634e+02
2.332023054094696022e+02
2.365272860153635577e+02
2.319906815063840497e+02
2.330677493406692804e+02
2.347542004404137685e+02
2.351201472693755363e+02
2.351569886160606018e+02
2.335012226360725549e+02
2.338678465351384830e+02
2.324424504594253449e+02
2.353167682890894241e+02
2.330548678706572048e+02
2.349495150065386326e+02
2.334244999056388963e+02
2.354745634581568936e+02
2.341153391996878952e+02
2.317497218528578458e+02
2.328692580825755272e+02
2.338809642036733010e+02
2.337025340272970197e+02
2.329351840976679853e+02
2.330127192932453966e+02
2.332953780901167988e+02
2.328214264351880729e+02
2.315930124035818949e+02
2.355731075705262754e+02
2.333779558959025167e+02
2.336598653739655163e+02
2.311980403502502384e+02
2.323259014696814972e+02
2.354844132399076102e+02
2.343532848164060738e+02
2.337409141283823715e+02
2.361993971969738482e+02
2.343974738559292064e+02
2.331520141781970210e+02
2.329910014169744272e+02
2.326948471518896895e+02
2.330166229632366992e+02
2.313566117526861206e+02
2.346062806166422376e+02
2.351176590878488923e+02
2.327624278395734905e+02
2.359848490408658961e+02
2.351244545787058371e+02
2.376369966006127754e+02
2.339417239729431515e+02
2.326798932539796283e+02
2.340147667855056000e+02
2.343765474337619992e+02
2.328146012317191094e+02
2.340921226880385575e+02
2.336038402416441500e+02
2.321500989571739524e+02
2.347542560608203814e+02
2.323451868479811822e+02
2.354460111485594780e+02
2.329217819011576580e+02
2.321913602247468873e+02
2.335658516727059748e+02
2.313142521660745103e+02
2.332187900670016347e+02
2.327301173164811132e+02
2.362203380992707764e+02
2.340286721693566108e+02
2.347547636335971504e+02
2.337263101214072094e+02
2.339578031535587286e+02
2.316216832224603763e+02
2.335230775784130230e+02
2.343012709993502938e+02
2.326707475126527811e+02
2.339740486451112531e+02
2.319586810044949345e+02
2.329554075939255142e+02
2.336460507824723720e+02
2.326530947043967501e+02
2.338753662489097280e+02
2.360111386236390274e+02
2.322625194710026904e+02
2.350068518555367802e+02
2.326369826486361490e+02
2.347124703416342868e+02
2.357251129066519866e+02
2.325679953201527610e+02
2.309706654479054180e+02
2.314430721121296983e+02
2.319744145038828833e+02
2.336990930283735963e+02
2.342418445467690447e+02
2.346271501690593766e+02
2.322698015367816140e+02
2.350515902107670456e+02
2.307173516580018031e+02
2.331337337615806860e+02
2.342906238460907105e+02
2.336050590873442729e+02
2.319853581010701760e+02
2.363200833020523248e+02
2.327833413885784353e+02
2.361707072038881279e+02
2.336249987608830168e+02
2.327498284902881949e+02
2.334039431674006835e+02
2.365284591491405024e+02
2.319273341370903836e+02
2.332351073831780752e+02
2.345595753153188809e+02
2.348065157978699631e+02
2.306690430274904315e+02
2.341334636265050335e+02
2.310545060234191510e+02
2.337633841031894235e+02
2.355408324901264052e+02
2.322548266430562762e+02
2.345157344375747641e+02
2.320431876485918963e+02
2.339065080044613296e+02
2.338167337029913426e+02
2.329834995904740538e+02
2.325209867567807578e+02
2.316672997563501042e+02
2.338978724318331217e+02
2.315919096377324990e+02
2.346073593448750785e+02
2.325582052552225036e+02
2.344841325825041167e+02
2.344859809455888637e+02
2.337245234418532505e+02
2.345613299637700777e+02
2.332307095563686232e+02
2.328122809638862805e+02
2.320562521495760109e+02
2.308603463854549886e+02
2.333811049499920784e+02
2.351527993390142228e+02
2.317658688628355321e+02
2.333411293206471271e+02
2.340140169464766302e+02
2.347981849694770915e+02
2.330055468427658809e+02
2.346376708977337557e+02
2.338447468161794234e+02
2.330882490704264285e+02
2.311595402273863442e+02
2.333058925418418994e+02
