9.404283255560471844e+01
9.069192419797177251e+01
9.208256254067647717e+01
9.130517993687801948e+01
9.216842134691637511e+01
8.949872874318486993e+01
9.423230805453023606e+01
9.368575126218924254e+01
8.851357439000005911e+01
9.043783515403045214e+01
9.103011956237629931e+01
9.018622929609354344e+01
9.141600950104415801e+01
9.551592122064674584e+01
9.483721586713751606e+01
9.209929237759651244e+01
9.352862811146539457e+01
9.316602537502444648e+01
8.865787343580858249e+01
9.235506920961205424e+01
9.420968369967485501e+01
9.115635932411419162e+01
8.976342693172871634e+01
9.269072420025138115e+01
9.269960189818750962e+01
9.083227445543892031e+01
9.436787569692661748e+01
9.285451447498543587e+01
9.363663649119273202e+01
9.348670558553469334e+01
9.158472285669513724e+01
9.400281001243833146e+01
9.166841487556878576e+01
9.190980194231876510e+01
8.762512091054514940e+01
9.007309147603636745e+01
9.127930158376676673e+01
9.254554424763637144e+01
9.024626727826108663e+01
9.181336263799029496e+01
9.148805458328874352e+01
9.331628533537998749e+01
8.868725001524217078e+01
8.996799347161308447e+01
8.874276548494229644e+01
9.204842145136973386e+01
9.151305894090987181e+01
9.214035498597954188e+01
9.390509614460967214e+01
9.586494898729712588e+01
9.322966759576640072e+01
9.111010936015067330e+01
9.121512435102404481e+01
9.256531768251110748e+01
9.007040441647372120e+01
8.804768533711694545e+01
9.250905539457862403e+01
8.998158753322685754e+01
9.077441135176550802e+01
8.835424121092310656e+01
9.260742426806466199e+01
9.444855966649909362e+01
9.357623959693361826e+01
9.125439068931194697e+01
9.310981037212341960e+01
9.172030589729941141e+01
9.477071737680266494e+01
9.301405978251743534e+01
9.011193831959123202e+01
9.064725305029607227e+01
9.308841813239227747e+01
8.893423987989427815e+01
9.172417291038600240e+01
9.184007508618853421e+01
8.681769554375084397e+01
9.060723446564537653e+01
9.521202926838985547e+01
9.720379883234828355e+01
9.296164718673806249e+01
9.029082049563749024e+01
9.318274794283188101e+01
9.052128803943594448e+01
9.278563173420106125e+01
8.920691568532122062e+01
9.015756065561704702e+01
9.166448411512496364e+01
8.940546947978559444e+01
9.109031912040866530e+01
9.394231233640932999e+01
9.098120708499280340e+01
9.179537195312180131e+01
9.109616049729734755e+01
9.261649170322154134e+01
8.818508515804572312e+01
9.219159006995779748e+01
9.191493169944247654e+01
9.226911039064833631e+01
9.034973863054139542e+01
9.379550903129870676e+01
9.067847375753879646e+01
9.248138866349442822e+01
9.248997217376852120e+01
9.565294786893022660e+01
8.910390634614701355e+01
9.144577918062907429e+01
9.469370590381662112e+01
9.145031583451780932e+01
9.007933872557676125e+01
8.811767495702169128e+01
9.353368342251916090e+01
9.123637877797149542e+01
9.213186618905193370e+01
9.383336549096202361e+01
9.146349284681875247e+01
9.084318380254190117e+01
9.006862186179920116e+01
9.303680614661415404e+01
9.027703995045939678e+01
9.033088540190478000e+01
9.257623362387603549e+01
9.392896854713750088e+01
9.326753678813314252e+01
9.272424411900185248e+01
9.175095970640653320e+01
8.725523979203443048e+01
9.167850077785350038e+01
9.179886414683188889e+01
9.186377144729770805e+01
9.574402277700515640e+01
9.526360488439881635e+01
8.897529632649096243e+01
9.197253857440607305e+01
9.341741915661380347e+01
9.304187036706693448e+01
9.243124486327863565e+01
9.404570546285792432e+01
8.711095583210195059e+01
9.153542670403066950e+01
9.748655441994361581e+01
8.874773058310941565e+01
8.724467569367067199e+01
9.614284675899632759e+01
9.135363100135836589e+01
9.294862519123640254e+01
9.596284788524545206e+01
9.251419497053103669e+01
8.921306425532650053e+01
8.952633107130989742e+01
8.956851310718174375e+01
9.202117804995761219e+01
9.177456406198280092e+01
9.284442879638112345e+01
8.853134627101385945e+01
9.183219364932431006e+01
9.180251832968880876e+01
9.191382890023308505e+01
9.235973717234995206e+01
9.150122171196949239e+01
9.098434192870919901e+01
9.193618949743017765e+01
9.126396846123303419e+01
8.748258040486888376e+01
9.068299512736419388e+01
9.345728218139520038e+01
9.291636262951715253e+01
9.284860398221455569e+01
9.110722854104083979e+01
9.011440073069519485e+01
9.131033113368407328e+01
9.144189628956101501e+01
8.791784061045551368e+01
8.894127145944869994e+01
9.331240664357011383e+01
9.139289655453866601e+01
9.246701385543339313e+01
8.903863260306006566e+01
9.251113902291569957e+01
8.964984085708285022e+01
9.400561026911913132e+01
9.227269596932278262e+01
9.160678948369279340e+01
9.159674901000251168e+01
9.105174944522443070e+01
9.041088817238095032e+01
9.089062975544128165e+01
9.036320636432925824e+01
9.613592613665501574e+01
9.072697484107455068e+01
9.312671247919921313e+01
8.991609219337095738e+01
9.051045857310734277e+01
8.933358215817918335e+01
9.445959622893293783e+01
8.770706819398770904e+01
9.115853783430894453e+01
9.470602889600699825e+01
9.257096572999411421e+01
8.894863342184629573e+01
9.044535307477431729e+01
9.115199849620528028e+01
9.221034365543351896e+01
9.202800861788037423e+01
9.229142321764267365e+01
9.002580580649843967e+01
9.012934613257327499e+01
9.137621151223146398e+01
9.123556557197551342e+01
8.952135920900022370e+01
9.134583264820967941e+01
9.307944570375136095e+01
9.275589785393395914e+01
8.890238439197621290e+01
9.039887014797470499e+01
9.070263620543312300e+01
9.055644044125865832e+01
9.135912234864521508e+01
9.133255457901127272e+01
9.296538676461783268e+01
8.939901980682896010e+01
9.060477025015545394e+01
9.113376676300107704e+01
9.220487889383987579e+01
8.736021761669610441e+01
9.136185499314819936e+01
9.137076817673587925e+01
9.399961081826278075e+01
9.279420851612437104e+01
9.250687815925951440e+01
8.977534663692188133e+01
9.409922828433815312e+01
9.125177909432591150e+01
9.273064141879115141e+01
8.754584448140137454e+01
9.229468108913034996e+01
9.275551375992972680e+01
9.265540630070074712e+01
9.473834392627149725e+01
9.016923001843223062e+01
9.008308356815858531e+01
8.902250291916750768e+01
9.263499409438843202e+01
9.193465245009168996e+01
9.277642462576331184e+01
9.395994760854216565e+01
8.871506829147209316e+01
9.623878690330218433e+01
8.769240991901673965e+01
8.920682200328231204e+01
9.112980175689067153e+01
9.328309347410339569e+01
9.197802864385413102e+01
8.825838026404433379e+01
9.104926885610360898e+01
9.259993689495503588e+01
9.181554388964389091e+01
9.069711641716227746e+01
9.187358336252603408e+01
9.260155367883609756e+01
9.285121258176721426e+01
9.111891723825742417e+01
8.955409035023531317e+01
9.050736165982161197e+01
9.214453971495208862e+01
9.223308402812946838e+01
9.031772610670786605e+01
9.101751331055370997e+01
9.074601394985317881e+01
8.792318287904480201e+01
9.030538714802622735e+01
9.323025845343681794e+01
9.091705683614426903e+01
9.225604176544649704e+01
8.978067199100885887e+01
9.465472694425531586e+01
9.072592935587049112e+01
9.025277829244939198e+01
8.627684754846902138e+01
8.848500983318560031e+01
9.512837470016644659e+01
9.041175741750615202e+01
9.270312462760867334e+01
9.341988080592743415e+01
8.928421384602776811e+01
9.004151702657377143e+01
9.356436961797570007e+01
9.327274701907586518e+01
9.172998568337104075e+01
9.406957724212718119e+01
8.998809692829155438e+01
9.294368582628726472e+01
9.002381211051186938e+01
9.624423495131213713e+01
9.215858672607917867e+01
9.305224866523884941e+01
9.079668967000441171e+01
8.877254155053539364e+01
9.277936445341525484e+01
9.324775447761925307e+01
8.967782345808946332e+01
9.084899295831914401e+01
9.114825284933807836e+01
9.239883018251845215e+01
9.355257207780967121e+01
8.885733417432291503e+01
9.140728504578110858e+01
9.173990613992056353e+01
9.315112916978168300e+01
9.150357323944737686e+01
9.061352973992522664e+01
9.068919334820560607e+01
9.398272875711575125e+01
8.845846612254071317e+01
9.312869917810928655e+01
9.297143462363955280e+01
9.604527793892064835e+01
9.244718040869385334e+01
9.200427495593901028e+01
9.111343432153461208e+01
9.226762143282446971e+01
9.449362859286766536e+01
9.121672476167881882e+01
9.507383621893727366e+01
9.215829426776461730e+01
9.324811769994248323e+01
8.764029954719758564e+01
9.114473262550896493e+01
9.189658109499896455e+01
9.572816071079877531e+01
9.120683310885596029e+01
9.192089930386886465e+01
9.203655319034416493e+01
8.704550536502027569e+01
8.943824351904100922e+01
9.266019654367238445e+01
9.165526134500839817e+01
9.121220897768751001e+01
9.080849571317109792e+01
9.142026431391099095e+01
9.586449816059592877e+01
9.260587930861029804e+01
9.147528214932300727e+01
9.027072070574449469e+01
9.397342586682727017e+01
9.059453270537980529e+01
9.145401393403103896e+01
9.463832399735356660e+01
9.076249012034347174e+01
9.699889339108810304e+01
9.248904732915714533e+01
9.139316518438350556e+01
9.230195304011513713e+01
9.035488782948613107e+01
9.282089578992163581e+01
9.155999852271105510e+01
9.083004418660537738e+01
9.199883098903363532e+01
9.493638529744092125e+01
9.078187925695732474e+01
9.199408909933202949e+01
9.406116384837699229e+01
9.054240801115740567e+01
9.348214903374798723e+01
9.268270975489217278e+01
9.186741630112173596e+01
9.419831001151082717e+01
9.029544724871009009e+01
9.032601230170733686e+01
9.352440041000218685e+01
9.370251142634069197e+01
9.422897589604137636e+01
9.130330392790919802e+01
9.304310042465185404e+01
8.974149830387098348e+01
9.289103133677072321e+01
8.978981615564750030e+01
9.082888721148914613e+01
9.187094435999404141e+01
9.605008948970652227e+01
9.277197827123353591e+01
9.138724078914327720e+01
8.710078348180813634e+01
9.054804339879949282e+01
9.277160591227455200e+01
9.183930185513501954e+01
9.112569548000014663e+01
9.254505035596967844e+01
9.024861671405858488e+01
8.734496879049075346e+01
9.229641905107692423e+01
9.277097793420657013e+01
9.055683599274532014e+01
9.131300809190024381e+01
9.261941489954894280e+01
9.033732477419050610e+01
9.227595848266766154e+01
9.389950493569196510e+01
8.973985214693786361e+01
9.037382701588585121e+01
9.335237511340021399e+01
9.004123656537815634e+01
9.018676557040613773e+01
8.910999569755978200e+01
8.504099796085394303e+01
9.107409614719253454e+01
9.148112634474709637e+01
9.272794135119089276e+01
9.111816752728830693e+01
9.590768430459581850e+01
8.908947083247362286e+01
9.475507276538246515e+01
9.033375860354836107e+01
9.061311130196602903e+01
8.912652008706206175e+01
9.277697832700897607e+01
9.281181870159271341e+01
9.352691528619614303e+01
9.373677623003375459e+01
9.111729439657149499e+01
9.450366667870972037e+01
9.603177944022438339e+01
9.231558423852553119e+01
9.596843442147311976e+01
8.885973337334814914e+01
9.291407107738771742e+01
9.127857728396492121e+01
9.459477444247038136e+01
9.120645436352486968e+01
9.059635249708276206e+01
9.297829545045738087e+01
9.080452245618147344e+01
9.042313742588517300e+01
9.497176394986456671e+01
8.998441081204612146e+01
9.276907095301709205e+01
9.319978098755747453e+01
9.353401490747326363e+01
9.208974261669889927e+01
9.387740338373642146e+01
9.149554252284549705e+01
9.300835395626849333e+01
9.180019953680225342e+01
9.489036560516937868e+01
9.237439423642874203e+01
9.070154464476715361e+01
9.405602739104968180e+01
8.949646097707888259e+01
9.048336093070895458e+01
9.250020218204711853e+01
9.154230126133961676e+01
9.034528260578885295e+01
9.009129632728625836e+01
8.942625268089089730e+01
8.817902925877848475e+01
9.264960039215085885e+01
8.781874406353173868e+01
8.916211025806060775e+01
9.353502118483622496e+01
9.121326748202037038e+01
8.779560691358612701e+01
9.285611639988468369e+01
9.103297676926435145e+01
8.970174024131080159e+01
9.284568145034194231e+01
9.209645610134168692e+01
9.196177527212901737e+01
9.226058170072688824e+01
9.150001013117000070e+01
9.212119366630383865e+01
8.978440268998106433e+01
9.584887261731789465e+01
8.992953213269910862e+01
8.926927092371809636e+01
9.142131897541901253e+01
9.390731874568535886e+01
9.054084010709190977e+01
9.368462770064917322e+01
9.040669750888896772e+01
9.438643557182358279e+01
9.193940458821148809e+01
9.067012263688938845e+01
9.057875550161872980e+01
9.214802840554179397e+01
9.195538870100884310e+01
9.256744929900926877e+01
9.398813786162745032e+01
9.378069402845515867e+01
9.083480213142499338e+01
9.072431751264809918e+01
9.289834377566063495e+01
9.030081536269864273e+01
9.163344429575205652e+01
9.411249856612829490e+01
9.268196382600707750e+01
9.244943817706760569e+01
9.331080846785759775e+01
9.197699998350276474e+01
9.241541280386456947e+01
9.199945416502424678e+01
8.998192126050049922e+01
9.331547259524569427e+01
9.569522757711082761e+01
8.874446968602161689e+01
8.900170833977369966e+01
9.029404257094518016e+01
8.925157370430147807e+01
9.082651933112352083e+01
9.370016083418344977e+01
9.425012990767443455e+01
9.299345732463517322e+01
8.983477936935879882e+01
9.171681690110433749e+01
9.224192216979417935e+01
9.335659226010662337e+01
8.972932096142334046e+01
9.321401079360369124e+01
9.401893232363948982e+01
9.271066747337698644e+01
8.990559188863522877e+01
9.510175592696577951e+01
9.252377781086180164e+01
8.993095272958240116e+01
9.148280482956641890e+01
9.104307828649130840e+01
8.873964916304818473e+01
9.288549702401995489e+01
9.397377172734009321e+01
9.092221738581770296e+01
9.037194332108215633e+01
8.870206270837697105e+01
9.155289548494073415e+01
9.129763065681878231e+01
8.842814405848486103e+01
9.280336412300069071e+01
9.128229079042814931e+01
8.890548638473637766e+01
9.021155779406392128e+01
9.405820189702269829e+01
9.291775064177160459e+01
9.533557678203408159e+01
9.001888242426871045e+01
8.855735565683463051e+01
9.078823447408019831e+01
9.395646975106431853e+01
9.159953402318079441e+01
9.320796275423154498e+01
9.185573796972208527e+01
9.430304626357363418e+01
9.332574101186888527e+01
9.210104206374485614e+01
9.168039912339661157e+01
9.291751615673459241e+01
9.495950774970630448e+01
8.689508047593919571e+01
9.352000693103767048e+01
9.447832720262121597e+01
9.325035558799147850e+01
8.903376887266239237e+01
9.424917925947936226e+01
9.040000562100445336e+01
8.986666890403957098e+01
8.767572295938873594e+01
8.881441538342103570e+01
9.392159434117643002e+01
9.182375637957068193e+01
9.161584109678281607e+01
9.088270740432001560e+01
8.927408726157510443e+01
9.269739663163414889e+01
9.336854128778095685e+01
8.703948973606065920e+01
9.143373975252187336e+01
9.124955875778356074e+01
9.198624772537458227e+01
9.243228924604423469e+01
9.303610364809615874e+01
9.115890159341675769e+01
9.165628153366210995e+01
9.381450297090941604e+01
9.103316924025889989e+01
9.263495319099654068e+01
8.790630684025941832e+01
9.209697392926013038e+01
9.153857367148363267e+01
9.216542044436158676e+01
9.346851488852028922e+01
9.108296528147863569e+01
9.226048988198559186e+01
9.058993511389105890e+01
9.396883632781280937e+01
8.980621113930612864e+01
9.207767521357226315e+01
9.412557826919812953e+01
8.967184371364642459e+01
8.988875377705782910e+01
9.125177674860168509e+01
8.977040296147900733e+01
9.117782732145168723e+01
9.233596953639330707e+01
9.225320582715308149e+01
8.653338399942647641e+01
9.205162826008626098e+01
9.336405440963623903e+01
9.609451610568666524e+01
8.709837504611060410e+01
9.171543479300596857e+01
9.198167914215916596e+01
9.248822069484464237e+01
9.344372116460976940e+01
9.545633868985798642e+01
8.962624056658519578e+01
9.130242556784777719e+01
9.384632273579379103e+01
9.258307269649152715e+01
9.172020126227101855e+01
9.076172854677228941e+01
9.245962659200372968e+01
9.280443870374800497e+01
8.950393883078123736e+01
9.283567294910083945e+01
8.984093125600529106e+01
9.371711590469206499e+01
9.322434800702731650e+01
8.989619949445219049e+01
9.325426608306437970e+01
9.086586054639832355e+01
9.218284665820975476e+01
8.946047198068555417e+01
9.126661413882514751e+01
9.398790784519094643e+01
8.655865710205924302e+01
9.674620666074230257e+01
9.383551914765359925e+01
9.235234969704177388e+01
9.521161538426966331e+01
9.284905874798272407e+01
9.133492829448016437e+01
9.100237615974556604e+01
9.381379559746002883e+01
9.077058088146699788e+01
9.064203231569611319e+01
9.086588666987411500e+01
9.261178391722484093e+01
9.218915917050530595e+01
9.184354735494491706e+01
9.432459050637818621e+01
8.881055426692081767e+01
9.350359307360695027e+01
9.496234312725837867e+01
8.687905374431495886e+01
9.203999670960163826e+01
9.542171666758856929e+01
9.123764959268046937e+01
9.431260432995267706e+01
9.151971596337777726e+01
9.234202565993952305e+01
8.927734744197177008e+01
8.877009917855593812e+01
8.895342670440469135e+01
9.381129019662469659e+01
9.100463547997638614e+01
9.294367275323273248e+01
8.876149328438975772e+01
9.391365325714905055e+01
9.431367634899291374e+01
9.184395326959800343e+01
9.214052029389550569e+01
9.227257685000434151e+01
8.952420422711713854e+01
9.219593982699414880e+01
9.429274577666791401e+01
9.533421734205819575e+01
8.906289904946795843e+01
9.128747198686539832e+01
9.315437352447366948e+01
9.060898100128474653e+01
9.089443021525303834e+01
9.106284759331525436e+01
9.426519928020502448e+01
9.229088066945573132e+01
8.716087969778752154e+01
9.231021833820406641e+01
8.988413809432182688e+01
9.348139053908693086e+01
8.918532512147402258e+01
9.503721451485375837e+01
9.477943296139250151e+01
8.851913061447889675e+01
9.713037774868642771e+01
8.821793445315485371e+01
9.170883943743723421e+01
9.078764785010572780e+01
9.084720698764675717e+01
9.184874497030320128e+01
9.285945553010391507e+01
9.381209592998348512e+01
9.271188605016565987e+01
9.332185785191268224e+01
9.150234840958637506e+01
9.434247377592218697e+01
9.137754711521795059e+01
9.141564401532811246e+01
9.134300925805969484e+01
9.141008603893409656e+01
9.386732341811300273e+01
9.072077392564668230e+01
9.252809304575737315e+01
9.278062090254850602e+01
9.012420605729353440e+01
9.107603007532550521e+01
9.022449399492627720e+01
9.505003041475900716e+01
9.042929963115572889e+01
9.189097668517085538e+01
9.227113061765754765e+01
9.210049566121817577e+01
9.035207043375044123e+01
8.943745682031176614e+01
9.219920194301776917e+01
8.968140420283469894e+01
9.261697998909751561e+01
9.212809258103948196e+01
9.409823195182733002e+01
9.359652449140925512e+01
9.425267483916188382e+01
9.332199459630254523e+01
9.155280851782764273e+01
9.562423378326766965e+01
9.277103935226099907e+01
9.066316726796402747e+01
9.143760579978049918e+01
9.591109558270034086e+01
9.113473498929607786e+01
9.319334083898225174e+01
9.376991787972137615e+01
8.861717965527053309e+01
9.216611614779547779e+01
9.439880259319093625e+01
9.213487931233993322e+01
9.272581155784781970e+01
9.219297745024155688e+01
9.036186134378182544e+01
9.331024718876410873e+01
9.128198315801910212e+01
9.311770523858106685e+01
9.108169731672563785e+01
9.070542468432685723e+01
9.229734465554405176e+01
9.294862297483081193e+01
9.389628341655559041e+01
9.293724875180802769e+01
9.430230466793604194e+01
9.330324359436629322e+01
9.226798119197773929e+01
9.098520530070815937e+01
9.361854979898177476e+01
8.766563498452583758e+01
9.386871751141151776e+01
9.054317088554390125e+01
9.220088916625516617e+01
9.118787187776347025e+01
8.974724934721129443e+01
9.376405704311925149e+01
9.156105806672547942e+01
9.146953269482878568e+01
9.376514049946241869e+01
9.089408955618377206e+01
9.308598159647362991e+01
9.237328745055528145e+01
9.389347772293636751e+01
9.189917372258577188e+01
8.975792927545714406e+01
9.300722866307781089e+01
8.976502991426615097e+01
9.091911583323165758e+01
8.929344091121744498e+01
9.414468578643611352e+01
9.065145670964652425e+01
9.205482977702322955e+01
9.084492198825657283e+01
8.992677576355585245e+01
9.523210105845207352e+01
9.066702871170228661e+01
9.443012383245135766e+01
9.176752243861733405e+01
9.192263467027939328e+01
8.992584925360384318e+01
8.870690005761379382e+01
9.099762630561073706e+01
9.062080774109787740e+01
9.425599629397648016e+01
9.196228701627192947e+01
8.751465435949096161e+01
9.105871169781167396e+01
9.106008797170591151e+01
8.966489475684184640e+01
8.871044933068269245e+01
9.275507374062975430e+01
9.328592215220990624e+01
9.213860480354034621e+01
9.122026870023795198e+01
9.293817659632819073e+01
9.158695343664447819e+01
9.139356092002819310e+01
9.188532480838135541e+01
8.913078054890958413e+01
9.191325019393899254e+01
8.911740029257089191e+01
9.289879887913778589e+01
8.957631654425253487e+01
9.186202735549085219e+01
9.036162425403225029e+01
9.030272474919790682e+01
9.109673329270610509e+01
8.910401468577559569e+01
8.926683304964986121e+01
9.308610657474754646e+01
9.026254744663592078e+01
8.998867215857197266e+01
9.028098046602715954e+01
8.910366039669722227e+01
9.018543841265783101e+01
9.397846778367379272e+01
8.993795455959990193e+01
8.885902745535452141e+01
9.254071983015413139e+01
9.310917131333009422e+01
9.165639103296004464e+01
9.394301255902441028e+01
9.216684670900762910e+01
8.828295916160489298e+01
9.191676792596381063e+01
9.268218681557735295e+01
8.800136460588844045e+01
8.827911871207250272e+01
9.248535144484509374e+01
9.147449980199459674e+01
9.099564827314053161e+01
9.058429417623902680e+01
9.305068118842530112e+01
9.286411749846769226e+01
8.983796683113872916e+01
9.394243014605085307e+01
9.340806577562187840e+01
9.024104769477311550e+01
9.289618436937938384e+01
9.295623650516068892e+01
9.311339496777505076e+01
9.284323462556810114e+01
9.135292663229166976e+01
9.179857117360188568e+01
9.297816839717384596e+01
9.640912510337852837e+01
9.016617994684378345e+01
9.096399860612775967e+01
8.840629628414555441e+01
9.218595809661890428e+01
9.474643831216214096e+01
9.267075193942876865e+01
9.415920528437730752e+01
8.872096913748197267e+01
9.158996709771243161e+01
9.091154323338103893e+01
9.117623821054063171e+01
9.178646427582732770e+01
9.105524402957739483e+01
9.066652449332367780e+01
8.993166150270468506e+01
8.935917577882916873e+01
9.036636204974871589e+01
9.475053011592667929e+01
9.410646379553625707e+01
9.265347158749683842e+01
8.779375125232742505e+01
9.073372108867124552e+01
9.160721034979424360e+01
9.648837797684545592e+01
9.221117357259198855e+01
8.972784457986777795e+01
9.331437871936837780e+01
9.381772252533400547e+01
9.188728373128877536e+01
9.390892144106921080e+01
9.479687031258013974e+01
9.150207229077142301e+01
9.381390703132555586e+01
9.402810704642371320e+01
9.141393248520500947e+01
8.983924139364381745e+01
8.983813136439651714e+01
9.050195214362830143e+01
9.095420206984505285e+01
8.757361178240890354e+01
8.920555822709894755e+01
9.256706290612849841e+01
9.309213418239566806e+01
9.366964946260141289e+01
9.077885733907001509e+01
8.758137963596533382e+01
9.260615840213398542e+01
9.103108768724823108e+01
9.281796487787264027e+01
8.982086061029903590e+01
9.357305184970755363e+01
8.853497124375113003e+01
9.040277328285063163e+01
9.278940719122141445e+01
8.878827192798370049e+01
9.601052775801815642e+01
9.255788830023280411e+01
8.967034276615966348e+01
9.069048932542339969e+01
9.488969922032227089e+01
8.805488143345669982e+01
9.096374798014589658e+01
9.188508531575483573e+01
9.361396992818053775e+01
9.155506189441209131e+01
9.219265225235896821e+01
8.887665856467440051e+01
9.115153555948634789e+01
9.156582647393318553e+01
8.891495107518815644e+01
9.229376098666637063e+01
8.973427404839546284e+01
9.359698090759437150e+01
8.874726897469747655e+01
9.197850974619048259e+01
9.476651407918480174e+01
9.193180000408737840e+01
9.163167356714764367e+01
9.425220394582412098e+01
8.940115663199587459e+01
8.965770561672755434e+01
9.179293091461961751e+01
9.346835665550965189e+01
8.994972310019036854e+01
9.016935678972686219e+01
9.060797798301864248e+01
9.220517267574969367e+01
9.198148848195994276e+01
9.050501060934684006e+01
9.032256266413773460e+01
9.323273322749112424e+01
9.263880633729895919e+01
9.032877635289959528e+01
9.207741334597353955e+01
9.140427139552146230e+01
9.178268512945656710e+01
8.994004573303635652e+01
9.029305864729975895e+01
9.024840826565949214e+01
9.292812509588121372e+01
9.242568858754302141e+01
8.786360944866181910e+01
9.045900737058811103e+01
9.177192552649452750e+01
9.226424582807938179e+01
9.067430654866417683e+01
9.090445953636979937e+01
9.132245362776076547e+01
9.301892475440267560e+01
8.960035079037349703e+01
8.980378509156398081e+01
9.282919802851934321e+01
8.929139742731611307e+01
9.130285802167163922e+01
9.170377500631602175e+01
9.055189248654113499e+01
9.451466499879518324e+01
9.021984218558746704e+01
9.089293545221404713e+01
9.189241691421834446e+01
9.233370210621544061e+01
9.072303817976984419e+01
8.931571482357479397e+01
9.414602627396638468e+01
9.105968371023490704e+01
9.046236834032647778e+01
8.891507163736828545e+01
8.948594039977245984e+01
9.045154742149021843e+01
9.122738739678520403e+01
9.240810056844502185e+01
9.358721813218973296e+01
9.313508980422375316e+01
9.204805452970249746e+01
9.170725577662859962e+01
9.688276683097234354e+01
9.573410254553297705e+01
9.232752324493112894e+01
9.070530835435003780e+01
8.626413106642461059e+01
9.164296372179025241e+01
9.323372060646562431e+01
9.005530391783258892e+01
8.975730386566326047e+01
9.452319215405746888e+01
9.216685606171445500e+01
9.104407514721201267e+01
9.010340416631541416e+01
