1.258004672545350786e+02
1.263620734270127599e+02
1.291209361388169441e+02
1.232237285910678111e+02
1.282578564930654466e+02
1.288669463075868293e+02
1.234760725526803355e+02
1.234611914992882760e+02
1.312858020821784066e+02
1.280730662077477291e+02
1.274178929151975836e+02
1.266178068789176336e+02
1.268562524625743606e+02
1.283201983974978475e+02
1.245518912198048440e+02
1.262907734541663700e+02
1.269264121887755152e+02
1.263993085169228863e+02
1.243639938811198533e+02
1.265569449354507015e+02
1.284708252748933432e+02
1.286477404809835150e+02
1.302817928754085983e+02
1.264309568203453722e+02
1.289295124583810264e+02
1.224844668495584585e+02
1.304727145627149412e+02
1.249441442711834185e+02
1.267665639860630051e+02
1.269742161754856653e+02
1.292731074608855693e+02
1.270766668164049236e+02
1.278792260326730741e+02
1.233541992932741067e+02
1.267887563547719481e+02
1.274588176164887301e+02
1.282818862749397226e+02
1.261418961376685530e+02
1.286123678587642019e+02
1.218047708475564548e+02
1.281012701653526733e+02
1.246007027853794824e+02
1.262898864480074081e+02
1.274781080652808072e+02
1.279584115080827615e+02
1.260053419193311868e+02
1.268361005246781019e+02
1.230484826579216104e+02
1.302065624219230813e+02
1.270032002766094905e+02
1.280179410787751237e+02
1.296393760572400993e+02
1.258210341090521212e+02
1.285161486365826420e+02
1.223524419973266504e+02
1.260051000091082329e+02
1.252718349289296782e+02
1.256431851537089983e+02
1.280560092263207252e+02
1.285049277832246446e+02
1.231252285573172713e+02
1.311205503888027408e+02
1.281432581323622344e+02
1.260974952365587711e+02
1.273154862897975335e+02
1.266588451403642210e+02
1.235282249046754686e+02
1.232905629825854845e+02
1.277690922717757047e+02
1.243999762162754621e+02
1.275843386460350501e+02
1.257120886207218149e+02
1.318433638870974960e+02
1.286946776164722337e+02
1.246935572803912464e+02
1.258507126469465334e+02
1.268007879349732860e+02
1.279957911385757541e+02
1.262304975169923722e+02
1.273846602156548329e+02
1.291925174858514254e+02
1.282268698674447478e+02
1.275413557750077018e+02
1.275833460880082697e+02
1.242755127407695994e+02
1.299463949268738645e+02
1.303913995865482889e+02
1.255098463864161857e+02
1.287772843636794278e+02
1.243162216696588587e+02
1.232894990870663605e+02
1.242647548689889305e+02
1.300713068869926872e+02
1.277491653228136528e+02
1.280899513814924262e+02
1.250762596542653284e+02
1.246029966013343113e+02
1.279367949082152620e+02
1.248395809794813403e+02
1.294234349996769140e+02
1.275330799996362714e+02
1.291947327408115029e+02
1.280057966952119273e+02
1.304905019601597473e+02
1.228259425975539898e+02
1.281803566007125141e+02
1.253503562703877208e+02
1.242424290624282861e+02
1.277516757534355207e+02
1.249262680987360028e+02
1.217938547553494573e+02
1.259428073532717320e+02
1.287791708023794115e+02
1.270255284921907162e+02
1.296012635979748211e+02
1.236537256867481744e+02
1.308516088009341161e+02
1.267085139022867253e+02
1.287516509032586498e+02
1.258378693521870701e+02
1.263060491097538005e+02
1.236648954483392231e+02
1.291679400090736465e+02
1.267526367384189001e+02
1.281831319801165137e+02
1.255925976448695138e+02
1.244968991559672702e+02
1.255287808505342042e+02
1.272824666858286236e+02
1.328428542831634616e+02
1.243566212488503311e+02
1.280133413123299704e+02
1.253686571024422989e+02
1.259879258191197664e+02
1.267500728755012176e+02
1.246997978210325471e+02
1.298472129642131279e+02
1.253672669142594032e+02
1.245412454121595260e+02
1.257771533168583460e+02
1.288011288224159898e+02
1.279931495502205081e+02
1.263579209927222848e+02
1.253820729597855603e+02
1.287478953327868965e+02
1.263503342814251624e+02
1.315483612074018254e+02
1.249948446515357574e+02
1.254148913167945096e+02
1.241384633101456672e+02
1.275811528056270703e+02
1.246362385627654561e+02
1.281238435177411361e+02
1.261971002845044296e+02
1.302895189942960315e+02
1.236401601730943582e+02
1.276498292688044103e+02
1.240245330484943622e+02
1.275194306980185814e+02
1.287778966140364219e+02
1.265235375025766302e+02
1.258703051839840583e+02
1.270249211289943929e+02
1.280773925828779909e+02
1.265036434584427525e+02
1.279924927130963113e+02
1.277382540323520601e+02
1.293372174477632370e+02
1.261120701360248830e+02
1.296297873904755988e+02
1.229501812337797162e+02
1.255454730097747955e+02
1.293657246206568914e+02
1.305858600470388637e+02
1.263359397531670822e+02
1.270155581193242682e+02
1.263568878934731572e+02
1.266771000102501432e+02
1.327226752614221255e+02
1.243404287721669021e+02
1.286732072909112787e+02
1.251564010118287342e+02
1.247811121243313153e+02
1.277627720109601768e+02
1.281535561443221241e+02
1.265477582254621325e+02
1.267763146126214764e+02
1.236051051274216519e+02
1.286735577679400819e+02
1.267441794619639381e+02
1.247490121823182960e+02
1.256227569622385829e+02
1.238760404155396628e+02
1.226683282943187834e+02
1.274256483257811396e+02
1.263457237416951529e+02
1.255101541381123980e+02
1.256222204576037171e+02
1.309402553758629892e+02
1.271467293713416211e+02
1.272895722788691160e+02
1.283988443768397758e+02
1.230876098157387162e+02
1.286842809768699567e+02
1.263941370650708791e+02
1.271415191387008150e+02
1.298732101943783164e+02
1.250575280634325139e+02
1.248631048114457798e+02
1.265882564984798933e+02
1.257747884745800775e+02
1.276654038664521380e+02
1.252415022403238538e+02
1.306502605880381793e+02
1.292460536540229725e+02
1.276747909634281939e+02
1.234957955017592468e+02
1.249851149477776318e+02
1.281373644081223233e+02
1.274640264631650126e+02
1.239564602998662508e+02
1.276119671338296229e+02
1.259718544544834202e+02
1.264169526707053137e+02
1.278865407258114999e+02
1.266778628826107109e+02
1.269572764631703308e+02
1.282998046000382999e+02
1.309096281179659229e+02
1.234087961185913542e+02
1.257234204790535728e+02
1.270458606152118080e+02
1.278090265658006501e+02
1.260487316273727600e+02
1.256351015902834831e+02
1.268989348660573171e+02
1.270163907898783435e+02
1.258133818121012553e+02
1.214794345191861993e+02
1.284287768499286244e+02
1.287383673406977493e+02
1.261384280299366196e+02
1.283486937138539759e+02
1.259000953385572501e+02
1.242849878642179391e+02
1.233651030312087897e+02
1.299619457470817565e+02
1.284457240572425292e+02
1.263265709767199212e+02
1.288305265357707299e+02
1.300580524585954265e+02
1.324357875241664715e+02
1.272258674105638079e+02
1.251544014298015099e+02
1.247226485019842528e+02
1.235811739470828599e+02
1.263310237196514834e+02
1.283128513756016673e+02
1.293241811414457061e+02
1.266325298450933587e+02
1.246329475736593224e+02
1.241065938419988584e+02
1.304954290798174270e+02
1.279820284983346141e+02
1.276593242041047205e+02
1.287105482509364549e+02
1.300146436955251090e+02
1.247583737974724869e+02
1.258091809644689079e+02
1.264469043370613548e+02
1.257263935234844894e+02
1.312341714715231547e+02
1.292953063776201361e+02
1.242897442308577070e+02
1.245460416192808424e+02
1.254061416217698195e+02
1.299404295745813158e+02
1.258192268830074170e+02
1.268453567893307223e+02
1.258509711415811978e+02
1.252177515485693391e+02
1.243372664201475573e+02
1.244720898585019739e+02
1.274092036205142051e+02
1.269067507195156708e+02
1.240266092392608073e+02
1.256447911044432715e+02
1.295367652326649193e+02
1.254465652874554422e+02
1.279268394394781723e+02
1.241465242703240222e+02
1.285694395140046709e+02
1.289260045771823684e+02
1.245356882028830370e+02
1.243346292188986695e+02
1.262364391350416781e+02
1.279678757290008519e+02
1.236855324985135098e+02
1.291016294391498036e+02
1.287638177266786954e+02
1.266362975087663614e+02
1.263466866553610259e+02
1.267349362188110149e+02
1.229083178910453995e+02
1.252744179549688113e+02
1.245885286152064282e+02
1.280105616150551384e+02
1.287197853701645158e+02
1.290214967963452466e+02
1.269864308970086881e+02
1.279328718235307463e+02
1.247503277800099966e+02
1.248626648814352080e+02
1.259378332364246944e+02
1.234342831199386268e+02
1.308431977890629128e+02
1.266821325288337619e+02
1.292565461479849489e+02
1.245878161908677129e+02
1.259202875705788927e+02
1.285380085498348706e+02
1.261078470256842792e+02
1.263126921708384600e+02
1.209900369061015937e+02
1.289875455945326621e+02
1.289673602140785533e+02
1.236200003166695041e+02
1.289600963067443899e+02
1.238977966291496813e+02
1.251934345423994017e+02
1.316271881869373033e+02
1.242934645898396013e+02
1.253969846777514334e+02
1.288500835947064047e+02
1.290481393146517064e+02
1.241004711256239688e+02
1.274314066141506174e+02
1.272022816337207445e+02
1.289850572191719777e+02
1.261884290301817515e+02
1.257789413913284164e+02
1.262063169482585892e+02
1.279898423702055652e+02
1.277643880160560457e+02
1.294978376553636963e+02
1.254139170141267670e+02
1.289734471411691743e+02
1.260890199296972867e+02
1.265123391797930594e+02
1.283792422725875326e+02
1.248867191330881923e+02
1.232001819629066688e+02
1.266993868809818622e+02
1.264793057017222964e+02
1.256611135765617888e+02
1.236148813144474303e+02
1.307080401796655451e+02
1.285804359146459035e+02
1.258423519123422096e+02
1.254614577606003252e+02
1.270515246996493772e+02
1.247514550699858518e+02
1.290749310183095133e+02
1.272081768278080318e+02
1.236980953537136401e+02
1.294261158522521384e+02
1.247069928497945313e+02
1.304778700015587276e+02
1.266841826950527690e+02
1.298136458985575814e+02
1.270926996692409290e+02
1.278077565146799088e+02
1.291654128389737934e+02
1.266352064655671512e+02
1.267466415439867404e+02
1.271243606423679182e+02
1.279366573267634948e+02
1.335617505607430360e+02
1.245523883173534330e+02
1.304515598966532082e+02
1.270145888988126615e+02
1.270016597711402397e+02
1.282029729289868101e+02
1.235006525355165650e+02
1.248237398775206657e+02
1.268079907127611108e+02
1.289133392193614327e+02
1.255380519663392960e+02
1.266879336561855780e+02
1.287749711530647119e+02
1.255837796165734375e+02
1.285650378846010824e+02
1.276718416739234385e+02
1.286708442959744332e+02
1.279688016301842737e+02
1.293819379280930661e+02
1.273935365749792936e+02
1.311457116807203249e+02
1.251342772147812070e+02
1.266606359758944791e+02
1.269953372923899337e+02
1.267205981068722735e+02
1.271317609892942500e+02
1.299316626348384887e+02
1.246988640497755085e+02
1.263132094294784338e+02
1.283721271688121135e+02
1.263842008351894606e+02
1.256686373305793012e+02
1.270917985128627379e+02
1.272798290848884051e+02
1.286818809515515341e+02
1.238861455987579205e+02
1.293434618987271278e+02
1.219531834826267556e+02
1.257927956711215955e+02
1.294310397728924613e+02
1.279786764629324267e+02
1.257632950462597705e+02
1.270904099828192386e+02
1.259884051371236069e+02
1.305509500821920028e+02
1.291198125995173598e+02
1.276652266101985020e+02
1.245697223247363183e+02
1.276120838358085194e+02
1.296621291570896233e+02
1.283016578159152630e+02
1.257603325566639825e+02
1.286526381231855680e+02
1.243961906539977491e+02
1.270169873134609446e+02
1.323150066342507500e+02
1.214949691501722526e+02
1.275544446924871806e+02
1.283487745561865836e+02
1.244687720273826415e+02
1.277369316409596678e+02
1.264904393310006867e+02
1.259721151322464152e+02
1.265343062867015220e+02
1.222275031983969029e+02
1.275895972835029966e+02
1.260430090346286107e+02
1.290291838766054582e+02
1.272587683726820273e+02
1.287619880340208738e+02
1.272692195403685673e+02
1.261406588647657969e+02
1.290350894331433835e+02
1.249302614252109436e+02
1.258166836372631820e+02
1.237733256207423125e+02
1.279361009403685614e+02
1.316708554039634009e+02
1.226103985447553839e+02
1.259500540589496040e+02
1.255873600376292103e+02
1.260739858755062386e+02
1.241963526868439658e+02
1.271482792366929573e+02
1.287423635464875531e+02
1.291916406075345094e+02
1.283504929861301207e+02
1.275403118058759446e+02
1.257675448786826280e+02
1.283915416105141105e+02
1.308553902398087700e+02
1.277674606275926408e+02
1.247340772284275090e+02
1.248854201574315113e+02
1.264143705530289736e+02
1.271994697658902282e+02
1.248641495706550444e+02
1.253706027118663258e+02
1.258200229028788044e+02
1.296532611744290762e+02
1.251657106643763768e+02
1.258551841629389827e+02
1.260968774458007147e+02
1.305737444635200006e+02
1.253164675693136729e+02
1.268365448125474870e+02
1.282325545030797684e+02
1.271048286815229176e+02
1.263271527485294570e+02
1.291230145252518184e+02
1.270774415959142232e+02
1.302418620475777118e+02
1.272336990931801353e+02
1.266800682200446033e+02
1.252573910230699283e+02
1.278455587602904728e+02
1.305745689310065245e+02
1.271154272003545032e+02
1.273343809836514566e+02
1.276428558387511600e+02
1.289369078281412726e+02
1.294108300953710966e+02
1.270043730135749058e+02
1.265154797819681676e+02
1.256340258303727921e+02
1.271869923199461567e+02
1.236395080553760408e+02
1.271037417592256702e+02
1.295906077721220697e+02
1.263735488665514310e+02
1.242452302935994624e+02
1.302936190484378471e+02
1.276444226368096935e+02
1.278317933662237351e+02
1.282586444541013861e+02
1.247430407294709198e+02
1.269165762955482677e+02
1.272270828291514988e+02
1.268382816058408054e+02
1.228040262095637019e+02
1.270086298435441137e+02
1.282577067160777915e+02
1.273357557516348351e+02
1.267727760615549784e+02
1.258466749967617062e+02
1.257380266331387162e+02
1.223851382634780975e+02
1.250215836072256224e+02
1.261762204278680457e+02
1.235258215243810724e+02
1.238764978844357074e+02
1.244746072730555397e+02
1.239821777495470769e+02
1.262086978101590944e+02
1.294297735722740867e+02
1.270429265387351165e+02
1.272667679505719178e+02
1.232464345458579089e+02
1.251188873605177321e+02
1.247747902466233683e+02
1.289255332697487688e+02
1.271717966416465089e+02
1.278027757412649379e+02
1.239806700914726036e+02
1.251580950252080839e+02
1.271883321722030900e+02
1.263591183168278320e+02
1.283526792390912874e+02
1.262574353392427184e+02
1.282709805012516142e+02
1.259454092107990419e+02
1.238955595780810199e+02
1.273151476165742082e+02
1.257934353236354781e+02
1.297672558786370303e+02
1.266596435457843910e+02
1.296466068782123102e+02
1.300565250146179039e+02
1.271095420674360099e+02
1.249539225695514233e+02
1.266740894488270897e+02
1.271411294209060117e+02
1.238235806161994219e+02
1.279140151341914446e+02
1.267420089365782871e+02
1.268674270671501176e+02
1.254220316789670022e+02
1.241875936107592509e+02
1.279604992115994122e+02
1.236702179418191463e+02
1.262589395680121385e+02
1.309264565306190775e+02
1.267857085881564956e+02
1.252071787070095326e+02
1.297473115449786008e+02
1.271261075436928678e+02
1.272678872200052069e+02
1.276289865983812462e+02
1.258634699392789713e+02
1.251999875134678035e+02
1.256785202361579081e+02
1.309673009578676215e+02
1.240717807568100426e+02
1.279091455350759929e+02
1.244108363313278574e+02
1.295169578156300645e+02
1.294943952634559423e+02
1.287383528682434530e+02
1.286915821534010433e+02
1.253184634269228326e+02
1.241732184916340458e+02
1.265742393155161807e+02
1.274037476547966037e+02
1.216556698838733155e+02
1.283994992660557841e+02
1.297871350032955888e+02
1.294741100341999811e+02
1.280700872642104287e+02
1.284277645544997881e+02
1.304927887945323164e+02
1.295546333612953447e+02
1.275808055855641783e+02
1.283704779074797955e+02
1.291214371766484987e+02
1.281154401392525415e+02
1.269474700872271598e+02
1.271229966880102040e+02
1.232746745740193859e+02
1.265459887781503880e+02
1.258772246467417091e+02
1.256262290397988437e+02
1.269029858052457911e+02
1.291759449130276209e+02
1.302416395217987031e+02
1.224941938547806330e+02
1.259431293581580888e+02
1.273973501749231616e+02
1.256833792403271701e+02
1.271605859044380935e+02
1.245450248456595119e+02
1.271821601202055945e+02
1.289990570233988478e+02
1.286580732193499728e+02
1.250281620817259096e+02
1.261358357102243986e+02
1.284884617560510378e+02
1.305356830662398977e+02
1.259004223781943352e+02
1.264523467847401577e+02
1.308372450488115817e+02
1.281474981708144583e+02
1.272835935657379594e+02
1.272734387872403659e+02
1.284594080461861552e+02
1.254233869998587494e+02
1.295479800930475562e+02
1.232136370014710849e+02
1.264680148953822254e+02
1.299306757024221213e+02
1.270064483174150070e+02
1.250668679442296423e+02
1.232266874680256024e+02
1.231144049265485734e+02
1.274037416435359802e+02
1.253367437453470075e+02
1.257232292082239979e+02
1.238667741675276233e+02
1.279728767757453767e+02
1.262588190012426708e+02
1.231512521930254138e+02
1.261063077842840841e+02
1.301449551858263760e+02
1.298728001043607776e+02
1.248863427442145593e+02
1.234646532948780191e+02
1.262769473579288331e+02
1.214148892889355409e+02
1.257500079470554510e+02
1.243145519325116481e+02
1.244744398225030295e+02
1.243066190972327405e+02
1.250413507590958488e+02
1.269625200879568894e+02
1.229821366634402295e+02
1.275213491550645131e+02
1.295847206826536535e+02
1.299171404219126487e+02
1.289775659222047182e+02
1.292068511291913637e+02
1.259951697203833305e+02
1.297255546233369898e+02
1.286820093428473228e+02
1.252896583917754469e+02
1.279683093567438021e+02
1.258651359476830436e+02
1.301337459568991619e+02
1.269250770961149897e+02
1.259320788854623885e+02
1.258392066334302228e+02
1.255537371368164372e+02
1.261052159878495615e+02
1.260158178254700516e+02
1.311225187579350120e+02
1.267697980617187596e+02
1.289321276910678762e+02
1.255579582180220228e+02
1.248399023505629231e+02
1.265497517771660085e+02
1.275931906466906156e+02
1.244044158243397362e+02
1.256126658967077532e+02
1.276182023958223368e+02
1.288117682348357960e+02
1.292404853022225382e+02
1.287350389701327913e+02
1.266689280476982162e+02
1.249799681602901131e+02
1.300333303055170120e+02
1.267047715938886228e+02
1.291555117601558038e+02
1.245895988413607824e+02
1.257466207210176066e+02
1.223648436153367527e+02
1.295186869792009645e+02
1.293143631293715146e+02
1.296165943471427227e+02
1.254340640053473095e+02
1.271438025217593548e+02
1.273755704627310053e+02
1.264878873357936016e+02
1.261097086068482724e+02
1.251316166624656603e+02
1.256531405832086108e+02
1.252937009085447073e+02
1.297974084198353921e+02
1.251650656822370422e+02
1.279643378321432579e+02
1.271175167944982007e+02
1.256716419179641520e+02
1.269625936553722738e+02
1.266384097549775447e+02
1.250947307911805808e+02
1.292145134921636611e+02
1.280532235718919765e+02
1.270586031756340759e+02
1.293817947298862236e+02
1.231407635173498534e+02
1.259614961675539178e+02
1.272541646977193892e+02
1.281858711971410401e+02
1.261298082950569608e+02
1.259555861467020890e+02
1.264341566055673240e+02
1.278065417962456252e+02
1.264314042305763195e+02
1.274440617231124975e+02
1.270820678413240614e+02
1.246860762872718595e+02
1.275608423769912321e+02
1.250554943379636512e+02
1.268010250137440948e+02
1.262743472441286627e+02
1.230826372310593797e+02
1.287016259841869044e+02
1.266402454274966800e+02
1.239094164763655783e+02
1.290211067879103553e+02
1.293057763983538848e+02
1.251283698995083569e+02
1.248182717831385986e+02
1.257020847478854648e+02
1.259646879617983330e+02
1.265438742851179228e+02
1.246015624980203285e+02
1.225055225882662313e+02
1.237605573205345166e+02
1.256971741546783647e+02
1.270201973170384804e+02
1.226770875810139501e+02
1.273728783770137483e+02
1.278816814988226156e+02
1.293757141380873463e+02
1.297279759982719156e+02
1.253901782414834400e+02
1.249442957870810034e+02
1.249735374372621663e+02
1.257785104828752338e+02
1.242291141845119853e+02
1.264700045834744628e+02
1.222864845406827499e+02
1.252352669564431551e+02
1.283119062759591031e+02
1.286063198969907262e+02
1.273929246959389161e+02
1.285994342807236706e+02
1.252707471112400981e+02
1.265033651785604860e+02
1.258792696649920515e+02
1.249636299913199480e+02
1.263590584889738864e+02
1.241071959496159565e+02
1.261502246176969066e+02
1.263103093514197042e+02
1.265185304102536463e+02
1.248160640405588282e+02
1.270656912663637854e+02
1.274870939874157330e+02
1.282738769701888373e+02
1.278960538706447778e+02
1.236926000061986173e+02
1.239224507597496654e+02
1.274574733624377387e+02
1.291517508986102030e+02
1.291129780636080113e+02
1.233415356156113063e+02
1.284555521346288742e+02
1.232388690082317027e+02
1.268470490830662527e+02
1.238347344348199925e+02
1.273621235472311781e+02
1.254562742005005305e+02
1.255029528192411306e+02
1.271955175911702440e+02
1.274467273097004352e+02
1.221307512082298246e+02
1.280141591906680105e+02
1.235459504536337079e+02
1.248298161811476774e+02
1.275272327176863172e+02
1.222162401211195117e+02
1.276252597918090572e+02
1.231161490887849084e+02
1.275061095579544457e+02
1.258549043701057144e+02
1.227746805843737263e+02
1.267957027326957018e+02
1.243325194268864493e+02
1.275833676911164645e+02
1.258468871312525010e+02
1.263480377842738989e+02
1.272622428654078561e+02
1.260415502797313820e+02
1.251038353596526065e+02
1.271143898716264431e+02
1.254115546528799001e+02
1.262395373277867776e+02
1.280004473752391334e+02
1.254029443916936941e+02
1.283624972308691383e+02
1.246023007107447000e+02
1.275956440317842464e+02
1.255737306322077842e+02
1.290986299640206312e+02
1.293666818962676075e+02
1.279948270849750855e+02
1.256031051681628838e+02
1.268454851893782802e+02
1.221511187054042011e+02
1.249509975561854418e+02
1.244744661243884565e+02
1.280578054785812299e+02
1.262595358129993031e+02
1.266872723107738494e+02
1.274304462008965402e+02
1.235405022540528677e+02
1.314199521302953428e+02
1.264157167719861832e+02
1.304980249620667507e+02
1.265327201066570098e+02
1.282509516245777093e+02
1.288848940544328627e+02
1.307881577210251862e+02
1.268385971531045726e+02
1.243906976117933141e+02
1.266575891237049660e+02
1.241660626022628406e+02
1.233335902494395810e+02
1.251429552869104498e+02
1.270294324826214165e+02
1.268380948536352832e+02
1.230592379688147133e+02
1.265920987607197645e+02
1.258661095784805752e+02
1.285213497781825254e+02
1.254578969761872713e+02
1.241898476650864893e+02
1.283881380799770398e+02
1.264689657972502204e+02
1.296237429134204433e+02
1.262270276015983086e+02
1.279977076792611257e+02
1.292362498612187665e+02
1.235836337203602682e+02
1.273299311526270401e+02
1.257263746004935854e+02
1.292767962311477845e+02
1.274761917376964391e+02
1.314847275973031913e+02
1.270810642232427767e+02
1.255550587974103252e+02
1.283033613415356342e+02
1.267559822573814614e+02
1.255086243897813176e+02
1.252224292340485334e+02
1.275884197817691472e+02
1.255032362371303947e+02
1.248502304509286063e+02
1.287107085270321534e+02
1.249420838539130898e+02
1.200999805980745379e+02
1.257767157583003552e+02
1.289497259986656843e+02
1.234622929202024579e+02
1.260705448849770391e+02
1.228878473548731733e+02
1.272375383781779163e+02
1.303939404519207983e+02
1.243677518413849441e+02
1.239619606911243181e+02
1.257671560630693079e+02
1.243275454711034058e+02
1.225180900723090502e+02
1.257336813810902214e+02
1.272920427654709243e+02
1.260625243507180926e+02
1.253911475957557400e+02
1.297680568398386924e+02
1.249613297919052997e+02
1.289050531586759121e+02
1.278266194257244450e+02
1.278732519660312477e+02
1.248041057158463332e+02
1.267543433930234755e+02
1.282587266647044544e+02
1.228408652164081900e+02
1.280835559414027216e+02
1.299344816966155634e+02
1.226728716234148919e+02
1.244523132168846331e+02
1.284361076130857953e+02
1.260309599530192770e+02
1.262042504181567324e+02
1.261142023649696995e+02
1.277421456813410714e+02
1.262657527016044696e+02
1.237561421726096711e+02
1.223170507130431872e+02
1.265190047231686776e+02
1.288930843710632246e+02
1.261956669055606852e+02
1.255424445376218756e+02
1.271935740124366987e+02
1.280455245452845929e+02
1.237158313665232612e+02
1.268014114056616961e+02
1.271227894464379062e+02
1.258420603683088359e+02
1.228131661371477890e+02
1.243351651212329898e+02
1.251851836374820408e+02
1.244624425289322858e+02
1.284215026060461753e+02
1.282410507302029998e+02
1.266581089207685125e+02
1.274913195981486638e+02
1.265878397962844701e+02
1.268696210499701067e+02
1.272660525220099714e+02
1.251816419217553573e+02
1.285626295474315270e+02
1.253573974636581312e+02
1.272831330598673674e+02
1.295414813795089799e+02
1.277156004601699379e+02
1.284984282910394313e+02
1.236586806858869352e+02
1.278536656242383884e+02
1.259564530157242643e+02
1.289113868222286499e+02
1.256348484987666296e+02
1.269692358318858396e+02
1.247338460080951421e+02
1.250298763479888180e+02
1.222043364347392469e+02
1.262513215456845472e+02
1.257603962620863598e+02
1.252181388476532362e+02
1.284103121165741470e+02
1.294503973808373587e+02
1.258747172162769203e+02
1.299267046634383860e+02
1.258011309278659269e+02
1.248406723456045171e+02
1.259356628226067158e+02
1.248585451466634879e+02
1.273487140954343175e+02
1.239636412016930507e+02
1.233909204240355990e+02
1.267415612699369376e+02
1.276732616208048512e+02
1.269876068510668006e+02
1.267776505642462013e+02
1.273163399250656624e+02
1.257151739347418271e+02
1.280698880068599976e+02
1.255264302117377895e+02
1.257474295040971413e+02
1.266228326050060531e+02
1.276088636137344992e+02
1.279540307829249315e+02
1.259130079743532491e+02
1.269410066255690452e+02
1.276437412889916203e+02
1.278164117145962138e+02
1.265871984806235417e+02
1.267009830145652671e+02
1.274936986452764103e+02
1.278874059427831327e+02
1.284612361364162894e+02
1.300316027032893373e+02
1.295934757956811723e+02
1.293049438005886884e+02
1.294847058155591526e+02
