1.887903792417865816e+02
1.873222271283667340e+02
1.937316316156245080e+02
1.898932782768204106e+02
1.825016312281820490e+02
1.917456602401665293e+02
1.878778275430956057e+02
1.857339597647484197e+02
1.927826100748836211e+02
1.927987932957843213e+02
1.864917705849034064e+02
1.851139588874982849e+02
1.859524017502853326e+02
1.918779518840921128e+02
1.878586470000944075e+02
1.882973675483087845e+02
1.871368420730229047e+02
1.915832477876323878e+02
1.912861343538197048e+02
1.919262228377943131e+02
1.941269584789612281e+02
1.921293334891370819e+02
1.823612811977828869e+02
1.851643886277245770e+02
1.860127841148055836e+02
1.934174439542823336e+02
1.860480239027672269e+02
1.896643449966773858e+02
1.898890453775284470e+02
1.888109305246854888e+02
1.855280895576349565e+02
1.816691133092365078e+02
1.900480735858744197e+02
1.870703645508092166e+02
1.909889530802990407e+02
1.956254693716930717e+02
1.891818990816061614e+02
1.959413526426874625e+02
1.879987290283519314e+02
1.909966995404366514e+02
1.893689710113912099e+02
1.905253392141201516e+02
1.891529570121699919e+02
1.967046599257765820e+02
1.908375689628244913e+02
1.931671143126279730e+02
1.928320280706235508e+02
1.977095227373151261e+02
1.887268115673605564e+02
1.900363291041275602e+02
1.941212465260248337e+02
1.914722844993091826e+02
1.791347248915816124e+02
1.948005322889409285e+02
1.844630982314201049e+02
1.913888125427337172e+02
1.925243860682508625e+02
1.876597501240378563e+02
1.925325436752415271e+02
2.018054170133895298e+02
1.877388315499701150e+02
1.928862669994975647e+02
1.936580602850195021e+02
1.837245543179897993e+02
1.938297318140533321e+02
1.858918059399794913e+02
1.813732607618386510e+02
1.875877345379768997e+02
1.919783086074096161e+02
1.921639082448910472e+02
1.876887217266739469e+02
1.894261646465944864e+02
1.906842971222305607e+02
1.935139054637303957e+02
1.887350308923088846e+02
1.898496453169146321e+02
1.924683301109847093e+02
1.860645291016466558e+02
1.845448989129674260e+02
1.887939429803009830e+02
1.855086338945640989e+02
1.858510098067467311e+02
1.886556394115645219e+02
1.932378242936991910e+02
1.891410470308227900e+02
1.860063818506009454e+02
1.866280699592201699e+02
1.918619960621066127e+02
1.953071849993632156e+02
1.971584221033467088e+02
1.904139687398123613e+02
1.887490774989738895e+02
1.935404073614307094e+02
1.981524141152102914e+02
1.887489329889065459e+02
1.838050785702568248e+02
1.880610798746948831e+02
1.895754217440100717e+02
1.878462930162683904e+02
1.906794673152867290e+02
1.847041053057072020e+02
1.983901084761072866e+02
1.885045331276533034e+02
1.865350318222369310e+02
1.849526424120291495e+02
1.892321891522074111e+02
1.922304726721747272e+02
1.888690745105474207e+02
1.937997870840474945e+02
1.953642172918509630e+02
1.897019325684736373e+02
1.890698130844744469e+02
1.866719563597743559e+02
1.877637177079176354e+02
1.920785052515182088e+02
1.954601023625158689e+02
1.993647744593255027e+02
1.883969504838200066e+02
1.925772988350372543e+02
1.876411363212036463e+02
1.873358929151136749e+02
1.963808453884263088e+02
1.942791844485909962e+02
1.910478024450472390e+02
1.935938196691654127e+02
1.931648059721084394e+02
1.859512873994023323e+02
1.932440254364881866e+02
1.958811430843290111e+02
1.886940099162206081e+02
1.890706417739770586e+02
1.899490551626806791e+02
1.893608264025192511e+02
1.828854914047118143e+02
1.907228399722312986e+02
1.909013697219250787e+02
1.935708542999566930e+02
1.915908255930083044e+02
1.895552110441745697e+02
1.833852267627267452e+02
1.833006768604701335e+02
1.946466126078358343e+02
1.889085608057043828e+02
1.881144315084817435e+02
1.893961786067253001e+02
1.891638811984501274e+02
1.892089338108438028e+02
1.901771117813830188e+02
1.852530272762447794e+02
1.858056703716150366e+02
1.901070387141104447e+02
1.902669451175110851e+02
1.919621279140228012e+02
1.875886528943936753e+02
1.875785070080881667e+02
1.929141778325284236e+02
1.894458408182764799e+02
1.890130267730357616e+02
1.951648204784854101e+02
1.856321939123148184e+02
1.934569649291002520e+02
1.856268277238484927e+02
1.905692121208216463e+02
1.897216675680251683e+02
1.917237458757798549e+02
1.849972018267028773e+02
1.854911441351742667e+02
1.879040947701107598e+02
1.870480033186196920e+02
1.889329449785016948e+02
1.878141784350200965e+02
1.858415616128145302e+02
1.962863795004777216e+02
1.891636775773132229e+02
1.860634188786283971e+02
1.924904921839763006e+02
1.950792149859145752e+02
1.900705160944060026e+02
1.844459169772299560e+02
1.907441435220829362e+02
1.855898144009877058e+02
1.860883142575426632e+02
1.940135525754612047e+02
1.862691413285278088e+02
1.946808743931570120e+02
1.941840311084717712e+02
1.890474541501444321e+02
1.875237871526137212e+02
1.860341859292111906e+02
1.884352892673693987e+02
1.881554380833932214e+02
1.908030921775182378e+02
1.890456165288696297e+02
1.933386586303626302e+02
1.879070022050256910e+02
1.865163718230803909e+02
1.919576928141553367e+02
1.835074029271990241e+02
1.901757159942086162e+02
1.918527398023824446e+02
1.933439744024007325e+02
1.935321348176586014e+02
1.932050489277831673e+02
1.944061758849176442e+02
1.911447038013212989e+02
1.889518354523455059e+02
1.888117127241222022e+02
1.936080661270368637e+02
1.789495322231448995e+02
1.861551373095255997e+02
1.938559355080750493e+02
1.885177717005985869e+02
1.918618931626316169e+02
1.915089122241395216e+02
1.891318393277709617e+02
1.860131367042888257e+02
1.843563560908183376e+02
1.889806840738932863e+02
1.910261440363720737e+02
1.867651978944400355e+02
1.929501987780575405e+02
1.876647128183902851e+02
1.907193239897841579e+02
1.952962815990265426e+02
1.864361254279854450e+02
1.878922107519221072e+02
1.873159923576936023e+02
1.876187991248180253e+02
1.901095312359496177e+02
1.932239096652737942e+02
1.837431572269139508e+02
1.871803153612777635e+02
1.823065417864665676e+02
1.901679377355501970e+02
2.002732068764167934e+02
1.872586172270826523e+02
1.841478895365986546e+02
1.881352845441423369e+02
1.924222404284297454e+02
1.886516181225316018e+02
1.899978630800469261e+02
1.938337435417560357e+02
1.902555449404626700e+02
1.923478989429715682e+02
1.841285384057636918e+02
1.976684821542199870e+02
1.912557738790319490e+02
1.840492593105252297e+02
1.892557836116498038e+02
1.861854382350004755e+02
1.862973514586109047e+02
1.903063741531277913e+02
1.931543434304548725e+02
1.888195719380403261e+02
1.863961216881040741e+02
1.924126161796708914e+02
1.792524875645857776e+02
1.830748521152415549e+02
1.859891704694995838e+02
1.928584120220943703e+02
1.956969305838166520e+02
1.878563420808990543e+02
1.920463090778172841e+02
1.973543093590683952e+02
1.887972975787959058e+02
1.892774911589075373e+02
1.911680570694681762e+02
1.886058580737624482e+02
1.869003459342632141e+02
1.913932372189299542e+02
1.911513345785055549e+02
1.914166318357774514e+02
1.917869067015329563e+02
1.909849078508604805e+02
1.894956834069333524e+02
1.864934892641109059e+02
1.892716842872395659e+02
1.901829945990365616e+02
1.887602219987375349e+02
1.911292599208865397e+02
1.862893622302653966e+02
1.853383332644838504e+02
1.870537714763852648e+02
1.884339735716419000e+02
1.875085334664975676e+02
1.860356264006487947e+02
1.883658535422922284e+02
1.861600954962885055e+02
1.888310644607507527e+02
1.902843374932259906e+02
1.888392374084684207e+02
1.931128647876745106e+02
1.851772205411479320e+02
1.900983056383669805e+02
1.947253629870832299e+02
1.922630975027191482e+02
1.900614457875869903e+02
1.909034935532972668e+02
1.887184772054204416e+02
1.965295605121887945e+02
1.863451231123708851e+02
1.926264257416873704e+02
1.826088768848213135e+02
1.856130820284740537e+02
1.926624495292044230e+02
1.927728835758470893e+02
1.928162593360094093e+02
1.891031466882479606e+02
1.821604132448900941e+02
1.890008524636075720e+02
1.887006111742232122e+02
1.917701405133514641e+02
1.927894211303512009e+02
1.857149407284410074e+02
1.930394034999574160e+02
1.896887370639866219e+02
1.951372174826568937e+02
1.872127681647560280e+02
1.920757875801192824e+02
1.920485450989696972e+02
1.913643586015110998e+02
1.882236028597255313e+02
1.887168016918977571e+02
1.884777990241256020e+02
1.937137091154815209e+02
1.924757967611360812e+02
1.922593332343068084e+02
1.882500774104277355e+02
1.905641022582245796e+02
1.925639819269595705e+02
1.866999043036117598e+02
1.864193436496733796e+02
1.941116989234592722e+02
1.858906750606555249e+02
1.969334305478088254e+02
1.910262611203011716e+02
1.874974700404104340e+02
1.938632443866472386e+02
1.894244295639693405e+02
1.908349134726272780e+02
1.934314255400843194e+02
1.932303112667358107e+02
1.908942484536149777e+02
1.870487783633364529e+02
1.904743429939725559e+02
1.922501964026994301e+02
1.840037674903391007e+02
1.859530610441583747e+02
1.891567461032925621e+02
1.890150622707981540e+02
1.950250897690960130e+02
1.930229068588553503e+02
1.908927654695755223e+02
1.969881129675904958e+02
1.915770459493854219e+02
1.935281500181536103e+02
1.880609057905297163e+02
1.928103351528699534e+02
1.926126939599660943e+02
1.860184413250817386e+02
1.919004801205691422e+02
1.867352829174936630e+02
1.880288564290551392e+02
1.893499899817862229e+02
1.869872785963896433e+02
1.905705485759499709e+02
1.878006546603359652e+02
1.911954794483764033e+02
1.909086695625702532e+02
1.899578542282885962e+02
1.900395074145114904e+02
1.931576624321598672e+02
1.881002893265905129e+02
1.916258130658084156e+02
1.921084893624276049e+02
1.912111279812517068e+02
1.860775673541242554e+02
1.883775370321214666e+02
1.860962413221134568e+02
1.909227928863172679e+02
1.878838872685871877e+02
1.925076901462202272e+02
1.911605534831230386e+02
1.904159320929390162e+02
1.888968856685225433e+02
1.857870938767745486e+02
1.978167116999712789e+02
1.895208209443586327e+02
1.940414297881083883e+02
1.927590734634751755e+02
1.946019974001819435e+02
1.913012531536361109e+02
1.921358900594565284e+02
1.840480844632585331e+02
1.858940211914339500e+02
1.947030656279502807e+02
1.868886232263155023e+02
1.927654014351501246e+02
1.919945363480088361e+02
1.882475751519896505e+02
1.906939797264111860e+02
1.944870686496930716e+02
1.958259253108959683e+02
1.928223287841890397e+02
1.861534377142681080e+02
1.820781010001869049e+02
1.865550846378869494e+02
1.878164920639763409e+02
1.887766781769057616e+02
1.894176358528674484e+02
1.946322280803886997e+02
1.884645583833744240e+02
1.899845735653852614e+02
1.962080610282474140e+02
1.897738493317620794e+02
1.883285453933262090e+02
1.841433090348847941e+02
1.879792333260330111e+02
1.857941297075312264e+02
1.935326467961813250e+02
1.949008279183301227e+02
1.920571442694960922e+02
1.915559324154791625e+02
1.859099216983017584e+02
1.950775314485836702e+02
1.862020563707874032e+02
2.009931995516033965e+02
1.907411282314430139e+02
1.905837077498238159e+02
1.893843122483893637e+02
1.898859116399626430e+02
1.912555063853572790e+02
1.964343999110531342e+02
1.885180744987448804e+02
1.864686177807112699e+02
1.942010983350631932e+02
1.886417981381455036e+02
1.868129915182061325e+02
1.948116156972269550e+02
1.913247075703463054e+02
1.890515915808411478e+02
1.926361662119716129e+02
1.905023677935339492e+02
1.848143794774047706e+02
1.955237554324974667e+02
1.906350650792194301e+02
1.931998086083395663e+02
1.904228878248498233e+02
1.906806316075194445e+02
1.884369035468655227e+02
1.859629214226554836e+02
1.947080578463046550e+02
1.870401446200973510e+02
1.878127012988236970e+02
1.890711638039169316e+02
1.942584941663421603e+02
1.912059355014533253e+02
1.931801124393340388e+02
1.955608519011052522e+02
1.931108834349763299e+02
1.856938701039741488e+02
1.922748309763347834e+02
1.942351740135543992e+02
1.848433274543154994e+02
1.895533756143527739e+02
1.958125883180612448e+02
1.950487235001566830e+02
1.881520207109198566e+02
1.872833311977864525e+02
1.931758126064840724e+02
1.910850036561109277e+02
1.882268759730890508e+02
1.881304926306991376e+02
1.976812429711315531e+02
1.895040004774244835e+02
1.942453799202533276e+02
1.896014338248925810e+02
1.899575129186298739e+02
1.939275805977584071e+02
1.936967530941635403e+02
1.865989052923473537e+02
1.871804418876448040e+02
1.877305678163837399e+02
1.947053553861155137e+02
1.946463825222701871e+02
1.884134699441233352e+02
1.908372886006464739e+02
1.878490020403667415e+02
1.991780274829142741e+02
1.913079338536614955e+02
1.899110005354564805e+02
1.917943695700713249e+02
1.879250548037543922e+02
1.926902759219864549e+02
1.915869077368303692e+02
1.861922230088657102e+02
1.889448918068361536e+02
1.807754444824501263e+02
1.888213423797108987e+02
1.893425941368647045e+02
1.955107990884331741e+02
1.930274044917149467e+02
1.882320350166931746e+02
1.834818601558074818e+02
1.961555023253269781e+02
1.854767119116881133e+02
1.918051459551838605e+02
1.882721354397098423e+02
1.889158884788612056e+02
1.948143816553402417e+02
1.893461812969460709e+02
1.897526019966354909e+02
1.818341383244628844e+02
1.899059024113548162e+02
1.902136399596134595e+02
1.925149645984428730e+02
1.877186356460390186e+02
1.931320365575266749e+02
1.864690090504063562e+02
1.886510606898196443e+02
1.830617185610458080e+02
1.863846475169042378e+02
1.916915112638834273e+02
1.915193537665334702e+02
1.901880779266217019e+02
1.939054547007758629e+02
1.877692394597969212e+02
1.881559468633521703e+02
1.904141705949486152e+02
1.918870354881171636e+02
1.875562065397217566e+02
1.938262468705885908e+02
1.892311845279314184e+02
1.933672959394683915e+02
1.966502669658985099e+02
1.892340545203826139e+02
1.935048298229314696e+02
1.874514249571979292e+02
1.845642836995353662e+02
1.919407541339756165e+02
1.896808810718660254e+02
1.950897353908920309e+02
1.890873001108205642e+02
1.869570258282643636e+02
1.942837009397373720e+02
1.885606519301598780e+02
1.902806971287887450e+02
1.895549171394698078e+02
1.905935271226468330e+02
1.889703092638688986e+02
1.916311650937048796e+02
1.871117117886729204e+02
1.903611677626638539e+02
1.927316121853614845e+02
1.898518214594154188e+02
1.862766214222302494e+02
1.881329441699868426e+02
1.896578712705073997e+02
1.919656371988456272e+02
1.900197582479121081e+02
1.927712472757056332e+02
1.957344583450466189e+02
1.866349392949133232e+02
1.928715445247653690e+02
1.911879751026257281e+02
1.895225506450739488e+02
1.886560409758054391e+02
1.849811662777192112e+02
1.971278560387141283e+02
1.867236474067362622e+02
1.891227554433879163e+02
1.939615908774427737e+02
1.905680067996567573e+02
1.938287772015605697e+02
1.881069400421816056e+02
1.946984752788677042e+02
1.903705900826100503e+02
1.916128316929518007e+02
1.906543708955176726e+02
1.931518325198150308e+02
1.849754098880874835e+02
1.975866191442726745e+02
1.918295385696129358e+02
1.906558157798417028e+02
1.862481513614273752e+02
1.930015141662494500e+02
1.859777577066447805e+02
1.892982763185952990e+02
1.898484040279070086e+02
1.940139700235941973e+02
1.872424495376507707e+02
1.916669236823026949e+02
1.912864765360126285e+02
1.891660335447601824e+02
1.860380620291775813e+02
1.945751448922212603e+02
1.952357373593451371e+02
1.873998639617779816e+02
1.904351206008348925e+02
1.914159879514600675e+02
1.949508636223976339e+02
1.947004405457819587e+02
1.908736626796698204e+02
1.919318834878113194e+02
1.908874110384400353e+02
1.836711915051574806e+02
1.920257196203093883e+02
1.885025617024895439e+02
1.895922724925137288e+02
1.950533396012655487e+02
1.912573619028318319e+02
1.961805383619077645e+02
1.896761771088337127e+02
1.844981760546623377e+02
1.929259185882974066e+02
1.894423791147160046e+02
1.895874420229251029e+02
1.850683954078434112e+02
1.976194694788117943e+02
1.879901633328531716e+02
1.920814477110212124e+02
1.848848934695520541e+02
1.926601441648726905e+02
1.821297728068705055e+02
1.850388716439704808e+02
1.892306668726530177e+02
1.898804463392406490e+02
1.972821304387204293e+02
1.876374275909307698e+02
1.939398033006959281e+02
1.892000398035251294e+02
1.865185819661387541e+02
1.930272622160265996e+02
1.925406184644077427e+02
1.982750409661324795e+02
1.870534225304532185e+02
1.884800500292589049e+02
1.929671161038872924e+02
1.907782170283796859e+02
1.937725635828174973e+02
1.826628185200317489e+02
1.890651837663251342e+02
1.927114512073203798e+02
1.812597948831651991e+02
1.914228278230100102e+02
1.882454136379762417e+02
1.896421851292575980e+02
1.829358517669951709e+02
1.991704181598882144e+02
1.894471661779737701e+02
1.864732289426725629e+02
1.919637822288033533e+02
1.904527592594146768e+02
1.874009773313576375e+02
1.904333219954525589e+02
1.880419646802095599e+02
1.853797025389595774e+02
1.925350495624122686e+02
1.879751128846691870e+02
1.862678642224072405e+02
1.890089535694275469e+02
1.906753413008083271e+02
1.876849123777079740e+02
1.850196892604499510e+02
1.893681139369340372e+02
1.877349185293646485e+02
1.877720581273971447e+02
1.888013539979601489e+02
1.879338335131416500e+02
1.887477660647758171e+02
1.914039806846902820e+02
1.880198408473650886e+02
1.882727496912772835e+02
1.878466979821969858e+02
1.927727250864497535e+02
1.875428272486401227e+02
1.870288853312306117e+02
1.937493194862958319e+02
1.895189283990260662e+02
1.916862856914238193e+02
1.861577103232676222e+02
1.929726368380208044e+02
1.932519083674749254e+02
1.967088401689400996e+02
1.940244874956591445e+02
1.912738403634194242e+02
1.926126107446479807e+02
1.932313053603408832e+02
1.909144735012819467e+02
1.897435661946319954e+02
1.879412406080920732e+02
1.875944126705406632e+02
1.930257724838509148e+02
1.904047020266155243e+02
1.932833876169457881e+02
1.910088473696435472e+02
1.903440057398323404e+02
1.877074105983464847e+02
1.853145784035607733e+02
1.925214652620832680e+02
1.928691519562788983e+02
1.926339098543309660e+02
1.884337065329455356e+02
1.892567712947779341e+02
1.887681646327669682e+02
1.930116772973202899e+02
1.970513933223865592e+02
1.849301635367285712e+02
1.915827469162221632e+02
1.956879366529853996e+02
1.890319296089097634e+02
1.889554983088793279e+02
1.900523464978991512e+02
1.872656102604192085e+02
1.909470133380630728e+02
1.848110198411318663e+02
1.891564742443821672e+02
1.849419805643935888e+02
1.892537956063287083e+02
1.909367527830397648e+02
1.928121980375814815e+02
1.907620808613403085e+02
1.905380757647276369e+02
1.913826976875904506e+02
1.913470765478106159e+02
1.923399631964745424e+02
1.893890196760519586e+02
1.891117233764327068e+02
1.895772683053195919e+02
1.909188711888967589e+02
1.876781302325391323e+02
1.842865273155724424e+02
1.906482805290208944e+02
1.906758467180497405e+02
1.914969458038413848e+02
1.871679372592830930e+02
1.892197256648649102e+02
1.870589174470716785e+02
1.879197563378818359e+02
1.901256201481443497e+02
1.900529062628610291e+02
1.939325093710619115e+02
1.905307373442996948e+02
1.923735841542104481e+02
1.921863083232642850e+02
1.900845054531986023e+02
1.939972874712014743e+02
1.875063198085671274e+02
1.899982562415780762e+02
1.895804310712171628e+02
1.941675400141556338e+02
1.877284254251932225e+02
1.937813348634691124e+02
1.883800002936160922e+02
1.921279919569278434e+02
1.901452344555383718e+02
1.916693385814470787e+02
1.892510580687819584e+02
1.929677858196920397e+02
1.875731156814115366e+02
1.935276144883300162e+02
1.849049932301582544e+02
1.944448984979707404e+02
1.864718924342015214e+02
1.928831146529249168e+02
1.967878870844318442e+02
1.942992429837326540e+02
1.889030555400023843e+02
1.900977673362784230e+02
1.897384262654234135e+02
1.935497431620196949e+02
1.940727582279439787e+02
1.932808938121848144e+02
1.821299980203698397e+02
1.871070622877680307e+02
1.863704700124165186e+02
1.915354092229968330e+02
1.939724792165179679e+02
1.813325007465756471e+02
1.949626818757789692e+02
1.913332447648319317e+02
1.886112070848159306e+02
1.917244245076360869e+02
1.939115317994430825e+02
1.949619702813727145e+02
1.912825811610985056e+02
1.960902770801466204e+02
1.867141801505248964e+02
1.841231894350093796e+02
1.894455520605130516e+02
1.895620128781795870e+02
1.847915980698570024e+02
1.818808095947622974e+02
1.909377115092564736e+02
1.867812343572304314e+02
1.936824645612375662e+02
1.841743234306650265e+02
1.877233325046823325e+02
1.890761591170711995e+02
1.926132787813397726e+02
1.921803289151253011e+02
1.903430734026578648e+02
1.899504063589519660e+02
1.959776832801046567e+02
1.912424956049826505e+02
1.920134696922847866e+02
1.840554528824404201e+02
1.837683503922748969e+02
1.889511059428319584e+02
1.891217106323019266e+02
1.918901635921639013e+02
1.928459873912674141e+02
1.949548048467804620e+02
1.845322086812246027e+02
1.873043417083005693e+02
1.890412901039826465e+02
1.896128604306822467e+02
1.948609696708592480e+02
1.885295639909197405e+02
1.871435967879077396e+02
1.915855601964983066e+02
1.986232299478461982e+02
1.955961114260539375e+02
1.855584828890352753e+02
1.936501841280076803e+02
1.878127371581512364e+02
1.941540012668112922e+02
1.874117819378720355e+02
1.853062233349665178e+02
1.915149485219340022e+02
1.902245557142040582e+02
1.903618495894931471e+02
1.902220590951458234e+02
1.870114447817881000e+02
1.895653749878385668e+02
1.931935529085527321e+02
1.930882636694593941e+02
1.959656395002644729e+02
1.921440276768170463e+02
1.842409832485898846e+02
1.922704532020143233e+02
1.892320742912257003e+02
1.904008725770774220e+02
1.869161121237395093e+02
1.879157623498147416e+02
1.876188408042811204e+02
1.916485870279257711e+02
1.888316065430375090e+02
1.941050612081805014e+02
1.899394913263285503e+02
1.856067921461723529e+02
1.936345526838061346e+02
1.963177611914519787e+02
1.900490847499997926e+02
1.894550673799804770e+02
1.905246095866886265e+02
1.991263689908915637e+02
1.855173525200283109e+02
1.885268207930519964e+02
1.898507277655742200e+02
1.920713013937798053e+02
1.892160880565483581e+02
1.857175691611988100e+02
1.914225760313866260e+02
1.950629725561582575e+02
1.891158574538580694e+02
1.873189912556781849e+02
1.903905022629878943e+02
1.907362013509340102e+02
1.890893956106577036e+02
1.920244860556126980e+02
1.847175080002213576e+02
1.877847889282407436e+02
1.860014946450405375e+02
1.898650469837938317e+02
1.852247534088269845e+02
1.854624340791460213e+02
1.897924063268261818e+02
1.922067127843257595e+02
1.845271531769904811e+02
1.874135212625219253e+02
1.848212455951113498e+02
1.862315057439131181e+02
1.939364366571246592e+02
1.914187059047051491e+02
1.964236052336033822e+02
1.905204108303063322e+02
1.905715435618852780e+02
1.895817886608739116e+02
1.899022096530641761e+02
1.901204906508365866e+02
1.830636681563328523e+02
1.882308736150281447e+02
1.854928573155322908e+02
1.964252138997024133e+02
1.865670581841595208e+02
1.912625993256180834e+02
1.930311824820551010e+02
1.908176619488725692e+02
1.868947271366014320e+02
1.906941933058174641e+02
1.892866894671407749e+02
1.836756353780840527e+02
1.932265334708654620e+02
1.899999674508236183e+02
1.861706643743440281e+02
1.872357093190228170e+02
1.956746519077844368e+02
1.827112438907995795e+02
1.918946642402905525e+02
1.895297980414727022e+02
1.925297699287842192e+02
1.920114359700179421e+02
1.897724367107162493e+02
1.925674078530798852e+02
1.937351166749837432e+02
1.886405645694180180e+02
1.861878647796372945e+02
1.930443783656689902e+02
1.957448331639861294e+02
1.900704364404517435e+02
1.861572351846470212e+02
1.942510595491080778e+02
1.958163082532623207e+02
1.934200328300619560e+02
1.960691434634396728e+02
1.884195326017315324e+02
1.911091591192292185e+02
1.914214465287844291e+02
1.893881921841060034e+02
1.864888546665162039e+02
1.888080195299368427e+02
1.855062848789238785e+02
1.888698397793477000e+02
1.907898287594941564e+02
1.926337748604749720e+02
1.870456528259090021e+02
1.907805986510579714e+02
1.910103346942856888e+02
1.912259848798203450e+02
1.928576270913951305e+02
1.897696972059215739e+02
1.957204312836481677e+02
1.872963859977984384e+02
1.919669125085702603e+02
1.862562046357266752e+02
1.874723674048505302e+02
1.860950960809450692e+02
1.917669193178997205e+02
1.957747179438597129e+02
1.903815453638314352e+02
1.917386083944833501e+02
1.845989023929302846e+02
1.884744415796236865e+02
1.893573687120622537e+02
1.890139331498193087e+02
1.953390364717439240e+02
1.836690187117526420e+02
1.902401156055441049e+02
1.902055298531942071e+02
1.957748746958880020e+02
1.923876960297436653e+02
1.903161896775434627e+02
1.949821064815070883e+02
1.899082601036148503e+02
1.837699522463865378e+02
1.855054705019357755e+02
1.930729665868523455e+02
1.889874722606066939e+02
1.886386157914854209e+02
1.846385833231138918e+02
1.908211769831714832e+02
1.910631810651296973e+02
1.879120307008419672e+02
1.932725514821600541e+02
1.857435176657806721e+02
1.965564149075473495e+02
1.903828162829860844e+02
1.945879568750653732e+02
1.909438564690725002e+02
1.917275715467462760e+02
1.821682883040217007e+02
1.891123976069688126e+02
1.901325207154354473e+02
1.873199894411942807e+02
1.822582596538014457e+02
1.884905171343252732e+02
1.896773371450542243e+02
1.893317270554205720e+02
1.949155063528427263e+02
1.881501514271619726e+02
1.937547228869166247e+02
1.929731140797726141e+02
1.903629136168061393e+02
1.891824224806231030e+02
1.922189004821995013e+02
1.846603710317984621e+02
1.917447723611388710e+02
1.878680759700965268e+02
1.906516474053948684e+02
